[
  [
    1574121600000,
    2.163
  ],
  [
    1574208000000,
    4.958
  ],
  [
    1574294400000,
    5.337
  ],
  [
    1574380800000,
    7.319
  ],
  [
    1574467200000,
    6.23
  ],
  [
    1574640000000,
    6.043
  ],
  [
    1574726400000,
    6.18
  ],
  [
    1574812800000,
    5.369
  ],
  [
    1574899200000,
    5.495
  ],
  [
    1575072000000,
    6.905
  ],
  [
    1575158400000,
    7.469
  ],
  [
    1575331200000,
    8.936
  ],
  [
    1575504000000,
    6.311
  ],
  [
    1575590400000,
    6.1
  ],
  [
    1575676800000,
    6.662
  ],
  [
    1575763200000,
    7.941
  ],
  [
    1575849600000,
    8.667
  ],
  [
    1575936000000,
    9.21
  ],
  [
    1576108800000,
    8.518
  ],
  [
    1576195200000,
    8.227
  ],
  [
    1576281600000,
    5.85
  ],
  [
    1576368000000,
    7.409
  ],
  [
    1576454400000,
    6.343
  ],
  [
    1576540800000,
    8.098
  ],
  [
    1576627200000,
    5.84
  ],
  [
    1576713600000,
    6.795
  ],
  [
    1576886400000,
    8.366
  ],
  [
    1576972800000,
    9.02
  ],
  [
    1577145600000,
    8.519
  ],
  [
    1577318400000,
    10.005
  ],
  [
    1577404800000,
    8.592
  ],
  [
    1577664000000,
    8.293
  ],
  [
    1577750400000,
    7.02
  ],
  [
    1577836800000,
    5.14
  ],
  [
    1577923200000,
    7.88
  ],
  [
    1578009600000,
    8.979
  ],
  [
    1578096000000,
    9.454
  ],
  [
    1578182400000,
    9.183
  ],
  [
    1578268800000,
    8.533
  ],
  [
    1578355200000,
    8.992
  ],
  [
    1578441600000,
    8.761
  ],
  [
    1578528000000,
    9.437
  ],
  [
    1578614400000,
    9.154
  ],
  [
    1578700800000,
    10.104
  ],
  [
    1578960000000,
    9.391
  ],
  [
    1579046400000,
    9.582
  ],
  [
    1579132800000,
    9.166
  ],
  [
    1579219200000,
    9.893
  ],
  [
    1579305600000,
    9.004
  ],
  [
    1579392000000,
    10.251
  ],
  [
    1579564800000,
    9.18
  ],
  [
    1579651200000,
    9.305
  ],
  [
    1579737600000,
    10.46
  ],
  [
    1579824000000,
    10.937
  ],
  [
    1579996800000,
    9.563
  ],
  [
    1580256000000,
    8.767
  ],
  [
    1580342400000,
    10.136
  ],
  [
    1580428800000,
    11.303
  ],
  [
    1580515200000,
    11.312
  ],
  [
    1580601600000,
    12.642
  ],
  [
    1580774400000,
    17.989
  ],
  [
    1580860800000,
    17.148
  ],
  [
    1580947200000,
    18.191
  ],
  [
    1581120000000,
    15.205
  ],
  [
    1581206400000,
    13.372
  ],
  [
    1581292800000,
    15.378
  ],
  [
    1581379200000,
    12.645
  ],
  [
    1581465600000,
    14.578
  ],
  [
    1581638400000,
    13.729
  ],
  [
    1581724800000,
    13.058
  ],
  [
    1581811200000,
    14.173
  ],
  [
    1581897600000,
    14.761
  ],
  [
    1582070400000,
    13.153
  ],
  [
    1582156800000,
    13.983
  ],
  [
    1582243200000,
    11.872
  ],
  [
    1582329600000,
    14.719
  ],
  [
    1582416000000,
    15.306
  ],
  [
    1582502400000,
    18.49
  ],
  [
    1582588800000,
    20.734
  ],
  [
    1582675200000,
    21.003
  ],
  [
    1582761600000,
    19.549
  ],
  [
    1582848000000,
    18.31
  ],
  [
    1582934400000,
    20.938
  ],
  [
    1583020800000,
    22.096
  ],
  [
    1583193600000,
    14.3
  ],
  [
    1583280000000,
    18.245
  ],
  [
    1583366400000,
    17.195
  ],
  [
    1583452800000,
    16.308
  ],
  [
    1583539200000,
    17.2
  ],
  [
    1583625600000,
    16.978
  ],
  [
    1583712000000,
    17.39
  ],
  [
    1583884800000,
    15.282
  ],
  [
    1583971200000,
    16.286
  ],
  [
    1584057600000,
    17.565
  ],
  [
    1584144000000,
    17.718
  ],
  [
    1584230400000,
    17.79
  ],
  [
    1584316800000,
    18.575
  ],
  [
    1584403200000,
    19.189
  ],
  [
    1584489600000,
    16.82
  ],
  [
    1584576000000,
    18.039
  ],
  [
    1584662400000,
    19.466
  ],
  [
    1584748800000,
    18.67
  ],
  [
    1584835200000,
    18.064
  ],
  [
    1584921600000,
    19.6
  ],
  [
    1585008000000,
    19.779
  ],
  [
    1585094400000,
    22.198
  ],
  [
    1585267200000,
    15.669
  ],
  [
    1585353600000,
    19.36
  ],
  [
    1585440000000,
    20.031
  ],
  [
    1585522800000,
    18.102
  ],
  [
    1585609200000,
    18.89
  ],
  [
    1585695600000,
    16.398
  ],
  [
    1585782000000,
    18.741
  ],
  [
    1585868400000,
    18.762
  ],
  [
    1585954800000,
    18.107
  ],
  [
    1586214000000,
    17.8
  ],
  [
    1586300400000,
    17.73
  ],
  [
    1586559600000,
    17.71
  ],
  [
    1586732400000,
    17.543
  ],
  [
    1586818800000,
    16.573
  ],
  [
    1586905200000,
    16.36
  ],
  [
    1586991600000,
    15.874
  ],
  [
    1587078000000,
    16.215
  ],
  [
    1587164400000,
    15.874
  ],
  [
    1587510000000,
    15.808
  ],
  [
    1587682800000,
    15.56
  ],
  [
    1587855600000,
    14.805
  ],
  [
    1587942000000,
    17.384
  ],
  [
    1588028400000,
    16.133
  ],
  [
    1588114800000,
    17.482
  ],
  [
    1588201200000,
    19.423
  ],
  [
    1588287600000,
    20.497
  ],
  [
    1588460400000,
    15.603
  ],
  [
    1588633200000,
    17.536
  ],
  [
    1588719600000,
    20.769
  ],
  [
    1588892400000,
    20.547
  ],
  [
    1588978800000,
    20.989
  ],
  [
    1589065200000,
    21.612
  ],
  [
    1589151600000,
    17.67
  ],
  [
    1589238000000,
    24.581
  ],
  [
    1589583600000,
    22.862
  ],
  [
    1589670000000,
    18.58
  ],
  [
    1590102000000,
    24.587
  ],
  [
    1590188400000,
    24.596
  ],
  [
    1590447600000,
    20.64
  ],
  [
    1591138800000,
    25.124
  ],
  [
    1591830000000,
    25.22
  ],
  [
    1592175600000,
    26.834
  ],
  [
    1592434800000,
    19.861
  ],
  [
    1595113200000,
    25.702
  ],
  [
    1595718000000,
    28.635
  ],
  [
    1595804400000,
    30.611
  ],
  [
    1596322800000,
    33.719
  ],
  [
    1596582000000,
    29.145
  ],
  [
    1596668400000,
    34.603
  ],
  [
    1597100400000,
    33.755
  ],
  [
    1597186800000,
    33.044
  ],
  [
    1597446000000,
    26.16
  ],
  [
    1598310000000,
    24.189
  ],
  [
    1598828400000,
    30.74
  ],
  [
    1600038000000,
    28.124
  ],
  [
    1600556400000,
    29.767
  ],
  [
    1601506800000,
    31.408
  ],
  [
    1601938800000,
    31.18
  ],
  [
    1602025200000,
    27.18
  ],
  [
    1602802800000,
    33.904
  ],
  [
    1602889200000,
    32.98
  ],
  [
    1603407600000,
    31.726
  ],
  [
    1603756800000,
    36.511
  ],
  [
    1604966400000,
    29.35
  ],
  [
    1605052800000,
    30.476
  ],
  [
    1605398400000,
    32.176
  ],
  [
    1606521600000,
    31.511
  ],
  [
    1607040000000,
    26.201
  ],
  [
    1607212800000,
    32.315
  ],
  [
    1607558400000,
    25.96
  ],
  [
    1607731200000,
    26.963
  ],
  [
    1608422400000,
    30.759
  ],
  [
    1608681600000,
    30.375
  ],
  [
    1608768000000,
    26.57
  ],
  [
    1609200000000,
    28.612
  ],
  [
    1610236800000,
    30.106
  ],
  [
    1610841600000,
    40.178
  ],
  [
    1611014400000,
    40.25
  ],
  [
    1611100800000,
    32.2
  ],
  [
    1612224000000,
    42.337
  ],
  [
    1613088000000,
    51.833
  ],
  [
    1614038400000,
    39.62
  ],
  [
    1614729600000,
    39.59
  ],
  [
    1614816000000,
    41.351
  ],
  [
    1614902400000,
    47.715
  ],
  [
    1616025600000,
    39.98
  ],
  [
    1616371200000,
    51.971
  ],
  [
    1618095600000,
    55.95
  ],
  [
    1618614000000,
    67.05
  ],
  [
    1619391600000,
    66.49
  ],
  [
    1619650800000,
    70.016
  ],
  [
    1619823600000,
    69.85
  ],
  [
    1621465200000,
    100.508
  ],
  [
    1621897200000,
    141.448
  ],
  [
    1622242800000,
    139.62
  ],
  [
    1622415600000,
    149.4
  ],
  [
    1623798000000,
    145.3
  ],
  [
    1635897600000,
    88.98
  ],
  [
    1636934400000,
    87.83
  ],
  [
    1637452800000,
    95.304
  ],
  [
    1640304000000,
    95.3
  ],
  [
    1641081600000,
    103.181
  ],
  [
    1641168000000,
    122.681
  ],
  [
    1641340800000,
    122.925
  ],
  [
    1641427200000,
    124.387
  ],
  [
    1648508400000,
    130
  ],
  [
    1649718000000,
    130.42
  ],
  [
    1650236400000,
    110.64
  ],
  [
    1651705200000,
    112.51
  ],
  [
    1654210800000,
    137.84
  ],
  [
    1656889200000,
    99.97
  ],
  [
    1660518000000,
    101.784
  ],
  [
    1661122800000,
    130.7
  ],
  [
    1663887600000,
    104.125
  ],
  [
    1670371200000,
    158.67
  ],
  [
    1673913600000,
    167.18
  ],
  [
    1681340400000,
    131.99
  ],
  [
    1682118000000,
    142.34
  ],
  [
    1685746800000,
    172.172
  ],
  [
    1698015600000,
    296.17
  ],
  [
    1700179200000,
    206.842
  ],
  [
    1706832000000,
    295.98
  ],
  [
    1708646400000,
    164.84
  ],
  [
    1718557200000,
    160.04
  ]
]