[
  [
    1574121600000,
    14.878
  ],
  [
    1574208000000,
    19.924
  ],
  [
    1574294400000,
    25.476
  ],
  [
    1574380800000,
    21.894
  ],
  [
    1574467200000,
    18.938
  ],
  [
    1574553600000,
    15.322
  ],
  [
    1574640000000,
    16.964
  ],
  [
    1574726400000,
    16.036
  ],
  [
    1574812800000,
    18.095
  ],
  [
    1574899200000,
    18.46
  ],
  [
    1574985600000,
    21.136
  ],
  [
    1575072000000,
    21.578
  ],
  [
    1575158400000,
    20.399
  ],
  [
    1575244800000,
    21.72
  ],
  [
    1575331200000,
    22.321
  ],
  [
    1575417600000,
    21.386
  ],
  [
    1575504000000,
    19.712
  ],
  [
    1575590400000,
    22.422
  ],
  [
    1575676800000,
    21.504
  ],
  [
    1575763200000,
    22.46
  ],
  [
    1575849600000,
    27.115
  ],
  [
    1575936000000,
    26.537
  ],
  [
    1576022400000,
    25.289
  ],
  [
    1576108800000,
    24.158
  ],
  [
    1576195200000,
    20.444
  ],
  [
    1576281600000,
    21.104
  ],
  [
    1576368000000,
    22.225
  ],
  [
    1576454400000,
    29.205
  ],
  [
    1576540800000,
    22.488
  ],
  [
    1576627200000,
    21.223
  ],
  [
    1576713600000,
    20.946
  ],
  [
    1576800000000,
    21.075
  ],
  [
    1576886400000,
    19.968
  ],
  [
    1576972800000,
    22.237
  ],
  [
    1577059200000,
    20.727
  ],
  [
    1577145600000,
    21.608
  ],
  [
    1577232000000,
    21.183
  ],
  [
    1577318400000,
    21.417
  ],
  [
    1577404800000,
    21.949
  ],
  [
    1577491200000,
    24.434
  ],
  [
    1577577600000,
    23.243
  ],
  [
    1577664000000,
    20.878
  ],
  [
    1577750400000,
    21.948
  ],
  [
    1577836800000,
    20.792
  ],
  [
    1577923200000,
    20.833
  ],
  [
    1578009600000,
    20.886
  ],
  [
    1578096000000,
    23.727
  ],
  [
    1578182400000,
    22.65
  ],
  [
    1578268800000,
    23.198
  ],
  [
    1578355200000,
    22.051
  ],
  [
    1578441600000,
    25.201
  ],
  [
    1578528000000,
    24.476
  ],
  [
    1578614400000,
    22.486
  ],
  [
    1578700800000,
    25.024
  ],
  [
    1578787200000,
    25.446
  ],
  [
    1578873600000,
    21.978
  ],
  [
    1578960000000,
    23.478
  ],
  [
    1579046400000,
    23.214
  ],
  [
    1579132800000,
    25.518
  ],
  [
    1579219200000,
    23.637
  ],
  [
    1579305600000,
    24.815
  ],
  [
    1579392000000,
    24.479
  ],
  [
    1579478400000,
    24.417
  ],
  [
    1579564800000,
    23.937
  ],
  [
    1579651200000,
    28.276
  ],
  [
    1579737600000,
    24.689
  ],
  [
    1579824000000,
    23.265
  ],
  [
    1579910400000,
    23.448
  ],
  [
    1579996800000,
    24.692
  ],
  [
    1580083200000,
    25.371
  ],
  [
    1580169600000,
    23.717
  ],
  [
    1580256000000,
    25.56
  ],
  [
    1580342400000,
    27.378
  ],
  [
    1580428800000,
    29.651
  ],
  [
    1580515200000,
    31.864
  ],
  [
    1580601600000,
    30.231
  ],
  [
    1580688000000,
    33.957
  ],
  [
    1580774400000,
    48.293
  ],
  [
    1580860800000,
    48.014
  ],
  [
    1580947200000,
    41.872
  ],
  [
    1581033600000,
    38.968
  ],
  [
    1581120000000,
    36.506
  ],
  [
    1581206400000,
    36.183
  ],
  [
    1581292800000,
    36.099
  ],
  [
    1581379200000,
    36.776
  ],
  [
    1581465600000,
    36.234
  ],
  [
    1581552000000,
    37.814
  ],
  [
    1581638400000,
    37.082
  ],
  [
    1581724800000,
    36.832
  ],
  [
    1581811200000,
    44.895
  ],
  [
    1581897600000,
    43.835
  ],
  [
    1581984000000,
    39.203
  ],
  [
    1582070400000,
    39.519
  ],
  [
    1582156800000,
    36.35
  ],
  [
    1582243200000,
    38.103
  ],
  [
    1582329600000,
    36.226
  ],
  [
    1582416000000,
    40.83
  ],
  [
    1582502400000,
    48.897
  ],
  [
    1582588800000,
    47.667
  ],
  [
    1582675200000,
    43.796
  ],
  [
    1582761600000,
    43.581
  ],
  [
    1582848000000,
    44.465
  ],
  [
    1582934400000,
    48.762
  ],
  [
    1583020800000,
    47.436
  ],
  [
    1583107200000,
    44.571
  ],
  [
    1583193600000,
    50.662
  ],
  [
    1583280000000,
    54.318
  ],
  [
    1583366400000,
    49.194
  ],
  [
    1583452800000,
    46.015
  ],
  [
    1583539200000,
    41.632
  ],
  [
    1583625600000,
    42.273
  ],
  [
    1583712000000,
    41.697
  ],
  [
    1583798400000,
    42.465
  ],
  [
    1583884800000,
    41.548
  ],
  [
    1583971200000,
    39.526
  ],
  [
    1584057600000,
    39.488
  ],
  [
    1584144000000,
    38.469
  ],
  [
    1584230400000,
    37.752
  ],
  [
    1584316800000,
    38.122
  ],
  [
    1584403200000,
    35.955
  ],
  [
    1584489600000,
    37.491
  ],
  [
    1584576000000,
    38.581
  ],
  [
    1584662400000,
    38.958
  ],
  [
    1584748800000,
    41.261
  ],
  [
    1584835200000,
    37.517
  ],
  [
    1584921600000,
    39.4
  ],
  [
    1585008000000,
    40.054
  ],
  [
    1585094400000,
    36.088
  ],
  [
    1585180800000,
    37.518
  ],
  [
    1585267200000,
    36.498
  ],
  [
    1585353600000,
    36.811
  ],
  [
    1585440000000,
    41.212
  ],
  [
    1585522800000,
    44.821
  ],
  [
    1585609200000,
    39.419
  ],
  [
    1585695600000,
    39.119
  ],
  [
    1585782000000,
    37.254
  ],
  [
    1585868400000,
    37.316
  ],
  [
    1585954800000,
    36.153
  ],
  [
    1586041200000,
    34.281
  ],
  [
    1586127600000,
    33.98
  ],
  [
    1586214000000,
    33.296
  ],
  [
    1586300400000,
    33.895
  ],
  [
    1586386800000,
    32.35
  ],
  [
    1586473200000,
    32.042
  ],
  [
    1586559600000,
    32.22
  ],
  [
    1586646000000,
    31.51
  ],
  [
    1586732400000,
    31.55
  ],
  [
    1586818800000,
    30.977
  ],
  [
    1586905200000,
    31.682
  ],
  [
    1586991600000,
    32.219
  ],
  [
    1587078000000,
    30.158
  ],
  [
    1587164400000,
    29.996
  ],
  [
    1587250800000,
    30.09
  ],
  [
    1587337200000,
    31.58
  ],
  [
    1587423600000,
    29.128
  ],
  [
    1587510000000,
    28.629
  ],
  [
    1587596400000,
    28.972
  ],
  [
    1587682800000,
    28.459
  ],
  [
    1587769200000,
    28.867
  ],
  [
    1587855600000,
    29.737
  ],
  [
    1587942000000,
    29.413
  ],
  [
    1588028400000,
    32.565
  ],
  [
    1588114800000,
    32.196
  ],
  [
    1588201200000,
    32.71
  ],
  [
    1588287600000,
    32.615
  ],
  [
    1588374000000,
    33.825
  ],
  [
    1588460400000,
    33.372
  ],
  [
    1588546800000,
    35.079
  ],
  [
    1588633200000,
    35.253
  ],
  [
    1588719600000,
    37.946
  ],
  [
    1588806000000,
    33.724
  ],
  [
    1588892400000,
    35.045
  ],
  [
    1588978800000,
    34.137
  ],
  [
    1589065200000,
    34.388
  ],
  [
    1589151600000,
    34.935
  ],
  [
    1589238000000,
    36.153
  ],
  [
    1589324400000,
    35.21
  ],
  [
    1589410800000,
    36.083
  ],
  [
    1589497200000,
    37.691
  ],
  [
    1589583600000,
    36.258
  ],
  [
    1589670000000,
    38.916
  ],
  [
    1589756400000,
    37.533
  ],
  [
    1589842800000,
    36.23
  ],
  [
    1589929200000,
    36.918
  ],
  [
    1590015600000,
    36.498
  ],
  [
    1590102000000,
    39.575
  ],
  [
    1590188400000,
    37.167
  ],
  [
    1590274800000,
    40.214
  ],
  [
    1590361200000,
    35.565
  ],
  [
    1590447600000,
    33.877
  ],
  [
    1590534000000,
    32.815
  ],
  [
    1590620400000,
    32.4
  ],
  [
    1590706800000,
    34.177
  ],
  [
    1590793200000,
    35.897
  ],
  [
    1590879600000,
    37.095
  ],
  [
    1590966000000,
    36.415
  ],
  [
    1591052400000,
    36.739
  ],
  [
    1591138800000,
    38.386
  ],
  [
    1591225200000,
    37.295
  ],
  [
    1591311600000,
    36.965
  ],
  [
    1591398000000,
    36.955
  ],
  [
    1591484400000,
    34.615
  ],
  [
    1591570800000,
    34.855
  ],
  [
    1591657200000,
    35.488
  ],
  [
    1591743600000,
    38.451
  ],
  [
    1591830000000,
    37.597
  ],
  [
    1591916400000,
    34.781
  ],
  [
    1592002800000,
    35.154
  ],
  [
    1592089200000,
    34.107
  ],
  [
    1592175600000,
    37.597
  ],
  [
    1592262000000,
    36.47
  ],
  [
    1592348400000,
    36.101
  ],
  [
    1592434800000,
    43.513
  ],
  [
    1592521200000,
    34.908
  ],
  [
    1592607600000,
    35.371
  ],
  [
    1592694000000,
    33.956
  ],
  [
    1592780400000,
    34.301
  ],
  [
    1592866800000,
    34.259
  ],
  [
    1592953200000,
    37.393
  ],
  [
    1593039600000,
    32.107
  ],
  [
    1593126000000,
    35.459
  ],
  [
    1593212400000,
    37.217
  ],
  [
    1593298800000,
    34.433
  ],
  [
    1593385200000,
    39.447
  ],
  [
    1593471600000,
    36.128
  ],
  [
    1593558000000,
    36.604
  ],
  [
    1593644400000,
    36.007
  ],
  [
    1593730800000,
    36.771
  ],
  [
    1593817200000,
    35.775
  ],
  [
    1593903600000,
    36.419
  ],
  [
    1593990000000,
    38.263
  ],
  [
    1594076400000,
    37.997
  ],
  [
    1594162800000,
    39.7
  ],
  [
    1594249200000,
    41.18
  ],
  [
    1594335600000,
    38.469
  ],
  [
    1594422000000,
    38.924
  ],
  [
    1594508400000,
    39.382
  ],
  [
    1594594800000,
    44.833
  ],
  [
    1594681200000,
    44.213
  ],
  [
    1594767600000,
    44.342
  ],
  [
    1594854000000,
    43.002
  ],
  [
    1594940400000,
    43.173
  ],
  [
    1595026800000,
    38.769
  ],
  [
    1595113200000,
    42.953
  ],
  [
    1595199600000,
    37.19
  ],
  [
    1595286000000,
    42.472
  ],
  [
    1595372400000,
    44.611
  ],
  [
    1595458800000,
    41.332
  ],
  [
    1595545200000,
    41.861
  ],
  [
    1595631600000,
    46.118
  ],
  [
    1595718000000,
    48.333
  ],
  [
    1595804400000,
    40.641
  ],
  [
    1595890800000,
    41.731
  ],
  [
    1595977200000,
    40.458
  ],
  [
    1596063600000,
    39.784
  ],
  [
    1596150000000,
    41.01
  ],
  [
    1596236400000,
    40.956
  ],
  [
    1596322800000,
    40.714
  ],
  [
    1596409200000,
    42.45
  ],
  [
    1596495600000,
    43.649
  ],
  [
    1596582000000,
    46.238
  ],
  [
    1596668400000,
    42.292
  ],
  [
    1596754800000,
    40.377
  ],
  [
    1596841200000,
    47.41
  ],
  [
    1596927600000,
    43.436
  ],
  [
    1597014000000,
    43.398
  ],
  [
    1597100400000,
    39.998
  ],
  [
    1597186800000,
    38.046
  ],
  [
    1597273200000,
    40.664
  ],
  [
    1597359600000,
    43.652
  ],
  [
    1597446000000,
    42.749
  ],
  [
    1597532400000,
    40.419
  ],
  [
    1597618800000,
    37.243
  ],
  [
    1597705200000,
    42.416
  ],
  [
    1597791600000,
    40.326
  ],
  [
    1597878000000,
    40.662
  ],
  [
    1597964400000,
    39.594
  ],
  [
    1598050800000,
    37.569
  ],
  [
    1598137200000,
    38.247
  ],
  [
    1598223600000,
    37.117
  ],
  [
    1598310000000,
    39.894
  ],
  [
    1598396400000,
    37.069
  ],
  [
    1598482800000,
    44.574
  ],
  [
    1598569200000,
    39.542
  ],
  [
    1598655600000,
    38.065
  ],
  [
    1598742000000,
    42.492
  ],
  [
    1598828400000,
    36.74
  ],
  [
    1598914800000,
    40.702
  ],
  [
    1599001200000,
    40.399
  ],
  [
    1599087600000,
    38.028
  ],
  [
    1599174000000,
    37.909
  ],
  [
    1599260400000,
    37.836
  ],
  [
    1599346800000,
    37.95
  ],
  [
    1599433200000,
    37.291
  ],
  [
    1599519600000,
    37.223
  ],
  [
    1599606000000,
    35.318
  ],
  [
    1599692400000,
    36.92
  ],
  [
    1599778800000,
    38.109
  ],
  [
    1599865200000,
    40.222
  ],
  [
    1599951600000,
    38.676
  ],
  [
    1600038000000,
    40.163
  ],
  [
    1600124400000,
    37.5
  ],
  [
    1600210800000,
    39.679
  ],
  [
    1600297200000,
    40.595
  ],
  [
    1600383600000,
    40.677
  ],
  [
    1600470000000,
    45.221
  ],
  [
    1600556400000,
    40.753
  ],
  [
    1600642800000,
    43.959
  ],
  [
    1600729200000,
    43.178
  ],
  [
    1600815600000,
    48.531
  ],
  [
    1600902000000,
    43.348
  ],
  [
    1600988400000,
    42.612
  ],
  [
    1601074800000,
    42.314
  ],
  [
    1601161200000,
    43.852
  ],
  [
    1601247600000,
    46.495
  ],
  [
    1601334000000,
    41.818
  ],
  [
    1601420400000,
    43.057
  ],
  [
    1601506800000,
    39.605
  ],
  [
    1601593200000,
    39.085
  ],
  [
    1601679600000,
    44.84
  ],
  [
    1601766000000,
    42.829
  ],
  [
    1601852400000,
    45.718
  ],
  [
    1601938800000,
    47.194
  ],
  [
    1602025200000,
    43.97
  ],
  [
    1602111600000,
    42.221
  ],
  [
    1602198000000,
    43.195
  ],
  [
    1602284400000,
    45.892
  ],
  [
    1602370800000,
    45.453
  ],
  [
    1602457200000,
    44.54
  ],
  [
    1602543600000,
    43.742
  ],
  [
    1602630000000,
    44.903
  ],
  [
    1602716400000,
    45.776
  ],
  [
    1602802800000,
    47.312
  ],
  [
    1602889200000,
    43.136
  ],
  [
    1602975600000,
    43.252
  ],
  [
    1603062000000,
    43.427
  ],
  [
    1603148400000,
    45.512
  ],
  [
    1603234800000,
    45.114
  ],
  [
    1603321200000,
    41.26
  ],
  [
    1603407600000,
    42.286
  ],
  [
    1603494000000,
    40.998
  ],
  [
    1603580400000,
    42.005
  ],
  [
    1603670400000,
    42.463
  ],
  [
    1603756800000,
    41.402
  ],
  [
    1603843200000,
    42.648
  ],
  [
    1603929600000,
    42.132
  ],
  [
    1604016000000,
    42.91
  ],
  [
    1604102400000,
    41.106
  ],
  [
    1604188800000,
    42.984
  ],
  [
    1604275200000,
    42.392
  ],
  [
    1604361600000,
    44.338
  ],
  [
    1604448000000,
    43.388
  ],
  [
    1604534400000,
    33.6
  ],
  [
    1604620800000,
    46.809
  ],
  [
    1604707200000,
    42.097
  ],
  [
    1604793600000,
    42.544
  ],
  [
    1604880000000,
    41.348
  ],
  [
    1604966400000,
    42.581
  ],
  [
    1605052800000,
    40.644
  ],
  [
    1605139200000,
    40.003
  ],
  [
    1605225600000,
    42.989
  ],
  [
    1605312000000,
    43.812
  ],
  [
    1605398400000,
    43.639
  ],
  [
    1605484800000,
    40.297
  ],
  [
    1605571200000,
    40.123
  ],
  [
    1605657600000,
    39.86
  ],
  [
    1605744000000,
    42.505
  ],
  [
    1605830400000,
    43.507
  ],
  [
    1605916800000,
    41.956
  ],
  [
    1606003200000,
    40.45
  ],
  [
    1606089600000,
    41.57
  ],
  [
    1606176000000,
    42.888
  ],
  [
    1606262400000,
    42.687
  ],
  [
    1606348800000,
    42.148
  ],
  [
    1606435200000,
    42.413
  ],
  [
    1606521600000,
    44.589
  ],
  [
    1606608000000,
    41.175
  ],
  [
    1606694400000,
    42.661
  ],
  [
    1606780800000,
    42.651
  ],
  [
    1606867200000,
    41.826
  ],
  [
    1606953600000,
    42.707
  ],
  [
    1607040000000,
    37.272
  ],
  [
    1607126400000,
    39.203
  ],
  [
    1607212800000,
    41.88
  ],
  [
    1607299200000,
    35.965
  ],
  [
    1607385600000,
    37.485
  ],
  [
    1607472000000,
    43.352
  ],
  [
    1607558400000,
    40.113
  ],
  [
    1607644800000,
    37.875
  ],
  [
    1607731200000,
    39.908
  ],
  [
    1607817600000,
    37.335
  ],
  [
    1607904000000,
    37.491
  ],
  [
    1607990400000,
    38.017
  ],
  [
    1608076800000,
    45.137
  ],
  [
    1608163200000,
    43.062
  ],
  [
    1608249600000,
    41.439
  ],
  [
    1608336000000,
    45.018
  ],
  [
    1608422400000,
    44.386
  ],
  [
    1608508800000,
    42.017
  ],
  [
    1608595200000,
    43.833
  ],
  [
    1608681600000,
    47.509
  ],
  [
    1608768000000,
    49.881
  ],
  [
    1608854400000,
    49.663
  ],
  [
    1608940800000,
    47.899
  ],
  [
    1609027200000,
    50.185
  ],
  [
    1609113600000,
    52.982
  ],
  [
    1609200000000,
    57.414
  ],
  [
    1609286400000,
    56.396
  ],
  [
    1609372800000,
    56.222
  ],
  [
    1609459200000,
    81.544
  ],
  [
    1609545600000,
    61.757
  ],
  [
    1609632000000,
    65.295
  ],
  [
    1609718400000,
    63.645
  ],
  [
    1609804800000,
    66.764
  ],
  [
    1609891200000,
    60.926
  ],
  [
    1609977600000,
    60.145
  ],
  [
    1610064000000,
    55.268
  ],
  [
    1610150400000,
    61.14
  ],
  [
    1610236800000,
    62.054
  ],
  [
    1610323200000,
    58.047
  ],
  [
    1610409600000,
    60.03
  ],
  [
    1610496000000,
    59.368
  ],
  [
    1610582400000,
    60.186
  ],
  [
    1610668800000,
    65.027
  ],
  [
    1610755200000,
    73.147
  ],
  [
    1610841600000,
    70.635
  ],
  [
    1610928000000,
    64.388
  ],
  [
    1611014400000,
    66.288
  ],
  [
    1611187200000,
    66.097
  ],
  [
    1611273600000,
    68.528
  ],
  [
    1611360000000,
    71.949
  ],
  [
    1611446400000,
    64.784
  ],
  [
    1611532800000,
    60.123
  ],
  [
    1611619200000,
    68.904
  ],
  [
    1611705600000,
    62.085
  ],
  [
    1611792000000,
    60.071
  ],
  [
    1611878400000,
    57.852
  ],
  [
    1611964800000,
    80.001
  ],
  [
    1612051200000,
    61.524
  ],
  [
    1612137600000,
    58.787
  ],
  [
    1612224000000,
    62.124
  ],
  [
    1612310400000,
    70.508
  ],
  [
    1612396800000,
    65.945
  ],
  [
    1612483200000,
    67.73
  ],
  [
    1612569600000,
    60.187
  ],
  [
    1612656000000,
    63.864
  ],
  [
    1612742400000,
    62.703
  ],
  [
    1612828800000,
    62.334
  ],
  [
    1612915200000,
    64.228
  ],
  [
    1613001600000,
    63.354
  ],
  [
    1613088000000,
    61.12
  ],
  [
    1613174400000,
    58.57
  ],
  [
    1613260800000,
    57.894
  ],
  [
    1613347200000,
    59.567
  ],
  [
    1613433600000,
    59.584
  ],
  [
    1613520000000,
    58.11
  ],
  [
    1613606400000,
    56.335
  ],
  [
    1613692800000,
    53.945
  ],
  [
    1613779200000,
    55.714
  ],
  [
    1613865600000,
    55.943
  ],
  [
    1613952000000,
    58.802
  ],
  [
    1614038400000,
    60.797
  ],
  [
    1614124800000,
    53.479
  ],
  [
    1614211200000,
    59.665
  ],
  [
    1614297600000,
    58.946
  ],
  [
    1614384000000,
    63.681
  ],
  [
    1614470400000,
    58.851
  ],
  [
    1614556800000,
    55.924
  ],
  [
    1614643200000,
    61.883
  ],
  [
    1614729600000,
    61.496
  ],
  [
    1614816000000,
    60.683
  ],
  [
    1614902400000,
    61.949
  ],
  [
    1614988800000,
    62.418
  ],
  [
    1615075200000,
    62.633
  ],
  [
    1615161600000,
    57.21
  ],
  [
    1615248000000,
    60.664
  ],
  [
    1615334400000,
    65.694
  ],
  [
    1615420800000,
    68.1
  ],
  [
    1615507200000,
    59.92
  ],
  [
    1615680000000,
    66.175
  ],
  [
    1615766400000,
    65.62
  ],
  [
    1615852800000,
    85.773
  ],
  [
    1615939200000,
    63.1
  ],
  [
    1616025600000,
    69.271
  ],
  [
    1616112000000,
    71.47
  ],
  [
    1616198400000,
    84.797
  ],
  [
    1616284800000,
    73.759
  ],
  [
    1616371200000,
    88.136
  ],
  [
    1616457600000,
    96.477
  ],
  [
    1616544000000,
    99.636
  ],
  [
    1616630400000,
    97.013
  ],
  [
    1616716800000,
    91.808
  ],
  [
    1616803200000,
    81.155
  ],
  [
    1616889600000,
    95.114
  ],
  [
    1617058800000,
    90.812
  ],
  [
    1617145200000,
    88.243
  ],
  [
    1617231600000,
    99.008
  ],
  [
    1617318000000,
    91.63
  ],
  [
    1617404400000,
    92.06
  ],
  [
    1617490800000,
    87.739
  ],
  [
    1617663600000,
    87.428
  ],
  [
    1617750000000,
    85.323
  ],
  [
    1617836400000,
    88.937
  ],
  [
    1617922800000,
    91.179
  ],
  [
    1618009200000,
    81.598
  ],
  [
    1618095600000,
    82.465
  ],
  [
    1618182000000,
    91.248
  ],
  [
    1618268400000,
    88.918
  ],
  [
    1618354800000,
    98.708
  ],
  [
    1618441200000,
    101.83
  ],
  [
    1618527600000,
    98.203
  ],
  [
    1618614000000,
    90.752
  ],
  [
    1618700400000,
    97.267
  ],
  [
    1618786800000,
    90.36
  ],
  [
    1618873200000,
    87.465
  ],
  [
    1618959600000,
    87.993
  ],
  [
    1619046000000,
    91.034
  ],
  [
    1619132400000,
    90.705
  ],
  [
    1619218800000,
    96.728
  ],
  [
    1619305200000,
    100.09
  ],
  [
    1619391600000,
    90.91
  ],
  [
    1619478000000,
    98.55
  ],
  [
    1619564400000,
    104.632
  ],
  [
    1619650800000,
    111.474
  ],
  [
    1619737200000,
    119.044
  ],
  [
    1619823600000,
    138.92
  ],
  [
    1619910000000,
    133.439
  ],
  [
    1619996400000,
    116.586
  ],
  [
    1620082800000,
    122.689
  ],
  [
    1620169200000,
    119.263
  ],
  [
    1620255600000,
    116.689
  ],
  [
    1620342000000,
    114.517
  ],
  [
    1620428400000,
    110.23
  ],
  [
    1620514800000,
    117.428
  ],
  [
    1620601200000,
    111.492
  ],
  [
    1620687600000,
    126.442
  ],
  [
    1620774000000,
    120.461
  ],
  [
    1620860400000,
    116.53
  ],
  [
    1620946800000,
    123.908
  ],
  [
    1621033200000,
    121.4
  ],
  [
    1621119600000,
    117.39
  ],
  [
    1621206000000,
    138.218
  ],
  [
    1621292400000,
    159.512
  ],
  [
    1621378800000,
    140.179
  ],
  [
    1621465200000,
    128.8
  ],
  [
    1621551600000,
    132.29
  ],
  [
    1621638000000,
    143.515
  ],
  [
    1621724400000,
    157.656
  ],
  [
    1621810800000,
    165.488
  ],
  [
    1621897200000,
    179.551
  ],
  [
    1621983600000,
    187.176
  ],
  [
    1622070000000,
    219.967
  ],
  [
    1622156400000,
    204.518
  ],
  [
    1622242800000,
    214.781
  ],
  [
    1622329200000,
    198.341
  ],
  [
    1622415600000,
    205.384
  ],
  [
    1622502000000,
    217.462
  ],
  [
    1622588400000,
    238.562
  ],
  [
    1622674800000,
    244.745
  ],
  [
    1622761200000,
    266.819
  ],
  [
    1622847600000,
    290.981
  ],
  [
    1622934000000,
    271.127
  ],
  [
    1623020400000,
    303.945
  ],
  [
    1623106800000,
    309.566
  ],
  [
    1623193200000,
    318.85
  ],
  [
    1623279600000,
    322.64
  ],
  [
    1623366000000,
    330
  ],
  [
    1623452400000,
    334.5
  ],
  [
    1623538800000,
    319.131
  ],
  [
    1623625200000,
    271.49
  ],
  [
    1623711600000,
    295.535
  ],
  [
    1623798000000,
    293.39
  ],
  [
    1623884400000,
    296.31
  ],
  [
    1623970800000,
    291.993
  ],
  [
    1624057200000,
    286.783
  ],
  [
    1624143600000,
    272.553
  ],
  [
    1624230000000,
    267.581
  ],
  [
    1624316400000,
    234
  ],
  [
    1624489200000,
    242.685
  ],
  [
    1624575600000,
    248.242
  ],
  [
    1624662000000,
    239.398
  ],
  [
    1624748400000,
    223.714
  ],
  [
    1624834800000,
    215.738
  ],
  [
    1625007600000,
    198.98
  ],
  [
    1625180400000,
    190.403
  ],
  [
    1625266800000,
    193.455
  ],
  [
    1625353200000,
    193.39
  ],
  [
    1625439600000,
    192.902
  ],
  [
    1625526000000,
    194.376
  ],
  [
    1625612400000,
    181.744
  ],
  [
    1625785200000,
    189.511
  ],
  [
    1625871600000,
    154.272
  ],
  [
    1625958000000,
    169.661
  ],
  [
    1626044400000,
    166.463
  ],
  [
    1626130800000,
    171.231
  ],
  [
    1626217200000,
    167.778
  ],
  [
    1626303600000,
    165.431
  ],
  [
    1626390000000,
    159.36
  ],
  [
    1626476400000,
    151
  ],
  [
    1626562800000,
    160.562
  ],
  [
    1626649200000,
    161.795
  ],
  [
    1626822000000,
    198.136
  ],
  [
    1626908400000,
    169.55
  ],
  [
    1626994800000,
    176.34
  ],
  [
    1627081200000,
    176.566
  ],
  [
    1627340400000,
    172.5
  ],
  [
    1627426800000,
    192.744
  ],
  [
    1627772400000,
    187.659
  ],
  [
    1627858800000,
    185.006
  ],
  [
    1627945200000,
    221.672
  ],
  [
    1628031600000,
    167.3
  ],
  [
    1628118000000,
    173.115
  ],
  [
    1628204400000,
    195.842
  ],
  [
    1628290800000,
    186.217
  ],
  [
    1628377200000,
    163.97
  ],
  [
    1628550000000,
    152.761
  ],
  [
    1628636400000,
    157.195
  ],
  [
    1628722800000,
    148.12
  ],
  [
    1628809200000,
    145.47
  ],
  [
    1628895600000,
    160.884
  ],
  [
    1629068400000,
    145.712
  ],
  [
    1629154800000,
    145.555
  ],
  [
    1629241200000,
    162.966
  ],
  [
    1629327600000,
    142.249
  ],
  [
    1629414000000,
    143.245
  ],
  [
    1629500400000,
    143.25
  ],
  [
    1629673200000,
    222.69
  ],
  [
    1629759600000,
    155.073
  ],
  [
    1629846000000,
    170.451
  ],
  [
    1629932400000,
    161.562
  ],
  [
    1630018800000,
    141.4
  ],
  [
    1630105200000,
    167.237
  ],
  [
    1630191600000,
    140.932
  ],
  [
    1630278000000,
    153.773
  ],
  [
    1630364400000,
    142.6
  ],
  [
    1630450800000,
    139.58
  ],
  [
    1630537200000,
    150.473
  ],
  [
    1630710000000,
    154.653
  ],
  [
    1631055600000,
    142.135
  ],
  [
    1631228400000,
    140.745
  ],
  [
    1631314800000,
    138.42
  ],
  [
    1631401200000,
    137.59
  ],
  [
    1631487600000,
    143.367
  ],
  [
    1631660400000,
    134.98
  ],
  [
    1631746800000,
    163.257
  ],
  [
    1631919600000,
    153.934
  ],
  [
    1632006000000,
    139.583
  ],
  [
    1632092400000,
    153
  ],
  [
    1632178800000,
    136.011
  ],
  [
    1632265200000,
    107.756
  ],
  [
    1632351600000,
    115.072
  ],
  [
    1632438000000,
    116.539
  ],
  [
    1632524400000,
    106.697
  ],
  [
    1632610800000,
    111.065
  ],
  [
    1632697200000,
    120.419
  ],
  [
    1632783600000,
    134.998
  ],
  [
    1632870000000,
    119.71
  ],
  [
    1632956400000,
    127.793
  ],
  [
    1633042800000,
    148.971
  ],
  [
    1633129200000,
    142.669
  ],
  [
    1633215600000,
    129.491
  ],
  [
    1633302000000,
    125.647
  ],
  [
    1633388400000,
    118.83
  ],
  [
    1633474800000,
    120.215
  ],
  [
    1633561200000,
    124.43
  ],
  [
    1633647600000,
    135.835
  ],
  [
    1633734000000,
    125.55
  ],
  [
    1633906800000,
    121.663
  ],
  [
    1633993200000,
    117.73
  ],
  [
    1634079600000,
    118.977
  ],
  [
    1634166000000,
    122.034
  ],
  [
    1634338800000,
    107.484
  ],
  [
    1634425200000,
    122.722
  ],
  [
    1634511600000,
    119.422
  ],
  [
    1634598000000,
    117.15
  ],
  [
    1634770800000,
    139
  ],
  [
    1634857200000,
    122.995
  ],
  [
    1634943600000,
    119.245
  ],
  [
    1635030000000,
    115.475
  ],
  [
    1635116400000,
    126.18
  ],
  [
    1635202800000,
    116.067
  ],
  [
    1635289200000,
    119.222
  ],
  [
    1635375600000,
    117.745
  ],
  [
    1635462000000,
    128.505
  ],
  [
    1635548400000,
    117
  ],
  [
    1635634800000,
    117.511
  ],
  [
    1635724800000,
    118.158
  ],
  [
    1635811200000,
    115.511
  ],
  [
    1635897600000,
    125.309
  ],
  [
    1635984000000,
    117.108
  ],
  [
    1636070400000,
    115.25
  ],
  [
    1636156800000,
    114.433
  ],
  [
    1636243200000,
    128.116
  ],
  [
    1636329600000,
    116.78
  ],
  [
    1636416000000,
    133.902
  ],
  [
    1636502400000,
    132.812
  ],
  [
    1636588800000,
    114.403
  ],
  [
    1636675200000,
    133.574
  ],
  [
    1636761600000,
    106.68
  ],
  [
    1636848000000,
    106.715
  ],
  [
    1636934400000,
    122.563
  ],
  [
    1637020800000,
    108.927
  ],
  [
    1637107200000,
    113.938
  ],
  [
    1637193600000,
    109.49
  ],
  [
    1637280000000,
    126.75
  ],
  [
    1637366400000,
    116.035
  ],
  [
    1637452800000,
    119.967
  ],
  [
    1637539200000,
    113.11
  ],
  [
    1637625600000,
    111.425
  ],
  [
    1637712000000,
    123.722
  ],
  [
    1637798400000,
    123.59
  ],
  [
    1637884800000,
    111.32
  ],
  [
    1637971200000,
    113.847
  ],
  [
    1638057600000,
    107.26
  ],
  [
    1638144000000,
    144.027
  ],
  [
    1638230400000,
    136.758
  ],
  [
    1638489600000,
    121.437
  ],
  [
    1638576000000,
    129.962
  ],
  [
    1638662400000,
    141.673
  ],
  [
    1638748800000,
    154.99
  ],
  [
    1638835200000,
    148.856
  ],
  [
    1638921600000,
    153.945
  ],
  [
    1639094400000,
    144.11
  ],
  [
    1639267200000,
    143.905
  ],
  [
    1639353600000,
    141.1
  ],
  [
    1639440000000,
    146.435
  ],
  [
    1639526400000,
    133.115
  ],
  [
    1639612800000,
    133.745
  ],
  [
    1639699200000,
    132.74
  ],
  [
    1639785600000,
    132.83
  ],
  [
    1639872000000,
    131.49
  ],
  [
    1639958400000,
    133.883
  ],
  [
    1640044800000,
    131.07
  ],
  [
    1640131200000,
    130.11
  ],
  [
    1640217600000,
    138.539
  ],
  [
    1640304000000,
    130.43
  ],
  [
    1640390400000,
    138.701
  ],
  [
    1640476800000,
    166.07
  ],
  [
    1640563200000,
    132.85
  ],
  [
    1640649600000,
    147.09
  ],
  [
    1640736000000,
    134.83
  ],
  [
    1640822400000,
    135.486
  ],
  [
    1640995200000,
    136.323
  ],
  [
    1641081600000,
    132.505
  ],
  [
    1641168000000,
    159.315
  ],
  [
    1641254400000,
    131.99
  ],
  [
    1641513600000,
    140.79
  ],
  [
    1641600000000,
    146.358
  ],
  [
    1641772800000,
    138.11
  ],
  [
    1642032000000,
    143.995
  ],
  [
    1642118400000,
    145.353
  ],
  [
    1642204800000,
    143.72
  ],
  [
    1642291200000,
    157.833
  ],
  [
    1642377600000,
    145.22
  ],
  [
    1642550400000,
    149.236
  ],
  [
    1642723200000,
    139.33
  ],
  [
    1642896000000,
    138
  ],
  [
    1643068800000,
    138
  ],
  [
    1643155200000,
    146.777
  ],
  [
    1643241600000,
    158.97
  ],
  [
    1643328000000,
    159.43
  ],
  [
    1643500800000,
    130.947
  ],
  [
    1643587200000,
    130.92
  ],
  [
    1643760000000,
    143.145
  ],
  [
    1643846400000,
    126.507
  ],
  [
    1643932800000,
    173.25
  ],
  [
    1644019200000,
    153.01
  ],
  [
    1644105600000,
    127.44
  ],
  [
    1644192000000,
    164.011
  ],
  [
    1644278400000,
    138.76
  ],
  [
    1644451200000,
    127.717
  ],
  [
    1644537600000,
    138.23
  ],
  [
    1644710400000,
    131.1
  ],
  [
    1644796800000,
    133.472
  ],
  [
    1644883200000,
    129.1
  ],
  [
    1644969600000,
    144.217
  ],
  [
    1645056000000,
    131.222
  ],
  [
    1645142400000,
    131.112
  ],
  [
    1645315200000,
    134.327
  ],
  [
    1645488000000,
    132.88
  ],
  [
    1645574400000,
    142.854
  ],
  [
    1645660800000,
    123.55
  ],
  [
    1645747200000,
    156.109
  ],
  [
    1645833600000,
    123.602
  ],
  [
    1645920000000,
    124.957
  ],
  [
    1646006400000,
    125.21
  ],
  [
    1646092800000,
    123.839
  ],
  [
    1646179200000,
    123.88
  ],
  [
    1646265600000,
    124.575
  ],
  [
    1646352000000,
    126.707
  ],
  [
    1646524800000,
    140.435
  ],
  [
    1646611200000,
    136.27
  ],
  [
    1646697600000,
    134.561
  ],
  [
    1646784000000,
    131.04
  ],
  [
    1646870400000,
    136.41
  ],
  [
    1646956800000,
    131.355
  ],
  [
    1647043200000,
    144.575
  ],
  [
    1647302400000,
    129.41
  ],
  [
    1647388800000,
    139.64
  ],
  [
    1647475200000,
    132.967
  ],
  [
    1647561600000,
    131.15
  ],
  [
    1647648000000,
    133.6
  ],
  [
    1647734400000,
    176.12
  ],
  [
    1647820800000,
    149.642
  ],
  [
    1647907200000,
    150.455
  ],
  [
    1647993600000,
    156.35
  ],
  [
    1648080000000,
    167.837
  ],
  [
    1648166400000,
    136.046
  ],
  [
    1648339200000,
    145.4
  ],
  [
    1648422000000,
    143.3
  ],
  [
    1648508400000,
    151.756
  ],
  [
    1648594800000,
    143.26
  ],
  [
    1648767600000,
    158.44
  ],
  [
    1648940400000,
    145.13
  ],
  [
    1649026800000,
    146.02
  ],
  [
    1649113200000,
    144.525
  ],
  [
    1649199600000,
    150.221
  ],
  [
    1649286000000,
    157.36
  ],
  [
    1649372400000,
    159.363
  ],
  [
    1649458800000,
    148.872
  ],
  [
    1649631600000,
    175
  ],
  [
    1649718000000,
    149
  ],
  [
    1649804400000,
    148
  ],
  [
    1649890800000,
    159.77
  ],
  [
    1649977200000,
    173.885
  ],
  [
    1650063600000,
    169.047
  ],
  [
    1650495600000,
    180.06
  ],
  [
    1650582000000,
    184.125
  ],
  [
    1650754800000,
    184.73
  ],
  [
    1650841200000,
    184
  ],
  [
    1650927600000,
    183.5
  ],
  [
    1651014000000,
    181.16
  ],
  [
    1651100400000,
    179.69
  ],
  [
    1651186800000,
    176.38
  ],
  [
    1651273200000,
    185.03
  ],
  [
    1651359600000,
    172.08
  ],
  [
    1651446000000,
    164.377
  ],
  [
    1651532400000,
    168.87
  ],
  [
    1651618800000,
    181.232
  ],
  [
    1651705200000,
    165.652
  ],
  [
    1651964400000,
    164.07
  ],
  [
    1652050800000,
    164.57
  ],
  [
    1652223600000,
    176.29
  ],
  [
    1652310000000,
    164.904
  ],
  [
    1652396400000,
    172.551
  ],
  [
    1652482800000,
    162.25
  ],
  [
    1652569200000,
    170.055
  ],
  [
    1652914800000,
    167.46
  ],
  [
    1653001200000,
    174.99
  ],
  [
    1653174000000,
    149.19
  ],
  [
    1653346800000,
    150.35
  ],
  [
    1653433200000,
    150.03
  ],
  [
    1653606000000,
    154.65
  ],
  [
    1653692400000,
    150.808
  ],
  [
    1653778800000,
    149.56
  ],
  [
    1653865200000,
    159.984
  ],
  [
    1653951600000,
    146.29
  ],
  [
    1654038000000,
    171.544
  ],
  [
    1654210800000,
    150.95
  ],
  [
    1654297200000,
    147.685
  ],
  [
    1654729200000,
    149.31
  ],
  [
    1654815600000,
    150.03
  ],
  [
    1654902000000,
    150.27
  ],
  [
    1655074800000,
    145.57
  ],
  [
    1655161200000,
    146.315
  ],
  [
    1655247600000,
    140.035
  ],
  [
    1655334000000,
    139.08
  ],
  [
    1655420400000,
    136.41
  ],
  [
    1655593200000,
    157.14
  ],
  [
    1655679600000,
    134.128
  ],
  [
    1655766000000,
    132.065
  ],
  [
    1655852400000,
    134.17
  ],
  [
    1656025200000,
    132.038
  ],
  [
    1656370800000,
    157.688
  ],
  [
    1656457200000,
    145.99
  ],
  [
    1656543600000,
    136.93
  ],
  [
    1656630000000,
    143.127
  ],
  [
    1656716400000,
    142.593
  ],
  [
    1656802800000,
    138.69
  ],
  [
    1656889200000,
    139.07
  ],
  [
    1656975600000,
    140.175
  ],
  [
    1657148400000,
    140
  ],
  [
    1657234800000,
    144.684
  ],
  [
    1657753200000,
    140.835
  ],
  [
    1657839600000,
    159.32
  ],
  [
    1657926000000,
    155.519
  ],
  [
    1658012400000,
    143.874
  ],
  [
    1658098800000,
    151.96
  ],
  [
    1658185200000,
    149.055
  ],
  [
    1658271600000,
    154.339
  ],
  [
    1658358000000,
    144.068
  ],
  [
    1658444400000,
    149.59
  ],
  [
    1658530800000,
    149.36
  ],
  [
    1658703600000,
    148.15
  ],
  [
    1658790000000,
    152.697
  ],
  [
    1658876400000,
    147.875
  ],
  [
    1658962800000,
    167.438
  ],
  [
    1659222000000,
    151.02
  ],
  [
    1659394800000,
    155.97
  ],
  [
    1659481200000,
    171.67
  ],
  [
    1659654000000,
    148.24
  ],
  [
    1659740400000,
    148.26
  ],
  [
    1659826800000,
    159.12
  ],
  [
    1660086000000,
    150.615
  ],
  [
    1660172400000,
    149.11
  ],
  [
    1660258800000,
    150
  ],
  [
    1660345200000,
    144.743
  ],
  [
    1660431600000,
    154.82
  ],
  [
    1660518000000,
    146.625
  ],
  [
    1660604400000,
    148.417
  ],
  [
    1660690800000,
    155.85
  ],
  [
    1660777200000,
    159.195
  ],
  [
    1660950000000,
    163.546
  ],
  [
    1661036400000,
    152.392
  ],
  [
    1661122800000,
    168.6
  ],
  [
    1661209200000,
    146.29
  ],
  [
    1661295600000,
    166.213
  ],
  [
    1661382000000,
    169.473
  ],
  [
    1661554800000,
    144.44
  ],
  [
    1661641200000,
    171.345
  ],
  [
    1661727600000,
    138
  ],
  [
    1661900400000,
    150.19
  ],
  [
    1662073200000,
    160.087
  ],
  [
    1662246000000,
    210.115
  ],
  [
    1662332400000,
    170.005
  ],
  [
    1662418800000,
    162.469
  ],
  [
    1662505200000,
    160.762
  ],
  [
    1662678000000,
    153.38
  ],
  [
    1662764400000,
    155.676
  ],
  [
    1662850800000,
    154.936
  ],
  [
    1663023600000,
    147.06
  ],
  [
    1663110000000,
    146.39
  ],
  [
    1663282800000,
    147.27
  ],
  [
    1663369200000,
    147.13
  ],
  [
    1663455600000,
    150.78
  ],
  [
    1663628400000,
    149.62
  ],
  [
    1663714800000,
    149.464
  ],
  [
    1663801200000,
    148.202
  ],
  [
    1663887600000,
    144.99
  ],
  [
    1663974000000,
    151.2
  ],
  [
    1664060400000,
    141.03
  ],
  [
    1664146800000,
    140.81
  ],
  [
    1664319600000,
    141.24
  ],
  [
    1664406000000,
    141.465
  ],
  [
    1664492400000,
    150.917
  ],
  [
    1664578800000,
    148.062
  ],
  [
    1664665200000,
    143.13
  ],
  [
    1664751600000,
    188.87
  ],
  [
    1664924400000,
    149.316
  ],
  [
    1665097200000,
    144.33
  ],
  [
    1665183600000,
    144.92
  ],
  [
    1665270000000,
    145.54
  ],
  [
    1665356400000,
    145.61
  ],
  [
    1665442800000,
    145.825
  ],
  [
    1665615600000,
    163.5
  ],
  [
    1665788400000,
    183.436
  ],
  [
    1665874800000,
    147.317
  ],
  [
    1666047600000,
    162.787
  ],
  [
    1666134000000,
    148.514
  ],
  [
    1666220400000,
    148
  ],
  [
    1666306800000,
    148.96
  ],
  [
    1666479600000,
    162.95
  ],
  [
    1666738800000,
    143.137
  ],
  [
    1667084400000,
    160
  ],
  [
    1667174400000,
    153.706
  ],
  [
    1667260800000,
    147.74
  ],
  [
    1667347200000,
    156.472
  ],
  [
    1667433600000,
    320.78
  ],
  [
    1667520000000,
    163.112
  ],
  [
    1667606400000,
    150.91
  ],
  [
    1667692800000,
    157.16
  ],
  [
    1667779200000,
    168.831
  ],
  [
    1668038400000,
    181.012
  ],
  [
    1668124800000,
    171.58
  ],
  [
    1668211200000,
    176.52
  ],
  [
    1668470400000,
    176.61
  ],
  [
    1668729600000,
    185.874
  ],
  [
    1669248000000,
    184
  ],
  [
    1669334400000,
    177.8
  ],
  [
    1669420800000,
    183.51
  ],
  [
    1669593600000,
    176.25
  ],
  [
    1669680000000,
    205.212
  ],
  [
    1669766400000,
    176.95
  ],
  [
    1670025600000,
    194.341
  ],
  [
    1670112000000,
    213.404
  ],
  [
    1670371200000,
    205.201
  ],
  [
    1670457600000,
    185.42
  ],
  [
    1670544000000,
    185.46
  ],
  [
    1670716800000,
    244.28
  ],
  [
    1670803200000,
    187.174
  ],
  [
    1670889600000,
    185.4
  ],
  [
    1671235200000,
    159.22
  ],
  [
    1671580800000,
    180.01
  ],
  [
    1671667200000,
    177.42
  ],
  [
    1671753600000,
    177.07
  ],
  [
    1671926400000,
    172.38
  ],
  [
    1672012800000,
    180.745
  ],
  [
    1672272000000,
    177.45
  ],
  [
    1672531200000,
    196.135
  ],
  [
    1672704000000,
    177.29
  ],
  [
    1672790400000,
    191.972
  ],
  [
    1672963200000,
    192.16
  ],
  [
    1673136000000,
    186.55
  ],
  [
    1673222400000,
    177.516
  ],
  [
    1673308800000,
    198.233
  ],
  [
    1673395200000,
    199.015
  ],
  [
    1673481600000,
    183.69
  ],
  [
    1673568000000,
    183.7
  ],
  [
    1673654400000,
    203.98
  ],
  [
    1673827200000,
    193.055
  ],
  [
    1673913600000,
    210.46
  ],
  [
    1674086400000,
    213.575
  ],
  [
    1674172800000,
    217.861
  ],
  [
    1674259200000,
    217.86
  ],
  [
    1674604800000,
    182.155
  ],
  [
    1674691200000,
    214.9
  ],
  [
    1674864000000,
    202.699
  ],
  [
    1674950400000,
    217.005
  ],
  [
    1675036800000,
    202.889
  ],
  [
    1675555200000,
    183.8
  ],
  [
    1675641600000,
    183.94
  ],
  [
    1675728000000,
    206.434
  ],
  [
    1675814400000,
    184.2
  ],
  [
    1675987200000,
    189.8
  ],
  [
    1676073600000,
    198.617
  ],
  [
    1676160000000,
    192.29
  ],
  [
    1676332800000,
    192
  ],
  [
    1676505600000,
    197.781
  ],
  [
    1676764800000,
    196.115
  ],
  [
    1677024000000,
    196.16
  ],
  [
    1677283200000,
    197.584
  ],
  [
    1677456000000,
    212.795
  ],
  [
    1677542400000,
    196.16
  ],
  [
    1677628800000,
    196.16
  ],
  [
    1677715200000,
    206.191
  ],
  [
    1677888000000,
    200
  ],
  [
    1678060800000,
    215.007
  ],
  [
    1678147200000,
    206.482
  ],
  [
    1678233600000,
    208.851
  ],
  [
    1678406400000,
    220.797
  ],
  [
    1678492800000,
    244.255
  ],
  [
    1678579200000,
    228.001
  ],
  [
    1678665600000,
    263.53
  ],
  [
    1678752000000,
    246.636
  ],
  [
    1678924800000,
    239.055
  ],
  [
    1679011200000,
    226
  ],
  [
    1679097600000,
    196.22
  ],
  [
    1679184000000,
    226.23
  ],
  [
    1679443200000,
    251.846
  ],
  [
    1679616000000,
    299.114
  ],
  [
    1679702400000,
    247.795
  ],
  [
    1679788800000,
    246.441
  ],
  [
    1679871600000,
    304.371
  ],
  [
    1679958000000,
    287.367
  ],
  [
    1680217200000,
    250.614
  ],
  [
    1680303600000,
    248.9
  ],
  [
    1680476400000,
    293.649
  ],
  [
    1680562800000,
    300.027
  ],
  [
    1680649200000,
    296.915
  ],
  [
    1680822000000,
    309.375
  ],
  [
    1680908400000,
    257.15
  ],
  [
    1680994800000,
    315.801
  ],
  [
    1681081200000,
    269.3
  ],
  [
    1681167600000,
    287.68
  ],
  [
    1681254000000,
    269.935
  ],
  [
    1681340400000,
    274.86
  ],
  [
    1681426800000,
    296.052
  ],
  [
    1681599600000,
    277.35
  ],
  [
    1681686000000,
    300
  ],
  [
    1681772400000,
    278.48
  ],
  [
    1681858800000,
    338.561
  ],
  [
    1681945200000,
    339.25
  ],
  [
    1682031600000,
    340.116
  ],
  [
    1682118000000,
    327.477
  ],
  [
    1682204400000,
    356.072
  ],
  [
    1682290800000,
    378.9
  ],
  [
    1682377200000,
    321.656
  ],
  [
    1682550000000,
    305.74
  ],
  [
    1682722800000,
    298.04
  ],
  [
    1682895600000,
    291.12
  ],
  [
    1682982000000,
    269.97
  ],
  [
    1683068400000,
    297.224
  ],
  [
    1683154800000,
    270.235
  ],
  [
    1683241200000,
    257.95
  ],
  [
    1683327600000,
    269.985
  ],
  [
    1683414000000,
    281.065
  ],
  [
    1683673200000,
    251.135
  ],
  [
    1683759600000,
    309.82
  ],
  [
    1683846000000,
    281.815
  ],
  [
    1683932400000,
    251.24
  ],
  [
    1684018800000,
    268.5
  ],
  [
    1684278000000,
    227.01
  ],
  [
    1684364400000,
    226.96
  ],
  [
    1684450800000,
    269.36
  ],
  [
    1684537200000,
    252.152
  ],
  [
    1684623600000,
    269.73
  ],
  [
    1684710000000,
    269.73
  ],
  [
    1684796400000,
    312.57
  ],
  [
    1684882800000,
    237.28
  ],
  [
    1684969200000,
    241
  ],
  [
    1685228400000,
    287.18
  ],
  [
    1685314800000,
    347.99
  ],
  [
    1685401200000,
    246.99
  ],
  [
    1685487600000,
    247.57
  ],
  [
    1685574000000,
    310.5
  ],
  [
    1685660400000,
    264.01
  ],
  [
    1685746800000,
    270.02
  ],
  [
    1685919600000,
    268.13
  ],
  [
    1686092400000,
    276.254
  ],
  [
    1686351600000,
    321.32
  ],
  [
    1686524400000,
    265.95
  ],
  [
    1686697200000,
    354.65
  ],
  [
    1686956400000,
    248.75
  ],
  [
    1687215600000,
    328.078
  ],
  [
    1687388400000,
    288.69
  ],
  [
    1687474800000,
    287.164
  ],
  [
    1687647600000,
    340.573
  ],
  [
    1687734000000,
    274.86
  ],
  [
    1687820400000,
    274.065
  ],
  [
    1688079600000,
    281.36
  ],
  [
    1688252400000,
    274.59
  ],
  [
    1688425200000,
    290
  ],
  [
    1688598000000,
    272.21
  ],
  [
    1688857200000,
    272.43
  ],
  [
    1689030000000,
    275.7
  ],
  [
    1689116400000,
    271.375
  ],
  [
    1689462000000,
    321.571
  ],
  [
    1689548400000,
    274.54
  ],
  [
    1689807600000,
    301.482
  ],
  [
    1689894000000,
    327.4
  ],
  [
    1689980400000,
    334.311
  ],
  [
    1690412400000,
    292.99
  ],
  [
    1690585200000,
    293.62
  ],
  [
    1690758000000,
    350
  ],
  [
    1690844400000,
    305.96
  ],
  [
    1691017200000,
    300.08
  ],
  [
    1691103600000,
    300.3
  ],
  [
    1691190000000,
    300.465
  ],
  [
    1691449200000,
    341.909
  ],
  [
    1692313200000,
    299.96
  ],
  [
    1692399600000,
    325.74
  ],
  [
    1692658800000,
    351.91
  ],
  [
    1693177200000,
    295
  ],
  [
    1693350000000,
    299.955
  ],
  [
    1693695600000,
    410.05
  ],
  [
    1693782000000,
    396.849
  ],
  [
    1693868400000,
    300
  ],
  [
    1693954800000,
    299.66
  ],
  [
    1694214000000,
    313.387
  ],
  [
    1694473200000,
    298.13
  ],
  [
    1694646000000,
    302
  ],
  [
    1694732400000,
    303.27
  ],
  [
    1694991600000,
    315.18
  ],
  [
    1695337200000,
    315.75
  ],
  [
    1695423600000,
    372.399
  ],
  [
    1695682800000,
    370.59
  ],
  [
    1695942000000,
    369.035
  ],
  [
    1696201200000,
    371
  ],
  [
    1696287600000,
    320
  ],
  [
    1696719600000,
    332.14
  ],
  [
    1696892400000,
    340.007
  ],
  [
    1697151600000,
    333
  ],
  [
    1697410800000,
    330
  ],
  [
    1697583600000,
    350.545
  ],
  [
    1697929200000,
    325.905
  ],
  [
    1698102000000,
    344.002
  ],
  [
    1698274800000,
    367.665
  ],
  [
    1698361200000,
    314.04
  ],
  [
    1698447600000,
    265.85
  ],
  [
    1698624000000,
    435.66
  ],
  [
    1698796800000,
    304.09
  ],
  [
    1698883200000,
    307.29
  ],
  [
    1698969600000,
    310.31
  ],
  [
    1699142400000,
    328.5
  ],
  [
    1699228800000,
    333.05
  ],
  [
    1699315200000,
    325.07
  ],
  [
    1699401600000,
    569.692
  ],
  [
    1699488000000,
    322.19
  ],
  [
    1700006400000,
    275.79
  ],
  [
    1700265600000,
    279.97
  ],
  [
    1701129600000,
    300.263
  ],
  [
    1701648000000,
    291.84
  ],
  [
    1701993600000,
    304.5
  ],
  [
    1702080000000,
    294.43
  ],
  [
    1702166400000,
    299.97
  ],
  [
    1702252800000,
    294.09
  ],
  [
    1702425600000,
    322.992
  ],
  [
    1702598400000,
    311.912
  ],
  [
    1703376000000,
    303.25
  ],
  [
    1703462400000,
    302.88
  ],
  [
    1703548800000,
    331.52
  ],
  [
    1703808000000,
    345.829
  ],
  [
    1704240000000,
    297.122
  ],
  [
    1704326400000,
    304.335
  ],
  [
    1704499200000,
    301.199
  ],
  [
    1704672000000,
    332.15
  ],
  [
    1704844800000,
    337.943
  ],
  [
    1705622400000,
    313.31
  ],
  [
    1705708800000,
    315
  ],
  [
    1705968000000,
    304.49
  ],
  [
    1706572800000,
    296.76
  ],
  [
    1706832000000,
    330.006
  ],
  [
    1707091200000,
    344.994
  ],
  [
    1707264000000,
    298.46
  ],
  [
    1708819200000,
    324.31
  ],
  [
    1708992000000,
    312
  ],
  [
    1709078400000,
    283.93
  ],
  [
    1709251200000,
    284.64
  ],
  [
    1709337600000,
    286.12
  ],
  [
    1709683200000,
    299.005
  ],
  [
    1709856000000,
    289.13
  ],
  [
    1710028800000,
    327.595
  ],
  [
    1710201600000,
    388.24
  ],
  [
    1711238400000,
    374.97
  ],
  [
    1712012400000,
    301.1
  ],
  [
    1712876400000,
    326.2
  ],
  [
    1712962800000,
    327.26
  ],
  [
    1713394800000,
    343.64
  ],
  [
    1713567600000,
    367.77
  ],
  [
    1713740400000,
    344.34
  ],
  [
    1713826800000,
    344.46
  ],
  [
    1713913200000,
    372.96
  ],
  [
    1714690800000,
    344.85
  ],
  [
    1714863600000,
    339.73
  ],
  [
    1715554800000,
    354.68
  ],
  [
    1715727600000,
    379.993
  ],
  [
    1715814000000,
    383.861
  ],
  [
    1716670800000,
    427.958
  ],
  [
    1716800400000,
    363.26
  ],
  [
    1717192800000,
    419.523
  ],
  [
    1717347600000,
    467.63
  ],
  [
    1717524000000,
    432.06
  ],
  [
    1717779600000,
    439.5
  ],
  [
    1718049600000,
    430.99
  ]
]