[
  [
    1574121600000,
    2.683
  ],
  [
    1574294400000,
    4.97
  ],
  [
    1574380800000,
    4.094
  ],
  [
    1574467200000,
    6.103
  ],
  [
    1574553600000,
    5.666
  ],
  [
    1574899200000,
    7.068
  ],
  [
    1575072000000,
    6.992
  ],
  [
    1575244800000,
    7.723
  ],
  [
    1575417600000,
    5.371
  ],
  [
    1575504000000,
    5.991
  ],
  [
    1575590400000,
    8.592
  ],
  [
    1575763200000,
    7.338
  ],
  [
    1575849600000,
    9.645
  ],
  [
    1575936000000,
    8.765
  ],
  [
    1576108800000,
    15.71
  ],
  [
    1576195200000,
    8.83
  ],
  [
    1576281600000,
    8.042
  ],
  [
    1576368000000,
    5.707
  ],
  [
    1576540800000,
    7.139
  ],
  [
    1576627200000,
    5.587
  ],
  [
    1576713600000,
    7.225
  ],
  [
    1576800000000,
    6.445
  ],
  [
    1576886400000,
    6.748
  ],
  [
    1577145600000,
    8.948
  ],
  [
    1577318400000,
    9.787
  ],
  [
    1577491200000,
    8.654
  ],
  [
    1577836800000,
    9.17
  ],
  [
    1577923200000,
    7.84
  ],
  [
    1578009600000,
    8.889
  ],
  [
    1578096000000,
    8.605
  ],
  [
    1578268800000,
    7.41
  ],
  [
    1578355200000,
    7.921
  ],
  [
    1578441600000,
    7.188
  ],
  [
    1578528000000,
    7.871
  ],
  [
    1578614400000,
    7.781
  ],
  [
    1578700800000,
    7.765
  ],
  [
    1578787200000,
    8.911
  ],
  [
    1578873600000,
    9.413
  ],
  [
    1579132800000,
    9.506
  ],
  [
    1579219200000,
    9.595
  ],
  [
    1579305600000,
    13.043
  ],
  [
    1579392000000,
    8.05
  ],
  [
    1579651200000,
    8.71
  ],
  [
    1579737600000,
    9.451
  ],
  [
    1579824000000,
    8.179
  ],
  [
    1580083200000,
    8.9
  ],
  [
    1580256000000,
    8.897
  ],
  [
    1580428800000,
    9.11
  ],
  [
    1580515200000,
    11.086
  ],
  [
    1580601600000,
    11.419
  ],
  [
    1580688000000,
    11.045
  ],
  [
    1580774400000,
    16.407
  ],
  [
    1580860800000,
    22.875
  ],
  [
    1580947200000,
    17.445
  ],
  [
    1581033600000,
    14.46
  ],
  [
    1581206400000,
    13.155
  ],
  [
    1581552000000,
    12.95
  ],
  [
    1581811200000,
    10.578
  ],
  [
    1581984000000,
    10.967
  ],
  [
    1582070400000,
    11.767
  ],
  [
    1582156800000,
    13.064
  ],
  [
    1582243200000,
    11.053
  ],
  [
    1582329600000,
    11.951
  ],
  [
    1582416000000,
    14.971
  ],
  [
    1582502400000,
    16.98
  ],
  [
    1582588800000,
    18.663
  ],
  [
    1582675200000,
    13.502
  ],
  [
    1582761600000,
    17.186
  ],
  [
    1582848000000,
    17.05
  ],
  [
    1582934400000,
    19.97
  ],
  [
    1583020800000,
    16.305
  ],
  [
    1583107200000,
    17.328
  ],
  [
    1583193600000,
    19.743
  ],
  [
    1583280000000,
    16.49
  ],
  [
    1583366400000,
    16.03
  ],
  [
    1583539200000,
    14.127
  ],
  [
    1583625600000,
    14.68
  ],
  [
    1583712000000,
    17.124
  ],
  [
    1583798400000,
    14.57
  ],
  [
    1583884800000,
    14.31
  ],
  [
    1583971200000,
    16.15
  ],
  [
    1584144000000,
    15.474
  ],
  [
    1584230400000,
    16.09
  ],
  [
    1584316800000,
    17.535
  ],
  [
    1584489600000,
    14.525
  ],
  [
    1584576000000,
    16.835
  ],
  [
    1584662400000,
    17.813
  ],
  [
    1584748800000,
    16.815
  ],
  [
    1584835200000,
    18.587
  ],
  [
    1585008000000,
    15.844
  ],
  [
    1585094400000,
    15.464
  ],
  [
    1585267200000,
    16.729
  ],
  [
    1585440000000,
    17.695
  ],
  [
    1585522800000,
    16.245
  ],
  [
    1585609200000,
    17.083
  ],
  [
    1585695600000,
    19.294
  ],
  [
    1585954800000,
    16.913
  ],
  [
    1586041200000,
    17.713
  ],
  [
    1586559600000,
    19.293
  ],
  [
    1586646000000,
    19.209
  ],
  [
    1586818800000,
    14.287
  ],
  [
    1586991600000,
    13.06
  ],
  [
    1587078000000,
    16.634
  ],
  [
    1587337200000,
    17.54
  ],
  [
    1587682800000,
    18.535
  ],
  [
    1588201200000,
    14.07
  ],
  [
    1588287600000,
    18.182
  ],
  [
    1588546800000,
    13.918
  ],
  [
    1588806000000,
    21.704
  ],
  [
    1589151600000,
    22.011
  ],
  [
    1589238000000,
    22.007
  ],
  [
    1589324400000,
    22.89
  ],
  [
    1589410800000,
    23.144
  ],
  [
    1589583600000,
    23.46
  ],
  [
    1589670000000,
    25.827
  ],
  [
    1590102000000,
    18.6
  ],
  [
    1590188400000,
    22.848
  ],
  [
    1590447600000,
    18.53
  ],
  [
    1591570800000,
    17.663
  ],
  [
    1592175600000,
    22.931
  ],
  [
    1592434800000,
    22.786
  ],
  [
    1592607600000,
    25.99
  ],
  [
    1593558000000,
    27.388
  ],
  [
    1594249200000,
    19.98
  ],
  [
    1594594800000,
    27.494
  ],
  [
    1595113200000,
    26.39
  ],
  [
    1595199600000,
    26.437
  ],
  [
    1595286000000,
    30.286
  ],
  [
    1596582000000,
    33.81
  ],
  [
    1597100400000,
    27.143
  ],
  [
    1597273200000,
    24.413
  ],
  [
    1598482800000,
    19.328
  ],
  [
    1599951600000,
    23.892
  ],
  [
    1602630000000,
    32.35
  ],
  [
    1603843200000,
    36.53
  ],
  [
    1604188800000,
    36.886
  ],
  [
    1604534400000,
    39.64
  ],
  [
    1604707200000,
    29.68
  ],
  [
    1604793600000,
    25.76
  ],
  [
    1606003200000,
    26.409
  ],
  [
    1606435200000,
    30.343
  ],
  [
    1606521600000,
    30.932
  ],
  [
    1607040000000,
    32.081
  ],
  [
    1607212800000,
    30.001
  ],
  [
    1607299200000,
    26.8
  ],
  [
    1607385600000,
    23.833
  ],
  [
    1607904000000,
    33.41
  ],
  [
    1610323200000,
    29.471
  ],
  [
    1613001600000,
    30.1
  ],
  [
    1615334400000,
    31.078
  ],
  [
    1616025600000,
    47.91
  ],
  [
    1616371200000,
    51.384
  ],
  [
    1616803200000,
    50.494
  ],
  [
    1617577200000,
    67.689
  ],
  [
    1620342000000,
    82.68
  ],
  [
    1621206000000,
    47.23
  ],
  [
    1621810800000,
    121.91
  ],
  [
    1621897200000,
    132.299
  ],
  [
    1623106800000,
    164.18
  ],
  [
    1623279600000,
    180.83
  ],
  [
    1626217200000,
    88.06
  ],
  [
    1628031600000,
    130.128
  ],
  [
    1646956800000,
    114.02
  ],
  [
    1647648000000,
    126.275
  ],
  [
    1667952000000,
    91.069
  ],
  [
    1668470400000,
    128.8
  ],
  [
    1669075200000,
    92.62
  ],
  [
    1671062400000,
    127.084
  ],
  [
    1673222400000,
    152.658
  ],
  [
    1673913600000,
    165.52
  ],
  [
    1679529600000,
    131.99
  ],
  [
    1679788800000,
    215.07
  ],
  [
    1679958000000,
    183.022
  ],
  [
    1680994800000,
    153.03
  ],
  [
    1688943600000,
    176.104
  ],
  [
    1689030000000,
    219.035
  ],
  [
    1695078000000,
    231.882
  ],
  [
    1699574400000,
    251.977
  ],
  [
    1713913200000,
    222.61
  ],
  [
    1717038000000,
    369.54
  ]
]