[
  [
    1574121600000,
    8.976
  ],
  [
    1574208000000,
    9.054
  ],
  [
    1574294400000,
    10.923
  ],
  [
    1574380800000,
    11.465
  ],
  [
    1574467200000,
    11.903
  ],
  [
    1574553600000,
    10.562
  ],
  [
    1574640000000,
    9.995
  ],
  [
    1574726400000,
    9.204
  ],
  [
    1574812800000,
    9.727
  ],
  [
    1574899200000,
    10.138
  ],
  [
    1574985600000,
    13.356
  ],
  [
    1575072000000,
    13.395
  ],
  [
    1575158400000,
    14.284
  ],
  [
    1575244800000,
    16.282
  ],
  [
    1575331200000,
    14.656
  ],
  [
    1575417600000,
    13.804
  ],
  [
    1575504000000,
    14.341
  ],
  [
    1575590400000,
    14.493
  ],
  [
    1575676800000,
    15.995
  ],
  [
    1575763200000,
    16.577
  ],
  [
    1575849600000,
    18.47
  ],
  [
    1575936000000,
    18.778
  ],
  [
    1576022400000,
    18.682
  ],
  [
    1576108800000,
    17.35
  ],
  [
    1576195200000,
    16.424
  ],
  [
    1576281600000,
    15.807
  ],
  [
    1576368000000,
    15.316
  ],
  [
    1576454400000,
    15.562
  ],
  [
    1576540800000,
    15.686
  ],
  [
    1576627200000,
    15.57
  ],
  [
    1576713600000,
    15.53
  ],
  [
    1576800000000,
    16.049
  ],
  [
    1576886400000,
    15.844
  ],
  [
    1576972800000,
    16.67
  ],
  [
    1577059200000,
    16.752
  ],
  [
    1577145600000,
    17.923
  ],
  [
    1577232000000,
    17.145
  ],
  [
    1577318400000,
    16.712
  ],
  [
    1577404800000,
    17.549
  ],
  [
    1577491200000,
    15.388
  ],
  [
    1577577600000,
    17.41
  ],
  [
    1577664000000,
    17.075
  ],
  [
    1577750400000,
    17.003
  ],
  [
    1577836800000,
    16.613
  ],
  [
    1577923200000,
    16.681
  ],
  [
    1578009600000,
    16.559
  ],
  [
    1578096000000,
    17.481
  ],
  [
    1578182400000,
    17.751
  ],
  [
    1578268800000,
    17.484
  ],
  [
    1578355200000,
    17.671
  ],
  [
    1578441600000,
    18.034
  ],
  [
    1578528000000,
    18.015
  ],
  [
    1578614400000,
    17.71
  ],
  [
    1578700800000,
    17.91
  ],
  [
    1578787200000,
    17.493
  ],
  [
    1578873600000,
    17.339
  ],
  [
    1578960000000,
    17.171
  ],
  [
    1579046400000,
    17.859
  ],
  [
    1579132800000,
    17.429
  ],
  [
    1579219200000,
    17.672
  ],
  [
    1579305600000,
    17.248
  ],
  [
    1579392000000,
    17.644
  ],
  [
    1579478400000,
    17.393
  ],
  [
    1579564800000,
    18.031
  ],
  [
    1579651200000,
    17.72
  ],
  [
    1579737600000,
    19.33
  ],
  [
    1579824000000,
    18.835
  ],
  [
    1579910400000,
    17.328
  ],
  [
    1579996800000,
    18.157
  ],
  [
    1580083200000,
    18.152
  ],
  [
    1580169600000,
    17.107
  ],
  [
    1580256000000,
    17.24
  ],
  [
    1580342400000,
    18.357
  ],
  [
    1580428800000,
    20.027
  ],
  [
    1580515200000,
    19.238
  ],
  [
    1580601600000,
    19.964
  ],
  [
    1580688000000,
    21.028
  ],
  [
    1580774400000,
    33.209
  ],
  [
    1580860800000,
    31.633
  ],
  [
    1580947200000,
    33.531
  ],
  [
    1581033600000,
    28.014
  ],
  [
    1581120000000,
    25.216
  ],
  [
    1581206400000,
    24.06
  ],
  [
    1581292800000,
    24.015
  ],
  [
    1581379200000,
    23.504
  ],
  [
    1581465600000,
    22.849
  ],
  [
    1581552000000,
    24.522
  ],
  [
    1581638400000,
    25.495
  ],
  [
    1581724800000,
    26.43
  ],
  [
    1581811200000,
    26.487
  ],
  [
    1581897600000,
    26.373
  ],
  [
    1581984000000,
    26.622
  ],
  [
    1582070400000,
    25.072
  ],
  [
    1582156800000,
    24.762
  ],
  [
    1582243200000,
    23.029
  ],
  [
    1582329600000,
    26.547
  ],
  [
    1582416000000,
    29.27
  ],
  [
    1582502400000,
    36.913
  ],
  [
    1582588800000,
    35.724
  ],
  [
    1582675200000,
    31.969
  ],
  [
    1582761600000,
    32.819
  ],
  [
    1582848000000,
    36.207
  ],
  [
    1582934400000,
    37.28
  ],
  [
    1583020800000,
    35.84
  ],
  [
    1583107200000,
    34.793
  ],
  [
    1583193600000,
    34.922
  ],
  [
    1583280000000,
    33.924
  ],
  [
    1583366400000,
    32.12
  ],
  [
    1583452800000,
    30.746
  ],
  [
    1583539200000,
    30.423
  ],
  [
    1583625600000,
    30.804
  ],
  [
    1583712000000,
    30.047
  ],
  [
    1583798400000,
    29.346
  ],
  [
    1583884800000,
    30.822
  ],
  [
    1583971200000,
    31.754
  ],
  [
    1584057600000,
    30.923
  ],
  [
    1584144000000,
    30.466
  ],
  [
    1584230400000,
    29.445
  ],
  [
    1584316800000,
    30.296
  ],
  [
    1584403200000,
    30.624
  ],
  [
    1584489600000,
    30.609
  ],
  [
    1584576000000,
    31.008
  ],
  [
    1584662400000,
    30.162
  ],
  [
    1584748800000,
    31.793
  ],
  [
    1584835200000,
    31.56
  ],
  [
    1584921600000,
    31.087
  ],
  [
    1585008000000,
    30.193
  ],
  [
    1585094400000,
    30.377
  ],
  [
    1585180800000,
    29.423
  ],
  [
    1585267200000,
    30.224
  ],
  [
    1585353600000,
    28.65
  ],
  [
    1585440000000,
    30.743
  ],
  [
    1585522800000,
    30.708
  ],
  [
    1585609200000,
    28.18
  ],
  [
    1585695600000,
    29.096
  ],
  [
    1585782000000,
    28.645
  ],
  [
    1585868400000,
    28.64
  ],
  [
    1585954800000,
    28.684
  ],
  [
    1586041200000,
    28.312
  ],
  [
    1586127600000,
    26.904
  ],
  [
    1586214000000,
    27.338
  ],
  [
    1586300400000,
    26.394
  ],
  [
    1586386800000,
    27.662
  ],
  [
    1586473200000,
    27.023
  ],
  [
    1586559600000,
    26.865
  ],
  [
    1586646000000,
    24.948
  ],
  [
    1586732400000,
    24.048
  ],
  [
    1586818800000,
    24.195
  ],
  [
    1586905200000,
    24.903
  ],
  [
    1586991600000,
    24.998
  ],
  [
    1587078000000,
    25.241
  ],
  [
    1587164400000,
    24.655
  ],
  [
    1587250800000,
    24.39
  ],
  [
    1587337200000,
    24.964
  ],
  [
    1587423600000,
    24.442
  ],
  [
    1587510000000,
    23.983
  ],
  [
    1587596400000,
    24.965
  ],
  [
    1587682800000,
    24.413
  ],
  [
    1587769200000,
    24.016
  ],
  [
    1587855600000,
    24.674
  ],
  [
    1587942000000,
    25.198
  ],
  [
    1588028400000,
    24.844
  ],
  [
    1588114800000,
    28.42
  ],
  [
    1588201200000,
    26.168
  ],
  [
    1588287600000,
    25.744
  ],
  [
    1588374000000,
    28.113
  ],
  [
    1588460400000,
    29.372
  ],
  [
    1588546800000,
    28.015
  ],
  [
    1588633200000,
    29.585
  ],
  [
    1588719600000,
    29.1
  ],
  [
    1588806000000,
    28.641
  ],
  [
    1588892400000,
    27.049
  ],
  [
    1588978800000,
    29.808
  ],
  [
    1589065200000,
    30.502
  ],
  [
    1589151600000,
    27.49
  ],
  [
    1589238000000,
    28.098
  ],
  [
    1589324400000,
    29.04
  ],
  [
    1589410800000,
    32.313
  ],
  [
    1589497200000,
    28.693
  ],
  [
    1589583600000,
    28.336
  ],
  [
    1589670000000,
    30.142
  ],
  [
    1589756400000,
    31.437
  ],
  [
    1589842800000,
    30.848
  ],
  [
    1589929200000,
    32.312
  ],
  [
    1590015600000,
    32.7
  ],
  [
    1590102000000,
    30.79
  ],
  [
    1590188400000,
    32.797
  ],
  [
    1590274800000,
    33.721
  ],
  [
    1590361200000,
    30.727
  ],
  [
    1590447600000,
    29.56
  ],
  [
    1590534000000,
    29.173
  ],
  [
    1590620400000,
    28.632
  ],
  [
    1590706800000,
    30.775
  ],
  [
    1590793200000,
    30.843
  ],
  [
    1590879600000,
    29.872
  ],
  [
    1590966000000,
    30.593
  ],
  [
    1591052400000,
    34.397
  ],
  [
    1591138800000,
    31.661
  ],
  [
    1591225200000,
    34.762
  ],
  [
    1591311600000,
    33.094
  ],
  [
    1591398000000,
    32.507
  ],
  [
    1591484400000,
    32.306
  ],
  [
    1591570800000,
    32.229
  ],
  [
    1591657200000,
    32.364
  ],
  [
    1591830000000,
    31.93
  ],
  [
    1591916400000,
    31.838
  ],
  [
    1592002800000,
    30.037
  ],
  [
    1592089200000,
    33.387
  ],
  [
    1592175600000,
    30.476
  ],
  [
    1592262000000,
    32.272
  ],
  [
    1592348400000,
    31.688
  ],
  [
    1592434800000,
    30.07
  ],
  [
    1592521200000,
    31.105
  ],
  [
    1592607600000,
    31.568
  ],
  [
    1592694000000,
    29.45
  ],
  [
    1592780400000,
    30.567
  ],
  [
    1592866800000,
    30.666
  ],
  [
    1592953200000,
    30.636
  ],
  [
    1593039600000,
    30.615
  ],
  [
    1593126000000,
    29.192
  ],
  [
    1593212400000,
    30.738
  ],
  [
    1593298800000,
    31.108
  ],
  [
    1593385200000,
    30.022
  ],
  [
    1593471600000,
    34.251
  ],
  [
    1593558000000,
    34.311
  ],
  [
    1593644400000,
    34.744
  ],
  [
    1593730800000,
    37.056
  ],
  [
    1593817200000,
    32.372
  ],
  [
    1593903600000,
    29.69
  ],
  [
    1593990000000,
    34.984
  ],
  [
    1594076400000,
    33.873
  ],
  [
    1594162800000,
    33.49
  ],
  [
    1594249200000,
    34.315
  ],
  [
    1594335600000,
    34.981
  ],
  [
    1594422000000,
    35.401
  ],
  [
    1594508400000,
    37.541
  ],
  [
    1594594800000,
    35.52
  ],
  [
    1594681200000,
    37.747
  ],
  [
    1594767600000,
    35.661
  ],
  [
    1594854000000,
    36.048
  ],
  [
    1595026800000,
    35.397
  ],
  [
    1595113200000,
    35.318
  ],
  [
    1595286000000,
    35.448
  ],
  [
    1595372400000,
    37.248
  ],
  [
    1595458800000,
    35.403
  ],
  [
    1595545200000,
    36.576
  ],
  [
    1595631600000,
    35.128
  ],
  [
    1595718000000,
    39.99
  ],
  [
    1595804400000,
    39.325
  ],
  [
    1595977200000,
    44.453
  ],
  [
    1596063600000,
    38.516
  ],
  [
    1596150000000,
    38.601
  ],
  [
    1596322800000,
    40.816
  ],
  [
    1596409200000,
    35.44
  ],
  [
    1596495600000,
    37.919
  ],
  [
    1596582000000,
    40.901
  ],
  [
    1597014000000,
    39.215
  ],
  [
    1597100400000,
    39.794
  ],
  [
    1597273200000,
    36.776
  ],
  [
    1597359600000,
    36.17
  ],
  [
    1597446000000,
    38.879
  ],
  [
    1597532400000,
    38.845
  ],
  [
    1597705200000,
    16.79
  ],
  [
    1597791600000,
    35.356
  ],
  [
    1597964400000,
    34.73
  ],
  [
    1598050800000,
    34.468
  ],
  [
    1598137200000,
    35.579
  ],
  [
    1598223600000,
    34.683
  ],
  [
    1598310000000,
    34.741
  ],
  [
    1598396400000,
    32.999
  ],
  [
    1598482800000,
    37.78
  ],
  [
    1598742000000,
    37.57
  ],
  [
    1598828400000,
    35.51
  ],
  [
    1599001200000,
    33.77
  ],
  [
    1599087600000,
    35.518
  ],
  [
    1599174000000,
    36.728
  ],
  [
    1599260400000,
    35.955
  ],
  [
    1599346800000,
    33.87
  ],
  [
    1599433200000,
    35.369
  ],
  [
    1599519600000,
    29.9
  ],
  [
    1599692400000,
    37.416
  ],
  [
    1599778800000,
    34.455
  ],
  [
    1599865200000,
    32.16
  ],
  [
    1599951600000,
    34.374
  ],
  [
    1600038000000,
    34.173
  ],
  [
    1600124400000,
    35.094
  ],
  [
    1600210800000,
    36.13
  ],
  [
    1600297200000,
    35.42
  ],
  [
    1600383600000,
    35.478
  ],
  [
    1600470000000,
    39.865
  ],
  [
    1600556400000,
    35.34
  ],
  [
    1600642800000,
    36.27
  ],
  [
    1600815600000,
    38.555
  ],
  [
    1600902000000,
    36.532
  ],
  [
    1600988400000,
    36.168
  ],
  [
    1601074800000,
    36.015
  ],
  [
    1601161200000,
    37.609
  ],
  [
    1601247600000,
    38.995
  ],
  [
    1601334000000,
    36.14
  ],
  [
    1601420400000,
    36.17
  ],
  [
    1601506800000,
    36.095
  ],
  [
    1601679600000,
    38.888
  ],
  [
    1601852400000,
    44.743
  ],
  [
    1601938800000,
    36.87
  ],
  [
    1602025200000,
    43.695
  ],
  [
    1602111600000,
    35.15
  ],
  [
    1602198000000,
    38.488
  ],
  [
    1602284400000,
    36.927
  ],
  [
    1602370800000,
    36.865
  ],
  [
    1602543600000,
    36.52
  ],
  [
    1602716400000,
    39.56
  ],
  [
    1602802800000,
    41.32
  ],
  [
    1602889200000,
    36.423
  ],
  [
    1603062000000,
    42.942
  ],
  [
    1603148400000,
    36.45
  ],
  [
    1603234800000,
    36.91
  ],
  [
    1603494000000,
    36.655
  ],
  [
    1603580400000,
    37.999
  ],
  [
    1603756800000,
    38.972
  ],
  [
    1603843200000,
    41.87
  ],
  [
    1604016000000,
    37.268
  ],
  [
    1604102400000,
    36.353
  ],
  [
    1604188800000,
    37.185
  ],
  [
    1604275200000,
    40.295
  ],
  [
    1604361600000,
    37.244
  ],
  [
    1604448000000,
    42.162
  ],
  [
    1604620800000,
    42.4
  ],
  [
    1604793600000,
    38.92
  ],
  [
    1604880000000,
    36.575
  ],
  [
    1604966400000,
    36.5
  ],
  [
    1605052800000,
    35.497
  ],
  [
    1605139200000,
    34.922
  ],
  [
    1605225600000,
    37.458
  ],
  [
    1605312000000,
    38.988
  ],
  [
    1605398400000,
    41.321
  ],
  [
    1605571200000,
    35.18
  ],
  [
    1605657600000,
    37
  ],
  [
    1605744000000,
    41.628
  ],
  [
    1606003200000,
    36.699
  ],
  [
    1606089600000,
    40.648
  ],
  [
    1606176000000,
    37.17
  ],
  [
    1606262400000,
    39.99
  ],
  [
    1606348800000,
    40.785
  ],
  [
    1606435200000,
    33.46
  ],
  [
    1606521600000,
    41.107
  ],
  [
    1606608000000,
    36.114
  ],
  [
    1606694400000,
    35.602
  ],
  [
    1606780800000,
    39.671
  ],
  [
    1606867200000,
    34.35
  ],
  [
    1606953600000,
    36.499
  ],
  [
    1607040000000,
    34.214
  ],
  [
    1607126400000,
    29.246
  ],
  [
    1607212800000,
    31.867
  ],
  [
    1607299200000,
    31.44
  ],
  [
    1607385600000,
    31.635
  ],
  [
    1607472000000,
    34.542
  ],
  [
    1607558400000,
    31.924
  ],
  [
    1607644800000,
    32.72
  ],
  [
    1607817600000,
    31.92
  ],
  [
    1607990400000,
    33.83
  ],
  [
    1608076800000,
    31.9
  ],
  [
    1608163200000,
    32.61
  ],
  [
    1608249600000,
    32.69
  ],
  [
    1608422400000,
    36.605
  ],
  [
    1608508800000,
    42.467
  ],
  [
    1608595200000,
    43.891
  ],
  [
    1608681600000,
    38.415
  ],
  [
    1608768000000,
    43.87
  ],
  [
    1608854400000,
    43.596
  ],
  [
    1608940800000,
    42.014
  ],
  [
    1609027200000,
    38.953
  ],
  [
    1609286400000,
    59.647
  ],
  [
    1609372800000,
    41.713
  ],
  [
    1609545600000,
    55.858
  ],
  [
    1609718400000,
    45.847
  ],
  [
    1609804800000,
    55.136
  ],
  [
    1609977600000,
    55.8
  ],
  [
    1610064000000,
    49.572
  ],
  [
    1610150400000,
    51.517
  ],
  [
    1610236800000,
    55.424
  ],
  [
    1610496000000,
    58.196
  ],
  [
    1610582400000,
    58.34
  ],
  [
    1610668800000,
    51.15
  ],
  [
    1610755200000,
    55.854
  ],
  [
    1610841600000,
    52.153
  ],
  [
    1611100800000,
    53.98
  ],
  [
    1611187200000,
    55.82
  ],
  [
    1611273600000,
    62.37
  ],
  [
    1611446400000,
    58.561
  ],
  [
    1611619200000,
    61.48
  ],
  [
    1611705600000,
    54.415
  ],
  [
    1611792000000,
    62.064
  ],
  [
    1611964800000,
    63.21
  ],
  [
    1612051200000,
    54.44
  ],
  [
    1612224000000,
    60.575
  ],
  [
    1612310400000,
    53.713
  ],
  [
    1612396800000,
    61.74
  ],
  [
    1612828800000,
    54.1
  ],
  [
    1613001600000,
    54.191
  ],
  [
    1613088000000,
    46.957
  ],
  [
    1613174400000,
    47.381
  ],
  [
    1613260800000,
    57.995
  ],
  [
    1613433600000,
    55.585
  ],
  [
    1613520000000,
    52.812
  ],
  [
    1613606400000,
    53.799
  ],
  [
    1613692800000,
    48.503
  ],
  [
    1613779200000,
    48.955
  ],
  [
    1613865600000,
    44.423
  ],
  [
    1613952000000,
    55.43
  ],
  [
    1614124800000,
    51.806
  ],
  [
    1614384000000,
    56.252
  ],
  [
    1614470400000,
    52.897
  ],
  [
    1614643200000,
    49.857
  ],
  [
    1614729600000,
    59.461
  ],
  [
    1614816000000,
    62.35
  ],
  [
    1614988800000,
    53.68
  ],
  [
    1615075200000,
    63.36
  ],
  [
    1615248000000,
    54
  ],
  [
    1615334400000,
    59.165
  ],
  [
    1615766400000,
    59.493
  ],
  [
    1616198400000,
    63.34
  ],
  [
    1616284800000,
    67.368
  ],
  [
    1616457600000,
    64.331
  ],
  [
    1616544000000,
    66.08
  ],
  [
    1616716800000,
    99.567
  ],
  [
    1616972400000,
    82.46
  ],
  [
    1617058800000,
    70.31
  ],
  [
    1617231600000,
    81.647
  ],
  [
    1617318000000,
    91.695
  ],
  [
    1617490800000,
    72.39
  ],
  [
    1617577200000,
    78.035
  ],
  [
    1617922800000,
    80.439
  ],
  [
    1618182000000,
    83.14
  ],
  [
    1618441200000,
    87.085
  ],
  [
    1618527600000,
    83.88
  ],
  [
    1618700400000,
    80.506
  ],
  [
    1618873200000,
    78.45
  ],
  [
    1618959600000,
    93.46
  ],
  [
    1619046000000,
    79.18
  ],
  [
    1619132400000,
    79.86
  ],
  [
    1619305200000,
    77.86
  ],
  [
    1619564400000,
    92.59
  ],
  [
    1619650800000,
    99.62
  ],
  [
    1619823600000,
    110.533
  ],
  [
    1619996400000,
    110.534
  ],
  [
    1620082800000,
    115
  ],
  [
    1620601200000,
    79.847
  ],
  [
    1620687600000,
    91.33
  ],
  [
    1621033200000,
    97.06
  ],
  [
    1621119600000,
    116.001
  ],
  [
    1621292400000,
    123.424
  ],
  [
    1621551600000,
    130
  ],
  [
    1621638000000,
    212.47
  ],
  [
    1621724400000,
    150
  ],
  [
    1621810800000,
    150
  ],
  [
    1621983600000,
    172.96
  ],
  [
    1622070000000,
    179.09
  ],
  [
    1622242800000,
    196.7
  ],
  [
    1622329200000,
    172.16
  ],
  [
    1622415600000,
    177.27
  ],
  [
    1622502000000,
    193.617
  ],
  [
    1622588400000,
    201.69
  ],
  [
    1622674800000,
    175
  ],
  [
    1623020400000,
    256.7
  ],
  [
    1623106800000,
    255.61
  ],
  [
    1623279600000,
    264.308
  ],
  [
    1623366000000,
    247.897
  ],
  [
    1623884400000,
    242.212
  ],
  [
    1624316400000,
    216.01
  ],
  [
    1624489200000,
    163.547
  ],
  [
    1624575600000,
    178.57
  ],
  [
    1624748400000,
    249.991
  ],
  [
    1624834800000,
    183.993
  ],
  [
    1625007600000,
    177.648
  ],
  [
    1625180400000,
    189.84
  ],
  [
    1625353200000,
    182.01
  ],
  [
    1625526000000,
    171.07
  ],
  [
    1625612400000,
    149.947
  ],
  [
    1625785200000,
    681.401
  ],
  [
    1625958000000,
    149.965
  ],
  [
    1626217200000,
    154.786
  ],
  [
    1626303600000,
    172.17
  ],
  [
    1626649200000,
    130.15
  ],
  [
    1626822000000,
    134.98
  ],
  [
    1626908400000,
    148.757
  ],
  [
    1627599600000,
    138.63
  ],
  [
    1627686000000,
    143.69
  ],
  [
    1628377200000,
    142.05
  ],
  [
    1629068400000,
    137.415
  ],
  [
    1630278000000,
    133.72
  ],
  [
    1630450800000,
    125
  ],
  [
    1630623600000,
    147.44
  ],
  [
    1630882800000,
    150.414
  ],
  [
    1631055600000,
    126.966
  ],
  [
    1631228400000,
    121.752
  ],
  [
    1631314800000,
    121.44
  ],
  [
    1631487600000,
    123.76
  ],
  [
    1632265200000,
    118.482
  ],
  [
    1632524400000,
    77.65
  ],
  [
    1632610800000,
    69
  ],
  [
    1632697200000,
    123.359
  ],
  [
    1632956400000,
    115.879
  ],
  [
    1633042800000,
    123.455
  ],
  [
    1633388400000,
    123.795
  ],
  [
    1633820400000,
    104.133
  ],
  [
    1633906800000,
    120.976
  ],
  [
    1633993200000,
    104.85
  ],
  [
    1634079600000,
    115.564
  ],
  [
    1634252400000,
    106.72
  ],
  [
    1634943600000,
    130.78
  ],
  [
    1635548400000,
    110.8
  ],
  [
    1635634800000,
    110.65
  ],
  [
    1635811200000,
    115.039
  ],
  [
    1635984000000,
    115.82
  ],
  [
    1636070400000,
    104.26
  ],
  [
    1636329600000,
    113.73
  ],
  [
    1636502400000,
    102.018
  ],
  [
    1636588800000,
    116.23
  ],
  [
    1636934400000,
    112.98
  ],
  [
    1637193600000,
    103.144
  ],
  [
    1637280000000,
    104.306
  ],
  [
    1637798400000,
    102.2
  ],
  [
    1637971200000,
    102.584
  ],
  [
    1638057600000,
    102
  ],
  [
    1638748800000,
    117.504
  ],
  [
    1638835200000,
    129.769
  ],
  [
    1639094400000,
    118.84
  ],
  [
    1639180800000,
    165.14
  ],
  [
    1639526400000,
    115.775
  ],
  [
    1639785600000,
    110.03
  ],
  [
    1640304000000,
    107.007
  ],
  [
    1640390400000,
    143.14
  ],
  [
    1640649600000,
    119
  ],
  [
    1641168000000,
    123.78
  ],
  [
    1641686400000,
    138.99
  ],
  [
    1641772800000,
    128
  ],
  [
    1642032000000,
    145.22
  ],
  [
    1642204800000,
    146.05
  ],
  [
    1643068800000,
    128.73
  ],
  [
    1643932800000,
    116.56
  ],
  [
    1644019200000,
    105.31
  ],
  [
    1644192000000,
    105.616
  ],
  [
    1644278400000,
    115.066
  ],
  [
    1645056000000,
    119.54
  ],
  [
    1645142400000,
    119.49
  ],
  [
    1646265600000,
    117.59
  ],
  [
    1646611200000,
    119.46
  ],
  [
    1646870400000,
    115.29
  ],
  [
    1646956800000,
    121.04
  ],
  [
    1647216000000,
    119.99
  ],
  [
    1647734400000,
    120.52
  ],
  [
    1648339200000,
    146.925
  ],
  [
    1648508400000,
    122.13
  ],
  [
    1648594800000,
    116.97
  ],
  [
    1648681200000,
    115.85
  ],
  [
    1648854000000,
    114.27
  ],
  [
    1649804400000,
    139.24
  ],
  [
    1649890800000,
    139.24
  ],
  [
    1650322800000,
    160.025
  ],
  [
    1650495600000,
    160.82
  ],
  [
    1650582000000,
    163.215
  ],
  [
    1651359600000,
    169.44
  ],
  [
    1651532400000,
    165.08
  ],
  [
    1652137200000,
    133.35
  ],
  [
    1652569200000,
    136
  ],
  [
    1654470000000,
    139.12
  ],
  [
    1654815600000,
    136.13
  ],
  [
    1654902000000,
    133.32
  ],
  [
    1654988400000,
    145.578
  ],
  [
    1655161200000,
    138
  ],
  [
    1655593200000,
    136.95
  ],
  [
    1658012400000,
    134.52
  ],
  [
    1659135600000,
    135.25
  ],
  [
    1659394800000,
    135.4
  ],
  [
    1660345200000,
    134.11
  ],
  [
    1660950000000,
    141.215
  ],
  [
    1661036400000,
    147.3
  ],
  [
    1661727600000,
    156.76
  ],
  [
    1662159600000,
    156.98
  ],
  [
    1662418800000,
    150
  ],
  [
    1662591600000,
    125
  ],
  [
    1662678000000,
    157.155
  ],
  [
    1662937200000,
    138
  ],
  [
    1664060400000,
    149.097
  ],
  [
    1664233200000,
    149.796
  ],
  [
    1665270000000,
    146.25
  ],
  [
    1665615600000,
    153.615
  ],
  [
    1665788400000,
    130
  ],
  [
    1666393200000,
    156.63
  ],
  [
    1666479600000,
    133.71
  ],
  [
    1666566000000,
    127.04
  ],
  [
    1666738800000,
    130
  ],
  [
    1666825200000,
    139.08
  ],
  [
    1666911600000,
    159.73
  ],
  [
    1667174400000,
    154.62
  ],
  [
    1667347200000,
    155.954
  ],
  [
    1668038400000,
    170.71
  ],
  [
    1668297600000,
    143.19
  ],
  [
    1668902400000,
    143.69
  ],
  [
    1668988800000,
    179.037
  ],
  [
    1669334400000,
    190.781
  ],
  [
    1669420800000,
    196.991
  ],
  [
    1669680000000,
    172.23
  ],
  [
    1669766400000,
    178.122
  ],
  [
    1669852800000,
    207.486
  ],
  [
    1670198400000,
    157.95
  ],
  [
    1672617600000,
    155.9
  ],
  [
    1673395200000,
    129.11
  ],
  [
    1674604800000,
    162.21
  ],
  [
    1675728000000,
    161
  ],
  [
    1675814400000,
    183.73
  ],
  [
    1676505600000,
    153.79
  ],
  [
    1677110400000,
    150
  ],
  [
    1678579200000,
    220.175
  ],
  [
    1679011200000,
    170
  ],
  [
    1679443200000,
    180
  ],
  [
    1679702400000,
    177.34
  ],
  [
    1679958000000,
    167.9
  ],
  [
    1680044400000,
    197.75
  ],
  [
    1680130800000,
    198.03
  ],
  [
    1680217200000,
    224.67
  ],
  [
    1680303600000,
    223.281
  ],
  [
    1680735600000,
    234.08
  ],
  [
    1680822000000,
    198
  ],
  [
    1680994800000,
    203.04
  ],
  [
    1681081200000,
    213.353
  ],
  [
    1681513200000,
    230
  ],
  [
    1681686000000,
    220.19
  ],
  [
    1681858800000,
    254.1
  ],
  [
    1681945200000,
    271.98
  ],
  [
    1682377200000,
    261.48
  ],
  [
    1682463600000,
    262.68
  ],
  [
    1682636400000,
    286.04
  ],
  [
    1683241200000,
    249.003
  ],
  [
    1683327600000,
    242.897
  ],
  [
    1683414000000,
    236.14
  ],
  [
    1684018800000,
    234.23
  ],
  [
    1684623600000,
    233.91
  ],
  [
    1684882800000,
    233.44
  ],
  [
    1685228400000,
    213
  ],
  [
    1685314800000,
    254.67
  ],
  [
    1685746800000,
    259.99
  ],
  [
    1686006000000,
    220.93
  ],
  [
    1686092400000,
    261.419
  ],
  [
    1686265200000,
    241.88
  ],
  [
    1686610800000,
    258.048
  ],
  [
    1686783600000,
    293.726
  ],
  [
    1688684400000,
    261.01
  ],
  [
    1689548400000,
    262.03
  ],
  [
    1689980400000,
    289.07
  ],
  [
    1690412400000,
    246.6
  ],
  [
    1691190000000,
    249.98
  ],
  [
    1691967600000,
    325
  ],
  [
    1694818800000,
    265.44
  ],
  [
    1695337200000,
    293.25
  ],
  [
    1695423600000,
    279.19
  ],
  [
    1695510000000,
    293.02
  ],
  [
    1696028400000,
    314.29
  ],
  [
    1696374000000,
    278.6
  ],
  [
    1699488000000,
    291
  ],
  [
    1700006400000,
    288.51
  ],
  [
    1703376000000,
    343.853
  ],
  [
    1706745600000,
    254.32
  ],
  [
    1709164800000,
    290.84
  ],
  [
    1709596800000,
    285.005
  ],
  [
    1710028800000,
    346.012
  ],
  [
    1714431600000,
    325.56
  ],
  [
    1715727600000,
    393.611
  ],
  [
    1716800400000,
    341.59
  ],
  [
    1717524000000,
    436.66
  ],
  [
    1717603200000,
    437.18
  ],
  [
    1717927200000,
    361.21
  ]
]