[
  [
    1642723200000,
    10.675
  ],
  [
    1642809600000,
    6.173
  ],
  [
    1642896000000,
    4.914
  ],
  [
    1642982400000,
    4.328
  ],
  [
    1643068800000,
    3.996
  ],
  [
    1643155200000,
    3.329
  ],
  [
    1643241600000,
    3.007
  ],
  [
    1643328000000,
    2.833
  ],
  [
    1643414400000,
    2.639
  ],
  [
    1643500800000,
    2.32
  ],
  [
    1643587200000,
    2.149
  ],
  [
    1643673600000,
    2.253
  ],
  [
    1643760000000,
    2.249
  ],
  [
    1643846400000,
    2.177
  ],
  [
    1643932800000,
    2.091
  ],
  [
    1644019200000,
    2.028
  ],
  [
    1644105600000,
    1.827
  ],
  [
    1644192000000,
    1.677
  ],
  [
    1644278400000,
    1.595
  ],
  [
    1644364800000,
    1.458
  ],
  [
    1644451200000,
    1.478
  ],
  [
    1644537600000,
    1.53
  ],
  [
    1644624000000,
    1.537
  ],
  [
    1644710400000,
    1.478
  ],
  [
    1644796800000,
    1.371
  ],
  [
    1644883200000,
    1.348
  ],
  [
    1644969600000,
    1.382
  ],
  [
    1645056000000,
    1.376
  ],
  [
    1645142400000,
    1.37
  ],
  [
    1645228800000,
    1.347
  ],
  [
    1645315200000,
    1.248
  ],
  [
    1645401600000,
    1.2
  ],
  [
    1645488000000,
    1.207
  ],
  [
    1645574400000,
    1.187
  ],
  [
    1645660800000,
    1.225
  ],
  [
    1645747200000,
    1.265
  ],
  [
    1645833600000,
    1.254
  ],
  [
    1645920000000,
    1.242
  ],
  [
    1646006400000,
    1.227
  ],
  [
    1646092800000,
    1.204
  ],
  [
    1646179200000,
    1.23
  ],
  [
    1646265600000,
    1.227
  ],
  [
    1646352000000,
    1.234
  ],
  [
    1646438400000,
    1.256
  ],
  [
    1646524800000,
    1.187
  ],
  [
    1646611200000,
    1.065
  ],
  [
    1646697600000,
    1.056
  ],
  [
    1646784000000,
    1.098
  ],
  [
    1646870400000,
    1.082
  ],
  [
    1646956800000,
    1.124
  ],
  [
    1647043200000,
    1.146
  ],
  [
    1647129600000,
    1.151
  ],
  [
    1647216000000,
    1.172
  ],
  [
    1647302400000,
    1.164
  ],
  [
    1647388800000,
    1.176
  ],
  [
    1647475200000,
    1.148
  ],
  [
    1647561600000,
    1.137
  ],
  [
    1647648000000,
    1.148
  ],
  [
    1647734400000,
    1.127
  ],
  [
    1647820800000,
    1.114
  ],
  [
    1647907200000,
    1.117
  ],
  [
    1647993600000,
    1.11
  ],
  [
    1648080000000,
    1.128
  ],
  [
    1648166400000,
    1.189
  ],
  [
    1648252800000,
    1.203
  ],
  [
    1648339200000,
    1.21
  ],
  [
    1648422000000,
    1.215
  ],
  [
    1648508400000,
    1.197
  ],
  [
    1648594800000,
    1.213
  ],
  [
    1648681200000,
    1.225
  ],
  [
    1648767600000,
    1.267
  ],
  [
    1648854000000,
    1.292
  ],
  [
    1648940400000,
    1.311
  ],
  [
    1649026800000,
    1.325
  ],
  [
    1649113200000,
    1.331
  ],
  [
    1649199600000,
    1.341
  ],
  [
    1649286000000,
    1.368
  ],
  [
    1649372400000,
    1.4
  ],
  [
    1649458800000,
    1.422
  ],
  [
    1649545200000,
    1.42
  ],
  [
    1649631600000,
    1.414
  ],
  [
    1649718000000,
    1.367
  ],
  [
    1649804400000,
    1.309
  ],
  [
    1649890800000,
    1.3
  ],
  [
    1649977200000,
    1.315
  ],
  [
    1650063600000,
    1.331
  ],
  [
    1650150000000,
    1.329
  ],
  [
    1650236400000,
    1.319
  ],
  [
    1650322800000,
    1.307
  ],
  [
    1650409200000,
    1.297
  ],
  [
    1650495600000,
    1.298
  ],
  [
    1650582000000,
    1.323
  ],
  [
    1650668400000,
    1.346
  ],
  [
    1650754800000,
    1.322
  ],
  [
    1650841200000,
    1.312
  ],
  [
    1650927600000,
    1.329
  ],
  [
    1651014000000,
    1.332
  ],
  [
    1651100400000,
    1.326
  ],
  [
    1651186800000,
    1.355
  ],
  [
    1651273200000,
    1.351
  ],
  [
    1651359600000,
    1.334
  ],
  [
    1651446000000,
    1.313
  ],
  [
    1651532400000,
    1.302
  ],
  [
    1651618800000,
    1.254
  ],
  [
    1651705200000,
    1.233
  ],
  [
    1651791600000,
    1.211
  ],
  [
    1651878000000,
    1.206
  ],
  [
    1651964400000,
    1.184
  ],
  [
    1652050800000,
    1.173
  ],
  [
    1652137200000,
    1.166
  ],
  [
    1652223600000,
    1.159
  ],
  [
    1652310000000,
    1.182
  ],
  [
    1652396400000,
    1.196
  ],
  [
    1652482800000,
    1.181
  ],
  [
    1652569200000,
    1.169
  ],
  [
    1652655600000,
    1.175
  ],
  [
    1652742000000,
    1.164
  ],
  [
    1652828400000,
    1.174
  ],
  [
    1652914800000,
    1.163
  ],
  [
    1653001200000,
    1.153
  ],
  [
    1653087600000,
    1.153
  ],
  [
    1653174000000,
    1.142
  ],
  [
    1653260400000,
    1.123
  ],
  [
    1653346800000,
    1.103
  ],
  [
    1653433200000,
    1.079
  ],
  [
    1653519600000,
    1.083
  ],
  [
    1653606000000,
    1.088
  ],
  [
    1653692400000,
    1.105
  ],
  [
    1653778800000,
    1.088
  ],
  [
    1653865200000,
    1.089
  ],
  [
    1653951600000,
    1.084
  ],
  [
    1654038000000,
    1.092
  ],
  [
    1654124400000,
    1.113
  ],
  [
    1654210800000,
    1.079
  ],
  [
    1654297200000,
    1.074
  ],
  [
    1654383600000,
    1.053
  ],
  [
    1654470000000,
    1.033
  ],
  [
    1654556400000,
    0.995
  ],
  [
    1654642800000,
    0.965
  ],
  [
    1654729200000,
    0.946
  ],
  [
    1654815600000,
    0.969
  ],
  [
    1654902000000,
    0.975
  ],
  [
    1654988400000,
    0.966
  ],
  [
    1655074800000,
    0.908
  ],
  [
    1655161200000,
    0.843
  ],
  [
    1655247600000,
    0.827
  ],
  [
    1655334000000,
    0.82
  ],
  [
    1655420400000,
    0.821
  ],
  [
    1655506800000,
    0.832
  ],
  [
    1655593200000,
    0.832
  ],
  [
    1655679600000,
    0.815
  ],
  [
    1655766000000,
    0.783
  ],
  [
    1655852400000,
    0.758
  ],
  [
    1655938800000,
    0.764
  ],
  [
    1656025200000,
    0.762
  ],
  [
    1656111600000,
    0.781
  ],
  [
    1656198000000,
    0.777
  ],
  [
    1656284400000,
    0.766
  ],
  [
    1656370800000,
    0.758
  ],
  [
    1656457200000,
    0.792
  ],
  [
    1656543600000,
    0.832
  ],
  [
    1656630000000,
    0.884
  ],
  [
    1656716400000,
    0.881
  ],
  [
    1656802800000,
    0.836
  ],
  [
    1656889200000,
    0.801
  ],
  [
    1656975600000,
    0.796
  ],
  [
    1657062000000,
    0.792
  ],
  [
    1657148400000,
    0.807
  ],
  [
    1657234800000,
    0.84
  ],
  [
    1657321200000,
    0.852
  ],
  [
    1657407600000,
    0.872
  ],
  [
    1657494000000,
    0.835
  ],
  [
    1657580400000,
    0.845
  ],
  [
    1657666800000,
    0.838
  ],
  [
    1657753200000,
    0.826
  ],
  [
    1657839600000,
    0.846
  ],
  [
    1657926000000,
    0.855
  ],
  [
    1658012400000,
    0.84
  ],
  [
    1658098800000,
    0.837
  ],
  [
    1658185200000,
    0.842
  ],
  [
    1658271600000,
    0.838
  ],
  [
    1658358000000,
    0.836
  ],
  [
    1658444400000,
    0.843
  ],
  [
    1658530800000,
    0.855
  ],
  [
    1658617200000,
    0.858
  ],
  [
    1658703600000,
    0.856
  ],
  [
    1658790000000,
    0.854
  ],
  [
    1658876400000,
    0.851
  ],
  [
    1658962800000,
    0.866
  ],
  [
    1659049200000,
    0.871
  ],
  [
    1659135600000,
    0.887
  ],
  [
    1659222000000,
    0.869
  ],
  [
    1659308400000,
    0.869
  ],
  [
    1659394800000,
    0.849
  ],
  [
    1659481200000,
    0.854
  ],
  [
    1659567600000,
    0.86
  ],
  [
    1659654000000,
    0.866
  ],
  [
    1659740400000,
    0.868
  ],
  [
    1659826800000,
    0.869
  ],
  [
    1659913200000,
    0.857
  ],
  [
    1659999600000,
    0.861
  ],
  [
    1660086000000,
    0.841
  ],
  [
    1660172400000,
    0.834
  ],
  [
    1660258800000,
    0.847
  ],
  [
    1660345200000,
    0.857
  ],
  [
    1660431600000,
    0.835
  ],
  [
    1660518000000,
    0.815
  ],
  [
    1660604400000,
    0.816
  ],
  [
    1660690800000,
    0.793
  ],
  [
    1660777200000,
    0.794
  ],
  [
    1660863600000,
    0.793
  ],
  [
    1660950000000,
    0.783
  ],
  [
    1661036400000,
    0.771
  ],
  [
    1661122800000,
    0.768
  ],
  [
    1661209200000,
    0.771
  ],
  [
    1661295600000,
    0.754
  ],
  [
    1661382000000,
    0.753
  ],
  [
    1661468400000,
    0.755
  ],
  [
    1661554800000,
    0.765
  ],
  [
    1661641200000,
    0.768
  ],
  [
    1661727600000,
    0.765
  ],
  [
    1661814000000,
    0.768
  ],
  [
    1661900400000,
    0.779
  ],
  [
    1661986800000,
    0.781
  ],
  [
    1662073200000,
    0.791
  ],
  [
    1662159600000,
    0.799
  ],
  [
    1662246000000,
    0.79
  ],
  [
    1662332400000,
    0.806
  ],
  [
    1662418800000,
    0.801
  ],
  [
    1662505200000,
    0.786
  ],
  [
    1662591600000,
    0.801
  ],
  [
    1662678000000,
    0.809
  ],
  [
    1662764400000,
    0.821
  ],
  [
    1662850800000,
    0.826
  ],
  [
    1662937200000,
    0.832
  ],
  [
    1663023600000,
    0.816
  ],
  [
    1663110000000,
    0.806
  ],
  [
    1663196400000,
    0.799
  ],
  [
    1663282800000,
    0.79
  ],
  [
    1663369200000,
    0.771
  ],
  [
    1663455600000,
    0.754
  ],
  [
    1663542000000,
    0.743
  ],
  [
    1663628400000,
    0.744
  ],
  [
    1663714800000,
    0.727
  ],
  [
    1663801200000,
    0.731
  ],
  [
    1663887600000,
    0.725
  ],
  [
    1663974000000,
    0.719
  ],
  [
    1664060400000,
    0.713
  ],
  [
    1664146800000,
    0.714
  ],
  [
    1664233200000,
    0.724
  ],
  [
    1664319600000,
    0.722
  ],
  [
    1664406000000,
    0.72
  ],
  [
    1664492400000,
    0.719
  ],
  [
    1664578800000,
    0.729
  ],
  [
    1664665200000,
    0.724
  ],
  [
    1664751600000,
    0.727
  ],
  [
    1664838000000,
    0.725
  ],
  [
    1664924400000,
    0.717
  ],
  [
    1665010800000,
    0.721
  ],
  [
    1665097200000,
    0.719
  ],
  [
    1665183600000,
    0.722
  ],
  [
    1665270000000,
    0.722
  ],
  [
    1665356400000,
    0.716
  ],
  [
    1665442800000,
    0.731
  ],
  [
    1665529200000,
    0.714
  ],
  [
    1665615600000,
    0.692
  ],
  [
    1665702000000,
    0.694
  ],
  [
    1665788400000,
    0.72
  ],
  [
    1665874800000,
    0.723
  ],
  [
    1665961200000,
    0.727
  ],
  [
    1666047600000,
    0.729
  ],
  [
    1666134000000,
    0.734
  ],
  [
    1666220400000,
    0.752
  ],
  [
    1666306800000,
    0.736
  ],
  [
    1666393200000,
    0.689
  ],
  [
    1666479600000,
    0.677
  ],
  [
    1666566000000,
    0.681
  ],
  [
    1666652400000,
    0.683
  ],
  [
    1666738800000,
    0.687
  ],
  [
    1666825200000,
    0.676
  ],
  [
    1666911600000,
    0.685
  ],
  [
    1666998000000,
    0.687
  ],
  [
    1667084400000,
    0.679
  ],
  [
    1667174400000,
    0.665
  ],
  [
    1667260800000,
    0.682
  ],
  [
    1667347200000,
    0.685
  ],
  [
    1667433600000,
    0.686
  ],
  [
    1667520000000,
    0.689
  ],
  [
    1667606400000,
    0.699
  ],
  [
    1667692800000,
    0.689
  ],
  [
    1667779200000,
    0.688
  ],
  [
    1667865600000,
    0.691
  ],
  [
    1667952000000,
    0.681
  ],
  [
    1668038400000,
    0.689
  ],
  [
    1668124800000,
    0.698
  ],
  [
    1668211200000,
    0.679
  ],
  [
    1668297600000,
    0.662
  ],
  [
    1668384000000,
    0.659
  ],
  [
    1668470400000,
    0.64
  ],
  [
    1668556800000,
    0.637
  ],
  [
    1668643200000,
    0.626
  ],
  [
    1668729600000,
    0.622
  ],
  [
    1668816000000,
    0.582
  ],
  [
    1668902400000,
    0.526
  ],
  [
    1668988800000,
    0.496
  ],
  [
    1669075200000,
    0.496
  ],
  [
    1669161600000,
    0.515
  ],
  [
    1669248000000,
    0.519
  ],
  [
    1669334400000,
    0.521
  ],
  [
    1669420800000,
    0.506
  ],
  [
    1669507200000,
    0.494
  ],
  [
    1669593600000,
    0.463
  ],
  [
    1669680000000,
    0.456
  ],
  [
    1669766400000,
    0.472
  ],
  [
    1669852800000,
    0.481
  ],
  [
    1669939200000,
    0.514
  ],
  [
    1670025600000,
    0.52
  ],
  [
    1670112000000,
    0.505
  ],
  [
    1670198400000,
    0.488
  ],
  [
    1670284800000,
    0.469
  ],
  [
    1670371200000,
    0.47
  ],
  [
    1670457600000,
    0.472
  ],
  [
    1670544000000,
    0.479
  ],
  [
    1670630400000,
    0.48
  ],
  [
    1670716800000,
    0.468
  ],
  [
    1670803200000,
    0.468
  ],
  [
    1670889600000,
    0.456
  ],
  [
    1670976000000,
    0.449
  ],
  [
    1671062400000,
    0.453
  ],
  [
    1671148800000,
    0.449
  ],
  [
    1671235200000,
    0.442
  ],
  [
    1671321600000,
    0.428
  ],
  [
    1671408000000,
    0.42
  ],
  [
    1671494400000,
    0.41
  ],
  [
    1671580800000,
    0.414
  ],
  [
    1671667200000,
    0.42
  ],
  [
    1671753600000,
    0.437
  ],
  [
    1671840000000,
    0.474
  ],
  [
    1671926400000,
    0.469
  ],
  [
    1672012800000,
    0.461
  ],
  [
    1672099200000,
    0.458
  ],
  [
    1672185600000,
    0.466
  ],
  [
    1672272000000,
    0.483
  ],
  [
    1672358400000,
    0.501
  ],
  [
    1672444800000,
    0.542
  ],
  [
    1672531200000,
    0.573
  ],
  [
    1672617600000,
    0.544
  ],
  [
    1672704000000,
    0.539
  ],
  [
    1672790400000,
    0.54
  ],
  [
    1672876800000,
    0.548
  ],
  [
    1672963200000,
    0.564
  ],
  [
    1673049600000,
    0.569
  ],
  [
    1673136000000,
    0.563
  ],
  [
    1673222400000,
    0.564
  ],
  [
    1673308800000,
    0.565
  ],
  [
    1673395200000,
    0.578
  ],
  [
    1673481600000,
    0.572
  ],
  [
    1673568000000,
    0.597
  ],
  [
    1673654400000,
    0.621
  ],
  [
    1673740800000,
    0.631
  ],
  [
    1673827200000,
    0.624
  ],
  [
    1673913600000,
    0.629
  ],
  [
    1674000000000,
    0.618
  ],
  [
    1674086400000,
    0.618
  ],
  [
    1674172800000,
    0.627
  ],
  [
    1674259200000,
    0.647
  ],
  [
    1674345600000,
    0.654
  ],
  [
    1674432000000,
    0.641
  ],
  [
    1674518400000,
    0.64
  ],
  [
    1674604800000,
    0.646
  ],
  [
    1674691200000,
    0.663
  ],
  [
    1674777600000,
    0.677
  ],
  [
    1674864000000,
    0.688
  ],
  [
    1674950400000,
    0.693
  ],
  [
    1675036800000,
    0.694
  ],
  [
    1675123200000,
    0.701
  ],
  [
    1675209600000,
    0.706
  ],
  [
    1675296000000,
    0.713
  ],
  [
    1675382400000,
    0.726
  ],
  [
    1675468800000,
    0.739
  ],
  [
    1675555200000,
    0.729
  ],
  [
    1675641600000,
    0.718
  ],
  [
    1675728000000,
    0.709
  ],
  [
    1675814400000,
    0.706
  ],
  [
    1675900800000,
    0.7
  ],
  [
    1675987200000,
    0.658
  ],
  [
    1676073600000,
    0.613
  ],
  [
    1676160000000,
    0.614
  ],
  [
    1676246400000,
    0.632
  ],
  [
    1676332800000,
    0.657
  ],
  [
    1676419200000,
    0.672
  ],
  [
    1676505600000,
    0.686
  ],
  [
    1676592000000,
    0.697
  ],
  [
    1676678400000,
    0.703
  ],
  [
    1676764800000,
    0.679
  ],
  [
    1676851200000,
    0.661
  ],
  [
    1676937600000,
    0.646
  ],
  [
    1677024000000,
    0.638
  ],
  [
    1677110400000,
    0.654
  ],
  [
    1677196800000,
    0.659
  ],
  [
    1677283200000,
    0.675
  ],
  [
    1677369600000,
    0.68
  ],
  [
    1677456000000,
    0.679
  ],
  [
    1677542400000,
    0.689
  ],
  [
    1677628800000,
    0.705
  ],
  [
    1677715200000,
    0.724
  ],
  [
    1677801600000,
    0.732
  ],
  [
    1677888000000,
    0.734
  ],
  [
    1677974400000,
    0.729
  ],
  [
    1678060800000,
    0.74
  ],
  [
    1678147200000,
    0.754
  ],
  [
    1678233600000,
    0.756
  ],
  [
    1678320000000,
    0.774
  ],
  [
    1678406400000,
    0.796
  ],
  [
    1678492800000,
    0.816
  ],
  [
    1678579200000,
    0.817
  ],
  [
    1678665600000,
    0.823
  ],
  [
    1678752000000,
    0.821
  ],
  [
    1678838400000,
    0.836
  ],
  [
    1678924800000,
    0.84
  ],
  [
    1679011200000,
    0.864
  ],
  [
    1679097600000,
    0.857
  ],
  [
    1679184000000,
    0.839
  ],
  [
    1679270400000,
    0.809
  ],
  [
    1679356800000,
    0.805
  ],
  [
    1679443200000,
    0.808
  ],
  [
    1679529600000,
    0.941
  ],
  [
    1679616000000,
    1.056
  ],
  [
    1679702400000,
    1.226
  ],
  [
    1679788800000,
    1.32
  ],
  [
    1679871600000,
    1.615
  ],
  [
    1679958000000,
    1.431
  ],
  [
    1680044400000,
    1.357
  ],
  [
    1680130800000,
    1.402
  ],
  [
    1680217200000,
    1.612
  ],
  [
    1680303600000,
    1.688
  ],
  [
    1680390000000,
    1.612
  ],
  [
    1680476400000,
    1.559
  ],
  [
    1680562800000,
    1.557
  ],
  [
    1680649200000,
    1.604
  ],
  [
    1680735600000,
    1.66
  ],
  [
    1680822000000,
    1.785
  ],
  [
    1680908400000,
    1.845
  ],
  [
    1680994800000,
    1.754
  ],
  [
    1681081200000,
    1.703
  ],
  [
    1681167600000,
    1.672
  ],
  [
    1681254000000,
    1.692
  ],
  [
    1681340400000,
    1.752
  ],
  [
    1681426800000,
    1.866
  ],
  [
    1681513200000,
    2.023
  ],
  [
    1681599600000,
    2.25
  ],
  [
    1681686000000,
    2.272
  ],
  [
    1681772400000,
    2.313
  ],
  [
    1681858800000,
    2.208
  ],
  [
    1681945200000,
    1.953
  ],
  [
    1682031600000,
    1.923
  ],
  [
    1682118000000,
    1.826
  ],
  [
    1682204400000,
    1.639
  ],
  [
    1682290800000,
    1.674
  ],
  [
    1682377200000,
    1.553
  ],
  [
    1682463600000,
    1.431
  ],
  [
    1682550000000,
    1.505
  ],
  [
    1682636400000,
    1.658
  ],
  [
    1682722800000,
    1.729
  ],
  [
    1682809200000,
    1.704
  ],
  [
    1682895600000,
    1.621
  ],
  [
    1682982000000,
    1.56
  ],
  [
    1683068400000,
    1.551
  ],
  [
    1683154800000,
    1.592
  ],
  [
    1683241200000,
    1.457
  ],
  [
    1683327600000,
    1.457
  ],
  [
    1683414000000,
    1.389
  ],
  [
    1683500400000,
    1.315
  ],
  [
    1683586800000,
    1.306
  ],
  [
    1683673200000,
    1.37
  ],
  [
    1683759600000,
    1.43
  ],
  [
    1683846000000,
    1.469
  ],
  [
    1683932400000,
    1.516
  ],
  [
    1684018800000,
    1.473
  ],
  [
    1684105200000,
    1.482
  ],
  [
    1684191600000,
    1.469
  ],
  [
    1684278000000,
    1.46
  ],
  [
    1684364400000,
    1.447
  ],
  [
    1684450800000,
    1.431
  ],
  [
    1684537200000,
    1.421
  ],
  [
    1684623600000,
    1.38
  ],
  [
    1684710000000,
    1.362
  ],
  [
    1684796400000,
    1.34
  ],
  [
    1684882800000,
    1.337
  ],
  [
    1684969200000,
    1.383
  ],
  [
    1685055600000,
    1.431
  ],
  [
    1685142000000,
    1.463
  ],
  [
    1685228400000,
    1.456
  ],
  [
    1685314800000,
    1.469
  ],
  [
    1685401200000,
    1.453
  ],
  [
    1685487600000,
    1.482
  ],
  [
    1685574000000,
    1.519
  ],
  [
    1685660400000,
    1.546
  ],
  [
    1685746800000,
    1.531
  ],
  [
    1685833200000,
    1.508
  ],
  [
    1685919600000,
    1.511
  ],
  [
    1686006000000,
    1.505
  ],
  [
    1686092400000,
    1.522
  ],
  [
    1686178800000,
    1.53
  ],
  [
    1686265200000,
    1.553
  ],
  [
    1686351600000,
    1.678
  ],
  [
    1686438000000,
    1.691
  ],
  [
    1686524400000,
    1.777
  ],
  [
    1686610800000,
    1.823
  ],
  [
    1686697200000,
    1.688
  ],
  [
    1686783600000,
    1.599
  ],
  [
    1686870000000,
    1.644
  ],
  [
    1686956400000,
    1.673
  ],
  [
    1687042800000,
    1.686
  ],
  [
    1687129200000,
    1.684
  ],
  [
    1687215600000,
    1.646
  ],
  [
    1687302000000,
    1.522
  ],
  [
    1687388400000,
    1.446
  ],
  [
    1687474800000,
    1.42
  ],
  [
    1687561200000,
    1.439
  ],
  [
    1687647600000,
    1.487
  ],
  [
    1687734000000,
    1.509
  ],
  [
    1687820400000,
    1.527
  ],
  [
    1687906800000,
    1.414
  ],
  [
    1687993200000,
    1.331
  ],
  [
    1688079600000,
    1.269
  ],
  [
    1688166000000,
    1.28
  ],
  [
    1688252400000,
    1.266
  ],
  [
    1688338800000,
    1.28
  ],
  [
    1688425200000,
    1.303
  ],
  [
    1688511600000,
    1.228
  ],
  [
    1688598000000,
    1.171
  ],
  [
    1688684400000,
    1.224
  ],
  [
    1688770800000,
    1.278
  ],
  [
    1688857200000,
    1.279
  ],
  [
    1688943600000,
    1.295
  ],
  [
    1689030000000,
    1.322
  ],
  [
    1689116400000,
    1.246
  ],
  [
    1689202800000,
    1.243
  ],
  [
    1689289200000,
    1.335
  ],
  [
    1689375600000,
    1.417
  ],
  [
    1689462000000,
    1.452
  ],
  [
    1689548400000,
    1.481
  ],
  [
    1689634800000,
    1.499
  ],
  [
    1689721200000,
    1.372
  ],
  [
    1689807600000,
    1.327
  ],
  [
    1689894000000,
    1.387
  ],
  [
    1689980400000,
    1.457
  ],
  [
    1690066800000,
    1.472
  ],
  [
    1690153200000,
    1.482
  ],
  [
    1690239600000,
    1.476
  ],
  [
    1690326000000,
    1.337
  ],
  [
    1690412400000,
    1.346
  ],
  [
    1690498800000,
    1.406
  ],
  [
    1690585200000,
    1.437
  ],
  [
    1690671600000,
    1.417
  ],
  [
    1690758000000,
    1.439
  ],
  [
    1690844400000,
    1.442
  ],
  [
    1690930800000,
    1.327
  ],
  [
    1691017200000,
    1.316
  ],
  [
    1691103600000,
    1.347
  ],
  [
    1691190000000,
    1.365
  ],
  [
    1691276400000,
    1.361
  ],
  [
    1691362800000,
    1.356
  ],
  [
    1691449200000,
    1.351
  ],
  [
    1691535600000,
    1.257
  ],
  [
    1691622000000,
    1.224
  ],
  [
    1691708400000,
    1.256
  ],
  [
    1691794800000,
    1.283
  ],
  [
    1691881200000,
    1.287
  ],
  [
    1691967600000,
    1.295
  ],
  [
    1692054000000,
    1.312
  ],
  [
    1692140400000,
    1.191
  ],
  [
    1692226800000,
    1.192
  ],
  [
    1692313200000,
    1.229
  ],
  [
    1692399600000,
    1.249
  ],
  [
    1692486000000,
    1.245
  ],
  [
    1692572400000,
    1.224
  ],
  [
    1692658800000,
    1.218
  ],
  [
    1692745200000,
    1.114
  ],
  [
    1692831600000,
    1.105
  ],
  [
    1692918000000,
    1.168
  ],
  [
    1693004400000,
    1.201
  ],
  [
    1693090800000,
    1.211
  ],
  [
    1693177200000,
    1.209
  ],
  [
    1693263600000,
    1.215
  ],
  [
    1693350000000,
    1.107
  ],
  [
    1693436400000,
    1.093
  ],
  [
    1693522800000,
    1.144
  ],
  [
    1693609200000,
    1.135
  ],
  [
    1693695600000,
    1.154
  ],
  [
    1693782000000,
    1.145
  ],
  [
    1693868400000,
    1.169
  ],
  [
    1693954800000,
    1.087
  ],
  [
    1694041200000,
    1.062
  ],
  [
    1694127600000,
    1.113
  ],
  [
    1694214000000,
    1.142
  ],
  [
    1694300400000,
    1.131
  ],
  [
    1694386800000,
    1.16
  ],
  [
    1694473200000,
    1.199
  ],
  [
    1694559600000,
    1.111
  ],
  [
    1694646000000,
    1.11
  ],
  [
    1694732400000,
    1.145
  ],
  [
    1694818800000,
    1.174
  ],
  [
    1694905200000,
    1.186
  ],
  [
    1694991600000,
    1.211
  ],
  [
    1695078000000,
    1.234
  ],
  [
    1695164400000,
    1.148
  ],
  [
    1695250800000,
    1.156
  ],
  [
    1695337200000,
    1.195
  ],
  [
    1695423600000,
    1.21
  ],
  [
    1695510000000,
    1.215
  ],
  [
    1695596400000,
    1.237
  ],
  [
    1695682800000,
    1.268
  ],
  [
    1695769200000,
    1.233
  ],
  [
    1695855600000,
    1.41
  ],
  [
    1695942000000,
    1.471
  ],
  [
    1696028400000,
    1.517
  ],
  [
    1696114800000,
    1.579
  ],
  [
    1696201200000,
    1.69
  ],
  [
    1696287600000,
    1.774
  ],
  [
    1696374000000,
    1.573
  ],
  [
    1696460400000,
    1.537
  ],
  [
    1696546800000,
    1.612
  ],
  [
    1696633200000,
    1.689
  ],
  [
    1696719600000,
    1.71
  ],
  [
    1696806000000,
    1.719
  ],
  [
    1696892400000,
    1.701
  ],
  [
    1696978800000,
    1.584
  ],
  [
    1697065200000,
    1.6
  ],
  [
    1697151600000,
    1.661
  ],
  [
    1697238000000,
    1.699
  ],
  [
    1697324400000,
    1.713
  ],
  [
    1697410800000,
    1.741
  ],
  [
    1697497200000,
    1.752
  ],
  [
    1697583600000,
    1.625
  ],
  [
    1697670000000,
    1.606
  ],
  [
    1697756400000,
    1.679
  ],
  [
    1697842800000,
    1.688
  ],
  [
    1697929200000,
    1.684
  ],
  [
    1698015600000,
    1.701
  ],
  [
    1698102000000,
    1.71
  ],
  [
    1698188400000,
    1.588
  ],
  [
    1698274800000,
    1.544
  ],
  [
    1698361200000,
    1.566
  ],
  [
    1698447600000,
    1.583
  ],
  [
    1698534000000,
    1.578
  ],
  [
    1698624000000,
    1.575
  ],
  [
    1698710400000,
    1.594
  ],
  [
    1698796800000,
    1.471
  ],
  [
    1698883200000,
    1.419
  ],
  [
    1698969600000,
    1.465
  ],
  [
    1699056000000,
    1.502
  ],
  [
    1699142400000,
    1.499
  ],
  [
    1699228800000,
    1.517
  ],
  [
    1699315200000,
    1.526
  ],
  [
    1699401600000,
    1.424
  ],
  [
    1699488000000,
    1.399
  ],
  [
    1699574400000,
    1.431
  ],
  [
    1699660800000,
    1.429
  ],
  [
    1699747200000,
    1.419
  ],
  [
    1699833600000,
    1.409
  ],
  [
    1699920000000,
    1.372
  ],
  [
    1700006400000,
    1.196
  ],
  [
    1700092800000,
    1.121
  ],
  [
    1700179200000,
    1.177
  ],
  [
    1700265600000,
    1.231
  ],
  [
    1700352000000,
    1.237
  ],
  [
    1700438400000,
    1.237
  ],
  [
    1700524800000,
    1.234
  ],
  [
    1700611200000,
    1.126
  ],
  [
    1700697600000,
    1.098
  ],
  [
    1700784000000,
    1.115
  ],
  [
    1700870400000,
    1.127
  ],
  [
    1700956800000,
    1.118
  ],
  [
    1701043200000,
    1.112
  ],
  [
    1701129600000,
    1.097
  ],
  [
    1701216000000,
    1.085
  ],
  [
    1701302400000,
    1.075
  ],
  [
    1701388800000,
    1.119
  ],
  [
    1701475200000,
    1.181
  ],
  [
    1701561600000,
    1.198
  ],
  [
    1701648000000,
    1.208
  ],
  [
    1701734400000,
    1.217
  ],
  [
    1701820800000,
    1.155
  ],
  [
    1701907200000,
    1.122
  ],
  [
    1701993600000,
    1.134
  ],
  [
    1702080000000,
    1.146
  ],
  [
    1702166400000,
    1.137
  ],
  [
    1702252800000,
    1.157
  ],
  [
    1702339200000,
    1.166
  ],
  [
    1702425600000,
    1.114
  ],
  [
    1702512000000,
    1.096
  ],
  [
    1702598400000,
    1.113
  ],
  [
    1702684800000,
    1.141
  ],
  [
    1702771200000,
    1.144
  ],
  [
    1702857600000,
    1.134
  ],
  [
    1702944000000,
    1.126
  ],
  [
    1703030400000,
    1.082
  ],
  [
    1703116800000,
    1.054
  ],
  [
    1703203200000,
    1.04
  ],
  [
    1703289600000,
    1.053
  ],
  [
    1703376000000,
    1.056
  ],
  [
    1703462400000,
    1.077
  ],
  [
    1703548800000,
    1.068
  ],
  [
    1703635200000,
    0.991
  ],
  [
    1703721600000,
    0.961
  ],
  [
    1703808000000,
    0.981
  ],
  [
    1703894400000,
    1
  ],
  [
    1703980800000,
    1.027
  ],
  [
    1704067200000,
    1.041
  ],
  [
    1704153600000,
    1.02
  ],
  [
    1704240000000,
    0.94
  ],
  [
    1704326400000,
    0.914
  ],
  [
    1704412800000,
    0.966
  ],
  [
    1704499200000,
    0.998
  ],
  [
    1704585600000,
    1.006
  ],
  [
    1704672000000,
    1.008
  ],
  [
    1704758400000,
    0.993
  ],
  [
    1704844800000,
    0.938
  ],
  [
    1704931200000,
    0.922
  ],
  [
    1705017600000,
    0.945
  ],
  [
    1705104000000,
    0.944
  ],
  [
    1705190400000,
    0.937
  ],
  [
    1705276800000,
    0.936
  ],
  [
    1705363200000,
    0.92
  ],
  [
    1705449600000,
    0.837
  ],
  [
    1705536000000,
    0.793
  ],
  [
    1705622400000,
    0.805
  ],
  [
    1705708800000,
    0.801
  ],
  [
    1705795200000,
    0.786
  ],
  [
    1705881600000,
    0.758
  ],
  [
    1705968000000,
    0.738
  ],
  [
    1706054400000,
    0.684
  ],
  [
    1706140800000,
    0.661
  ],
  [
    1706227200000,
    0.709
  ],
  [
    1706313600000,
    0.735
  ],
  [
    1706400000000,
    0.731
  ],
  [
    1706486400000,
    0.73
  ],
  [
    1706572800000,
    0.735
  ],
  [
    1706659200000,
    0.705
  ],
  [
    1706745600000,
    0.698
  ],
  [
    1706832000000,
    0.73
  ],
  [
    1706918400000,
    0.75
  ],
  [
    1707004800000,
    0.765
  ],
  [
    1707091200000,
    0.776
  ],
  [
    1707177600000,
    0.765
  ],
  [
    1707264000000,
    0.672
  ],
  [
    1707350400000,
    0.678
  ],
  [
    1707436800000,
    0.735
  ],
  [
    1707523200000,
    0.766
  ],
  [
    1707609600000,
    0.808
  ],
  [
    1707696000000,
    0.839
  ],
  [
    1707782400000,
    0.844
  ],
  [
    1707868800000,
    0.76
  ],
  [
    1707955200000,
    0.751
  ],
  [
    1708041600000,
    0.762
  ],
  [
    1708128000000,
    0.768
  ],
  [
    1708214400000,
    0.758
  ],
  [
    1708300800000,
    0.766
  ],
  [
    1708387200000,
    0.765
  ],
  [
    1708473600000,
    0.715
  ],
  [
    1708560000000,
    0.704
  ],
  [
    1708646400000,
    0.731
  ],
  [
    1708732800000,
    0.751
  ],
  [
    1708819200000,
    0.772
  ],
  [
    1708905600000,
    0.79
  ],
  [
    1708992000000,
    0.812
  ],
  [
    1709078400000,
    0.783
  ],
  [
    1709164800000,
    0.834
  ],
  [
    1709251200000,
    0.876
  ],
  [
    1709337600000,
    0.916
  ],
  [
    1709424000000,
    0.931
  ],
  [
    1709510400000,
    0.961
  ],
  [
    1709596800000,
    0.946
  ],
  [
    1709683200000,
    0.885
  ],
  [
    1709769600000,
    0.883
  ],
  [
    1709856000000,
    0.904
  ],
  [
    1709942400000,
    0.933
  ],
  [
    1710028800000,
    0.928
  ],
  [
    1710115200000,
    0.924
  ],
  [
    1710201600000,
    0.905
  ],
  [
    1710288000000,
    0.836
  ],
  [
    1710374400000,
    0.824
  ],
  [
    1710460800000,
    0.864
  ],
  [
    1710547200000,
    0.924
  ],
  [
    1710633600000,
    0.944
  ],
  [
    1710720000000,
    0.955
  ],
  [
    1710806400000,
    0.97
  ],
  [
    1710892800000,
    0.945
  ],
  [
    1710979200000,
    0.933
  ],
  [
    1711065600000,
    0.997
  ],
  [
    1711152000000,
    1.004
  ],
  [
    1711238400000,
    1.008
  ],
  [
    1711324800000,
    1.035
  ],
  [
    1711411200000,
    1.047
  ],
  [
    1711497600000,
    0.99
  ],
  [
    1711584000000,
    1.009
  ],
  [
    1711670400000,
    1.035
  ],
  [
    1711756800000,
    1.057
  ],
  [
    1711843200000,
    1.076
  ],
  [
    1711926000000,
    1.077
  ],
  [
    1712012400000,
    1.066
  ],
  [
    1712098800000,
    0.985
  ],
  [
    1712185200000,
    0.989
  ],
  [
    1712271600000,
    1.024
  ],
  [
    1712358000000,
    1.033
  ],
  [
    1712444400000,
    1.034
  ],
  [
    1712530800000,
    1.05
  ],
  [
    1712617200000,
    1.032
  ],
  [
    1712703600000,
    0.968
  ],
  [
    1712790000000,
    0.953
  ],
  [
    1712876400000,
    1.002
  ],
  [
    1712962800000,
    1.009
  ],
  [
    1713049200000,
    1.03
  ],
  [
    1713135600000,
    1.047
  ],
  [
    1713222000000,
    1.044
  ],
  [
    1713308400000,
    0.972
  ],
  [
    1713394800000,
    0.963
  ],
  [
    1713481200000,
    0.992
  ],
  [
    1713567600000,
    0.991
  ],
  [
    1713654000000,
    0.981
  ],
  [
    1713740400000,
    0.984
  ],
  [
    1713826800000,
    0.989
  ],
  [
    1713913200000,
    0.937
  ],
  [
    1713999600000,
    0.939
  ],
  [
    1714086000000,
    0.904
  ],
  [
    1714172400000,
    0.924
  ],
  [
    1714258800000,
    0.926
  ],
  [
    1714345200000,
    0.932
  ],
  [
    1714431600000,
    0.942
  ],
  [
    1714518000000,
    0.895
  ],
  [
    1714604400000,
    0.908
  ],
  [
    1714690800000,
    0.933
  ],
  [
    1714777200000,
    0.938
  ],
  [
    1714863600000,
    0.943
  ],
  [
    1714950000000,
    0.935
  ],
  [
    1715036400000,
    0.925
  ],
  [
    1715122800000,
    0.888
  ],
  [
    1715209200000,
    0.907
  ],
  [
    1715295600000,
    0.926
  ],
  [
    1715382000000,
    0.94
  ],
  [
    1715468400000,
    0.96
  ],
  [
    1715554800000,
    0.973
  ],
  [
    1715641200000,
    0.989
  ],
  [
    1715727600000,
    0.942
  ],
  [
    1715814000000,
    0.948
  ],
  [
    1715900400000,
    0.967
  ],
  [
    1715986800000,
    0.958
  ],
  [
    1716073200000,
    0.951
  ],
  [
    1716159600000,
    0.924
  ],
  [
    1716246000000,
    0.858
  ],
  [
    1716332400000,
    0.765
  ],
  [
    1716418800000,
    0.807
  ],
  [
    1716505200000,
    0.832
  ],
  [
    1716591600000,
    0.883
  ],
  [
    1716678000000,
    0.908
  ],
  [
    1716764400000,
    0.901
  ],
  [
    1716850800000,
    0.878
  ],
  [
    1716937200000,
    0.829
  ],
  [
    1717023600000,
    0.924
  ],
  [
    1717110000000,
    0.961
  ],
  [
    1717196400000,
    0.985
  ],
  [
    1717282800000,
    1.004
  ],
  [
    1717369200000,
    1.054
  ],
  [
    1717455600000,
    1.079
  ],
  [
    1717542000000,
    1.033
  ],
  [
    1717628400000,
    1.001
  ],
  [
    1717714800000,
    1.027
  ],
  [
    1717801200000,
    0.989
  ],
  [
    1717887600000,
    0.996
  ],
  [
    1717974000000,
    1.026
  ],
  [
    1718060400000,
    1.023
  ],
  [
    1718146800000,
    0.953
  ],
  [
    1718233200000,
    0.974
  ],
  [
    1718319600000,
    1.025
  ],
  [
    1718406000000,
    1.021
  ],
  [
    1718492400000,
    1.036
  ],
  [
    1718578800000,
    1.022
  ],
  [
    1718665200000,
    1.012
  ],
  [
    1718751600000,
    0.963
  ],
  [
    1718838000000,
    0.962
  ],
  [
    1718924400000,
    0.99
  ],
  [
    1719010800000,
    1.021
  ],
  [
    1719097200000,
    1.034
  ],
  [
    1719183600000,
    1.052
  ],
  [
    1719270000000,
    1.075
  ],
  [
    1719356400000,
    1.022
  ],
  [
    1719442800000,
    1.022
  ],
  [
    1719529200000,
    0.993
  ],
  [
    1719615600000,
    1.024
  ],
  [
    1719702000000,
    1.041
  ],
  [
    1719788400000,
    1.057
  ],
  [
    1719874800000,
    1.076
  ],
  [
    1719961200000,
    1.049
  ],
  [
    1720047600000,
    1.05
  ],
  [
    1720134000000,
    1.059
  ],
  [
    1720220400000,
    1.068
  ],
  [
    1720306800000,
    1.07
  ],
  [
    1720393200000,
    1.049
  ],
  [
    1720479600000,
    1.059
  ],
  [
    1720566000000,
    1.003
  ],
  [
    1720652400000,
    0.975
  ],
  [
    1720738800000,
    1.018
  ],
  [
    1720825200000,
    1.038
  ],
  [
    1720911600000,
    1.062
  ],
  [
    1720998000000,
    1.077
  ],
  [
    1721084400000,
    1.082
  ],
  [
    1721170800000,
    1.028
  ],
  [
    1721257200000,
    1.028
  ],
  [
    1721343600000,
    1.066
  ],
  [
    1721430000000,
    1.075
  ],
  [
    1721516400000,
    1.078
  ],
  [
    1721602800000,
    1.077
  ],
  [
    1721689200000,
    1.098
  ],
  [
    1721775600000,
    1.042
  ],
  [
    1721862000000,
    1.049
  ],
  [
    1721948400000,
    1.077
  ],
  [
    1722034800000,
    1.095
  ],
  [
    1722121200000,
    1.093
  ],
  [
    1722207600000,
    1.096
  ],
  [
    1722294000000,
    1.096
  ],
  [
    1722380400000,
    1.077
  ],
  [
    1722466800000,
    1.101
  ],
  [
    1722553200000,
    1.135
  ],
  [
    1722639600000,
    1.185
  ],
  [
    1722726000000,
    1.206
  ],
  [
    1722812400000,
    1.216
  ],
  [
    1722898800000,
    1.238
  ],
  [
    1722985200000,
    1.194
  ],
  [
    1723071600000,
    1.176
  ],
  [
    1723158000000,
    1.199
  ],
  [
    1723244400000,
    1.217
  ],
  [
    1723330800000,
    1.227
  ],
  [
    1723417200000,
    1.234
  ],
  [
    1723503600000,
    1.216
  ],
  [
    1723554000000,
    1.182
  ],
  [
    1723557600000,
    1.184
  ],
  [
    1723561200000,
    1.182
  ],
  [
    1723564800000,
    1.191
  ],
  [
    1723568400000,
    1.191
  ],
  [
    1723572000000,
    1.2
  ],
  [
    1723575600000,
    1.192
  ],
  [
    1723579200000,
    1.24
  ],
  [
    1723582800000,
    1.245
  ],
  [
    1723586400000,
    1.24
  ],
  [
    1723590000000,
    1.232
  ],
  [
    1723593600000,
    1.2
  ],
  [
    1723597200000,
    1.19
  ],
  [
    1723600800000,
    1.18
  ],
  [
    1723604400000,
    1.17
  ],
  [
    1723608000000,
    1.19
  ],
  [
    1723611600000,
    1.183
  ],
  [
    1723615200000,
    1.21
  ],
  [
    1723618800000,
    1.161
  ],
  [
    1723622400000,
    1.156
  ],
  [
    1723626000000,
    1.155
  ],
  [
    1723629600000,
    1.152
  ],
  [
    1723633200000,
    1.16
  ],
  [
    1723636800000,
    1.148
  ],
  [
    1723640400000,
    1.147
  ],
  [
    1723644000000,
    1.148
  ],
  [
    1723647600000,
    1.15
  ],
  [
    1723651200000,
    1.146
  ],
  [
    1723654800000,
    1.147
  ],
  [
    1723658400000,
    1.142
  ],
  [
    1723662000000,
    1.12
  ],
  [
    1723665600000,
    1.147
  ],
  [
    1723669200000,
    1.147
  ],
  [
    1723672800000,
    1.158
  ],
  [
    1723676400000,
    1.18
  ],
  [
    1723680000000,
    1.19
  ],
  [
    1723683600000,
    1.2
  ],
  [
    1723687200000,
    1.19
  ],
  [
    1723690800000,
    1.19
  ],
  [
    1723694400000,
    1.19
  ],
  [
    1723698000000,
    1.19
  ],
  [
    1723701600000,
    1.191
  ],
  [
    1723705200000,
    1.191
  ],
  [
    1723708800000,
    1.179
  ],
  [
    1723712400000,
    1.172
  ],
  [
    1723716000000,
    1.166
  ],
  [
    1723719600000,
    1.164
  ],
  [
    1723723200000,
    1.166
  ],
  [
    1723726800000,
    1.174
  ],
  [
    1723730400000,
    1.167
  ],
  [
    1723734000000,
    1.169
  ],
  [
    1723737600000,
    1.178
  ],
  [
    1723741200000,
    1.18
  ],
  [
    1723744800000,
    1.18
  ],
  [
    1723748400000,
    1.18
  ],
  [
    1723752000000,
    1.184
  ],
  [
    1723755600000,
    1.188
  ],
  [
    1723759200000,
    1.21
  ],
  [
    1723762800000,
    1.22
  ],
  [
    1723766400000,
    1.22
  ],
  [
    1723770000000,
    1.23
  ],
  [
    1723773600000,
    1.24
  ],
  [
    1723777200000,
    1.224
  ],
  [
    1723780800000,
    1.24
  ],
  [
    1723784400000,
    1.223
  ],
  [
    1723788000000,
    1.22
  ],
  [
    1723791600000,
    1.23
  ],
  [
    1723795200000,
    1.225
  ],
  [
    1723798800000,
    1.219
  ],
  [
    1723802400000,
    1.217
  ],
  [
    1723806000000,
    1.217
  ],
  [
    1723809600000,
    1.225
  ],
  [
    1723813200000,
    1.222
  ],
  [
    1723816800000,
    1.211
  ],
  [
    1723820400000,
    1.21
  ],
  [
    1723824000000,
    1.23
  ],
  [
    1723827600000,
    1.211
  ],
  [
    1723831200000,
    1.217
  ],
  [
    1723834800000,
    1.23
  ],
  [
    1723838400000,
    1.228
  ],
  [
    1723842000000,
    1.26
  ],
  [
    1723845600000,
    1.27
  ],
  [
    1723849200000,
    1.276
  ],
  [
    1723852800000,
    1.275
  ],
  [
    1723856400000,
    1.277
  ],
  [
    1723860000000,
    1.28
  ],
  [
    1723863600000,
    1.28
  ],
  [
    1723867200000,
    1.276
  ],
  [
    1723870800000,
    1.276
  ],
  [
    1723874400000,
    1.251
  ],
  [
    1723878000000,
    1.251
  ],
  [
    1723881600000,
    1.23
  ],
  [
    1723885200000,
    1.243
  ],
  [
    1723888800000,
    1.257
  ],
  [
    1723892400000,
    1.23
  ],
  [
    1723896000000,
    1.23
  ],
  [
    1723899600000,
    1.219
  ],
  [
    1723903200000,
    1.22
  ],
  [
    1723906800000,
    1.23
  ],
  [
    1723910400000,
    1.24
  ],
  [
    1723914000000,
    1.231
  ],
  [
    1723917600000,
    1.244
  ],
  [
    1723921200000,
    1.226
  ],
  [
    1723924800000,
    1.23
  ],
  [
    1723928400000,
    1.234
  ],
  [
    1723932000000,
    1.26
  ],
  [
    1723935600000,
    1.276
  ],
  [
    1723939200000,
    1.28
  ],
  [
    1723942800000,
    1.28
  ],
  [
    1723946400000,
    1.29
  ],
  [
    1723950000000,
    1.28
  ],
  [
    1723953600000,
    1.29
  ],
  [
    1723957200000,
    1.28
  ],
  [
    1723960800000,
    1.255
  ],
  [
    1723964400000,
    1.252
  ],
  [
    1723968000000,
    1.224
  ],
  [
    1723971600000,
    1.21
  ],
  [
    1723975200000,
    1.22
  ],
  [
    1723978800000,
    1.232
  ],
  [
    1723982400000,
    1.221
  ],
  [
    1723986000000,
    1.232
  ],
  [
    1723989600000,
    1.23
  ],
  [
    1723993200000,
    1.23
  ],
  [
    1723996800000,
    1.23
  ],
  [
    1724000400000,
    1.24
  ],
  [
    1724004000000,
    1.26
  ],
  [
    1724007600000,
    1.24
  ],
  [
    1724011200000,
    1.251
  ],
  [
    1724014800000,
    1.252
  ],
  [
    1724018400000,
    1.26
  ],
  [
    1724022000000,
    1.27
  ],
  [
    1724025600000,
    1.26
  ],
  [
    1724029200000,
    1.26
  ],
  [
    1724032800000,
    1.23
  ],
  [
    1724036400000,
    1.24
  ],
  [
    1724040000000,
    1.227
  ],
  [
    1724043600000,
    1.22
  ],
  [
    1724047200000,
    1.22
  ],
  [
    1724050800000,
    1.22
  ],
  [
    1724054400000,
    1.21
  ],
  [
    1724058000000,
    1.208
  ],
  [
    1724061600000,
    1.2
  ],
  [
    1724065200000,
    1.188
  ],
  [
    1724068800000,
    1.166
  ],
  [
    1724072400000,
    1.172
  ],
  [
    1724076000000,
    1.174
  ],
  [
    1724079600000,
    1.176
  ],
  [
    1724083200000,
    1.199
  ],
  [
    1724086800000,
    1.199
  ],
  [
    1724090400000,
    1.202
  ],
  [
    1724094000000,
    1.221
  ],
  [
    1724097600000,
    1.213
  ],
  [
    1724101200000,
    1.228
  ],
  [
    1724104800000,
    1.231
  ],
  [
    1724108400000,
    1.229
  ],
  [
    1724112000000,
    1.217
  ],
  [
    1724115600000,
    1.23
  ],
  [
    1724119200000,
    1.19
  ],
  [
    1724122800000,
    1.19
  ],
  [
    1724126400000,
    1.19
  ],
  [
    1724130000000,
    1.18
  ],
  [
    1724133600000,
    1.18
  ],
  [
    1724137200000,
    1.18
  ],
  [
    1724140800000,
    1.169
  ],
  [
    1724144400000,
    1.15
  ],
  [
    1724148000000,
    1.137
  ],
  [
    1724151600000,
    1.141
  ],
  [
    1724155200000,
    1.143
  ],
  [
    1724158800000,
    1.142
  ],
  [
    1724162400000,
    1.158
  ],
  [
    1724166000000,
    1.162
  ],
  [
    1724169600000,
    1.17
  ],
  [
    1724173200000,
    1.18
  ],
  [
    1724176800000,
    1.2
  ],
  [
    1724180400000,
    1.2
  ],
  [
    1724184000000,
    1.199
  ],
  [
    1724187600000,
    1.2
  ],
  [
    1724191200000,
    1.208
  ],
  [
    1724194800000,
    1.22
  ],
  [
    1724198400000,
    1.18
  ],
  [
    1724202000000,
    1.16
  ],
  [
    1724205600000,
    1.16
  ],
  [
    1724209200000,
    1.16
  ],
  [
    1724212800000,
    1.16
  ],
  [
    1724216400000,
    1.16
  ],
  [
    1724220000000,
    1.151
  ],
  [
    1724223600000,
    1.152
  ],
  [
    1724227200000,
    1.144
  ],
  [
    1724230800000,
    1.137
  ],
  [
    1724234400000,
    1.12
  ],
  [
    1724238000000,
    1.12
  ],
  [
    1724241600000,
    1.11
  ],
  [
    1724245200000,
    1.114
  ],
  [
    1724248800000,
    1.114
  ],
  [
    1724252400000,
    1.12
  ],
  [
    1724256000000,
    1.107
  ],
  [
    1724259600000,
    1.092
  ],
  [
    1724263200000,
    1.088
  ],
  [
    1724266800000,
    1.08
  ],
  [
    1724270400000,
    1.09
  ],
  [
    1724274000000,
    1.082
  ],
  [
    1724277600000,
    1.07
  ],
  [
    1724281200000,
    1.08
  ],
  [
    1724284800000,
    1.095
  ],
  [
    1724288400000,
    1.11
  ],
  [
    1724292000000,
    1.11
  ],
  [
    1724295600000,
    1.12
  ],
  [
    1724299200000,
    1.1
  ],
  [
    1724302800000,
    1.118
  ],
  [
    1724306400000,
    1.113
  ],
  [
    1724310000000,
    1.087
  ],
  [
    1724313600000,
    1.078
  ],
  [
    1724317200000,
    1.105
  ],
  [
    1724320800000,
    1.067
  ],
  [
    1724324400000,
    1.059
  ],
  [
    1724328000000,
    1.05
  ],
  [
    1724331600000,
    1.048
  ],
  [
    1724335200000,
    1.056
  ],
  [
    1724338800000,
    1.045
  ],
  [
    1724342400000,
    1.045
  ],
  [
    1724346000000,
    1.045
  ],
  [
    1724349600000,
    1.044
  ],
  [
    1724353200000,
    1.04
  ],
  [
    1724356800000,
    1.044
  ],
  [
    1724360400000,
    1.05
  ],
  [
    1724364000000,
    1.052
  ],
  [
    1724367600000,
    1.06
  ],
  [
    1724371200000,
    1.08
  ],
  [
    1724374800000,
    1.09
  ],
  [
    1724378400000,
    1.11
  ],
  [
    1724382000000,
    1.11
  ],
  [
    1724385600000,
    1.11
  ],
  [
    1724389200000,
    1.1
  ],
  [
    1724392800000,
    1.107
  ],
  [
    1724396400000,
    1.087
  ],
  [
    1724400000000,
    1.07
  ],
  [
    1724403600000,
    1.062
  ],
  [
    1724407200000,
    1.053
  ],
  [
    1724410800000,
    1.061
  ],
  [
    1724414400000,
    1.056
  ],
  [
    1724418000000,
    1.056
  ],
  [
    1724421600000,
    1.067
  ],
  [
    1724425200000,
    1.093
  ],
  [
    1724428800000,
    1.071
  ],
  [
    1724432400000,
    1.06
  ],
  [
    1724436000000,
    1.074
  ],
  [
    1724439600000,
    1.081
  ],
  [
    1724443200000,
    1.07
  ],
  [
    1724446800000,
    1.092
  ],
  [
    1724450400000,
    1.1
  ],
  [
    1724454000000,
    1.144
  ],
  [
    1724457600000,
    1.15
  ],
  [
    1724461200000,
    1.17
  ],
  [
    1724464800000,
    1.18
  ],
  [
    1724468400000,
    1.18
  ],
  [
    1724472000000,
    1.18
  ],
  [
    1724475600000,
    1.18
  ],
  [
    1724479200000,
    1.15
  ],
  [
    1724482800000,
    1.135
  ],
  [
    1724486400000,
    1.12
  ],
  [
    1724490000000,
    1.11
  ],
  [
    1724493600000,
    1.102
  ],
  [
    1724497200000,
    1.104
  ],
  [
    1724500800000,
    1.1
  ],
  [
    1724504400000,
    1.089
  ],
  [
    1724508000000,
    1.09
  ],
  [
    1724511600000,
    1.099
  ],
  [
    1724515200000,
    1.1
  ],
  [
    1724518800000,
    1.09
  ],
  [
    1724522400000,
    1.1
  ],
  [
    1724526000000,
    1.096
  ],
  [
    1724529600000,
    1.099
  ],
  [
    1724533200000,
    1.1
  ],
  [
    1724536800000,
    1.11
  ],
  [
    1724540400000,
    1.183
  ],
  [
    1724544000000,
    1.19
  ],
  [
    1724547600000,
    1.197
  ],
  [
    1724551200000,
    1.197
  ],
  [
    1724554800000,
    1.2
  ],
  [
    1724558400000,
    1.19
  ],
  [
    1724562000000,
    1.21
  ],
  [
    1724565600000,
    1.2
  ],
  [
    1724569200000,
    1.122
  ],
  [
    1724572800000,
    1.176
  ],
  [
    1724576400000,
    1.176
  ],
  [
    1724580000000,
    1.122
  ],
  [
    1724583600000,
    1.102
  ],
  [
    1724587200000,
    1.101
  ],
  [
    1724590800000,
    1.107
  ],
  [
    1724594400000,
    1.11
  ],
  [
    1724598000000,
    1.12
  ],
  [
    1724601600000,
    1.112
  ],
  [
    1724605200000,
    1.097
  ],
  [
    1724608800000,
    1.103
  ],
  [
    1724612400000,
    1.099
  ],
  [
    1724616000000,
    1.099
  ],
  [
    1724619600000,
    1.11
  ],
  [
    1724623200000,
    1.114
  ],
  [
    1724626800000,
    1.164
  ],
  [
    1724630400000,
    1.19
  ],
  [
    1724634000000,
    1.18
  ],
  [
    1724637600000,
    1.203
  ],
  [
    1724641200000,
    1.2
  ],
  [
    1724644800000,
    1.19
  ],
  [
    1724648400000,
    1.18
  ],
  [
    1724652000000,
    1.2
  ],
  [
    1724655600000,
    1.12
  ],
  [
    1724659200000,
    1.169
  ],
  [
    1724662800000,
    1.134
  ],
  [
    1724666400000,
    1.131
  ],
  [
    1724670000000,
    1.141
  ],
  [
    1724673600000,
    1.111
  ],
  [
    1724677200000,
    1.13
  ],
  [
    1724680800000,
    1.115
  ],
  [
    1724684400000,
    1.138
  ],
  [
    1724688000000,
    1.158
  ],
  [
    1724691600000,
    1.12
  ],
  [
    1724695200000,
    1.111
  ],
  [
    1724698800000,
    1.11
  ],
  [
    1724702400000,
    1.141
  ],
  [
    1724706000000,
    1.126
  ],
  [
    1724709600000,
    1.15
  ],
  [
    1724713200000,
    1.15
  ],
  [
    1724716800000,
    1.206
  ],
  [
    1724720400000,
    1.215
  ],
  [
    1724724000000,
    1.211
  ],
  [
    1724727600000,
    1.22
  ],
  [
    1724731200000,
    1.22
  ],
  [
    1724734800000,
    1.219
  ],
  [
    1724738400000,
    1.22
  ],
  [
    1724742000000,
    1.19
  ],
  [
    1724745600000,
    1.15
  ],
  [
    1724749200000,
    1.139
  ],
  [
    1724752800000,
    1.137
  ],
  [
    1724756400000,
    1.15
  ],
  [
    1724760000000,
    1.15
  ],
  [
    1724763600000,
    1.147
  ],
  [
    1724767200000,
    1.161
  ],
  [
    1724770800000,
    1.172
  ],
  [
    1724774400000,
    1.15
  ],
  [
    1724778000000,
    1.154
  ],
  [
    1724781600000,
    1.161
  ],
  [
    1724785200000,
    1.194
  ],
  [
    1724788800000,
    1.172
  ],
  [
    1724792400000,
    1.19
  ],
  [
    1724796000000,
    1.217
  ],
  [
    1724799600000,
    1.22
  ],
  [
    1724803200000,
    1.18
  ],
  [
    1724806800000,
    1.128
  ],
  [
    1724810400000,
    1.117
  ],
  [
    1724814000000,
    1.15
  ],
  [
    1724817600000,
    1.135
  ],
  [
    1724821200000,
    1.126
  ],
  [
    1724824800000,
    1.122
  ],
  [
    1724828400000,
    1.101
  ],
  [
    1724832000000,
    1.1
  ],
  [
    1724835600000,
    1.098
  ],
  [
    1724839200000,
    1.087
  ],
  [
    1724842800000,
    1.082
  ],
  [
    1724846400000,
    1.082
  ],
  [
    1724850000000,
    1.083
  ],
  [
    1724853600000,
    1.083
  ],
  [
    1724857200000,
    1.083
  ],
  [
    1724860800000,
    1.083
  ],
  [
    1724864400000,
    1.077
  ],
  [
    1724868000000,
    1.07
  ],
  [
    1724871600000,
    1.07
  ],
  [
    1724875200000,
    1.078
  ],
  [
    1724878800000,
    1.08
  ],
  [
    1724882400000,
    1.089
  ],
  [
    1724886000000,
    1.1
  ],
  [
    1724889600000,
    1.11
  ],
  [
    1724893200000,
    1.12
  ],
  [
    1724896800000,
    1.122
  ],
  [
    1724900400000,
    1.137
  ],
  [
    1724904000000,
    1.159
  ],
  [
    1724907600000,
    1.18
  ],
  [
    1724911200000,
    1.18
  ],
  [
    1724914800000,
    1.135
  ],
  [
    1724918400000,
    1.111
  ],
  [
    1724922000000,
    1.115
  ],
  [
    1724925600000,
    1.11
  ],
  [
    1724929200000,
    1.1
  ],
  [
    1724932800000,
    1.092
  ],
  [
    1724936400000,
    1.1
  ],
  [
    1724940000000,
    1.097
  ],
  [
    1724943600000,
    1.1
  ],
  [
    1724947200000,
    1.137
  ],
  [
    1724950800000,
    1.111
  ],
  [
    1724954400000,
    1.088
  ],
  [
    1724958000000,
    1.078
  ],
  [
    1724961600000,
    1.08
  ],
  [
    1724965200000,
    1.085
  ],
  [
    1724968800000,
    1.115
  ],
  [
    1724972400000,
    1.1
  ],
  [
    1724976000000,
    1.126
  ],
  [
    1724979600000,
    1.17
  ],
  [
    1724983200000,
    1.195
  ],
  [
    1724986800000,
    1.194
  ],
  [
    1724990400000,
    1.19
  ],
  [
    1724994000000,
    1.206
  ],
  [
    1724997600000,
    1.207
  ],
  [
    1725001200000,
    1.181
  ],
  [
    1725004800000,
    1.158
  ],
  [
    1725008400000,
    1.119
  ],
  [
    1725012000000,
    1.139
  ],
  [
    1725015600000,
    1.111
  ],
  [
    1725019200000,
    1.129
  ],
  [
    1725022800000,
    1.114
  ],
  [
    1725026400000,
    1.134
  ],
  [
    1725030000000,
    1.132
  ],
  [
    1725033600000,
    1.137
  ],
  [
    1725037200000,
    1.141
  ],
  [
    1725040800000,
    1.12
  ],
  [
    1725044400000,
    1.12
  ],
  [
    1725048000000,
    1.122
  ],
  [
    1725051600000,
    1.156
  ],
  [
    1725055200000,
    1.172
  ],
  [
    1725058800000,
    1.194
  ],
  [
    1725062400000,
    1.2
  ],
  [
    1725066000000,
    1.192
  ],
  [
    1725069600000,
    1.2
  ],
  [
    1725073200000,
    1.206
  ],
  [
    1725076800000,
    1.208
  ],
  [
    1725080400000,
    1.206
  ],
  [
    1725084000000,
    1.205
  ],
  [
    1725087600000,
    1.201
  ],
  [
    1725091200000,
    1.17
  ],
  [
    1725094800000,
    1.16
  ],
  [
    1725098400000,
    1.19
  ],
  [
    1725102000000,
    1.139
  ],
  [
    1725105600000,
    1.18
  ],
  [
    1725109200000,
    1.128
  ],
  [
    1725112800000,
    1.182
  ],
  [
    1725116400000,
    1.183
  ],
  [
    1725120000000,
    1.16
  ],
  [
    1725123600000,
    1.17
  ],
  [
    1725127200000,
    1.159
  ],
  [
    1725130800000,
    1.19
  ],
  [
    1725134400000,
    1.194
  ],
  [
    1725138000000,
    1.162
  ],
  [
    1725141600000,
    1.215
  ],
  [
    1725145200000,
    1.228
  ],
  [
    1725148800000,
    1.23
  ],
  [
    1725152400000,
    1.23
  ],
  [
    1725156000000,
    1.236
  ],
  [
    1725159600000,
    1.235
  ],
  [
    1725163200000,
    1.254
  ],
  [
    1725166800000,
    1.247
  ],
  [
    1725170400000,
    1.242
  ],
  [
    1725174000000,
    1.216
  ],
  [
    1725177600000,
    1.182
  ],
  [
    1725181200000,
    1.187
  ],
  [
    1725184800000,
    1.151
  ],
  [
    1725188400000,
    1.139
  ],
  [
    1725192000000,
    1.182
  ],
  [
    1725195600000,
    1.15
  ],
  [
    1725199200000,
    1.188
  ],
  [
    1725202800000,
    1.161
  ],
  [
    1725206400000,
    1.168
  ],
  [
    1725210000000,
    1.169
  ],
  [
    1725213600000,
    1.139
  ],
  [
    1725217200000,
    1.129
  ],
  [
    1725220800000,
    1.14
  ],
  [
    1725224400000,
    1.15
  ],
  [
    1725228000000,
    1.21
  ],
  [
    1725231600000,
    1.228
  ],
  [
    1725235200000,
    1.23
  ],
  [
    1725238800000,
    1.24
  ],
  [
    1725242400000,
    1.248
  ],
  [
    1725246000000,
    1.256
  ],
  [
    1725249600000,
    1.259
  ],
  [
    1725253200000,
    1.266
  ],
  [
    1725256800000,
    1.266
  ],
  [
    1725260400000,
    1.23
  ],
  [
    1725264000000,
    1.23
  ],
  [
    1725267600000,
    1.212
  ],
  [
    1725271200000,
    1.206
  ],
  [
    1725274800000,
    1.21
  ],
  [
    1725278400000,
    1.215
  ],
  [
    1725282000000,
    1.22
  ],
  [
    1725285600000,
    1.219
  ],
  [
    1725289200000,
    1.228
  ],
  [
    1725292800000,
    1.24
  ],
  [
    1725296400000,
    1.217
  ],
  [
    1725300000000,
    1.217
  ],
  [
    1725303600000,
    1.21
  ],
  [
    1725307200000,
    1.239
  ],
  [
    1725310800000,
    1.239
  ],
  [
    1725314400000,
    1.26
  ],
  [
    1725318000000,
    1.26
  ],
  [
    1725321600000,
    1.267
  ],
  [
    1725325200000,
    1.246
  ],
  [
    1725328800000,
    1.26
  ],
  [
    1725332400000,
    1.26
  ],
  [
    1725336000000,
    1.26
  ],
  [
    1725339600000,
    1.266
  ],
  [
    1725343200000,
    1.27
  ],
  [
    1725346800000,
    1.28
  ],
  [
    1725350400000,
    1.29
  ],
  [
    1725354000000,
    1.29
  ],
  [
    1725357600000,
    1.31
  ],
  [
    1725361200000,
    1.31
  ],
  [
    1725364800000,
    1.31
  ],
  [
    1725368400000,
    1.316
  ],
  [
    1725372000000,
    1.29
  ],
  [
    1725375600000,
    1.3
  ],
  [
    1725379200000,
    1.283
  ],
  [
    1725382800000,
    1.24
  ],
  [
    1725386400000,
    1.241
  ],
  [
    1725390000000,
    1.26
  ],
  [
    1725393600000,
    1.272
  ],
  [
    1725397200000,
    1.313
  ],
  [
    1725400800000,
    1.31
  ],
  [
    1725404400000,
    1.31
  ],
  [
    1725408000000,
    1.26
  ],
  [
    1725411600000,
    1.24
  ],
  [
    1725415200000,
    1.26
  ],
  [
    1725418800000,
    1.244
  ],
  [
    1725422400000,
    1.255
  ],
  [
    1725426000000,
    1.227
  ],
  [
    1725429600000,
    1.27
  ],
  [
    1725433200000,
    1.2
  ],
  [
    1725436800000,
    1.2
  ],
  [
    1725440400000,
    1.174
  ],
  [
    1725444000000,
    1.172
  ],
  [
    1725447600000,
    1.156
  ],
  [
    1725451200000,
    1.141
  ],
  [
    1725454800000,
    1.15
  ],
  [
    1725458400000,
    1.139
  ],
  [
    1725462000000,
    1.158
  ],
  [
    1725465600000,
    1.149
  ],
  [
    1725469200000,
    1.155
  ],
  [
    1725472800000,
    1.15
  ],
  [
    1725476400000,
    1.16
  ],
  [
    1725480000000,
    1.17
  ],
  [
    1725483600000,
    1.172
  ],
  [
    1725487200000,
    1.2
  ],
  [
    1725490800000,
    1.23
  ],
  [
    1725494400000,
    1.241
  ],
  [
    1725498000000,
    1.26
  ],
  [
    1725501600000,
    1.26
  ],
  [
    1725505200000,
    1.268
  ],
  [
    1725508800000,
    1.28
  ],
  [
    1725512400000,
    1.28
  ],
  [
    1725516000000,
    1.27
  ],
  [
    1725519600000,
    1.244
  ],
  [
    1725523200000,
    1.271
  ],
  [
    1725526800000,
    1.226
  ],
  [
    1725530400000,
    1.203
  ],
  [
    1725534000000,
    1.193
  ],
  [
    1725537600000,
    1.185
  ],
  [
    1725541200000,
    1.186
  ],
  [
    1725544800000,
    1.182
  ],
  [
    1725548400000,
    1.171
  ],
  [
    1725552000000,
    1.171
  ],
  [
    1725555600000,
    1.174
  ],
  [
    1725559200000,
    1.204
  ],
  [
    1725562800000,
    1.189
  ],
  [
    1725566400000,
    1.213
  ],
  [
    1725570000000,
    1.222
  ],
  [
    1725573600000,
    1.257
  ],
  [
    1725577200000,
    1.27
  ],
  [
    1725580800000,
    1.28
  ],
  [
    1725584400000,
    1.277
  ],
  [
    1725588000000,
    1.29
  ],
  [
    1725591600000,
    1.296
  ],
  [
    1725595200000,
    1.283
  ],
  [
    1725598800000,
    1.3
  ],
  [
    1725602400000,
    1.296
  ],
  [
    1725606000000,
    1.284
  ],
  [
    1725609600000,
    1.269
  ],
  [
    1725613200000,
    1.275
  ],
  [
    1725616800000,
    1.219
  ],
  [
    1725620400000,
    1.22
  ],
  [
    1725624000000,
    1.205
  ],
  [
    1725627600000,
    1.222
  ],
  [
    1725631200000,
    1.208
  ],
  [
    1725634800000,
    1.26
  ],
  [
    1725638400000,
    1.24
  ],
  [
    1725642000000,
    1.2
  ],
  [
    1725645600000,
    1.223
  ],
  [
    1725649200000,
    1.21
  ],
  [
    1725652800000,
    1.241
  ],
  [
    1725656400000,
    1.277
  ],
  [
    1725660000000,
    1.28
  ],
  [
    1725663600000,
    1.3
  ],
  [
    1725667200000,
    1.31
  ],
  [
    1725670800000,
    1.3
  ],
  [
    1725674400000,
    1.301
  ],
  [
    1725678000000,
    1.32
  ],
  [
    1725681600000,
    1.324
  ],
  [
    1725685200000,
    1.32
  ],
  [
    1725688800000,
    1.31
  ],
  [
    1725692400000,
    1.283
  ],
  [
    1725696000000,
    1.273
  ],
  [
    1725699600000,
    1.26
  ],
  [
    1725703200000,
    1.243
  ],
  [
    1725706800000,
    1.242
  ],
  [
    1725710400000,
    1.243
  ],
  [
    1725714000000,
    1.219
  ],
  [
    1725717600000,
    1.26
  ],
  [
    1725721200000,
    1.236
  ],
  [
    1725724800000,
    1.237
  ],
  [
    1725728400000,
    1.274
  ],
  [
    1725732000000,
    1.26
  ],
  [
    1725735600000,
    1.24
  ],
  [
    1725739200000,
    1.26
  ],
  [
    1725742800000,
    1.274
  ],
  [
    1725746400000,
    1.308
  ],
  [
    1725750000000,
    1.329
  ],
  [
    1725753600000,
    1.33
  ],
  [
    1725757200000,
    1.329
  ],
  [
    1725760800000,
    1.33
  ],
  [
    1725764400000,
    1.329
  ],
  [
    1725768000000,
    1.328
  ],
  [
    1725771600000,
    1.326
  ],
  [
    1725775200000,
    1.31
  ],
  [
    1725778800000,
    1.274
  ],
  [
    1725782400000,
    1.263
  ],
  [
    1725786000000,
    1.274
  ],
  [
    1725789600000,
    1.237
  ],
  [
    1725793200000,
    1.252
  ],
  [
    1725796800000,
    1.265
  ],
  [
    1725800400000,
    1.241
  ],
  [
    1725804000000,
    1.256
  ],
  [
    1725807600000,
    1.296
  ],
  [
    1725811200000,
    1.263
  ],
  [
    1725814800000,
    1.275
  ],
  [
    1725818400000,
    1.274
  ],
  [
    1725822000000,
    1.274
  ],
  [
    1725825600000,
    1.263
  ],
  [
    1725829200000,
    1.27
  ],
  [
    1725832800000,
    1.3
  ],
  [
    1725836400000,
    1.29
  ],
  [
    1725840000000,
    1.33
  ],
  [
    1725843600000,
    1.33
  ],
  [
    1725847200000,
    1.33
  ],
  [
    1725850800000,
    1.33
  ],
  [
    1725854400000,
    1.34
  ],
  [
    1725858000000,
    1.328
  ],
  [
    1725861600000,
    1.31
  ],
  [
    1725865200000,
    1.295
  ],
  [
    1725868800000,
    1.3
  ],
  [
    1725872400000,
    1.31
  ],
  [
    1725876000000,
    1.296
  ],
  [
    1725879600000,
    1.31
  ],
  [
    1725883200000,
    1.324
  ],
  [
    1725886800000,
    1.27
  ],
  [
    1725890400000,
    1.28
  ],
  [
    1725894000000,
    1.307
  ],
  [
    1725897600000,
    1.292
  ],
  [
    1725901200000,
    1.274
  ],
  [
    1725904800000,
    1.285
  ],
  [
    1725908400000,
    1.28
  ],
  [
    1725912000000,
    1.314
  ],
  [
    1725915600000,
    1.321
  ],
  [
    1725919200000,
    1.33
  ],
  [
    1725922800000,
    1.32
  ],
  [
    1725926400000,
    1.33
  ],
  [
    1725930000000,
    1.33
  ],
  [
    1725933600000,
    1.347
  ],
  [
    1725937200000,
    1.35
  ],
  [
    1725940800000,
    1.35
  ],
  [
    1725944400000,
    1.358
  ],
  [
    1725948000000,
    1.359
  ],
  [
    1725951600000,
    1.344
  ],
  [
    1725955200000,
    1.337
  ],
  [
    1725958800000,
    1.317
  ],
  [
    1725962400000,
    1.292
  ],
  [
    1725966000000,
    1.3
  ],
  [
    1725969600000,
    1.278
  ],
  [
    1725973200000,
    1.302
  ],
  [
    1725976800000,
    1.292
  ],
  [
    1725980400000,
    1.283
  ],
  [
    1725984000000,
    1.27
  ],
  [
    1725987600000,
    1.27
  ],
  [
    1725991200000,
    1.26
  ],
  [
    1725994800000,
    1.29
  ],
  [
    1725998400000,
    1.32
  ],
  [
    1726002000000,
    1.32
  ],
  [
    1726005600000,
    1.31
  ],
  [
    1726009200000,
    1.32
  ],
  [
    1726012800000,
    1.26
  ],
  [
    1726016400000,
    1.3
  ],
  [
    1726020000000,
    1.27
  ],
  [
    1726023600000,
    1.26
  ],
  [
    1726027200000,
    1.28
  ],
  [
    1726030800000,
    1.263
  ],
  [
    1726034400000,
    1.264
  ],
  [
    1726038000000,
    1.255
  ],
  [
    1726041600000,
    1.23
  ],
  [
    1726045200000,
    1.221
  ],
  [
    1726048800000,
    1.21
  ],
  [
    1726052400000,
    1.224
  ],
  [
    1726056000000,
    1.224
  ],
  [
    1726059600000,
    1.228
  ],
  [
    1726063200000,
    1.221
  ],
  [
    1726066800000,
    1.228
  ],
  [
    1726070400000,
    1.224
  ],
  [
    1726074000000,
    1.213
  ],
  [
    1726077600000,
    1.202
  ],
  [
    1726081200000,
    1.19
  ],
  [
    1726084800000,
    1.2
  ],
  [
    1726088400000,
    1.2
  ],
  [
    1726092000000,
    1.211
  ],
  [
    1726095600000,
    1.24
  ],
  [
    1726099200000,
    1.27
  ],
  [
    1726102800000,
    1.28
  ],
  [
    1726106400000,
    1.3
  ],
  [
    1726110000000,
    1.29
  ],
  [
    1726113600000,
    1.3
  ],
  [
    1726117200000,
    1.28
  ],
  [
    1726120800000,
    1.3
  ],
  [
    1726124400000,
    1.284
  ],
  [
    1726128000000,
    1.288
  ],
  [
    1726131600000,
    1.24
  ],
  [
    1726135200000,
    1.24
  ],
  [
    1726138800000,
    1.233
  ],
  [
    1726142400000,
    1.23
  ],
  [
    1726146000000,
    1.238
  ],
  [
    1726149600000,
    1.238
  ],
  [
    1726153200000,
    1.264
  ],
  [
    1726156800000,
    1.24
  ],
  [
    1726160400000,
    1.218
  ],
  [
    1726164000000,
    1.211
  ],
  [
    1726167600000,
    1.22
  ],
  [
    1726171200000,
    1.225
  ],
  [
    1726174800000,
    1.24
  ],
  [
    1726178400000,
    1.268
  ],
  [
    1726182000000,
    1.31
  ],
  [
    1726185600000,
    1.305
  ],
  [
    1726189200000,
    1.32
  ],
  [
    1726192800000,
    1.34
  ],
  [
    1726196400000,
    1.33
  ],
  [
    1726200000000,
    1.34
  ],
  [
    1726203600000,
    1.35
  ],
  [
    1726207200000,
    1.35
  ],
  [
    1726210800000,
    1.346
  ],
  [
    1726214400000,
    1.35
  ],
  [
    1726218000000,
    1.319
  ],
  [
    1726221600000,
    1.33
  ],
  [
    1726225200000,
    1.306
  ]
]