[
  [
    1574121600000,
    0.774
  ],
  [
    1574208000000,
    1.077
  ],
  [
    1574294400000,
    1.291
  ],
  [
    1574380800000,
    1.657
  ],
  [
    1574467200000,
    1.458
  ],
  [
    1574553600000,
    1.359
  ],
  [
    1574726400000,
    1.159
  ],
  [
    1574812800000,
    1.039
  ],
  [
    1574899200000,
    1.35
  ],
  [
    1574985600000,
    1.376
  ],
  [
    1575072000000,
    2.169
  ],
  [
    1575244800000,
    2.18
  ],
  [
    1575331200000,
    2.578
  ],
  [
    1575417600000,
    1.468
  ],
  [
    1575504000000,
    1.367
  ],
  [
    1575590400000,
    1.443
  ],
  [
    1575676800000,
    1.702
  ],
  [
    1575763200000,
    1.933
  ],
  [
    1575849600000,
    1.722
  ],
  [
    1575936000000,
    2.267
  ],
  [
    1576022400000,
    2.177
  ],
  [
    1576108800000,
    1.917
  ],
  [
    1576195200000,
    2.279
  ],
  [
    1576281600000,
    1.861
  ],
  [
    1576368000000,
    2.14
  ],
  [
    1576454400000,
    1.878
  ],
  [
    1576540800000,
    1.678
  ],
  [
    1576627200000,
    1.585
  ],
  [
    1576713600000,
    1.799
  ],
  [
    1576800000000,
    1.825
  ],
  [
    1576886400000,
    1.784
  ],
  [
    1576972800000,
    1.927
  ],
  [
    1577059200000,
    2.593
  ],
  [
    1577145600000,
    1.75
  ],
  [
    1577232000000,
    1.716
  ],
  [
    1577404800000,
    1.984
  ],
  [
    1577491200000,
    1.885
  ],
  [
    1577750400000,
    2.327
  ],
  [
    1577836800000,
    2.158
  ],
  [
    1577923200000,
    1.786
  ],
  [
    1578009600000,
    1.847
  ],
  [
    1578096000000,
    1.789
  ],
  [
    1578182400000,
    1.988
  ],
  [
    1578268800000,
    1.848
  ],
  [
    1578355200000,
    1.92
  ],
  [
    1578441600000,
    1.68
  ],
  [
    1578528000000,
    1.933
  ],
  [
    1578614400000,
    1.992
  ],
  [
    1578700800000,
    1.977
  ],
  [
    1578787200000,
    1.857
  ],
  [
    1578873600000,
    1.866
  ],
  [
    1578960000000,
    2.014
  ],
  [
    1579046400000,
    1.998
  ],
  [
    1579132800000,
    2.029
  ],
  [
    1579219200000,
    1.894
  ],
  [
    1579305600000,
    1.986
  ],
  [
    1579392000000,
    2.231
  ],
  [
    1579478400000,
    1.683
  ],
  [
    1579564800000,
    2.507
  ],
  [
    1579651200000,
    1.644
  ],
  [
    1579737600000,
    1.273
  ],
  [
    1579824000000,
    2.043
  ],
  [
    1579910400000,
    2.013
  ],
  [
    1579996800000,
    2.054
  ],
  [
    1580083200000,
    2.627
  ],
  [
    1580169600000,
    1.78
  ],
  [
    1580256000000,
    1.912
  ],
  [
    1580342400000,
    1.964
  ],
  [
    1580428800000,
    2.245
  ],
  [
    1580515200000,
    2.347
  ],
  [
    1580601600000,
    2.694
  ],
  [
    1580688000000,
    2.768
  ],
  [
    1580774400000,
    4.147
  ],
  [
    1580860800000,
    5.177
  ],
  [
    1580947200000,
    4
  ],
  [
    1581033600000,
    3.178
  ],
  [
    1581120000000,
    2.78
  ],
  [
    1581206400000,
    2.689
  ],
  [
    1581292800000,
    3.152
  ],
  [
    1581379200000,
    2.977
  ],
  [
    1581465600000,
    2.871
  ],
  [
    1581552000000,
    3.117
  ],
  [
    1581638400000,
    3.494
  ],
  [
    1581724800000,
    4.491
  ],
  [
    1581811200000,
    2.686
  ],
  [
    1581897600000,
    3.131
  ],
  [
    1581984000000,
    2.952
  ],
  [
    1582070400000,
    2.897
  ],
  [
    1582156800000,
    2.742
  ],
  [
    1582243200000,
    2.668
  ],
  [
    1582329600000,
    3.019
  ],
  [
    1582416000000,
    3.65
  ],
  [
    1582502400000,
    4.053
  ],
  [
    1582588800000,
    4.321
  ],
  [
    1582675200000,
    3.598
  ],
  [
    1582761600000,
    3.423
  ],
  [
    1582848000000,
    4.387
  ],
  [
    1582934400000,
    4.509
  ],
  [
    1583020800000,
    4.079
  ],
  [
    1583107200000,
    3.891
  ],
  [
    1583193600000,
    3.749
  ],
  [
    1583280000000,
    3.612
  ],
  [
    1583366400000,
    3.723
  ],
  [
    1583452800000,
    3.367
  ],
  [
    1583539200000,
    3.351
  ],
  [
    1583625600000,
    3.058
  ],
  [
    1583712000000,
    2.874
  ],
  [
    1583798400000,
    3.35
  ],
  [
    1583884800000,
    3.169
  ],
  [
    1583971200000,
    3.16
  ],
  [
    1584057600000,
    2.978
  ],
  [
    1584144000000,
    3.453
  ],
  [
    1584230400000,
    3.125
  ],
  [
    1584316800000,
    3
  ],
  [
    1584403200000,
    2.984
  ],
  [
    1584489600000,
    3.187
  ],
  [
    1584576000000,
    3.421
  ],
  [
    1584662400000,
    3.828
  ],
  [
    1584748800000,
    3.832
  ],
  [
    1584835200000,
    3.521
  ],
  [
    1584921600000,
    3.748
  ],
  [
    1585008000000,
    3.627
  ],
  [
    1585094400000,
    3.3
  ],
  [
    1585180800000,
    3.181
  ],
  [
    1585267200000,
    3.257
  ],
  [
    1585353600000,
    3.494
  ],
  [
    1585440000000,
    3.839
  ],
  [
    1585522800000,
    3.82
  ],
  [
    1585609200000,
    3.311
  ],
  [
    1585695600000,
    3.332
  ],
  [
    1585782000000,
    3.248
  ],
  [
    1585868400000,
    3.38
  ],
  [
    1585954800000,
    3.45
  ],
  [
    1586041200000,
    3.364
  ],
  [
    1586127600000,
    3.563
  ],
  [
    1586214000000,
    3.484
  ],
  [
    1586300400000,
    3.513
  ],
  [
    1586386800000,
    3.762
  ],
  [
    1586559600000,
    3.551
  ],
  [
    1586646000000,
    3.185
  ],
  [
    1586732400000,
    3.378
  ],
  [
    1586818800000,
    3.397
  ],
  [
    1586905200000,
    3.616
  ],
  [
    1586991600000,
    3.557
  ],
  [
    1587078000000,
    3.671
  ],
  [
    1587164400000,
    3.335
  ],
  [
    1587250800000,
    3.519
  ],
  [
    1587337200000,
    3.677
  ],
  [
    1587423600000,
    3.817
  ],
  [
    1587510000000,
    3.882
  ],
  [
    1587596400000,
    4.033
  ],
  [
    1587682800000,
    3.916
  ],
  [
    1587769200000,
    3.696
  ],
  [
    1587855600000,
    3.6
  ],
  [
    1588028400000,
    4.355
  ],
  [
    1588114800000,
    3.71
  ],
  [
    1588201200000,
    4.573
  ],
  [
    1588287600000,
    4.591
  ],
  [
    1588374000000,
    4.387
  ],
  [
    1588460400000,
    4.991
  ],
  [
    1588546800000,
    5.086
  ],
  [
    1588806000000,
    5.317
  ],
  [
    1588892400000,
    5.397
  ],
  [
    1589065200000,
    5.59
  ],
  [
    1589410800000,
    5.114
  ],
  [
    1589497200000,
    5.113
  ],
  [
    1589583600000,
    5.063
  ],
  [
    1589756400000,
    6.4
  ],
  [
    1590102000000,
    5.33
  ],
  [
    1590274800000,
    6.022
  ],
  [
    1590361200000,
    6.091
  ],
  [
    1590447600000,
    6.862
  ],
  [
    1590620400000,
    5.61
  ],
  [
    1590879600000,
    5.375
  ],
  [
    1591052400000,
    5.57
  ],
  [
    1591225200000,
    6.274
  ],
  [
    1591311600000,
    5.32
  ],
  [
    1591398000000,
    5.756
  ],
  [
    1591484400000,
    6.39
  ],
  [
    1591570800000,
    5.25
  ],
  [
    1591657200000,
    5.3
  ],
  [
    1591743600000,
    5.667
  ],
  [
    1591916400000,
    6.106
  ],
  [
    1592175600000,
    6.107
  ],
  [
    1592521200000,
    5.394
  ],
  [
    1592607600000,
    5.747
  ],
  [
    1592694000000,
    5.001
  ],
  [
    1593126000000,
    4.89
  ],
  [
    1593212400000,
    4.57
  ],
  [
    1593298800000,
    5.205
  ],
  [
    1593471600000,
    4.916
  ],
  [
    1593730800000,
    6.084
  ],
  [
    1593903600000,
    6.131
  ],
  [
    1594076400000,
    5.63
  ],
  [
    1594162800000,
    6.16
  ],
  [
    1594249200000,
    5.91
  ],
  [
    1594335600000,
    5.38
  ],
  [
    1594508400000,
    5.711
  ],
  [
    1594940400000,
    6.738
  ],
  [
    1595199600000,
    6.851
  ],
  [
    1595458800000,
    8.75
  ],
  [
    1595545200000,
    8.8
  ],
  [
    1596236400000,
    7.83
  ],
  [
    1596322800000,
    7.751
  ],
  [
    1596668400000,
    6.806
  ],
  [
    1596754800000,
    7.976
  ],
  [
    1596927600000,
    7.757
  ],
  [
    1597359600000,
    7.48
  ],
  [
    1597446000000,
    5.91
  ],
  [
    1597878000000,
    7.333
  ],
  [
    1598569200000,
    7.03
  ],
  [
    1598914800000,
    7.07
  ],
  [
    1599001200000,
    6.509
  ],
  [
    1599692400000,
    6.065
  ],
  [
    1600297200000,
    6.675
  ],
  [
    1600470000000,
    6.901
  ],
  [
    1600556400000,
    7.483
  ],
  [
    1600729200000,
    7.573
  ],
  [
    1600815600000,
    7.31
  ],
  [
    1601247600000,
    6.614
  ],
  [
    1601766000000,
    8.033
  ],
  [
    1601938800000,
    6.67
  ],
  [
    1602284400000,
    6.635
  ],
  [
    1602716400000,
    8.106
  ],
  [
    1602802800000,
    8.07
  ],
  [
    1603407600000,
    8.422
  ],
  [
    1604102400000,
    8.464
  ],
  [
    1604188800000,
    7.59
  ],
  [
    1604275200000,
    9.096
  ],
  [
    1604361600000,
    7.925
  ],
  [
    1604707200000,
    7.509
  ],
  [
    1605312000000,
    8.28
  ],
  [
    1606003200000,
    7.613
  ],
  [
    1606089600000,
    7.637
  ],
  [
    1606608000000,
    7.504
  ],
  [
    1606867200000,
    7.602
  ],
  [
    1607212800000,
    7.06
  ],
  [
    1607558400000,
    6.1
  ],
  [
    1608076800000,
    6.66
  ],
  [
    1608768000000,
    6.091
  ],
  [
    1608854400000,
    6.844
  ],
  [
    1608940800000,
    7.44
  ],
  [
    1609372800000,
    9.203
  ],
  [
    1609459200000,
    9.358
  ],
  [
    1610236800000,
    8.339
  ],
  [
    1610323200000,
    9.514
  ],
  [
    1610755200000,
    7.348
  ],
  [
    1610841600000,
    10.715
  ],
  [
    1610928000000,
    10.66
  ],
  [
    1611187200000,
    10.75
  ],
  [
    1611532800000,
    10.111
  ],
  [
    1611792000000,
    11.925
  ],
  [
    1611964800000,
    10.74
  ],
  [
    1612483200000,
    12.028
  ],
  [
    1612569600000,
    12.04
  ],
  [
    1613088000000,
    11.5
  ],
  [
    1613174400000,
    10.4
  ],
  [
    1613260800000,
    11.259
  ],
  [
    1613347200000,
    11.852
  ],
  [
    1614124800000,
    10.43
  ],
  [
    1614211200000,
    10.901
  ],
  [
    1614470400000,
    11.451
  ],
  [
    1615593600000,
    11.977
  ],
  [
    1615680000000,
    10.856
  ],
  [
    1616198400000,
    12.22
  ],
  [
    1616284800000,
    12.94
  ],
  [
    1616371200000,
    14.66
  ],
  [
    1616630400000,
    17.732
  ],
  [
    1617231600000,
    16.282
  ],
  [
    1617577200000,
    12.716
  ],
  [
    1618268400000,
    12.855
  ],
  [
    1618786800000,
    13.379
  ],
  [
    1618873200000,
    17.03
  ],
  [
    1618959600000,
    17.009
  ],
  [
    1619218800000,
    12.27
  ],
  [
    1619737200000,
    20.125
  ],
  [
    1619996400000,
    22.641
  ],
  [
    1620428400000,
    14.1
  ],
  [
    1620601200000,
    13.91
  ],
  [
    1621206000000,
    14.66
  ],
  [
    1621292400000,
    22.33
  ],
  [
    1621551600000,
    23.2
  ],
  [
    1621810800000,
    59.14
  ],
  [
    1622761200000,
    60.87
  ],
  [
    1622934000000,
    68.39
  ],
  [
    1623366000000,
    65.28
  ],
  [
    1623884400000,
    65.98
  ],
  [
    1625526000000,
    32.36
  ],
  [
    1625612400000,
    40.225
  ],
  [
    1626994800000,
    34.34
  ],
  [
    1627513200000,
    41.311
  ],
  [
    1628204400000,
    34.65
  ],
  [
    1628722800000,
    35.72
  ],
  [
    1628895600000,
    27.08
  ],
  [
    1630450800000,
    34.138
  ],
  [
    1632351600000,
    30.33
  ],
  [
    1632870000000,
    29.733
  ],
  [
    1634684400000,
    11.64
  ],
  [
    1635289200000,
    10.789
  ],
  [
    1637366400000,
    21.108
  ],
  [
    1637625600000,
    26.639
  ],
  [
    1638057600000,
    26.475
  ],
  [
    1638748800000,
    29.752
  ],
  [
    1639785600000,
    36.91
  ],
  [
    1640476800000,
    23
  ],
  [
    1640563200000,
    27.398
  ],
  [
    1641513600000,
    35.732
  ],
  [
    1642809600000,
    31.736
  ],
  [
    1643155200000,
    37.68
  ],
  [
    1643932800000,
    32.702
  ],
  [
    1644105600000,
    31.658
  ],
  [
    1644192000000,
    26.676
  ],
  [
    1646265600000,
    33.255
  ],
  [
    1646611200000,
    24.353
  ],
  [
    1647129600000,
    28.18
  ],
  [
    1647907200000,
    38.09
  ],
  [
    1647993600000,
    38.12
  ],
  [
    1648767600000,
    38.38
  ],
  [
    1648854000000,
    38.64
  ],
  [
    1649631600000,
    31.14
  ],
  [
    1651014000000,
    35.6
  ],
  [
    1655247600000,
    39.607
  ],
  [
    1655938800000,
    32.66
  ],
  [
    1656111600000,
    43.955
  ],
  [
    1656457200000,
    36.834
  ],
  [
    1656975600000,
    35.88
  ],
  [
    1658012400000,
    33.99
  ],
  [
    1659481200000,
    32.91
  ],
  [
    1659567600000,
    38.421
  ],
  [
    1659654000000,
    38.5
  ],
  [
    1661295600000,
    38.77
  ],
  [
    1662764400000,
    42.124
  ],
  [
    1662937200000,
    32.14
  ],
  [
    1663455600000,
    44.212
  ],
  [
    1663628400000,
    44.17
  ],
  [
    1665529200000,
    45.71
  ],
  [
    1670198400000,
    53.486
  ],
  [
    1670544000000,
    42.12
  ],
  [
    1670630400000,
    41.98
  ],
  [
    1671753600000,
    53.81
  ],
  [
    1673481600000,
    47.805
  ],
  [
    1673913600000,
    57.22
  ],
  [
    1674172800000,
    57.945
  ],
  [
    1675900800000,
    51.87
  ],
  [
    1678147200000,
    43.71
  ],
  [
    1678492800000,
    61.83
  ],
  [
    1678752000000,
    61.006
  ],
  [
    1679184000000,
    49.239
  ],
  [
    1681426800000,
    63.536
  ],
  [
    1681599600000,
    67.16
  ],
  [
    1681686000000,
    68.888
  ],
  [
    1682636400000,
    68.32
  ],
  [
    1682809200000,
    67.513
  ],
  [
    1683154800000,
    72.228
  ],
  [
    1683673200000,
    64.45
  ],
  [
    1684364400000,
    56.24
  ],
  [
    1686610800000,
    69.252
  ],
  [
    1686697200000,
    68.462
  ],
  [
    1686956400000,
    84.093
  ],
  [
    1688425200000,
    60.1
  ],
  [
    1689462000000,
    77.086
  ],
  [
    1691103600000,
    73.358
  ],
  [
    1696978800000,
    74.75
  ],
  [
    1697670000000,
    71.515
  ],
  [
    1699833600000,
    77.841
  ],
  [
    1700611200000,
    79.962
  ],
  [
    1708214400000,
    69.05
  ],
  [
    1712530800000,
    97.798
  ],
  [
    1712703600000,
    100.07
  ],
  [
    1712790000000,
    98.953
  ],
  [
    1714863600000,
    109.333
  ],
  [
    1718722800000,
    114.56
  ]
]