[
  [
    1379718000000,
    10.409
  ],
  [
    1379804400000,
    7.185
  ],
  [
    1379890800000,
    7.407
  ],
  [
    1379977200000,
    8.081
  ],
  [
    1380063600000,
    5.6
  ],
  [
    1380150000000,
    9.79
  ],
  [
    1380236400000,
    10.009
  ],
  [
    1380322800000,
    6.112
  ],
  [
    1380495600000,
    5.145
  ],
  [
    1380582000000,
    6.511
  ],
  [
    1380668400000,
    7.45
  ],
  [
    1380754800000,
    7.823
  ],
  [
    1380927600000,
    4.733
  ],
  [
    1381014000000,
    5.213
  ],
  [
    1381100400000,
    4.065
  ],
  [
    1381186800000,
    4.725
  ],
  [
    1381273200000,
    4.688
  ],
  [
    1381359600000,
    6.9
  ],
  [
    1381446000000,
    7.827
  ],
  [
    1381532400000,
    6.6
  ],
  [
    1381618800000,
    5.258
  ],
  [
    1381705200000,
    4.099
  ],
  [
    1381791600000,
    4.897
  ],
  [
    1381878000000,
    6.846
  ],
  [
    1381964400000,
    6.51
  ],
  [
    1382050800000,
    5.68
  ],
  [
    1382137200000,
    6.28
  ],
  [
    1382223600000,
    5.544
  ],
  [
    1382310000000,
    4.637
  ],
  [
    1382396400000,
    4.084
  ],
  [
    1382482800000,
    3.949
  ],
  [
    1382569200000,
    5.595
  ],
  [
    1382655600000,
    5.965
  ],
  [
    1382742000000,
    4.032
  ],
  [
    1382828400000,
    4.82
  ],
  [
    1382918400000,
    5.094
  ],
  [
    1383004800000,
    2.712
  ],
  [
    1383091200000,
    4.11
  ],
  [
    1383177600000,
    4.829
  ],
  [
    1383264000000,
    4.9
  ],
  [
    1383350400000,
    4.665
  ],
  [
    1383436800000,
    4.833
  ],
  [
    1383523200000,
    3.818
  ],
  [
    1383609600000,
    4.929
  ],
  [
    1383782400000,
    4.533
  ],
  [
    1383868800000,
    2.456
  ],
  [
    1383955200000,
    1.962
  ],
  [
    1384041600000,
    1.982
  ],
  [
    1384128000000,
    3.069
  ],
  [
    1384214400000,
    2.522
  ],
  [
    1384300800000,
    2.118
  ],
  [
    1384473600000,
    3.302
  ],
  [
    1384560000000,
    2.696
  ],
  [
    1384646400000,
    1.793
  ],
  [
    1384732800000,
    1.761
  ],
  [
    1384819200000,
    2.286
  ],
  [
    1384905600000,
    2.295
  ],
  [
    1384992000000,
    2.441
  ],
  [
    1385078400000,
    2.519
  ],
  [
    1385164800000,
    2.452
  ],
  [
    1385251200000,
    1.72
  ],
  [
    1385337600000,
    1.49
  ],
  [
    1385424000000,
    1.888
  ],
  [
    1385510400000,
    2.18
  ],
  [
    1385596800000,
    1.985
  ],
  [
    1385683200000,
    2.137
  ],
  [
    1385769600000,
    2.199
  ],
  [
    1385856000000,
    2.153
  ],
  [
    1385942400000,
    1.604
  ],
  [
    1386028800000,
    2.155
  ],
  [
    1386115200000,
    1.948
  ],
  [
    1386201600000,
    1.502
  ],
  [
    1386288000000,
    1.908
  ],
  [
    1386374400000,
    1.79
  ],
  [
    1386460800000,
    1.636
  ],
  [
    1386547200000,
    1.771
  ],
  [
    1386633600000,
    1.647
  ],
  [
    1386720000000,
    1.8
  ],
  [
    1386806400000,
    1.832
  ],
  [
    1386892800000,
    1.797
  ],
  [
    1386979200000,
    2.05
  ],
  [
    1387065600000,
    1.501
  ],
  [
    1387152000000,
    1.416
  ],
  [
    1387238400000,
    1.57
  ],
  [
    1387324800000,
    1.255
  ],
  [
    1387411200000,
    1.74
  ],
  [
    1387497600000,
    1.259
  ],
  [
    1387584000000,
    0.919
  ],
  [
    1387670400000,
    1.244
  ],
  [
    1387756800000,
    1.236
  ],
  [
    1387843200000,
    1.143
  ],
  [
    1387929600000,
    1.093
  ],
  [
    1388016000000,
    1.344
  ],
  [
    1388102400000,
    1.225
  ],
  [
    1388188800000,
    1.007
  ],
  [
    1388275200000,
    0.951
  ],
  [
    1388361600000,
    1.102
  ],
  [
    1388448000000,
    1.172
  ],
  [
    1388534400000,
    1.24
  ],
  [
    1388620800000,
    1.091
  ],
  [
    1388707200000,
    0.91
  ],
  [
    1388793600000,
    1.014
  ],
  [
    1388880000000,
    0.895
  ],
  [
    1388966400000,
    0.974
  ],
  [
    1389052800000,
    0.897
  ],
  [
    1389139200000,
    0.881
  ],
  [
    1389225600000,
    0.94
  ],
  [
    1389312000000,
    1.089
  ],
  [
    1389398400000,
    1.306
  ],
  [
    1389484800000,
    1.204
  ],
  [
    1389571200000,
    0.802
  ],
  [
    1389657600000,
    0.846
  ],
  [
    1389744000000,
    0.989
  ],
  [
    1389830400000,
    0.978
  ],
  [
    1389916800000,
    0.841
  ],
  [
    1390003200000,
    0.942
  ],
  [
    1390089600000,
    0.949
  ],
  [
    1390176000000,
    0.902
  ],
  [
    1390262400000,
    0.891
  ],
  [
    1390348800000,
    0.99
  ],
  [
    1390435200000,
    1.093
  ],
  [
    1390521600000,
    1.062
  ],
  [
    1390608000000,
    0.961
  ],
  [
    1390694400000,
    0.836
  ],
  [
    1390780800000,
    0.853
  ],
  [
    1390867200000,
    0.964
  ],
  [
    1390953600000,
    0.991
  ],
  [
    1391040000000,
    0.842
  ],
  [
    1391126400000,
    0.761
  ],
  [
    1391212800000,
    0.877
  ],
  [
    1391299200000,
    0.771
  ],
  [
    1391385600000,
    0.737
  ],
  [
    1391472000000,
    0.65
  ],
  [
    1391558400000,
    0.695
  ],
  [
    1391644800000,
    0.717
  ],
  [
    1391731200000,
    0.782
  ],
  [
    1391817600000,
    0.851
  ],
  [
    1391904000000,
    0.757
  ],
  [
    1391990400000,
    0.792
  ],
  [
    1392076800000,
    0.63
  ],
  [
    1392163200000,
    0.635
  ],
  [
    1392249600000,
    0.644
  ],
  [
    1392336000000,
    0.703
  ],
  [
    1392422400000,
    0.719
  ],
  [
    1392508800000,
    0.822
  ],
  [
    1392595200000,
    0.747
  ],
  [
    1392681600000,
    0.753
  ],
  [
    1392768000000,
    0.679
  ],
  [
    1392854400000,
    0.751
  ],
  [
    1392940800000,
    0.668
  ],
  [
    1393027200000,
    0.565
  ],
  [
    1393113600000,
    0.51
  ],
  [
    1393200000000,
    0.678
  ],
  [
    1393286400000,
    0.601
  ],
  [
    1393372800000,
    0.652
  ],
  [
    1393459200000,
    0.76
  ],
  [
    1393545600000,
    0.823
  ],
  [
    1393632000000,
    0.891
  ],
  [
    1393718400000,
    0.819
  ],
  [
    1393804800000,
    0.781
  ],
  [
    1393891200000,
    0.792
  ],
  [
    1393977600000,
    0.777
  ],
  [
    1394064000000,
    2.945
  ],
  [
    1394150400000,
    1.108
  ],
  [
    1394236800000,
    1.069
  ],
  [
    1394323200000,
    0.933
  ],
  [
    1394409600000,
    1.058
  ],
  [
    1394496000000,
    0.993
  ],
  [
    1394582400000,
    0.71
  ],
  [
    1394668800000,
    0.87
  ],
  [
    1394755200000,
    0.989
  ],
  [
    1394841600000,
    1.125
  ],
  [
    1394928000000,
    0.665
  ],
  [
    1395014400000,
    0.901
  ],
  [
    1395100800000,
    1.038
  ],
  [
    1395187200000,
    1.106
  ],
  [
    1395273600000,
    1.123
  ],
  [
    1395360000000,
    1.371
  ],
  [
    1395446400000,
    1.209
  ],
  [
    1395532800000,
    1.181
  ],
  [
    1395619200000,
    0.823
  ],
  [
    1395705600000,
    1.175
  ],
  [
    1395792000000,
    1.295
  ],
  [
    1395878400000,
    1.324
  ],
  [
    1395964800000,
    1.437
  ],
  [
    1396051200000,
    1.078
  ],
  [
    1396137600000,
    1.249
  ],
  [
    1396220400000,
    1.278
  ],
  [
    1396306800000,
    1.445
  ],
  [
    1396393200000,
    1.366
  ],
  [
    1396479600000,
    1.387
  ],
  [
    1396566000000,
    1.143
  ],
  [
    1396652400000,
    1.302
  ],
  [
    1396738800000,
    1.32
  ],
  [
    1396825200000,
    1.289
  ],
  [
    1396911600000,
    1.238
  ],
  [
    1396998000000,
    1.395
  ],
  [
    1397084400000,
    1.477
  ],
  [
    1397170800000,
    2.028
  ],
  [
    1397257200000,
    1.723
  ],
  [
    1397343600000,
    1.91
  ],
  [
    1397430000000,
    1.783
  ],
  [
    1397516400000,
    1.691
  ],
  [
    1397602800000,
    1.62
  ],
  [
    1397689200000,
    1.796
  ],
  [
    1397775600000,
    1.524
  ],
  [
    1397862000000,
    1.684
  ],
  [
    1397948400000,
    1.528
  ],
  [
    1398034800000,
    1.499
  ],
  [
    1398121200000,
    1.744
  ],
  [
    1398207600000,
    1.1
  ],
  [
    1398294000000,
    1.61
  ],
  [
    1398380400000,
    1.787
  ],
  [
    1398466800000,
    1.471
  ],
  [
    1398553200000,
    1.735
  ],
  [
    1398639600000,
    1.471
  ],
  [
    1398726000000,
    1.499
  ],
  [
    1398812400000,
    1.515
  ],
  [
    1398898800000,
    1.623
  ],
  [
    1398985200000,
    1.899
  ],
  [
    1399071600000,
    1.939
  ],
  [
    1399158000000,
    1.705
  ],
  [
    1399244400000,
    1.565
  ],
  [
    1399330800000,
    1.33
  ],
  [
    1399417200000,
    1.524
  ],
  [
    1399503600000,
    1.451
  ],
  [
    1399590000000,
    1.543
  ],
  [
    1399676400000,
    1.602
  ],
  [
    1399762800000,
    1.543
  ],
  [
    1399849200000,
    1.256
  ],
  [
    1399935600000,
    1.606
  ],
  [
    1400022000000,
    1.901
  ],
  [
    1400108400000,
    2.245
  ],
  [
    1400194800000,
    2.996
  ],
  [
    1400281200000,
    2.107
  ],
  [
    1400367600000,
    1.9
  ],
  [
    1400454000000,
    1.947
  ],
  [
    1400540400000,
    2.221
  ],
  [
    1400626800000,
    1.873
  ],
  [
    1400713200000,
    2.138
  ],
  [
    1400799600000,
    2.394
  ],
  [
    1400886000000,
    1.927
  ],
  [
    1400972400000,
    1.822
  ],
  [
    1401058800000,
    1.679
  ],
  [
    1401145200000,
    1.224
  ],
  [
    1401231600000,
    1.553
  ],
  [
    1401318000000,
    1.408
  ],
  [
    1401404400000,
    1.635
  ],
  [
    1401490800000,
    1.396
  ],
  [
    1401577200000,
    1.667
  ],
  [
    1401663600000,
    1.625
  ],
  [
    1401750000000,
    1.96
  ],
  [
    1401836400000,
    1.804
  ],
  [
    1401922800000,
    1.698
  ],
  [
    1402009200000,
    1.753
  ],
  [
    1402095600000,
    1.547
  ],
  [
    1402182000000,
    1.832
  ],
  [
    1402268400000,
    1.908
  ],
  [
    1402354800000,
    1.798
  ],
  [
    1402441200000,
    1.925
  ],
  [
    1402527600000,
    1.558
  ],
  [
    1402614000000,
    1.848
  ],
  [
    1402700400000,
    1.968
  ],
  [
    1402873200000,
    1.975
  ],
  [
    1402959600000,
    1.666
  ],
  [
    1403046000000,
    1.493
  ],
  [
    1403132400000,
    1.409
  ],
  [
    1403218800000,
    1.183
  ],
  [
    1403305200000,
    1.187
  ],
  [
    1403391600000,
    0.911
  ],
  [
    1403478000000,
    1.095
  ],
  [
    1403564400000,
    1.543
  ],
  [
    1403650800000,
    1.239
  ],
  [
    1403737200000,
    1.727
  ],
  [
    1403823600000,
    1.595
  ],
  [
    1403910000000,
    1.933
  ],
  [
    1403996400000,
    1.691
  ],
  [
    1404082800000,
    1.001
  ],
  [
    1404169200000,
    1.356
  ],
  [
    1404255600000,
    1.432
  ],
  [
    1404342000000,
    1.201
  ],
  [
    1404428400000,
    1.563
  ],
  [
    1404514800000,
    1.329
  ],
  [
    1404601200000,
    1.542
  ],
  [
    1404687600000,
    1.497
  ],
  [
    1404774000000,
    1.65
  ],
  [
    1404860400000,
    1.846
  ],
  [
    1404946800000,
    2.114
  ],
  [
    1405033200000,
    1.891
  ],
  [
    1405119600000,
    1.552
  ],
  [
    1405206000000,
    1.252
  ],
  [
    1405292400000,
    1.721
  ],
  [
    1405378800000,
    2.265
  ],
  [
    1405465200000,
    1.873
  ],
  [
    1405551600000,
    1.524
  ],
  [
    1405638000000,
    1.706
  ],
  [
    1405724400000,
    1.61
  ],
  [
    1405810800000,
    1.733
  ],
  [
    1405897200000,
    1.679
  ],
  [
    1405983600000,
    1.758
  ],
  [
    1406070000000,
    1.624
  ],
  [
    1406156400000,
    1.732
  ],
  [
    1406242800000,
    2.275
  ],
  [
    1406329200000,
    2.677
  ],
  [
    1406415600000,
    2.197
  ],
  [
    1406502000000,
    2.095
  ],
  [
    1406588400000,
    1.924
  ],
  [
    1406674800000,
    1.529
  ],
  [
    1406761200000,
    1.546
  ],
  [
    1406847600000,
    1.861
  ],
  [
    1406934000000,
    1.931
  ],
  [
    1407020400000,
    1.982
  ],
  [
    1407106800000,
    1.732
  ],
  [
    1407193200000,
    1.709
  ],
  [
    1407279600000,
    1.538
  ],
  [
    1407366000000,
    1.623
  ],
  [
    1407452400000,
    1.637
  ],
  [
    1407538800000,
    1.32
  ],
  [
    1407625200000,
    1.6
  ],
  [
    1407711600000,
    1.664
  ],
  [
    1407798000000,
    1.594
  ],
  [
    1407884400000,
    1.681
  ],
  [
    1407970800000,
    1.883
  ],
  [
    1408057200000,
    1.896
  ],
  [
    1408143600000,
    1.976
  ],
  [
    1408230000000,
    1.896
  ],
  [
    1408316400000,
    1.804
  ],
  [
    1408402800000,
    1.911
  ],
  [
    1408489200000,
    2.04
  ],
  [
    1408575600000,
    2.355
  ],
  [
    1408662000000,
    2.328
  ],
  [
    1408748400000,
    5.187
  ],
  [
    1408921200000,
    2.884
  ],
  [
    1409007600000,
    5.57
  ],
  [
    1409094000000,
    2.848
  ],
  [
    1409180400000,
    2.616
  ],
  [
    1409266800000,
    3.245
  ],
  [
    1409353200000,
    2.607
  ],
  [
    1409439600000,
    2.608
  ],
  [
    1409526000000,
    2.957
  ],
  [
    1409612400000,
    2.336
  ],
  [
    1409698800000,
    2.127
  ],
  [
    1409785200000,
    2.124
  ],
  [
    1409871600000,
    1.788
  ],
  [
    1409958000000,
    2.067
  ],
  [
    1410044400000,
    2.158
  ],
  [
    1410130800000,
    1.812
  ],
  [
    1410217200000,
    1.786
  ],
  [
    1410303600000,
    1.942
  ],
  [
    1410390000000,
    1.983
  ],
  [
    1410476400000,
    1.936
  ],
  [
    1410562800000,
    1.653
  ],
  [
    1410649200000,
    1.714
  ],
  [
    1410735600000,
    2.827
  ],
  [
    1410822000000,
    3.353
  ],
  [
    1410908400000,
    3.086
  ],
  [
    1410994800000,
    1.295
  ],
  [
    1411081200000,
    2.93
  ],
  [
    1411167600000,
    2.393
  ],
  [
    1411254000000,
    2.344
  ],
  [
    1411340400000,
    2.315
  ],
  [
    1411426800000,
    2.446
  ],
  [
    1411513200000,
    2.2
  ],
  [
    1411599600000,
    2.445
  ],
  [
    1411686000000,
    2.796
  ],
  [
    1411772400000,
    2.815
  ],
  [
    1411858800000,
    2.149
  ],
  [
    1411945200000,
    2.225
  ],
  [
    1412031600000,
    2.402
  ],
  [
    1412118000000,
    2.126
  ],
  [
    1412204400000,
    2.403
  ],
  [
    1412290800000,
    1.81
  ],
  [
    1412377200000,
    2.105
  ],
  [
    1412463600000,
    2.263
  ],
  [
    1412550000000,
    1.984
  ],
  [
    1412636400000,
    1.997
  ],
  [
    1412722800000,
    1.851
  ],
  [
    1412809200000,
    1.941
  ],
  [
    1412895600000,
    1.968
  ],
  [
    1412982000000,
    2.155
  ],
  [
    1413068400000,
    1.881
  ],
  [
    1413154800000,
    1.767
  ],
  [
    1413241200000,
    1.698
  ],
  [
    1413327600000,
    1.718
  ],
  [
    1413414000000,
    2.116
  ],
  [
    1413500400000,
    2.035
  ],
  [
    1413586800000,
    2.042
  ],
  [
    1413673200000,
    2.23
  ],
  [
    1413759600000,
    1.955
  ],
  [
    1413846000000,
    2.004
  ],
  [
    1413932400000,
    2.084
  ],
  [
    1414018800000,
    2.119
  ],
  [
    1414105200000,
    1.49
  ],
  [
    1414191600000,
    1.869
  ],
  [
    1414278000000,
    1.906
  ],
  [
    1414368000000,
    1.441
  ],
  [
    1414454400000,
    1.703
  ],
  [
    1414540800000,
    1.699
  ],
  [
    1414627200000,
    1.779
  ],
  [
    1414713600000,
    1.925
  ],
  [
    1414800000000,
    1.719
  ],
  [
    1414886400000,
    1.828
  ],
  [
    1414972800000,
    1.683
  ],
  [
    1415059200000,
    1.583
  ],
  [
    1415145600000,
    1.742
  ],
  [
    1415232000000,
    1.651
  ],
  [
    1415318400000,
    1.658
  ],
  [
    1415404800000,
    1.707
  ],
  [
    1415491200000,
    1.858
  ],
  [
    1415577600000,
    1.752
  ],
  [
    1415664000000,
    1.999
  ],
  [
    1415750400000,
    2.175
  ],
  [
    1415836800000,
    1.952
  ],
  [
    1415923200000,
    1.275
  ],
  [
    1416009600000,
    1.845
  ],
  [
    1416096000000,
    1.748
  ],
  [
    1416182400000,
    1.418
  ],
  [
    1416268800000,
    1.587
  ],
  [
    1416355200000,
    1.931
  ],
  [
    1416441600000,
    1.885
  ],
  [
    1416614400000,
    1.715
  ],
  [
    1416700800000,
    2.439
  ],
  [
    1416787200000,
    1.685
  ],
  [
    1416873600000,
    1.649
  ],
  [
    1416960000000,
    1.957
  ],
  [
    1417046400000,
    1.843
  ],
  [
    1417132800000,
    1.514
  ],
  [
    1417219200000,
    2.004
  ],
  [
    1417305600000,
    1.454
  ],
  [
    1417392000000,
    1.219
  ],
  [
    1417478400000,
    1.603
  ],
  [
    1417564800000,
    2.108
  ],
  [
    1417651200000,
    1.854
  ],
  [
    1417737600000,
    1.994
  ],
  [
    1417824000000,
    2.147
  ],
  [
    1417910400000,
    2.151
  ],
  [
    1417996800000,
    2.485
  ],
  [
    1418083200000,
    2.297
  ],
  [
    1418169600000,
    2.263
  ],
  [
    1418256000000,
    2.38
  ],
  [
    1418342400000,
    2.697
  ],
  [
    1418428800000,
    2.771
  ],
  [
    1418515200000,
    2.143
  ],
  [
    1418601600000,
    2.439
  ],
  [
    1418688000000,
    1.733
  ],
  [
    1418774400000,
    2.233
  ],
  [
    1418860800000,
    2.035
  ],
  [
    1418947200000,
    2.161
  ],
  [
    1419033600000,
    2.213
  ],
  [
    1419120000000,
    2.87
  ],
  [
    1419206400000,
    2.455
  ],
  [
    1419292800000,
    2.461
  ],
  [
    1419379200000,
    2.653
  ],
  [
    1419465600000,
    2.711
  ],
  [
    1419552000000,
    2.173
  ],
  [
    1419638400000,
    2.616
  ],
  [
    1419724800000,
    2.195
  ],
  [
    1419811200000,
    1.894
  ],
  [
    1419897600000,
    1.781
  ],
  [
    1419984000000,
    1.917
  ],
  [
    1420070400000,
    2.301
  ],
  [
    1420156800000,
    2.439
  ],
  [
    1420243200000,
    2.693
  ],
  [
    1420329600000,
    2.388
  ],
  [
    1420416000000,
    2.461
  ],
  [
    1420502400000,
    2.677
  ],
  [
    1420588800000,
    2.454
  ],
  [
    1420675200000,
    2.281
  ],
  [
    1420761600000,
    2.359
  ],
  [
    1420848000000,
    2.533
  ],
  [
    1420934400000,
    2.673
  ],
  [
    1421020800000,
    2.386
  ],
  [
    1421107200000,
    2.397
  ],
  [
    1421193600000,
    2.402
  ],
  [
    1421280000000,
    2.754
  ],
  [
    1421366400000,
    2.822
  ],
  [
    1421452800000,
    2.625
  ],
  [
    1421539200000,
    1.978
  ],
  [
    1421625600000,
    2.33
  ],
  [
    1421712000000,
    2.564
  ],
  [
    1421798400000,
    2.588
  ],
  [
    1421884800000,
    2.591
  ],
  [
    1421971200000,
    2.496
  ],
  [
    1422057600000,
    2.65
  ],
  [
    1422144000000,
    2.452
  ],
  [
    1422230400000,
    2.802
  ],
  [
    1422316800000,
    2.723
  ],
  [
    1422403200000,
    1.864
  ],
  [
    1422489600000,
    2.931
  ],
  [
    1422576000000,
    2.917
  ],
  [
    1422662400000,
    3.526
  ],
  [
    1422748800000,
    2.504
  ],
  [
    1422835200000,
    2.62
  ],
  [
    1422921600000,
    2.802
  ],
  [
    1423008000000,
    2.619
  ],
  [
    1423094400000,
    2.685
  ],
  [
    1423180800000,
    2.552
  ],
  [
    1423267200000,
    2.782
  ],
  [
    1423353600000,
    2.669
  ],
  [
    1423440000000,
    2.912
  ],
  [
    1423526400000,
    2.756
  ],
  [
    1423612800000,
    3.117
  ],
  [
    1423699200000,
    3.826
  ],
  [
    1423785600000,
    2.998
  ],
  [
    1423872000000,
    2.954
  ],
  [
    1423958400000,
    3.033
  ],
  [
    1424044800000,
    2.794
  ],
  [
    1424131200000,
    3.112
  ],
  [
    1424217600000,
    3.322
  ],
  [
    1424304000000,
    3.139
  ],
  [
    1424390400000,
    3.791
  ],
  [
    1424476800000,
    3.921
  ],
  [
    1424736000000,
    3.664
  ],
  [
    1424822400000,
    3.761
  ],
  [
    1424908800000,
    3.67
  ],
  [
    1424995200000,
    3.529
  ],
  [
    1425168000000,
    3.701
  ],
  [
    1425254400000,
    3.634
  ],
  [
    1425340800000,
    3.971
  ],
  [
    1425427200000,
    4.729
  ],
  [
    1425513600000,
    6.833
  ],
  [
    1425600000000,
    6.122
  ],
  [
    1425772800000,
    5.822
  ],
  [
    1426032000000,
    5.373
  ],
  [
    1426118400000,
    5.793
  ],
  [
    1426204800000,
    4.949
  ],
  [
    1426464000000,
    4.112
  ],
  [
    1426550400000,
    4.089
  ],
  [
    1426636800000,
    3.059
  ],
  [
    1426809600000,
    4.017
  ],
  [
    1426896000000,
    4.673
  ],
  [
    1426982400000,
    4.048
  ],
  [
    1427068800000,
    3.605
  ],
  [
    1427155200000,
    3.749
  ],
  [
    1427241600000,
    4.4
  ],
  [
    1427328000000,
    4.735
  ],
  [
    1427414400000,
    4.772
  ],
  [
    1427500800000,
    3.835
  ],
  [
    1427587200000,
    4.327
  ],
  [
    1427670000000,
    4.493
  ],
  [
    1427756400000,
    4.365
  ],
  [
    1427842800000,
    4.244
  ],
  [
    1427929200000,
    4.306
  ],
  [
    1428015600000,
    4.147
  ],
  [
    1428102000000,
    3.85
  ],
  [
    1428188400000,
    4.67
  ],
  [
    1428274800000,
    4.209
  ],
  [
    1428361200000,
    4.28
  ],
  [
    1428447600000,
    3.788
  ],
  [
    1428534000000,
    3.741
  ],
  [
    1428620400000,
    3.994
  ],
  [
    1428706800000,
    3.876
  ],
  [
    1428793200000,
    3.923
  ],
  [
    1428879600000,
    3.956
  ],
  [
    1428966000000,
    3.418
  ],
  [
    1429052400000,
    3.975
  ],
  [
    1429138800000,
    3.202
  ],
  [
    1429225200000,
    3.164
  ],
  [
    1429311600000,
    2.373
  ],
  [
    1429398000000,
    3.1
  ],
  [
    1429484400000,
    3.216
  ],
  [
    1429570800000,
    2.915
  ],
  [
    1429657200000,
    2.974
  ],
  [
    1429743600000,
    3.017
  ],
  [
    1429830000000,
    3.036
  ],
  [
    1429916400000,
    3.087
  ],
  [
    1430002800000,
    3.19
  ],
  [
    1430089200000,
    3.228
  ],
  [
    1430175600000,
    3.224
  ],
  [
    1430262000000,
    3.398
  ],
  [
    1430348400000,
    3.395
  ],
  [
    1430434800000,
    3.469
  ],
  [
    1430521200000,
    3.058
  ],
  [
    1430607600000,
    3.198
  ],
  [
    1430694000000,
    2.913
  ],
  [
    1430780400000,
    2.866
  ],
  [
    1430866800000,
    3.087
  ],
  [
    1430953200000,
    3.671
  ],
  [
    1431039600000,
    3.127
  ],
  [
    1431126000000,
    3.317
  ],
  [
    1431212400000,
    3.785
  ],
  [
    1431298800000,
    3.396
  ],
  [
    1431385200000,
    4.232
  ],
  [
    1431471600000,
    3.3
  ],
  [
    1431558000000,
    3.087
  ],
  [
    1431644400000,
    3.442
  ],
  [
    1431730800000,
    3.015
  ],
  [
    1431817200000,
    3.437
  ],
  [
    1431903600000,
    3.204
  ],
  [
    1431990000000,
    3.14
  ],
  [
    1432076400000,
    3.223
  ],
  [
    1432162800000,
    3.083
  ],
  [
    1432249200000,
    2.8
  ],
  [
    1432335600000,
    2.795
  ],
  [
    1432422000000,
    2.892
  ],
  [
    1432508400000,
    3.33
  ],
  [
    1432594800000,
    2.994
  ],
  [
    1432681200000,
    2.936
  ],
  [
    1432767600000,
    2.26
  ],
  [
    1432854000000,
    2.519
  ],
  [
    1432940400000,
    3.065
  ],
  [
    1433026800000,
    3.122
  ],
  [
    1433113200000,
    3.174
  ],
  [
    1433199600000,
    2.728
  ],
  [
    1433286000000,
    2.841
  ],
  [
    1433372400000,
    2.775
  ],
  [
    1433458800000,
    2.485
  ],
  [
    1433545200000,
    3.001
  ],
  [
    1433631600000,
    2.46
  ],
  [
    1433718000000,
    2.464
  ],
  [
    1433804400000,
    2.96
  ],
  [
    1433890800000,
    2.577
  ],
  [
    1433977200000,
    2.556
  ],
  [
    1434063600000,
    2.565
  ],
  [
    1434150000000,
    2.069
  ],
  [
    1434236400000,
    2.304
  ],
  [
    1434322800000,
    2.231
  ],
  [
    1434409200000,
    2.036
  ],
  [
    1434495600000,
    2.286
  ],
  [
    1434582000000,
    2.192
  ],
  [
    1434668400000,
    2.333
  ],
  [
    1434754800000,
    2.479
  ],
  [
    1434841200000,
    2.396
  ],
  [
    1434927600000,
    2.703
  ],
  [
    1435014000000,
    2.618
  ],
  [
    1435100400000,
    2.613
  ],
  [
    1435186800000,
    2.441
  ],
  [
    1435273200000,
    2.87
  ],
  [
    1435359600000,
    3.37
  ],
  [
    1435446000000,
    2.608
  ],
  [
    1435532400000,
    2.945
  ],
  [
    1435618800000,
    3.061
  ],
  [
    1435705200000,
    2.493
  ],
  [
    1435791600000,
    2.884
  ],
  [
    1435878000000,
    3.151
  ],
  [
    1435964400000,
    2.949
  ],
  [
    1436050800000,
    3.306
  ],
  [
    1436137200000,
    3.361
  ],
  [
    1436223600000,
    3.307
  ],
  [
    1436310000000,
    3.395
  ],
  [
    1436396400000,
    3.419
  ],
  [
    1436482800000,
    3.617
  ],
  [
    1436569200000,
    3.534
  ],
  [
    1436655600000,
    3.676
  ],
  [
    1436742000000,
    3.53
  ],
  [
    1436828400000,
    3.692
  ],
  [
    1436914800000,
    4.268
  ],
  [
    1437001200000,
    3.872
  ],
  [
    1437087600000,
    3.4
  ],
  [
    1437174000000,
    3.766
  ],
  [
    1437260400000,
    3.725
  ],
  [
    1437346800000,
    3.395
  ],
  [
    1437433200000,
    3.729
  ],
  [
    1437519600000,
    2.818
  ],
  [
    1437606000000,
    3.109
  ],
  [
    1437692400000,
    3.065
  ],
  [
    1437778800000,
    3.657
  ],
  [
    1437865200000,
    3.76
  ],
  [
    1437951600000,
    2.5
  ],
  [
    1438038000000,
    3.251
  ],
  [
    1438124400000,
    3.384
  ],
  [
    1438210800000,
    3.985
  ],
  [
    1438297200000,
    4.101
  ],
  [
    1438383600000,
    3.031
  ],
  [
    1438470000000,
    3.683
  ],
  [
    1438642800000,
    3.123
  ],
  [
    1438729200000,
    2.85
  ],
  [
    1438815600000,
    2.73
  ],
  [
    1438902000000,
    2.783
  ],
  [
    1438988400000,
    2.881
  ],
  [
    1439074800000,
    2.687
  ],
  [
    1439161200000,
    2.583
  ],
  [
    1439247600000,
    2.902
  ],
  [
    1439334000000,
    2.924
  ],
  [
    1439420400000,
    3.044
  ],
  [
    1439506800000,
    2.963
  ],
  [
    1439593200000,
    2.733
  ],
  [
    1439679600000,
    2.539
  ],
  [
    1439766000000,
    2.622
  ],
  [
    1439852400000,
    2.512
  ],
  [
    1439938800000,
    2.799
  ],
  [
    1440025200000,
    2.798
  ],
  [
    1440111600000,
    2.887
  ],
  [
    1440198000000,
    2.405
  ],
  [
    1440284400000,
    2.471
  ],
  [
    1440370800000,
    2.961
  ],
  [
    1440457200000,
    2.469
  ],
  [
    1440543600000,
    2.964
  ],
  [
    1440630000000,
    2.837
  ],
  [
    1440716400000,
    2.693
  ],
  [
    1440802800000,
    2.601
  ],
  [
    1440889200000,
    2.733
  ],
  [
    1440975600000,
    2.652
  ],
  [
    1441062000000,
    3.265
  ],
  [
    1441148400000,
    2.945
  ],
  [
    1441234800000,
    2.99
  ],
  [
    1441321200000,
    3.307
  ],
  [
    1441407600000,
    3.797
  ],
  [
    1441494000000,
    3.925
  ],
  [
    1441580400000,
    3.403
  ],
  [
    1441666800000,
    3.629
  ],
  [
    1441753200000,
    4.4
  ],
  [
    1441839600000,
    3.761
  ],
  [
    1441926000000,
    3.38
  ],
  [
    1442012400000,
    3.751
  ],
  [
    1442098800000,
    3.301
  ],
  [
    1442185200000,
    3.397
  ],
  [
    1442271600000,
    2.99
  ],
  [
    1442358000000,
    3.137
  ],
  [
    1442444400000,
    3.349
  ],
  [
    1442530800000,
    2.997
  ],
  [
    1442617200000,
    3.032
  ],
  [
    1442703600000,
    2.905
  ],
  [
    1442790000000,
    3.09
  ],
  [
    1442876400000,
    3.064
  ],
  [
    1442962800000,
    2.693
  ],
  [
    1443049200000,
    2.553
  ],
  [
    1443135600000,
    2.25
  ],
  [
    1443222000000,
    2.894
  ],
  [
    1443308400000,
    3.105
  ],
  [
    1443394800000,
    3.438
  ],
  [
    1443481200000,
    3.143
  ],
  [
    1443567600000,
    2.646
  ],
  [
    1443654000000,
    3.69
  ],
  [
    1443740400000,
    3.274
  ],
  [
    1443913200000,
    2.827
  ],
  [
    1443999600000,
    2.991
  ],
  [
    1444086000000,
    2.464
  ],
  [
    1444172400000,
    2.741
  ],
  [
    1444258800000,
    2.969
  ],
  [
    1444345200000,
    3.081
  ],
  [
    1444431600000,
    3.24
  ],
  [
    1444518000000,
    3.26
  ],
  [
    1444604400000,
    2.941
  ],
  [
    1444690800000,
    3.222
  ],
  [
    1444777200000,
    3.2
  ],
  [
    1444863600000,
    3.311
  ],
  [
    1444950000000,
    3.09
  ],
  [
    1445036400000,
    2.663
  ],
  [
    1445122800000,
    2.97
  ],
  [
    1445209200000,
    2.393
  ],
  [
    1445295600000,
    2.834
  ],
  [
    1445382000000,
    3.139
  ],
  [
    1445468400000,
    3.072
  ],
  [
    1445554800000,
    2.965
  ],
  [
    1445641200000,
    2.868
  ],
  [
    1445727600000,
    2.97
  ],
  [
    1445817600000,
    3.134
  ],
  [
    1445904000000,
    3.09
  ],
  [
    1445990400000,
    3.062
  ],
  [
    1446076800000,
    3.131
  ],
  [
    1446163200000,
    3.674
  ],
  [
    1446249600000,
    3.158
  ],
  [
    1446336000000,
    2.489
  ],
  [
    1446422400000,
    2.785
  ],
  [
    1446508800000,
    2.725
  ],
  [
    1446595200000,
    3.056
  ],
  [
    1446681600000,
    2.71
  ],
  [
    1446768000000,
    3.232
  ],
  [
    1446854400000,
    3.327
  ],
  [
    1446940800000,
    3.131
  ],
  [
    1447027200000,
    3.457
  ],
  [
    1447113600000,
    3.466
  ],
  [
    1447200000000,
    3.38
  ],
  [
    1447286400000,
    3.436
  ],
  [
    1447459200000,
    3.009
  ],
  [
    1447545600000,
    2.766
  ],
  [
    1447632000000,
    3.014
  ],
  [
    1447718400000,
    3.303
  ],
  [
    1447804800000,
    3.359
  ],
  [
    1447891200000,
    2.739
  ],
  [
    1447977600000,
    2.955
  ],
  [
    1448064000000,
    3.271
  ],
  [
    1448150400000,
    3.404
  ],
  [
    1448236800000,
    3.657
  ],
  [
    1448323200000,
    3.632
  ],
  [
    1448409600000,
    3.517
  ],
  [
    1448496000000,
    3.448
  ],
  [
    1448582400000,
    3.287
  ],
  [
    1448668800000,
    3.378
  ],
  [
    1448841600000,
    3.273
  ],
  [
    1448928000000,
    3.556
  ],
  [
    1449014400000,
    3.45
  ],
  [
    1449100800000,
    3.625
  ],
  [
    1449187200000,
    3.925
  ],
  [
    1449273600000,
    5.855
  ],
  [
    1449360000000,
    5.17
  ],
  [
    1449446400000,
    3.293
  ],
  [
    1449532800000,
    4.602
  ],
  [
    1449619200000,
    3.107
  ],
  [
    1449705600000,
    4.026
  ],
  [
    1449792000000,
    4.284
  ],
  [
    1449878400000,
    3.955
  ],
  [
    1449964800000,
    3.708
  ],
  [
    1450051200000,
    3.79
  ],
  [
    1450137600000,
    3.434
  ],
  [
    1450224000000,
    3.733
  ],
  [
    1450310400000,
    3.802
  ],
  [
    1450396800000,
    3.74
  ],
  [
    1450483200000,
    4.745
  ],
  [
    1450569600000,
    4.073
  ],
  [
    1450656000000,
    3.464
  ],
  [
    1450742400000,
    3.457
  ],
  [
    1450828800000,
    3.452
  ],
  [
    1450915200000,
    3.062
  ],
  [
    1451001600000,
    3.545
  ],
  [
    1451088000000,
    3.911
  ],
  [
    1451174400000,
    4.003
  ],
  [
    1451260800000,
    3.19
  ],
  [
    1451347200000,
    2.968
  ],
  [
    1451433600000,
    3.037
  ],
  [
    1451520000000,
    3.395
  ],
  [
    1451606400000,
    3.803
  ],
  [
    1451692800000,
    3.228
  ],
  [
    1451779200000,
    3.355
  ],
  [
    1451865600000,
    3.702
  ],
  [
    1451952000000,
    3.484
  ],
  [
    1452038400000,
    4.064
  ],
  [
    1452124800000,
    3.62
  ],
  [
    1452211200000,
    2.428
  ],
  [
    1452297600000,
    3.546
  ],
  [
    1452384000000,
    3.438
  ],
  [
    1452470400000,
    3.713
  ],
  [
    1452556800000,
    4.049
  ],
  [
    1452729600000,
    5.1
  ],
  [
    1452816000000,
    4.709
  ],
  [
    1452902400000,
    4.007
  ],
  [
    1452988800000,
    4.66
  ],
  [
    1453075200000,
    4.394
  ],
  [
    1453161600000,
    3.954
  ],
  [
    1453248000000,
    3.481
  ],
  [
    1453334400000,
    4.368
  ],
  [
    1453507200000,
    4.281
  ],
  [
    1453593600000,
    4.386
  ],
  [
    1453680000000,
    3.885
  ],
  [
    1453766400000,
    3.631
  ],
  [
    1453852800000,
    4.04
  ],
  [
    1453939200000,
    3.611
  ],
  [
    1454025600000,
    2.905
  ],
  [
    1454112000000,
    3.894
  ],
  [
    1454198400000,
    3.696
  ],
  [
    1454284800000,
    3.98
  ],
  [
    1454371200000,
    3.959
  ],
  [
    1454457600000,
    2.78
  ],
  [
    1454544000000,
    3.787
  ],
  [
    1454630400000,
    4.022
  ],
  [
    1454716800000,
    4.221
  ],
  [
    1454803200000,
    4.086
  ],
  [
    1454889600000,
    3.262
  ],
  [
    1454976000000,
    3.49
  ],
  [
    1455148800000,
    2.579
  ],
  [
    1455235200000,
    3.12
  ],
  [
    1455321600000,
    3.435
  ],
  [
    1455408000000,
    3.933
  ],
  [
    1455494400000,
    4.075
  ],
  [
    1455580800000,
    3.864
  ],
  [
    1455667200000,
    4.564
  ],
  [
    1455753600000,
    2.672
  ],
  [
    1455840000000,
    3.435
  ],
  [
    1455926400000,
    3.062
  ],
  [
    1456012800000,
    3.44
  ],
  [
    1456099200000,
    2.2
  ],
  [
    1456185600000,
    2.605
  ],
  [
    1456272000000,
    2.966
  ],
  [
    1456358400000,
    2.47
  ],
  [
    1456444800000,
    3.263
  ],
  [
    1456531200000,
    2.982
  ],
  [
    1456617600000,
    3.011
  ],
  [
    1456704000000,
    3.203
  ],
  [
    1456790400000,
    3.327
  ],
  [
    1456876800000,
    3.152
  ],
  [
    1456963200000,
    3.425
  ],
  [
    1457049600000,
    3.457
  ],
  [
    1457136000000,
    3.193
  ],
  [
    1457222400000,
    4.107
  ],
  [
    1457308800000,
    4.036
  ],
  [
    1457481600000,
    3.265
  ],
  [
    1457568000000,
    3.955
  ],
  [
    1457654400000,
    4.09
  ],
  [
    1457740800000,
    4.79
  ],
  [
    1457827200000,
    3.419
  ],
  [
    1457913600000,
    3.756
  ],
  [
    1458000000000,
    3.065
  ],
  [
    1458086400000,
    5.334
  ],
  [
    1458259200000,
    4.493
  ],
  [
    1458432000000,
    5.534
  ],
  [
    1458518400000,
    4.665
  ],
  [
    1458604800000,
    4.795
  ],
  [
    1458691200000,
    5.213
  ],
  [
    1458777600000,
    5.132
  ],
  [
    1458864000000,
    2.56
  ],
  [
    1459036800000,
    4.75
  ],
  [
    1459119600000,
    3.447
  ],
  [
    1459206000000,
    3.969
  ],
  [
    1459292400000,
    4.06
  ],
  [
    1459465200000,
    3.692
  ],
  [
    1459551600000,
    4.26
  ],
  [
    1459724400000,
    3.243
  ],
  [
    1459810800000,
    3.918
  ],
  [
    1459897200000,
    3.921
  ],
  [
    1459983600000,
    3.895
  ],
  [
    1460070000000,
    3.882
  ],
  [
    1460156400000,
    4.055
  ],
  [
    1460242800000,
    4.075
  ],
  [
    1460415600000,
    5.076
  ],
  [
    1460502000000,
    6.22
  ],
  [
    1460588400000,
    4.57
  ],
  [
    1460674800000,
    5.45
  ],
  [
    1460761200000,
    4.599
  ],
  [
    1460847600000,
    8.491
  ],
  [
    1461193200000,
    7.393
  ],
  [
    1461279600000,
    7.84
  ],
  [
    1461366000000,
    4.355
  ],
  [
    1461452400000,
    5.597
  ],
  [
    1461538800000,
    5.954
  ],
  [
    1461625200000,
    6.74
  ],
  [
    1461711600000,
    7.01
  ],
  [
    1461884400000,
    5.113
  ],
  [
    1462057200000,
    4.316
  ],
  [
    1462143600000,
    4.33
  ],
  [
    1462230000000,
    5.368
  ],
  [
    1462316400000,
    5.03
  ],
  [
    1462402800000,
    5.03
  ],
  [
    1462489200000,
    4.25
  ],
  [
    1462575600000,
    4.09
  ],
  [
    1462662000000,
    4.818
  ],
  [
    1462748400000,
    5.59
  ],
  [
    1462834800000,
    5.604
  ],
  [
    1462921200000,
    5.667
  ],
  [
    1463094000000,
    4.17
  ],
  [
    1463180400000,
    5.76
  ],
  [
    1463266800000,
    6.167
  ],
  [
    1463353200000,
    7.887
  ],
  [
    1463526000000,
    39.538
  ],
  [
    1463785200000,
    7.404
  ],
  [
    1463871600000,
    6.2
  ],
  [
    1464044400000,
    4.47
  ],
  [
    1464130800000,
    6.612
  ],
  [
    1464217200000,
    6.425
  ],
  [
    1464303600000,
    4.46
  ],
  [
    1464390000000,
    6.421
  ],
  [
    1464735600000,
    5.605
  ],
  [
    1464822000000,
    5.062
  ],
  [
    1464994800000,
    4.2
  ],
  [
    1465081200000,
    4.673
  ],
  [
    1465254000000,
    6.092
  ],
  [
    1465340400000,
    6.113
  ],
  [
    1465426800000,
    6.115
  ],
  [
    1465599600000,
    3.975
  ],
  [
    1465686000000,
    4.432
  ],
  [
    1465772400000,
    4.543
  ],
  [
    1465858800000,
    4.473
  ],
  [
    1465945200000,
    4.8
  ],
  [
    1466031600000,
    4.766
  ],
  [
    1466118000000,
    4.6
  ],
  [
    1466204400000,
    4.655
  ],
  [
    1466290800000,
    4.63
  ],
  [
    1466377200000,
    4.267
  ],
  [
    1466463600000,
    4.65
  ],
  [
    1466550000000,
    4.65
  ],
  [
    1466722800000,
    4.202
  ],
  [
    1466809200000,
    4.547
  ],
  [
    1466895600000,
    4.74
  ],
  [
    1466982000000,
    4.289
  ],
  [
    1467068400000,
    4.73
  ],
  [
    1467241200000,
    2.5
  ],
  [
    1467327600000,
    9.846
  ],
  [
    1467414000000,
    2.7
  ],
  [
    1467500400000,
    2.943
  ],
  [
    1467586800000,
    2.998
  ],
  [
    1467673200000,
    3.45
  ],
  [
    1467759600000,
    3.311
  ],
  [
    1467846000000,
    3.17
  ],
  [
    1467932400000,
    3.464
  ],
  [
    1468018800000,
    3.8
  ],
  [
    1468105200000,
    3.503
  ],
  [
    1468191600000,
    3.068
  ],
  [
    1468364400000,
    4.003
  ],
  [
    1468450800000,
    3.41
  ],
  [
    1468710000000,
    3.815
  ],
  [
    1468796400000,
    4.031
  ],
  [
    1468882800000,
    3.792
  ],
  [
    1469142000000,
    3.898
  ],
  [
    1469314800000,
    3.5
  ],
  [
    1469401200000,
    3.903
  ],
  [
    1469487600000,
    3.22
  ],
  [
    1469660400000,
    3.631
  ],
  [
    1469746800000,
    3.827
  ],
  [
    1470006000000,
    3.75
  ],
  [
    1470092400000,
    3.935
  ],
  [
    1470178800000,
    3.852
  ],
  [
    1470265200000,
    4.439
  ],
  [
    1470438000000,
    4.384
  ],
  [
    1470524400000,
    3.937
  ],
  [
    1470610800000,
    4.355
  ],
  [
    1470697200000,
    4.428
  ],
  [
    1470870000000,
    3.819
  ],
  [
    1470956400000,
    4.225
  ],
  [
    1471042800000,
    4.225
  ],
  [
    1471129200000,
    3.74
  ],
  [
    1471215600000,
    3.531
  ],
  [
    1471302000000,
    3.726
  ],
  [
    1471388400000,
    3.501
  ],
  [
    1471474800000,
    3.91
  ],
  [
    1471561200000,
    3.932
  ],
  [
    1471734000000,
    3.844
  ],
  [
    1471820400000,
    3.85
  ],
  [
    1471906800000,
    3.854
  ],
  [
    1471993200000,
    3.708
  ],
  [
    1472079600000,
    3.874
  ],
  [
    1472166000000,
    3.419
  ],
  [
    1472252400000,
    3.83
  ],
  [
    1472338800000,
    3.84
  ],
  [
    1472425200000,
    3.917
  ],
  [
    1472511600000,
    3.265
  ],
  [
    1472598000000,
    3.892
  ],
  [
    1472684400000,
    3.742
  ],
  [
    1472770800000,
    3.17
  ],
  [
    1472943600000,
    3.38
  ],
  [
    1473030000000,
    3.36
  ],
  [
    1473116400000,
    3.677
  ],
  [
    1473289200000,
    3.445
  ],
  [
    1473375600000,
    3.316
  ],
  [
    1473462000000,
    3.362
  ],
  [
    1473634800000,
    3.166
  ],
  [
    1473807600000,
    3.259
  ],
  [
    1473894000000,
    3.31
  ],
  [
    1473980400000,
    3.317
  ],
  [
    1474066800000,
    3.334
  ],
  [
    1474153200000,
    3.399
  ],
  [
    1474239600000,
    3.802
  ],
  [
    1474326000000,
    3.122
  ],
  [
    1474412400000,
    3.47
  ],
  [
    1474498800000,
    2.925
  ],
  [
    1474585200000,
    2.84
  ],
  [
    1474671600000,
    3.411
  ],
  [
    1474758000000,
    3.79
  ],
  [
    1474930800000,
    3.623
  ],
  [
    1475017200000,
    3.973
  ],
  [
    1475103600000,
    3.187
  ],
  [
    1475276400000,
    3.915
  ],
  [
    1475362800000,
    3.502
  ],
  [
    1475449200000,
    3.57
  ],
  [
    1475535600000,
    3.313
  ],
  [
    1475622000000,
    3.94
  ],
  [
    1475881200000,
    4.063
  ],
  [
    1476054000000,
    4.44
  ],
  [
    1476313200000,
    4.176
  ],
  [
    1476399600000,
    4.176
  ],
  [
    1476486000000,
    4.461
  ],
  [
    1477004400000,
    4.709
  ],
  [
    1477177200000,
    5.016
  ],
  [
    1477263600000,
    5.753
  ],
  [
    1477436400000,
    3.51
  ],
  [
    1477695600000,
    4.19
  ],
  [
    1477782000000,
    3.137
  ],
  [
    1477872000000,
    3.975
  ],
  [
    1477958400000,
    3.279
  ],
  [
    1478217600000,
    3.266
  ],
  [
    1478304000000,
    3.235
  ],
  [
    1478390400000,
    3.115
  ],
  [
    1478476800000,
    3.512
  ],
  [
    1478822400000,
    3.402
  ],
  [
    1478908800000,
    3.178
  ],
  [
    1478995200000,
    3.42
  ],
  [
    1479168000000,
    4.402
  ],
  [
    1479600000000,
    3.497
  ],
  [
    1479686400000,
    5.773
  ],
  [
    1479772800000,
    2.68
  ],
  [
    1479945600000,
    4.082
  ],
  [
    1480032000000,
    3.475
  ],
  [
    1480118400000,
    4.153
  ],
  [
    1480377600000,
    2.797
  ],
  [
    1480464000000,
    2.91
  ],
  [
    1480550400000,
    3.703
  ],
  [
    1480636800000,
    3.34
  ],
  [
    1480723200000,
    3.96
  ],
  [
    1480809600000,
    3.91
  ],
  [
    1480896000000,
    3.449
  ],
  [
    1480982400000,
    3.438
  ],
  [
    1481068800000,
    2.71
  ],
  [
    1481241600000,
    3.196
  ],
  [
    1481328000000,
    3.645
  ],
  [
    1481414400000,
    2.967
  ],
  [
    1481500800000,
    2.939
  ],
  [
    1481760000000,
    3.85
  ],
  [
    1482105600000,
    3.508
  ],
  [
    1482278400000,
    3.858
  ],
  [
    1482364800000,
    3.059
  ],
  [
    1482624000000,
    3.775
  ],
  [
    1482710400000,
    3.127
  ],
  [
    1482796800000,
    3.751
  ],
  [
    1482969600000,
    2.989
  ],
  [
    1483056000000,
    3.319
  ],
  [
    1483228800000,
    3.48
  ],
  [
    1483401600000,
    3.377
  ],
  [
    1483488000000,
    3.22
  ],
  [
    1483574400000,
    3.81
  ],
  [
    1483660800000,
    3.81
  ],
  [
    1483747200000,
    3.63
  ],
  [
    1483833600000,
    3.544
  ],
  [
    1483920000000,
    3.317
  ],
  [
    1484006400000,
    2.414
  ],
  [
    1484179200000,
    3.186
  ],
  [
    1484265600000,
    3.395
  ],
  [
    1484352000000,
    3.315
  ],
  [
    1484438400000,
    2.39
  ],
  [
    1484524800000,
    3.579
  ],
  [
    1484697600000,
    2.961
  ],
  [
    1484870400000,
    3.56
  ],
  [
    1484956800000,
    3.512
  ],
  [
    1485043200000,
    3.511
  ],
  [
    1485129600000,
    3.142
  ],
  [
    1485216000000,
    3.176
  ],
  [
    1485302400000,
    3.602
  ],
  [
    1485388800000,
    2.71
  ],
  [
    1485561600000,
    3.324
  ],
  [
    1485648000000,
    3.187
  ],
  [
    1485734400000,
    3.86
  ],
  [
    1485820800000,
    3.76
  ],
  [
    1485907200000,
    3.796
  ],
  [
    1485993600000,
    3.981
  ],
  [
    1486080000000,
    2.554
  ],
  [
    1486166400000,
    3.81
  ],
  [
    1486339200000,
    3.806
  ],
  [
    1486425600000,
    3.826
  ],
  [
    1486512000000,
    3.735
  ],
  [
    1486598400000,
    4
  ],
  [
    1486684800000,
    3.634
  ],
  [
    1486771200000,
    3.338
  ],
  [
    1486857600000,
    3.876
  ],
  [
    1487030400000,
    3.358
  ],
  [
    1487116800000,
    3.63
  ],
  [
    1487203200000,
    3.665
  ],
  [
    1487289600000,
    3.856
  ],
  [
    1487462400000,
    3.865
  ],
  [
    1487548800000,
    4.049
  ],
  [
    1487721600000,
    3.15
  ],
  [
    1487980800000,
    3.1
  ],
  [
    1488153600000,
    3.859
  ],
  [
    1488240000000,
    3.199
  ],
  [
    1488326400000,
    3.71
  ],
  [
    1488412800000,
    3.683
  ],
  [
    1488499200000,
    3.842
  ],
  [
    1488585600000,
    5.827
  ],
  [
    1488672000000,
    3.24
  ],
  [
    1488758400000,
    4.687
  ],
  [
    1488844800000,
    4.355
  ],
  [
    1489017600000,
    4.271
  ],
  [
    1489104000000,
    5.145
  ],
  [
    1489190400000,
    5.036
  ],
  [
    1489276800000,
    5.27
  ],
  [
    1489363200000,
    4.11
  ],
  [
    1489449600000,
    3.84
  ],
  [
    1489536000000,
    4
  ],
  [
    1489622400000,
    5.12
  ],
  [
    1489795200000,
    4.632
  ],
  [
    1489881600000,
    5.09
  ],
  [
    1489968000000,
    3.325
  ],
  [
    1490054400000,
    4.811
  ],
  [
    1490140800000,
    4.806
  ],
  [
    1490486400000,
    3.26
  ],
  [
    1490569200000,
    4.15
  ],
  [
    1490655600000,
    4.19
  ],
  [
    1490828400000,
    3.867
  ],
  [
    1490914800000,
    3.297
  ],
  [
    1491001200000,
    3.719
  ],
  [
    1491087600000,
    3.19
  ],
  [
    1491174000000,
    4.116
  ],
  [
    1491260400000,
    4
  ],
  [
    1491346800000,
    3.998
  ],
  [
    1491519600000,
    3.41
  ],
  [
    1491606000000,
    2.808
  ],
  [
    1491778800000,
    3.519
  ],
  [
    1491865200000,
    3.528
  ],
  [
    1491951600000,
    3.62
  ],
  [
    1492297200000,
    2.896
  ],
  [
    1492470000000,
    3.479
  ],
  [
    1492556400000,
    2.46
  ],
  [
    1492642800000,
    2.774
  ],
  [
    1492729200000,
    3.139
  ],
  [
    1492815600000,
    3.099
  ],
  [
    1492902000000,
    3.128
  ],
  [
    1492988400000,
    3.142
  ],
  [
    1493074800000,
    3.612
  ],
  [
    1493247600000,
    3.556
  ],
  [
    1493420400000,
    3.594
  ],
  [
    1493506800000,
    2.75
  ],
  [
    1493766000000,
    2.19
  ],
  [
    1493852400000,
    3.174
  ],
  [
    1493938800000,
    3.265
  ],
  [
    1494025200000,
    2.83
  ],
  [
    1494111600000,
    2.53
  ],
  [
    1494198000000,
    2.88
  ],
  [
    1494284400000,
    2.73
  ],
  [
    1494370800000,
    2.967
  ],
  [
    1494543600000,
    3.312
  ],
  [
    1494630000000,
    3.23
  ],
  [
    1494716400000,
    3.283
  ],
  [
    1494802800000,
    3.309
  ],
  [
    1494975600000,
    3.319
  ],
  [
    1495062000000,
    3.076
  ],
  [
    1495148400000,
    3.316
  ],
  [
    1495234800000,
    3.531
  ],
  [
    1495407600000,
    3.605
  ],
  [
    1495580400000,
    3.13
  ],
  [
    1495666800000,
    3.585
  ],
  [
    1495753200000,
    3.599
  ],
  [
    1495839600000,
    3.596
  ],
  [
    1496271600000,
    3.64
  ],
  [
    1496358000000,
    3.173
  ],
  [
    1496444400000,
    14.134
  ],
  [
    1496530800000,
    16.374
  ],
  [
    1496617200000,
    15.318
  ],
  [
    1496703600000,
    9.721
  ],
  [
    1496790000000,
    16.465
  ],
  [
    1496876400000,
    6.846
  ],
  [
    1496962800000,
    3.483
  ],
  [
    1497049200000,
    2.95
  ],
  [
    1497135600000,
    4.273
  ],
  [
    1497567600000,
    3.51
  ],
  [
    1497654000000,
    5.75
  ],
  [
    1497740400000,
    6.02
  ],
  [
    1497913200000,
    4.22
  ],
  [
    1498258800000,
    2.69
  ],
  [
    1498345200000,
    4.17
  ],
  [
    1498518000000,
    3.17
  ],
  [
    1498690800000,
    2.93
  ],
  [
    1498777200000,
    3.4
  ],
  [
    1498863600000,
    3.336
  ],
  [
    1498950000000,
    3.277
  ],
  [
    1499036400000,
    2.856
  ],
  [
    1499122800000,
    3.376
  ],
  [
    1499295600000,
    4.19
  ],
  [
    1499554800000,
    4.211
  ],
  [
    1499641200000,
    4.223
  ],
  [
    1499900400000,
    4.008
  ],
  [
    1500159600000,
    3.549
  ],
  [
    1500332400000,
    5.047
  ],
  [
    1500505200000,
    7.423
  ],
  [
    1500591600000,
    14.545
  ],
  [
    1500850800000,
    7.679
  ],
  [
    1500937200000,
    5.312
  ],
  [
    1501110000000,
    4.602
  ],
  [
    1501196400000,
    5.677
  ],
  [
    1501282800000,
    6.717
  ],
  [
    1501455600000,
    9.721
  ],
  [
    1501542000000,
    10.012
  ],
  [
    1501628400000,
    12.205
  ],
  [
    1501801200000,
    8.4
  ],
  [
    1501974000000,
    13.48
  ],
  [
    1502060400000,
    12.739
  ],
  [
    1502233200000,
    11.449
  ],
  [
    1502319600000,
    11.488
  ],
  [
    1502924400000,
    9.784
  ],
  [
    1503183600000,
    6.73
  ],
  [
    1503788400000,
    8.28
  ],
  [
    1503874800000,
    8.98
  ],
  [
    1504306800000,
    11.27
  ],
  [
    1504652400000,
    10.819
  ],
  [
    1504738800000,
    10.969
  ],
  [
    1504825200000,
    11.803
  ],
  [
    1504911600000,
    12.512
  ],
  [
    1504998000000,
    13.631
  ],
  [
    1505084400000,
    14.172
  ],
  [
    1505170800000,
    15.003
  ],
  [
    1505257200000,
    15.574
  ],
  [
    1505343600000,
    16.086
  ],
  [
    1505430000000,
    16.089
  ],
  [
    1505516400000,
    21.817
  ],
  [
    1505602800000,
    31.772
  ],
  [
    1505862000000,
    17.973
  ],
  [
    1505948400000,
    23.94
  ],
  [
    1506034800000,
    35.709
  ],
  [
    1506207600000,
    11.01
  ],
  [
    1506294000000,
    23.89
  ],
  [
    1506553200000,
    13.049
  ],
  [
    1506639600000,
    10.08
  ],
  [
    1506726000000,
    10.05
  ],
  [
    1506812400000,
    10.017
  ],
  [
    1507071600000,
    11.566
  ],
  [
    1507158000000,
    15.998
  ],
  [
    1507330800000,
    21.043
  ],
  [
    1507676400000,
    18.249
  ],
  [
    1507849200000,
    18.936
  ],
  [
    1507935600000,
    18.7
  ],
  [
    1508022000000,
    19.342
  ],
  [
    1508108400000,
    18.659
  ],
  [
    1508281200000,
    11.8
  ],
  [
    1508713200000,
    18.866
  ],
  [
    1509231600000,
    10.837
  ],
  [
    1509840000000,
    11.51
  ],
  [
    1510531200000,
    11.63
  ],
  [
    1510876800000,
    11.764
  ],
  [
    1511136000000,
    10.611
  ],
  [
    1511395200000,
    9.98
  ],
  [
    1511654400000,
    10.005
  ],
  [
    1511740800000,
    23.776
  ],
  [
    1511827200000,
    20.592
  ],
  [
    1511913600000,
    20.176
  ],
  [
    1512000000000,
    21.287
  ],
  [
    1512086400000,
    17.674
  ],
  [
    1512172800000,
    18.97
  ],
  [
    1512259200000,
    21.341
  ],
  [
    1512345600000,
    18.97
  ],
  [
    1512432000000,
    12.973
  ],
  [
    1513209600000,
    10.04
  ],
  [
    1513468800000,
    9.004
  ],
  [
    1513900800000,
    9
  ],
  [
    1514160000000,
    8.892
  ],
  [
    1514505600000,
    11.929
  ],
  [
    1514592000000,
    11.937
  ],
  [
    1514678400000,
    11.941
  ],
  [
    1514764800000,
    12.396
  ],
  [
    1515196800000,
    11.508
  ],
  [
    1515715200000,
    12.025
  ],
  [
    1516752000000,
    11.494
  ],
  [
    1518134400000,
    8.08
  ],
  [
    1518566400000,
    7.978
  ],
  [
    1519171200000,
    9
  ],
  [
    1519430400000,
    7.85
  ],
  [
    1519516800000,
    7.92
  ],
  [
    1519689600000,
    9.056
  ],
  [
    1520121600000,
    8.751
  ],
  [
    1520208000000,
    8.008
  ],
  [
    1520294400000,
    8.486
  ],
  [
    1521244800000,
    7.262
  ],
  [
    1521331200000,
    8.489
  ],
  [
    1521590400000,
    7.88
  ],
  [
    1521849600000,
    7.032
  ],
  [
    1522105200000,
    8.01
  ],
  [
    1522191600000,
    7.042
  ],
  [
    1522364400000,
    6.177
  ],
  [
    1522623600000,
    6.215
  ],
  [
    1522796400000,
    4.214
  ],
  [
    1522882800000,
    5.749
  ],
  [
    1522969200000,
    5.749
  ],
  [
    1523055600000,
    5.644
  ],
  [
    1523142000000,
    4.896
  ],
  [
    1523314800000,
    4.781
  ],
  [
    1523660400000,
    4.563
  ],
  [
    1523746800000,
    4.674
  ],
  [
    1523833200000,
    3.69
  ],
  [
    1524006000000,
    3.721
  ],
  [
    1524178800000,
    4.267
  ],
  [
    1524438000000,
    4.283
  ],
  [
    1524697200000,
    4.202
  ],
  [
    1524783600000,
    5.749
  ],
  [
    1525215600000,
    7.175
  ],
  [
    1525734000000,
    5.439
  ],
  [
    1525820400000,
    3.811
  ],
  [
    1525906800000,
    5
  ],
  [
    1526079600000,
    3.609
  ],
  [
    1526166000000,
    6.299
  ],
  [
    1526338800000,
    5.513
  ],
  [
    1526857200000,
    7.06
  ],
  [
    1526943600000,
    7.85
  ],
  [
    1527030000000,
    6.13
  ],
  [
    1527202800000,
    6.793
  ],
  [
    1527462000000,
    7.729
  ],
  [
    1528498800000,
    4.026
  ],
  [
    1528585200000,
    4.645
  ],
  [
    1528758000000,
    4.634
  ],
  [
    1529276400000,
    4.03
  ],
  [
    1529967600000,
    7.015
  ],
  [
    1530399600000,
    4.646
  ],
  [
    1530918000000,
    5.07
  ],
  [
    1531177200000,
    2.73
  ],
  [
    1531263600000,
    4.416
  ],
  [
    1531436400000,
    4.44
  ],
  [
    1531695600000,
    4.521
  ],
  [
    1531868400000,
    4.681
  ],
  [
    1531954800000,
    4.616
  ],
  [
    1532041200000,
    6.487
  ],
  [
    1532127600000,
    6.509
  ],
  [
    1532905200000,
    5.277
  ],
  [
    1533596400000,
    7.102
  ],
  [
    1534114800000,
    8.127
  ],
  [
    1534892400000,
    7.066
  ],
  [
    1534978800000,
    4.95
  ],
  [
    1535238000000,
    5.944
  ],
  [
    1535410800000,
    5.858
  ],
  [
    1535583600000,
    5.13
  ],
  [
    1535756400000,
    5.843
  ],
  [
    1535842800000,
    5.906
  ],
  [
    1535929200000,
    6.598
  ],
  [
    1536274800000,
    6.783
  ],
  [
    1536534000000,
    6.957
  ],
  [
    1536620400000,
    7.6
  ],
  [
    1536966000000,
    5.81
  ],
  [
    1537484400000,
    6.01
  ],
  [
    1537743600000,
    5.61
  ],
  [
    1538434800000,
    3.976
  ],
  [
    1538521200000,
    7.56
  ],
  [
    1540422000000,
    5.667
  ],
  [
    1540594800000,
    5.966
  ],
  [
    1543449600000,
    5.936
  ],
  [
    1543708800000,
    5.87
  ],
  [
    1544659200000,
    5.06
  ],
  [
    1545436800000,
    7.176
  ],
  [
    1546387200000,
    6.799
  ],
  [
    1546819200000,
    4.722
  ],
  [
    1547078400000,
    5.771
  ],
  [
    1547769600000,
    5.129
  ],
  [
    1547856000000,
    5.548
  ],
  [
    1548115200000,
    5.351
  ],
  [
    1548374400000,
    5.486
  ],
  [
    1548633600000,
    3.473
  ],
  [
    1548720000000,
    3.933
  ],
  [
    1549670400000,
    5.865
  ],
  [
    1550275200000,
    5.49
  ],
  [
    1551139200000,
    6.04
  ],
  [
    1551398400000,
    6.053
  ],
  [
    1552521600000,
    3.622
  ],
  [
    1552694400000,
    7.41
  ],
  [
    1552780800000,
    5.122
  ],
  [
    1552953600000,
    5.058
  ],
  [
    1553644800000,
    4.926
  ],
  [
    1555023600000,
    4.879
  ],
  [
    1555196400000,
    5.351
  ],
  [
    1555714800000,
    6.513
  ],
  [
    1556233200000,
    6.529
  ],
  [
    1557788400000,
    7.004
  ],
  [
    1558047600000,
    4.49
  ],
  [
    1558134000000,
    3.446
  ],
  [
    1558220400000,
    3.3
  ],
  [
    1558479600000,
    6.004
  ],
  [
    1558738800000,
    5.085
  ],
  [
    1559084400000,
    5.2
  ],
  [
    1559257200000,
    3.58
  ],
  [
    1559430000000,
    5.26
  ],
  [
    1559775600000,
    5.923
  ],
  [
    1559862000000,
    6.149
  ],
  [
    1560380400000,
    7.345
  ],
  [
    1560726000000,
    7.73
  ],
  [
    1561071600000,
    6.161
  ],
  [
    1561935600000,
    6.282
  ],
  [
    1562108400000,
    5.09
  ],
  [
    1562367600000,
    5.972
  ],
  [
    1562626800000,
    4.76
  ],
  [
    1563318000000,
    6.256
  ],
  [
    1563577200000,
    4.887
  ],
  [
    1563663600000,
    7.44
  ],
  [
    1564009200000,
    4.862
  ],
  [
    1564182000000,
    4.052
  ],
  [
    1564527600000,
    4.783
  ],
  [
    1564873200000,
    7.63
  ],
  [
    1565478000000,
    2.57
  ],
  [
    1565650800000,
    6.693
  ],
  [
    1565737200000,
    3.758
  ],
  [
    1565823600000,
    4.6
  ],
  [
    1565910000000,
    5.683
  ],
  [
    1566342000000,
    4.531
  ],
  [
    1566514800000,
    5.508
  ],
  [
    1566601200000,
    4.45
  ],
  [
    1566774000000,
    5.53
  ],
  [
    1566860400000,
    3.897
  ],
  [
    1567206000000,
    4.093
  ],
  [
    1567292400000,
    5.002
  ],
  [
    1567378800000,
    4.413
  ],
  [
    1567465200000,
    5.38
  ],
  [
    1567638000000,
    3.95
  ],
  [
    1567724400000,
    5.381
  ],
  [
    1567810800000,
    3.98
  ],
  [
    1568329200000,
    3.295
  ],
  [
    1568415600000,
    3.001
  ],
  [
    1568934000000,
    4.018
  ],
  [
    1569366000000,
    3.96
  ],
  [
    1569711600000,
    3.88
  ],
  [
    1569798000000,
    5.34
  ],
  [
    1570057200000,
    3.96
  ],
  [
    1570143600000,
    5.33
  ],
  [
    1570230000000,
    3.894
  ],
  [
    1570316400000,
    3.782
  ],
  [
    1570575600000,
    3.53
  ],
  [
    1570662000000,
    4.83
  ],
  [
    1570748400000,
    4.936
  ],
  [
    1570921200000,
    3.487
  ],
  [
    1571094000000,
    5.2
  ],
  [
    1571439600000,
    4.65
  ],
  [
    1571612400000,
    4.537
  ],
  [
    1571871600000,
    4.74
  ],
  [
    1572044400000,
    3.33
  ],
  [
    1572307200000,
    3.254
  ],
  [
    1572912000000,
    4.77
  ],
  [
    1573257600000,
    2.78
  ],
  [
    1573430400000,
    4.77
  ],
  [
    1573862400000,
    4.896
  ],
  [
    1574035200000,
    4.896
  ],
  [
    1574121600000,
    3.318
  ],
  [
    1574294400000,
    4.075
  ],
  [
    1574467200000,
    5.17
  ],
  [
    1574726400000,
    5.14
  ],
  [
    1574899200000,
    5.15
  ],
  [
    1575158400000,
    2.683
  ],
  [
    1575244800000,
    2.3
  ],
  [
    1575331200000,
    2.365
  ],
  [
    1575417600000,
    5.13
  ],
  [
    1576022400000,
    3.964
  ],
  [
    1576108800000,
    3.953
  ],
  [
    1576368000000,
    3.949
  ],
  [
    1576540800000,
    4.07
  ],
  [
    1576713600000,
    3.953
  ],
  [
    1576800000000,
    4.424
  ],
  [
    1577059200000,
    4.91
  ],
  [
    1577145600000,
    4.96
  ],
  [
    1577232000000,
    3.781
  ],
  [
    1577318400000,
    3.714
  ],
  [
    1577836800000,
    4.64
  ],
  [
    1578009600000,
    4
  ],
  [
    1578182400000,
    4.6
  ],
  [
    1578268800000,
    3.808
  ],
  [
    1578355200000,
    4.806
  ],
  [
    1578614400000,
    4.401
  ],
  [
    1578787200000,
    4.89
  ],
  [
    1579305600000,
    3.772
  ],
  [
    1579392000000,
    5.012
  ],
  [
    1579651200000,
    8.323
  ],
  [
    1579910400000,
    5.105
  ],
  [
    1580428800000,
    5.18
  ],
  [
    1580515200000,
    5.393
  ],
  [
    1580601600000,
    5.45
  ],
  [
    1581033600000,
    5.671
  ],
  [
    1581292800000,
    3.975
  ],
  [
    1581638400000,
    3.879
  ],
  [
    1582761600000,
    4.43
  ],
  [
    1583193600000,
    5.002
  ],
  [
    1583280000000,
    4.476
  ],
  [
    1583366400000,
    4.562
  ],
  [
    1583539200000,
    5.981
  ],
  [
    1583798400000,
    4.081
  ],
  [
    1583884800000,
    4.405
  ],
  [
    1584057600000,
    4.636
  ],
  [
    1584489600000,
    3.95
  ],
  [
    1585008000000,
    3.9
  ],
  [
    1585609200000,
    4.716
  ],
  [
    1585782000000,
    4.196
  ],
  [
    1585868400000,
    3.51
  ],
  [
    1585954800000,
    3.771
  ],
  [
    1586214000000,
    4.597
  ],
  [
    1586300400000,
    5.029
  ],
  [
    1586559600000,
    4.698
  ],
  [
    1586732400000,
    4.846
  ],
  [
    1586905200000,
    4.465
  ],
  [
    1586991600000,
    4.611
  ],
  [
    1587250800000,
    4.526
  ],
  [
    1587423600000,
    5.09
  ],
  [
    1587596400000,
    5.014
  ],
  [
    1587682800000,
    4.96
  ],
  [
    1587769200000,
    5.06
  ],
  [
    1587855600000,
    5.135
  ],
  [
    1587942000000,
    5.931
  ],
  [
    1588114800000,
    6.48
  ],
  [
    1588546800000,
    5.383
  ],
  [
    1588633200000,
    7.304
  ],
  [
    1588978800000,
    7.173
  ],
  [
    1589151600000,
    7.202
  ],
  [
    1589497200000,
    5.391
  ],
  [
    1589842800000,
    6.83
  ],
  [
    1590274800000,
    6.808
  ],
  [
    1590620400000,
    5.662
  ],
  [
    1591052400000,
    5.108
  ],
  [
    1591138800000,
    4.43
  ],
  [
    1591398000000,
    5.204
  ],
  [
    1591570800000,
    4.786
  ],
  [
    1591657200000,
    5.228
  ],
  [
    1592175600000,
    12.42
  ],
  [
    1592694000000,
    4.338
  ],
  [
    1592866800000,
    5.067
  ],
  [
    1593039600000,
    4.524
  ],
  [
    1593471600000,
    5.072
  ],
  [
    1593990000000,
    5.05
  ],
  [
    1594422000000,
    4.981
  ],
  [
    1595113200000,
    5.002
  ],
  [
    1595631600000,
    5.93
  ],
  [
    1597014000000,
    4.55
  ],
  [
    1597186800000,
    4.548
  ],
  [
    1597273200000,
    5.369
  ],
  [
    1597532400000,
    5.44
  ],
  [
    1598223600000,
    5.71
  ],
  [
    1598742000000,
    5.449
  ],
  [
    1598914800000,
    8.253
  ],
  [
    1599087600000,
    5.743
  ],
  [
    1599692400000,
    5.803
  ],
  [
    1600210800000,
    5.949
  ],
  [
    1600556400000,
    8.037
  ],
  [
    1600729200000,
    6.666
  ],
  [
    1601074800000,
    4.68
  ],
  [
    1601766000000,
    6.495
  ],
  [
    1601938800000,
    4.634
  ],
  [
    1602111600000,
    4.719
  ],
  [
    1602543600000,
    4.776
  ],
  [
    1602716400000,
    5.402
  ],
  [
    1602802800000,
    11.594
  ],
  [
    1602975600000,
    4.69
  ],
  [
    1603580400000,
    5.554
  ],
  [
    1603670400000,
    4.968
  ],
  [
    1604361600000,
    4.284
  ],
  [
    1604448000000,
    6.609
  ],
  [
    1604880000000,
    5.142
  ],
  [
    1605139200000,
    6.676
  ],
  [
    1606089600000,
    5.462
  ],
  [
    1606176000000,
    4.992
  ],
  [
    1606262400000,
    5.603
  ],
  [
    1606780800000,
    5.597
  ],
  [
    1607126400000,
    5.256
  ],
  [
    1607299200000,
    4.233
  ],
  [
    1607817600000,
    6.288
  ],
  [
    1608076800000,
    5.997
  ],
  [
    1608249600000,
    5.418
  ],
  [
    1608681600000,
    5.306
  ],
  [
    1608768000000,
    5.893
  ],
  [
    1609027200000,
    5.323
  ],
  [
    1609113600000,
    6.71
  ],
  [
    1609891200000,
    4.967
  ],
  [
    1610150400000,
    5.9
  ],
  [
    1610236800000,
    4.679
  ],
  [
    1610755200000,
    18.679
  ],
  [
    1610841600000,
    3.122
  ],
  [
    1610928000000,
    7.534
  ],
  [
    1611014400000,
    5.731
  ],
  [
    1611187200000,
    4.668
  ],
  [
    1611360000000,
    4.627
  ],
  [
    1611532800000,
    5.369
  ],
  [
    1611619200000,
    7.4
  ],
  [
    1611878400000,
    5.37
  ],
  [
    1611964800000,
    12.556
  ],
  [
    1612051200000,
    7.019
  ],
  [
    1612137600000,
    7.88
  ],
  [
    1612224000000,
    19.98
  ],
  [
    1613260800000,
    6.824
  ],
  [
    1613347200000,
    6.824
  ],
  [
    1613606400000,
    6.855
  ],
  [
    1613952000000,
    6.74
  ],
  [
    1614038400000,
    8.04
  ],
  [
    1614211200000,
    7.98
  ],
  [
    1614470400000,
    6.1
  ],
  [
    1614729600000,
    7.963
  ],
  [
    1614816000000,
    8.061
  ],
  [
    1615248000000,
    6.286
  ],
  [
    1615334400000,
    7.31
  ],
  [
    1615420800000,
    7.297
  ],
  [
    1615939200000,
    6.653
  ],
  [
    1616371200000,
    11.612
  ],
  [
    1616457600000,
    6.924
  ],
  [
    1616803200000,
    7.693
  ],
  [
    1616889600000,
    7.855
  ],
  [
    1617145200000,
    6.277
  ],
  [
    1617231600000,
    14.85
  ],
  [
    1617318000000,
    6.111
  ],
  [
    1617922800000,
    5.61
  ],
  [
    1618009200000,
    5.17
  ],
  [
    1618182000000,
    3.762
  ],
  [
    1618441200000,
    5.508
  ],
  [
    1618527600000,
    5.136
  ],
  [
    1618614000000,
    4.662
  ],
  [
    1618700400000,
    4.685
  ],
  [
    1618786800000,
    5.365
  ],
  [
    1618873200000,
    5.495
  ],
  [
    1619132400000,
    4.66
  ],
  [
    1619218800000,
    7.26
  ],
  [
    1619305200000,
    5.815
  ],
  [
    1619564400000,
    5.131
  ],
  [
    1620082800000,
    5.368
  ],
  [
    1620169200000,
    7.34
  ],
  [
    1620255600000,
    4.72
  ],
  [
    1620342000000,
    4.737
  ],
  [
    1620774000000,
    8.174
  ],
  [
    1621551600000,
    5.83
  ],
  [
    1621897200000,
    7.885
  ],
  [
    1622242800000,
    5.82
  ],
  [
    1622329200000,
    5.433
  ],
  [
    1623020400000,
    4.684
  ],
  [
    1623366000000,
    5.68
  ],
  [
    1623538800000,
    11.153
  ],
  [
    1624057200000,
    6.61
  ],
  [
    1624575600000,
    5.861
  ],
  [
    1624748400000,
    6.266
  ],
  [
    1625007600000,
    6.565
  ],
  [
    1625180400000,
    7.301
  ],
  [
    1625439600000,
    5.996
  ],
  [
    1625612400000,
    6.575
  ],
  [
    1625698800000,
    5.405
  ],
  [
    1625958000000,
    6.903
  ],
  [
    1626217200000,
    7.13
  ],
  [
    1626303600000,
    6.709
  ],
  [
    1626476400000,
    6.692
  ],
  [
    1626649200000,
    6.25
  ],
  [
    1626908400000,
    7.753
  ],
  [
    1626994800000,
    12.733
  ],
  [
    1627513200000,
    5.888
  ],
  [
    1628031600000,
    5.81
  ],
  [
    1628982000000,
    6.831
  ],
  [
    1629068400000,
    5.906
  ],
  [
    1629414000000,
    6.313
  ],
  [
    1629759600000,
    7.387
  ],
  [
    1630018800000,
    5.952
  ],
  [
    1630191600000,
    5.705
  ],
  [
    1630364400000,
    5.911
  ],
  [
    1630623600000,
    7.289
  ],
  [
    1631314800000,
    7.964
  ],
  [
    1631833200000,
    7.616
  ],
  [
    1631919600000,
    5.705
  ],
  [
    1632092400000,
    7.486
  ],
  [
    1632438000000,
    5.71
  ],
  [
    1632783600000,
    7.626
  ],
  [
    1633474800000,
    5.549
  ],
  [
    1633734000000,
    6.083
  ],
  [
    1634079600000,
    7.765
  ],
  [
    1634943600000,
    9.78
  ],
  [
    1635030000000,
    13.797
  ],
  [
    1635116400000,
    6.835
  ],
  [
    1635289200000,
    6.023
  ],
  [
    1635634800000,
    4.95
  ],
  [
    1635811200000,
    11.141
  ],
  [
    1636502400000,
    5.151
  ],
  [
    1636761600000,
    5.167
  ],
  [
    1636848000000,
    5.15
  ],
  [
    1637020800000,
    7.685
  ],
  [
    1637798400000,
    5.104
  ],
  [
    1638144000000,
    5.03
  ],
  [
    1638662400000,
    6.209
  ],
  [
    1639267200000,
    4.872
  ],
  [
    1639872000000,
    7.041
  ],
  [
    1639958400000,
    7.325
  ],
  [
    1642118400000,
    5.976
  ],
  [
    1642291200000,
    5.646
  ],
  [
    1642636800000,
    5.867
  ],
  [
    1642723200000,
    5.946
  ],
  [
    1642809600000,
    18.74
  ],
  [
    1643241600000,
    5.207
  ],
  [
    1643932800000,
    5.289
  ],
  [
    1644019200000,
    6.558
  ],
  [
    1644105600000,
    4.259
  ],
  [
    1644451200000,
    5.436
  ],
  [
    1644537600000,
    5.325
  ],
  [
    1644883200000,
    5.69
  ],
  [
    1646524800000,
    5.01
  ],
  [
    1646611200000,
    3.76
  ],
  [
    1647129600000,
    4.233
  ],
  [
    1647216000000,
    4.392
  ],
  [
    1647475200000,
    3.65
  ],
  [
    1647561600000,
    6.248
  ],
  [
    1647993600000,
    4.965
  ],
  [
    1648080000000,
    4.97
  ],
  [
    1648166400000,
    5.29
  ],
  [
    1648422000000,
    5.396
  ],
  [
    1648681200000,
    5.123
  ],
  [
    1648767600000,
    25.45
  ],
  [
    1648854000000,
    5.911
  ],
  [
    1649199600000,
    5.525
  ],
  [
    1649458800000,
    5.95
  ],
  [
    1649631600000,
    7.129
  ],
  [
    1650150000000,
    5.68
  ],
  [
    1650236400000,
    5
  ],
  [
    1650322800000,
    7.315
  ],
  [
    1650582000000,
    5.718
  ],
  [
    1650754800000,
    7.039
  ],
  [
    1651014000000,
    6.946
  ],
  [
    1651359600000,
    6.52
  ],
  [
    1651446000000,
    6.604
  ],
  [
    1651791600000,
    8.848
  ],
  [
    1652914800000,
    5.641
  ],
  [
    1653001200000,
    8.814
  ],
  [
    1653778800000,
    6.44
  ],
  [
    1653865200000,
    6.64
  ],
  [
    1653951600000,
    6.014
  ],
  [
    1654124400000,
    5.994
  ],
  [
    1654210800000,
    5.98
  ],
  [
    1654729200000,
    6.208
  ],
  [
    1654988400000,
    5.656
  ],
  [
    1655852400000,
    8.079
  ],
  [
    1656198000000,
    5.58
  ],
  [
    1656370800000,
    8.779
  ],
  [
    1656802800000,
    7.779
  ],
  [
    1657580400000,
    5.53
  ],
  [
    1657666800000,
    8.8
  ],
  [
    1657839600000,
    9.98
  ],
  [
    1657926000000,
    10.77
  ],
  [
    1658098800000,
    10.006
  ],
  [
    1658790000000,
    9.314
  ],
  [
    1658962800000,
    9.67
  ],
  [
    1659135600000,
    18.63
  ],
  [
    1659222000000,
    9.052
  ],
  [
    1659481200000,
    7.958
  ],
  [
    1660604400000,
    6.83
  ],
  [
    1661209200000,
    7.153
  ],
  [
    1662073200000,
    6.554
  ],
  [
    1662678000000,
    5.22
  ],
  [
    1662764400000,
    9.593
  ],
  [
    1663887600000,
    5.165
  ],
  [
    1663974000000,
    6.751
  ],
  [
    1664233200000,
    10.691
  ],
  [
    1664924400000,
    6.913
  ],
  [
    1665097200000,
    7.621
  ],
  [
    1666306800000,
    6.478
  ],
  [
    1666393200000,
    9.378
  ],
  [
    1667260800000,
    9.309
  ],
  [
    1667520000000,
    7.51
  ],
  [
    1667692800000,
    7.604
  ],
  [
    1667779200000,
    6.22
  ],
  [
    1668211200000,
    9.74
  ],
  [
    1668297600000,
    7.09
  ],
  [
    1668384000000,
    6.51
  ],
  [
    1668470400000,
    8.332
  ],
  [
    1669334400000,
    8
  ],
  [
    1669420800000,
    6.722
  ],
  [
    1669766400000,
    6.334
  ],
  [
    1670630400000,
    8.75
  ],
  [
    1670803200000,
    6.37
  ],
  [
    1672185600000,
    6.532
  ],
  [
    1672358400000,
    6.329
  ],
  [
    1672444800000,
    8.994
  ],
  [
    1672790400000,
    7.748
  ],
  [
    1673222400000,
    7.792
  ],
  [
    1673740800000,
    7.376
  ],
  [
    1674172800000,
    6.512
  ],
  [
    1674432000000,
    8.717
  ],
  [
    1675468800000,
    7.084
  ],
  [
    1675641600000,
    8.468
  ],
  [
    1675814400000,
    8.979
  ],
  [
    1675987200000,
    7.007
  ],
  [
    1676073600000,
    26.76
  ],
  [
    1676160000000,
    7.77
  ],
  [
    1676592000000,
    9.296
  ],
  [
    1676851200000,
    7.39
  ],
  [
    1676937600000,
    6.299
  ],
  [
    1677888000000,
    9.36
  ],
  [
    1678060800000,
    6.35
  ],
  [
    1678492800000,
    9.364
  ],
  [
    1678579200000,
    6.87
  ],
  [
    1678752000000,
    7.183
  ],
  [
    1678838400000,
    9.98
  ],
  [
    1679011200000,
    8.06
  ],
  [
    1679097600000,
    8.25
  ],
  [
    1680217200000,
    6.339
  ],
  [
    1680303600000,
    6.308
  ],
  [
    1680390000000,
    10.974
  ],
  [
    1680476400000,
    6.73
  ],
  [
    1680562800000,
    7.874
  ],
  [
    1680735600000,
    12.49
  ],
  [
    1680994800000,
    9.848
  ],
  [
    1681081200000,
    9.98
  ],
  [
    1681254000000,
    10.59
  ],
  [
    1681945200000,
    11.476
  ],
  [
    1682031600000,
    12.65
  ],
  [
    1682118000000,
    13.531
  ],
  [
    1682377200000,
    11.68
  ],
  [
    1682895600000,
    12.051
  ],
  [
    1683068400000,
    12.138
  ],
  [
    1683241200000,
    9.35
  ],
  [
    1683327600000,
    9.33
  ],
  [
    1683500400000,
    10.313
  ],
  [
    1683586800000,
    12.465
  ],
  [
    1683846000000,
    8.727
  ],
  [
    1684018800000,
    8.05
  ],
  [
    1684450800000,
    12.61
  ],
  [
    1684710000000,
    10.005
  ],
  [
    1684882800000,
    7.336
  ],
  [
    1685055600000,
    9.131
  ],
  [
    1685833200000,
    11.837
  ],
  [
    1686265200000,
    10.006
  ],
  [
    1686524400000,
    11.765
  ],
  [
    1686697200000,
    11.603
  ],
  [
    1686956400000,
    13.787
  ],
  [
    1687129200000,
    13.212
  ],
  [
    1687215600000,
    22.982
  ],
  [
    1687561200000,
    14.351
  ],
  [
    1688166000000,
    14.721
  ],
  [
    1688338800000,
    14.45
  ],
  [
    1688425200000,
    14.897
  ],
  [
    1688511600000,
    12.939
  ],
  [
    1688857200000,
    12.53
  ],
  [
    1689289200000,
    16.672
  ],
  [
    1690412400000,
    16.61
  ],
  [
    1690585200000,
    12.33
  ],
  [
    1692140400000,
    8.797
  ],
  [
    1692226800000,
    10.622
  ],
  [
    1692399600000,
    9.936
  ],
  [
    1692486000000,
    10.005
  ],
  [
    1692745200000,
    13.327
  ],
  [
    1692831600000,
    13.984
  ],
  [
    1693177200000,
    10.47
  ],
  [
    1693522800000,
    12.33
  ],
  [
    1693868400000,
    11.32
  ],
  [
    1694386800000,
    14.57
  ],
  [
    1694473200000,
    14.575
  ],
  [
    1694559600000,
    14.223
  ],
  [
    1694646000000,
    14.356
  ],
  [
    1694732400000,
    12.77
  ],
  [
    1694818800000,
    14.915
  ],
  [
    1694905200000,
    14.91
  ],
  [
    1695337200000,
    14.1
  ],
  [
    1695510000000,
    22.643
  ],
  [
    1695855600000,
    12.74
  ],
  [
    1696028400000,
    18.317
  ],
  [
    1696114800000,
    19.907
  ],
  [
    1696201200000,
    22.513
  ],
  [
    1696546800000,
    22.87
  ],
  [
    1696719600000,
    18.37
  ],
  [
    1696806000000,
    14.79
  ],
  [
    1696892400000,
    19.305
  ],
  [
    1697065200000,
    15.605
  ],
  [
    1697151600000,
    14.98
  ],
  [
    1697324400000,
    21.747
  ],
  [
    1697410800000,
    18.855
  ],
  [
    1697497200000,
    16.3
  ],
  [
    1697583600000,
    14.749
  ],
  [
    1697756400000,
    16.53
  ],
  [
    1698447600000,
    16.53
  ],
  [
    1698624000000,
    18.673
  ],
  [
    1698710400000,
    17.968
  ],
  [
    1698796800000,
    16.254
  ],
  [
    1698969600000,
    18.564
  ],
  [
    1699315200000,
    17.731
  ],
  [
    1699660800000,
    18.32
  ],
  [
    1700006400000,
    18.586
  ],
  [
    1700092800000,
    19.191
  ],
  [
    1700438400000,
    16.089
  ],
  [
    1700611200000,
    14.018
  ],
  [
    1701216000000,
    15
  ],
  [
    1701993600000,
    11.241
  ],
  [
    1702857600000,
    14.191
  ],
  [
    1702944000000,
    16.585
  ],
  [
    1703894400000,
    13.8
  ],
  [
    1703980800000,
    13.264
  ],
  [
    1704240000000,
    14.089
  ],
  [
    1704326400000,
    16.394
  ],
  [
    1705276800000,
    16.061
  ],
  [
    1705968000000,
    16.008
  ],
  [
    1706659200000,
    15.567
  ],
  [
    1707436800000,
    14.765
  ],
  [
    1707523200000,
    16.166
  ],
  [
    1708646400000,
    14.46
  ],
  [
    1708732800000,
    14.331
  ],
  [
    1708905600000,
    12.995
  ],
  [
    1710288000000,
    12.015
  ],
  [
    1710460800000,
    11.46
  ],
  [
    1710720000000,
    11.382
  ],
  [
    1710979200000,
    11.16
  ],
  [
    1711238400000,
    12.73
  ],
  [
    1711324800000,
    12.746
  ],
  [
    1711584000000,
    10.87
  ],
  [
    1711670400000,
    12.07
  ],
  [
    1711926000000,
    10.799
  ],
  [
    1712444400000,
    12.733
  ],
  [
    1712530800000,
    12.962
  ],
  [
    1712876400000,
    13.516
  ],
  [
    1713049200000,
    12.825
  ],
  [
    1713222000000,
    11.73
  ],
  [
    1713394800000,
    11.02
  ],
  [
    1713567600000,
    13.495
  ],
  [
    1713654000000,
    13.547
  ],
  [
    1714258800000,
    12.614
  ],
  [
    1714345200000,
    14.652
  ],
  [
    1714604400000,
    12.552
  ],
  [
    1715036400000,
    15.007
  ],
  [
    1715122800000,
    13.876
  ],
  [
    1715209200000,
    13.536
  ],
  [
    1715382000000,
    12.545
  ],
  [
    1715468400000,
    12.694
  ],
  [
    1716159600000,
    12.956
  ],
  [
    1716541200000,
    12.94
  ],
  [
    1717254000000,
    15.996
  ],
  [
    1718053200000,
    13.558
  ],
  [
    1718233200000,
    11.592
  ],
  [
    1718240400000,
    11.56
  ],
  [
    1718665200000,
    13.39
  ]
]