[
  [
    1574121600000,
    0.988
  ],
  [
    1574208000000,
    0.838
  ],
  [
    1574294400000,
    1.136
  ],
  [
    1574380800000,
    1.232
  ],
  [
    1574467200000,
    1.336
  ],
  [
    1574553600000,
    1.124
  ],
  [
    1574640000000,
    0.889
  ],
  [
    1574726400000,
    1.198
  ],
  [
    1574812800000,
    1.175
  ],
  [
    1574899200000,
    1.353
  ],
  [
    1574985600000,
    1.277
  ],
  [
    1575072000000,
    1.753
  ],
  [
    1575158400000,
    1.914
  ],
  [
    1575244800000,
    1.957
  ],
  [
    1575331200000,
    1.924
  ],
  [
    1575417600000,
    1.393
  ],
  [
    1575504000000,
    1.232
  ],
  [
    1575590400000,
    1.339
  ],
  [
    1575676800000,
    1.637
  ],
  [
    1575763200000,
    1.777
  ],
  [
    1575849600000,
    1.933
  ],
  [
    1575936000000,
    2.058
  ],
  [
    1576022400000,
    2.067
  ],
  [
    1576108800000,
    2.006
  ],
  [
    1576195200000,
    2.166
  ],
  [
    1576281600000,
    1.601
  ],
  [
    1576368000000,
    1.607
  ],
  [
    1576454400000,
    1.511
  ],
  [
    1576540800000,
    1.639
  ],
  [
    1576627200000,
    1.263
  ],
  [
    1576713600000,
    1.592
  ],
  [
    1576800000000,
    1.529
  ],
  [
    1576886400000,
    1.81
  ],
  [
    1576972800000,
    1.653
  ],
  [
    1577059200000,
    1.954
  ],
  [
    1577145600000,
    1.649
  ],
  [
    1577232000000,
    1.545
  ],
  [
    1577318400000,
    1.736
  ],
  [
    1577404800000,
    1.878
  ],
  [
    1577491200000,
    1.924
  ],
  [
    1577577600000,
    1.876
  ],
  [
    1577664000000,
    1.994
  ],
  [
    1577750400000,
    1.898
  ],
  [
    1577836800000,
    1.895
  ],
  [
    1577923200000,
    1.866
  ],
  [
    1578009600000,
    1.648
  ],
  [
    1578096000000,
    1.578
  ],
  [
    1578182400000,
    1.601
  ],
  [
    1578268800000,
    1.667
  ],
  [
    1578355200000,
    1.588
  ],
  [
    1578441600000,
    1.583
  ],
  [
    1578528000000,
    1.633
  ],
  [
    1578614400000,
    1.667
  ],
  [
    1578700800000,
    1.659
  ],
  [
    1578787200000,
    1.694
  ],
  [
    1578873600000,
    1.662
  ],
  [
    1578960000000,
    1.765
  ],
  [
    1579046400000,
    1.559
  ],
  [
    1579132800000,
    1.748
  ],
  [
    1579219200000,
    2.015
  ],
  [
    1579305600000,
    1.913
  ],
  [
    1579392000000,
    1.659
  ],
  [
    1579478400000,
    1.838
  ],
  [
    1579564800000,
    1.814
  ],
  [
    1579651200000,
    2.24
  ],
  [
    1579737600000,
    2.199
  ],
  [
    1579824000000,
    2.16
  ],
  [
    1579910400000,
    1.875
  ],
  [
    1579996800000,
    2.164
  ],
  [
    1580083200000,
    1.894
  ],
  [
    1580169600000,
    1.905
  ],
  [
    1580256000000,
    1.78
  ],
  [
    1580342400000,
    1.83
  ],
  [
    1580428800000,
    1.929
  ],
  [
    1580515200000,
    2.265
  ],
  [
    1580601600000,
    2.508
  ],
  [
    1580688000000,
    2.373
  ],
  [
    1580774400000,
    3.583
  ],
  [
    1580860800000,
    3.958
  ],
  [
    1580947200000,
    3.907
  ],
  [
    1581033600000,
    3.595
  ],
  [
    1581120000000,
    2.646
  ],
  [
    1581206400000,
    2.602
  ],
  [
    1581292800000,
    2.499
  ],
  [
    1581379200000,
    2.829
  ],
  [
    1581465600000,
    2.745
  ],
  [
    1581552000000,
    2.677
  ],
  [
    1581638400000,
    2.426
  ],
  [
    1581724800000,
    2.578
  ],
  [
    1581811200000,
    2.665
  ],
  [
    1581897600000,
    2.696
  ],
  [
    1581984000000,
    2.49
  ],
  [
    1582070400000,
    2.46
  ],
  [
    1582156800000,
    2.14
  ],
  [
    1582243200000,
    2.41
  ],
  [
    1582329600000,
    2.818
  ],
  [
    1582416000000,
    3.339
  ],
  [
    1582502400000,
    3.502
  ],
  [
    1582588800000,
    3.801
  ],
  [
    1582675200000,
    3.287
  ],
  [
    1582761600000,
    3.399
  ],
  [
    1582848000000,
    3.51
  ],
  [
    1582934400000,
    4.344
  ],
  [
    1583020800000,
    3.899
  ],
  [
    1583107200000,
    3.818
  ],
  [
    1583193600000,
    3.487
  ],
  [
    1583280000000,
    3.731
  ],
  [
    1583366400000,
    4.025
  ],
  [
    1583452800000,
    3.313
  ],
  [
    1583539200000,
    3.158
  ],
  [
    1583625600000,
    3.157
  ],
  [
    1583712000000,
    3.024
  ],
  [
    1583798400000,
    3.02
  ],
  [
    1583884800000,
    3.218
  ],
  [
    1583971200000,
    2.877
  ],
  [
    1584057600000,
    2.979
  ],
  [
    1584144000000,
    2.879
  ],
  [
    1584230400000,
    2.92
  ],
  [
    1584316800000,
    2.692
  ],
  [
    1584403200000,
    2.893
  ],
  [
    1584489600000,
    3.062
  ],
  [
    1584576000000,
    3.09
  ],
  [
    1584662400000,
    3.235
  ],
  [
    1584748800000,
    3.296
  ],
  [
    1584835200000,
    3.118
  ],
  [
    1584921600000,
    3.244
  ],
  [
    1585008000000,
    3.571
  ],
  [
    1585094400000,
    3.18
  ],
  [
    1585180800000,
    3.107
  ],
  [
    1585267200000,
    3.318
  ],
  [
    1585353600000,
    3.226
  ],
  [
    1585440000000,
    3.101
  ],
  [
    1585522800000,
    3.112
  ],
  [
    1585609200000,
    3.141
  ],
  [
    1585695600000,
    2.945
  ],
  [
    1585782000000,
    3.061
  ],
  [
    1585868400000,
    2.889
  ],
  [
    1585954800000,
    3.074
  ],
  [
    1586041200000,
    3.037
  ],
  [
    1586127600000,
    3.353
  ],
  [
    1586214000000,
    3.254
  ],
  [
    1586300400000,
    3.343
  ],
  [
    1586386800000,
    3.644
  ],
  [
    1586473200000,
    3.52
  ],
  [
    1586559600000,
    3.312
  ],
  [
    1586646000000,
    3.317
  ],
  [
    1586732400000,
    3.111
  ],
  [
    1586818800000,
    3.497
  ],
  [
    1586905200000,
    3.168
  ],
  [
    1586991600000,
    3.249
  ],
  [
    1587078000000,
    3.024
  ],
  [
    1587164400000,
    3.129
  ],
  [
    1587250800000,
    3.486
  ],
  [
    1587337200000,
    3.17
  ],
  [
    1587423600000,
    3.678
  ],
  [
    1587510000000,
    3.665
  ],
  [
    1587596400000,
    3.839
  ],
  [
    1587682800000,
    3.896
  ],
  [
    1587769200000,
    3.921
  ],
  [
    1587855600000,
    4.36
  ],
  [
    1588028400000,
    3.738
  ],
  [
    1588114800000,
    3.759
  ],
  [
    1588201200000,
    4.07
  ],
  [
    1588287600000,
    4.524
  ],
  [
    1588374000000,
    3.47
  ],
  [
    1588460400000,
    4.478
  ],
  [
    1588546800000,
    4.709
  ],
  [
    1588633200000,
    4.728
  ],
  [
    1588719600000,
    4.741
  ],
  [
    1588806000000,
    4.513
  ],
  [
    1588892400000,
    4.658
  ],
  [
    1588978800000,
    4.495
  ],
  [
    1589065200000,
    4.604
  ],
  [
    1589151600000,
    4.843
  ],
  [
    1589238000000,
    5.459
  ],
  [
    1589324400000,
    5.19
  ],
  [
    1589410800000,
    5.189
  ],
  [
    1589497200000,
    4.906
  ],
  [
    1589583600000,
    5.466
  ],
  [
    1589670000000,
    5.814
  ],
  [
    1589756400000,
    6.115
  ],
  [
    1589929200000,
    4.991
  ],
  [
    1590015600000,
    5.78
  ],
  [
    1590188400000,
    5.2
  ],
  [
    1590274800000,
    5.725
  ],
  [
    1590361200000,
    6.037
  ],
  [
    1590447600000,
    5.495
  ],
  [
    1590620400000,
    5.25
  ],
  [
    1590706800000,
    5.359
  ],
  [
    1590793200000,
    5.99
  ],
  [
    1591052400000,
    5.518
  ],
  [
    1591138800000,
    5.996
  ],
  [
    1591225200000,
    6.061
  ],
  [
    1591398000000,
    6.085
  ],
  [
    1591484400000,
    5.966
  ],
  [
    1591570800000,
    5.37
  ],
  [
    1591743600000,
    6.233
  ],
  [
    1591916400000,
    5.631
  ],
  [
    1592002800000,
    5.661
  ],
  [
    1592175600000,
    5.849
  ],
  [
    1592434800000,
    6.08
  ],
  [
    1592866800000,
    5.801
  ],
  [
    1593039600000,
    5.171
  ],
  [
    1593126000000,
    4.556
  ],
  [
    1593298800000,
    5.041
  ],
  [
    1593385200000,
    4.385
  ],
  [
    1593471600000,
    4.806
  ],
  [
    1593558000000,
    5.189
  ],
  [
    1593644400000,
    5.557
  ],
  [
    1593730800000,
    6.069
  ],
  [
    1593817200000,
    5.197
  ],
  [
    1594076400000,
    6.054
  ],
  [
    1594249200000,
    6.373
  ],
  [
    1594335600000,
    6.396
  ],
  [
    1594422000000,
    6.238
  ],
  [
    1594594800000,
    6.691
  ],
  [
    1594681200000,
    5.562
  ],
  [
    1594767600000,
    6.788
  ],
  [
    1594854000000,
    6.321
  ],
  [
    1594940400000,
    6.533
  ],
  [
    1595026800000,
    6.916
  ],
  [
    1595199600000,
    6.362
  ],
  [
    1595286000000,
    6.403
  ],
  [
    1595458800000,
    6.245
  ],
  [
    1595718000000,
    6.53
  ],
  [
    1595804400000,
    5.73
  ],
  [
    1595890800000,
    6.39
  ],
  [
    1595977200000,
    7.476
  ],
  [
    1596063600000,
    6.67
  ],
  [
    1596150000000,
    5.45
  ],
  [
    1596236400000,
    6.16
  ],
  [
    1596322800000,
    7.417
  ],
  [
    1596409200000,
    6.568
  ],
  [
    1596495600000,
    7.59
  ],
  [
    1596754800000,
    6.805
  ],
  [
    1596841200000,
    6.41
  ],
  [
    1596927600000,
    6.919
  ],
  [
    1597014000000,
    5.845
  ],
  [
    1597100400000,
    6.158
  ],
  [
    1597186800000,
    7.139
  ],
  [
    1597273200000,
    7.308
  ],
  [
    1597532400000,
    7.407
  ],
  [
    1597878000000,
    6.453
  ],
  [
    1597964400000,
    6.34
  ],
  [
    1598050800000,
    7.211
  ],
  [
    1598137200000,
    6.928
  ],
  [
    1598655600000,
    7.5
  ],
  [
    1598914800000,
    7.143
  ],
  [
    1599001200000,
    6.18
  ],
  [
    1599087600000,
    6.21
  ],
  [
    1599346800000,
    6.16
  ],
  [
    1599519600000,
    6.884
  ],
  [
    1599606000000,
    6.1
  ],
  [
    1599778800000,
    6.67
  ],
  [
    1599951600000,
    5.367
  ],
  [
    1600038000000,
    6.13
  ],
  [
    1600124400000,
    6.531
  ],
  [
    1600210800000,
    6.578
  ],
  [
    1600297200000,
    6.565
  ],
  [
    1600470000000,
    6.753
  ],
  [
    1600556400000,
    6.284
  ],
  [
    1600988400000,
    7.45
  ],
  [
    1601074800000,
    7.441
  ],
  [
    1601161200000,
    6.925
  ],
  [
    1601247600000,
    6.016
  ],
  [
    1601334000000,
    6.429
  ],
  [
    1601506800000,
    7.666
  ],
  [
    1601593200000,
    7.548
  ],
  [
    1601679600000,
    7.815
  ],
  [
    1601766000000,
    7.806
  ],
  [
    1602370800000,
    7.405
  ],
  [
    1602630000000,
    7.048
  ],
  [
    1602716400000,
    7.116
  ],
  [
    1602889200000,
    8.04
  ],
  [
    1603234800000,
    8.872
  ],
  [
    1603494000000,
    7.32
  ],
  [
    1603756800000,
    8.146
  ],
  [
    1603843200000,
    9.784
  ],
  [
    1603929600000,
    2.979
  ],
  [
    1604016000000,
    7.762
  ],
  [
    1604275200000,
    7.87
  ],
  [
    1604620800000,
    7.82
  ],
  [
    1604707200000,
    7.137
  ],
  [
    1604793600000,
    7.26
  ],
  [
    1605139200000,
    6.825
  ],
  [
    1605225600000,
    8.015
  ],
  [
    1605744000000,
    7.91
  ],
  [
    1605830400000,
    7.509
  ],
  [
    1605916800000,
    8.322
  ],
  [
    1606003200000,
    8.42
  ],
  [
    1606348800000,
    6.953
  ],
  [
    1606694400000,
    6.52
  ],
  [
    1606780800000,
    7.603
  ],
  [
    1606867200000,
    6.79
  ],
  [
    1606953600000,
    7.483
  ],
  [
    1607040000000,
    6.64
  ],
  [
    1607212800000,
    3.912
  ],
  [
    1607299200000,
    6.107
  ],
  [
    1607472000000,
    5.878
  ],
  [
    1607644800000,
    5.971
  ],
  [
    1608336000000,
    6.156
  ],
  [
    1608595200000,
    5.773
  ],
  [
    1608681600000,
    6.381
  ],
  [
    1608940800000,
    7.215
  ],
  [
    1609113600000,
    5.7
  ],
  [
    1609200000000,
    7.372
  ],
  [
    1609286400000,
    8.735
  ],
  [
    1609459200000,
    8.48
  ],
  [
    1609545600000,
    9.7
  ],
  [
    1609632000000,
    7.287
  ],
  [
    1609718400000,
    9.19
  ],
  [
    1609804800000,
    9.297
  ],
  [
    1609891200000,
    8.591
  ],
  [
    1609977600000,
    10.358
  ],
  [
    1610409600000,
    8.441
  ],
  [
    1610496000000,
    7.442
  ],
  [
    1610841600000,
    10.27
  ],
  [
    1610928000000,
    8.009
  ],
  [
    1611014400000,
    9.714
  ],
  [
    1611100800000,
    8.896
  ],
  [
    1611360000000,
    10.596
  ],
  [
    1611446400000,
    10.188
  ],
  [
    1611532800000,
    9.745
  ],
  [
    1611792000000,
    11.019
  ],
  [
    1611878400000,
    10.401
  ],
  [
    1612051200000,
    9.59
  ],
  [
    1612569600000,
    10.83
  ],
  [
    1612828800000,
    11.803
  ],
  [
    1612915200000,
    12.006
  ],
  [
    1613174400000,
    11.059
  ],
  [
    1613260800000,
    9.597
  ],
  [
    1613779200000,
    7.271
  ],
  [
    1613865600000,
    10.789
  ],
  [
    1614038400000,
    6.07
  ],
  [
    1614470400000,
    9.566
  ],
  [
    1614556800000,
    6.079
  ],
  [
    1614643200000,
    9.351
  ],
  [
    1614816000000,
    7.97
  ],
  [
    1614902400000,
    11.904
  ],
  [
    1615075200000,
    12.042
  ],
  [
    1615248000000,
    11.799
  ],
  [
    1615334400000,
    11.966
  ],
  [
    1615420800000,
    12.165
  ],
  [
    1615507200000,
    12.435
  ],
  [
    1615852800000,
    12.067
  ],
  [
    1616198400000,
    13.176
  ],
  [
    1616284800000,
    13.23
  ],
  [
    1616457600000,
    15.37
  ],
  [
    1617318000000,
    16.47
  ],
  [
    1617750000000,
    11.506
  ],
  [
    1618009200000,
    11.528
  ],
  [
    1618268400000,
    12.43
  ],
  [
    1618354800000,
    15.754
  ],
  [
    1618614000000,
    15.71
  ],
  [
    1618786800000,
    12.012
  ],
  [
    1618873200000,
    16.918
  ],
  [
    1619046000000,
    15.951
  ],
  [
    1619564400000,
    16.92
  ],
  [
    1619737200000,
    17.564
  ],
  [
    1619823600000,
    20.584
  ],
  [
    1620169200000,
    22.572
  ],
  [
    1620342000000,
    23.14
  ],
  [
    1620601200000,
    17.27
  ],
  [
    1621638000000,
    30.49
  ],
  [
    1621724400000,
    32.56
  ],
  [
    1621897200000,
    37.056
  ],
  [
    1622415600000,
    36.03
  ],
  [
    1622761200000,
    45.224
  ],
  [
    1622934000000,
    69.572
  ],
  [
    1623193200000,
    62.987
  ],
  [
    1623538800000,
    50.009
  ],
  [
    1624662000000,
    41
  ],
  [
    1624748400000,
    53.355
  ],
  [
    1624834800000,
    52.47
  ],
  [
    1626562800000,
    40.1
  ],
  [
    1627254000000,
    42.35
  ],
  [
    1627426800000,
    22.1
  ],
  [
    1629068400000,
    23.517
  ],
  [
    1629327600000,
    23.4
  ],
  [
    1629414000000,
    28.467
  ],
  [
    1629500400000,
    28.154
  ],
  [
    1630278000000,
    32.307
  ],
  [
    1631314800000,
    35
  ],
  [
    1631574000000,
    30.013
  ],
  [
    1631660400000,
    29.869
  ],
  [
    1631833200000,
    32.608
  ],
  [
    1632178800000,
    30.19
  ],
  [
    1632524400000,
    29.99
  ],
  [
    1634079600000,
    26.698
  ],
  [
    1634338800000,
    29.01
  ],
  [
    1635030000000,
    27.381
  ],
  [
    1635724800000,
    26.741
  ],
  [
    1636588800000,
    20.66
  ],
  [
    1636761600000,
    19.979
  ],
  [
    1637280000000,
    23.231
  ],
  [
    1637712000000,
    23.994
  ],
  [
    1638230400000,
    20.266
  ],
  [
    1638576000000,
    27.571
  ],
  [
    1638662400000,
    28.082
  ],
  [
    1639180800000,
    24.162
  ],
  [
    1639699200000,
    29.46
  ],
  [
    1639785600000,
    32.306
  ],
  [
    1640131200000,
    22.507
  ],
  [
    1640563200000,
    32.47
  ],
  [
    1640822400000,
    30.61
  ],
  [
    1641254400000,
    27.477
  ],
  [
    1641772800000,
    28.612
  ],
  [
    1642464000000,
    39.767
  ],
  [
    1643932800000,
    21.755
  ],
  [
    1644105600000,
    19.019
  ],
  [
    1644451200000,
    31.96
  ],
  [
    1644537600000,
    31.39
  ],
  [
    1644624000000,
    28.312
  ],
  [
    1644796800000,
    28.018
  ],
  [
    1644883200000,
    33.3
  ],
  [
    1644969600000,
    33.608
  ],
  [
    1645056000000,
    26.15
  ],
  [
    1645315200000,
    26.34
  ],
  [
    1645660800000,
    29.228
  ],
  [
    1646179200000,
    24.646
  ],
  [
    1646265600000,
    30.887
  ],
  [
    1646352000000,
    24.774
  ],
  [
    1646870400000,
    26.98
  ],
  [
    1648080000000,
    25.22
  ],
  [
    1648422000000,
    29.37
  ],
  [
    1648508400000,
    28.9
  ],
  [
    1649199600000,
    41.53
  ],
  [
    1649890800000,
    40.354
  ],
  [
    1650495600000,
    43.26
  ],
  [
    1650754800000,
    44.369
  ],
  [
    1652310000000,
    60.577
  ],
  [
    1652655600000,
    40.34
  ],
  [
    1653433200000,
    37.75
  ],
  [
    1656111600000,
    34.178
  ],
  [
    1656889200000,
    31.084
  ],
  [
    1660258800000,
    32.2
  ],
  [
    1660518000000,
    27.68
  ],
  [
    1660690800000,
    29.62
  ],
  [
    1660777200000,
    35
  ],
  [
    1661814000000,
    31.97
  ],
  [
    1661900400000,
    37.749
  ],
  [
    1662678000000,
    37.98
  ],
  [
    1662764400000,
    34.679
  ],
  [
    1663455600000,
    34.354
  ],
  [
    1663801200000,
    32.748
  ],
  [
    1663887600000,
    39.069
  ],
  [
    1664578800000,
    26.88
  ],
  [
    1664751600000,
    37.505
  ],
  [
    1665615600000,
    36.85
  ],
  [
    1666047600000,
    33.51
  ],
  [
    1666479600000,
    49.42
  ],
  [
    1671494400000,
    40.37
  ],
  [
    1672099200000,
    60.492
  ],
  [
    1672185600000,
    49.012
  ],
  [
    1674172800000,
    45.95
  ],
  [
    1676851200000,
    58.53
  ],
  [
    1677628800000,
    46.65
  ],
  [
    1678060800000,
    47.2
  ],
  [
    1678320000000,
    46.63
  ],
  [
    1678406400000,
    46.62
  ],
  [
    1679270400000,
    64.704
  ],
  [
    1679871600000,
    48.968
  ],
  [
    1680303600000,
    61.87
  ],
  [
    1680822000000,
    51
  ],
  [
    1682550000000,
    76.43
  ],
  [
    1682636400000,
    55.02
  ],
  [
    1683068400000,
    100.747
  ],
  [
    1683932400000,
    70.38
  ],
  [
    1684537200000,
    57.096
  ],
  [
    1685401200000,
    55.03
  ],
  [
    1685574000000,
    42.66
  ],
  [
    1686783600000,
    46.265
  ],
  [
    1687215600000,
    85
  ],
  [
    1687647600000,
    60.139
  ],
  [
    1689116400000,
    61.426
  ],
  [
    1689202800000,
    57.084
  ],
  [
    1689548400000,
    51.514
  ],
  [
    1689807600000,
    74.986
  ],
  [
    1690066800000,
    56.007
  ],
  [
    1691362800000,
    59.149
  ],
  [
    1692140400000,
    80.636
  ],
  [
    1694818800000,
    89.41
  ],
  [
    1699056000000,
    78.442
  ],
  [
    1699228800000,
    76.93
  ],
  [
    1703289600000,
    77.01
  ],
  [
    1705968000000,
    84.94
  ],
  [
    1712790000000,
    102.165
  ],
  [
    1713049200000,
    100.946
  ],
  [
    1713308400000,
    83.55
  ],
  [
    1714431600000,
    98.44
  ],
  [
    1714518000000,
    105.22
  ],
  [
    1716073200000,
    95.39
  ],
  [
    1717088400000,
    124.95
  ],
  [
    1717351200000,
    135.975
  ]
]