[
  [
    1574121600000,
    1.925
  ],
  [
    1574208000000,
    1.443
  ],
  [
    1574294400000,
    1.882
  ],
  [
    1574380800000,
    1.706
  ],
  [
    1574467200000,
    1.81
  ],
  [
    1574553600000,
    1.746
  ],
  [
    1574640000000,
    1.608
  ],
  [
    1574726400000,
    1.62
  ],
  [
    1574812800000,
    1.581
  ],
  [
    1574899200000,
    1.769
  ],
  [
    1574985600000,
    1.971
  ],
  [
    1575072000000,
    2.147
  ],
  [
    1575158400000,
    2.402
  ],
  [
    1575244800000,
    2.404
  ],
  [
    1575331200000,
    2.451
  ],
  [
    1575417600000,
    1.994
  ],
  [
    1575504000000,
    1.934
  ],
  [
    1575590400000,
    2.02
  ],
  [
    1575676800000,
    2.115
  ],
  [
    1575763200000,
    2.306
  ],
  [
    1575849600000,
    2.551
  ],
  [
    1575936000000,
    2.507
  ],
  [
    1576022400000,
    2.501
  ],
  [
    1576108800000,
    2.435
  ],
  [
    1576195200000,
    2.507
  ],
  [
    1576281600000,
    2.621
  ],
  [
    1576368000000,
    2.439
  ],
  [
    1576454400000,
    2.418
  ],
  [
    1576540800000,
    2.547
  ],
  [
    1576627200000,
    2.37
  ],
  [
    1576713600000,
    2.331
  ],
  [
    1576800000000,
    2.425
  ],
  [
    1576886400000,
    2.216
  ],
  [
    1576972800000,
    2.229
  ],
  [
    1577059200000,
    2.426
  ],
  [
    1577145600000,
    2.483
  ],
  [
    1577232000000,
    2.389
  ],
  [
    1577318400000,
    2.464
  ],
  [
    1577404800000,
    2.429
  ],
  [
    1577491200000,
    2.329
  ],
  [
    1577577600000,
    2.322
  ],
  [
    1577664000000,
    2.439
  ],
  [
    1577750400000,
    2.307
  ],
  [
    1577836800000,
    2.169
  ],
  [
    1577923200000,
    2.145
  ],
  [
    1578009600000,
    2.239
  ],
  [
    1578096000000,
    2.307
  ],
  [
    1578182400000,
    2.377
  ],
  [
    1578268800000,
    11.288
  ],
  [
    1578355200000,
    2.379
  ],
  [
    1578441600000,
    2.465
  ],
  [
    1578528000000,
    2.409
  ],
  [
    1578614400000,
    2.474
  ],
  [
    1578700800000,
    2.471
  ],
  [
    1578787200000,
    2.54
  ],
  [
    1578873600000,
    2.667
  ],
  [
    1578960000000,
    2.64
  ],
  [
    1579046400000,
    2.565
  ],
  [
    1579132800000,
    2.814
  ],
  [
    1579219200000,
    2.772
  ],
  [
    1579305600000,
    2.789
  ],
  [
    1579392000000,
    2.84
  ],
  [
    1579478400000,
    2.785
  ],
  [
    1579564800000,
    2.749
  ],
  [
    1579651200000,
    2.792
  ],
  [
    1579737600000,
    2.704
  ],
  [
    1579824000000,
    2.769
  ],
  [
    1579910400000,
    2.774
  ],
  [
    1579996800000,
    2.792
  ],
  [
    1580083200000,
    2.521
  ],
  [
    1580169600000,
    2.61
  ],
  [
    1580256000000,
    2.604
  ],
  [
    1580342400000,
    2.476
  ],
  [
    1580428800000,
    2.725
  ],
  [
    1580515200000,
    2.924
  ],
  [
    1580601600000,
    3.053
  ],
  [
    1580688000000,
    3.648
  ],
  [
    1580774400000,
    5.819
  ],
  [
    1580860800000,
    5.148
  ],
  [
    1580947200000,
    4.784
  ],
  [
    1581033600000,
    3.51
  ],
  [
    1581120000000,
    3.375
  ],
  [
    1581206400000,
    3.421
  ],
  [
    1581292800000,
    3.472
  ],
  [
    1581379200000,
    3.446
  ],
  [
    1581465600000,
    3.516
  ],
  [
    1581552000000,
    3.623
  ],
  [
    1581638400000,
    3.583
  ],
  [
    1581724800000,
    3.479
  ],
  [
    1581811200000,
    3.398
  ],
  [
    1581897600000,
    3.665
  ],
  [
    1581984000000,
    3.628
  ],
  [
    1582070400000,
    3.323
  ],
  [
    1582156800000,
    3.329
  ],
  [
    1582243200000,
    3.294
  ],
  [
    1582329600000,
    3.595
  ],
  [
    1582416000000,
    4.295
  ],
  [
    1582502400000,
    5.167
  ],
  [
    1582588800000,
    4.724
  ],
  [
    1582675200000,
    4.307
  ],
  [
    1582761600000,
    4.313
  ],
  [
    1582848000000,
    5.017
  ],
  [
    1582934400000,
    5.454
  ],
  [
    1583020800000,
    5.104
  ],
  [
    1583107200000,
    5.063
  ],
  [
    1583193600000,
    5.041
  ],
  [
    1583280000000,
    4.918
  ],
  [
    1583366400000,
    4.511
  ],
  [
    1583452800000,
    4.2
  ],
  [
    1583539200000,
    4.005
  ],
  [
    1583625600000,
    3.977
  ],
  [
    1583712000000,
    3.89
  ],
  [
    1583798400000,
    3.96
  ],
  [
    1583884800000,
    4.037
  ],
  [
    1583971200000,
    3.986
  ],
  [
    1584057600000,
    3.899
  ],
  [
    1584144000000,
    3.973
  ],
  [
    1584230400000,
    4.05
  ],
  [
    1584316800000,
    3.749
  ],
  [
    1584403200000,
    3.901
  ],
  [
    1584489600000,
    4.073
  ],
  [
    1584576000000,
    4.149
  ],
  [
    1584662400000,
    4.273
  ],
  [
    1584748800000,
    4.589
  ],
  [
    1584835200000,
    4.406
  ],
  [
    1584921600000,
    4.336
  ],
  [
    1585008000000,
    4.349
  ],
  [
    1585094400000,
    4.063
  ],
  [
    1585180800000,
    4.24
  ],
  [
    1585267200000,
    4.277
  ],
  [
    1585353600000,
    4.347
  ],
  [
    1585440000000,
    4.749
  ],
  [
    1585522800000,
    4.525
  ],
  [
    1585609200000,
    4.094
  ],
  [
    1585695600000,
    4.114
  ],
  [
    1585782000000,
    4.077
  ],
  [
    1585868400000,
    4.068
  ],
  [
    1585954800000,
    4.309
  ],
  [
    1586041200000,
    4.175
  ],
  [
    1586127600000,
    4.03
  ],
  [
    1586214000000,
    4.099
  ],
  [
    1586300400000,
    4.145
  ],
  [
    1586386800000,
    4.13
  ],
  [
    1586473200000,
    4.209
  ],
  [
    1586559600000,
    3.89
  ],
  [
    1586646000000,
    3.911
  ],
  [
    1586732400000,
    3.816
  ],
  [
    1586818800000,
    3.785
  ],
  [
    1586905200000,
    3.822
  ],
  [
    1586991600000,
    3.967
  ],
  [
    1587078000000,
    4.124
  ],
  [
    1587164400000,
    4.034
  ],
  [
    1587250800000,
    4.185
  ],
  [
    1587337200000,
    4.18
  ],
  [
    1587423600000,
    4.199
  ],
  [
    1587510000000,
    4.055
  ],
  [
    1587596400000,
    3.997
  ],
  [
    1587682800000,
    4.286
  ],
  [
    1587769200000,
    4.252
  ],
  [
    1587855600000,
    4.116
  ],
  [
    1587942000000,
    4.348
  ],
  [
    1588028400000,
    4.543
  ],
  [
    1588114800000,
    4.802
  ],
  [
    1588201200000,
    4.897
  ],
  [
    1588287600000,
    4.895
  ],
  [
    1588374000000,
    5.101
  ],
  [
    1588460400000,
    5.114
  ],
  [
    1588546800000,
    5.403
  ],
  [
    1588633200000,
    5.401
  ],
  [
    1588719600000,
    5.83
  ],
  [
    1588806000000,
    5.281
  ],
  [
    1588892400000,
    5.53
  ],
  [
    1588978800000,
    5.605
  ],
  [
    1589065200000,
    5.941
  ],
  [
    1589151600000,
    5.89
  ],
  [
    1589238000000,
    6.239
  ],
  [
    1589324400000,
    5.758
  ],
  [
    1589410800000,
    5.856
  ],
  [
    1589497200000,
    5.897
  ],
  [
    1589583600000,
    6.187
  ],
  [
    1589670000000,
    5.977
  ],
  [
    1589756400000,
    6.241
  ],
  [
    1589842800000,
    6.309
  ],
  [
    1589929200000,
    6.446
  ],
  [
    1590015600000,
    6.442
  ],
  [
    1590102000000,
    6.559
  ],
  [
    1590188400000,
    6.641
  ],
  [
    1590274800000,
    6.515
  ],
  [
    1590361200000,
    6.233
  ],
  [
    1590447600000,
    6.041
  ],
  [
    1590534000000,
    5.488
  ],
  [
    1590620400000,
    5.886
  ],
  [
    1590706800000,
    5.703
  ],
  [
    1590793200000,
    6.118
  ],
  [
    1590879600000,
    6.345
  ],
  [
    1590966000000,
    6.006
  ],
  [
    1591052400000,
    6.379
  ],
  [
    1591138800000,
    6.416
  ],
  [
    1591225200000,
    6.553
  ],
  [
    1591311600000,
    6.555
  ],
  [
    1591398000000,
    6.301
  ],
  [
    1591484400000,
    6.579
  ],
  [
    1591570800000,
    6.291
  ],
  [
    1591657200000,
    6.199
  ],
  [
    1591743600000,
    5.94
  ],
  [
    1591830000000,
    6.311
  ],
  [
    1591916400000,
    5.957
  ],
  [
    1592002800000,
    5.896
  ],
  [
    1592089200000,
    5.926
  ],
  [
    1592175600000,
    5.982
  ],
  [
    1592262000000,
    6.041
  ],
  [
    1592348400000,
    6.144
  ],
  [
    1592434800000,
    6.219
  ],
  [
    1592521200000,
    5.879
  ],
  [
    1592607600000,
    5.769
  ],
  [
    1592694000000,
    6.078
  ],
  [
    1592780400000,
    5.862
  ],
  [
    1592866800000,
    6.149
  ],
  [
    1592953200000,
    5.698
  ],
  [
    1593039600000,
    5.495
  ],
  [
    1593126000000,
    5.594
  ],
  [
    1593212400000,
    5.944
  ],
  [
    1593298800000,
    6.239
  ],
  [
    1593385200000,
    5.553
  ],
  [
    1593471600000,
    6.067
  ],
  [
    1593558000000,
    6.016
  ],
  [
    1593644400000,
    6
  ],
  [
    1593730800000,
    6.147
  ],
  [
    1593817200000,
    5.897
  ],
  [
    1593903600000,
    5.901
  ],
  [
    1593990000000,
    5.907
  ],
  [
    1594076400000,
    6.202
  ],
  [
    1594162800000,
    6.23
  ],
  [
    1594249200000,
    6.38
  ],
  [
    1594335600000,
    6.611
  ],
  [
    1594422000000,
    6.571
  ],
  [
    1594508400000,
    6.911
  ],
  [
    1594594800000,
    6.737
  ],
  [
    1594681200000,
    7.112
  ],
  [
    1594767600000,
    6.84
  ],
  [
    1594854000000,
    7.046
  ],
  [
    1594940400000,
    7.391
  ],
  [
    1595026800000,
    7.274
  ],
  [
    1595113200000,
    7.127
  ],
  [
    1595199600000,
    6.733
  ],
  [
    1595286000000,
    6.863
  ],
  [
    1595372400000,
    7.305
  ],
  [
    1595458800000,
    7.44
  ],
  [
    1595545200000,
    7.617
  ],
  [
    1595631600000,
    7.958
  ],
  [
    1595718000000,
    7.813
  ],
  [
    1595804400000,
    7.776
  ],
  [
    1595890800000,
    7.498
  ],
  [
    1595977200000,
    7.901
  ],
  [
    1596063600000,
    7.679
  ],
  [
    1596150000000,
    7.617
  ],
  [
    1596236400000,
    7.476
  ],
  [
    1596322800000,
    7.325
  ],
  [
    1596409200000,
    8.255
  ],
  [
    1596495600000,
    7.757
  ],
  [
    1596582000000,
    7.451
  ],
  [
    1596668400000,
    7.958
  ],
  [
    1596754800000,
    8.159
  ],
  [
    1596841200000,
    8.258
  ],
  [
    1596927600000,
    7.173
  ],
  [
    1597014000000,
    7.503
  ],
  [
    1597100400000,
    7.964
  ],
  [
    1597186800000,
    7.882
  ],
  [
    1597273200000,
    7.835
  ],
  [
    1597359600000,
    7.525
  ],
  [
    1597446000000,
    7.695
  ],
  [
    1597532400000,
    7.794
  ],
  [
    1597618800000,
    7.618
  ],
  [
    1597705200000,
    7.003
  ],
  [
    1597791600000,
    7.374
  ],
  [
    1597878000000,
    6.847
  ],
  [
    1597964400000,
    7.106
  ],
  [
    1598050800000,
    7.351
  ],
  [
    1598137200000,
    6.479
  ],
  [
    1598223600000,
    7.256
  ],
  [
    1598396400000,
    7.304
  ],
  [
    1598482800000,
    7.375
  ],
  [
    1598569200000,
    7.014
  ],
  [
    1598655600000,
    6.923
  ],
  [
    1598742000000,
    6.616
  ],
  [
    1598828400000,
    6.674
  ],
  [
    1598914800000,
    6.955
  ],
  [
    1599001200000,
    6.902
  ],
  [
    1599087600000,
    7
  ],
  [
    1599174000000,
    7.005
  ],
  [
    1599260400000,
    7.165
  ],
  [
    1599346800000,
    5.905
  ],
  [
    1599433200000,
    6.63
  ],
  [
    1599519600000,
    6.724
  ],
  [
    1599606000000,
    6.177
  ],
  [
    1599692400000,
    6.457
  ],
  [
    1599778800000,
    6.327
  ],
  [
    1599865200000,
    6.723
  ],
  [
    1599951600000,
    6.631
  ],
  [
    1600038000000,
    6.338
  ],
  [
    1600124400000,
    6.638
  ],
  [
    1600210800000,
    7.019
  ],
  [
    1600297200000,
    6.853
  ],
  [
    1600383600000,
    6.935
  ],
  [
    1600470000000,
    7.085
  ],
  [
    1600556400000,
    7.484
  ],
  [
    1600642800000,
    7.268
  ],
  [
    1600729200000,
    7.331
  ],
  [
    1600815600000,
    7.585
  ],
  [
    1600902000000,
    7.705
  ],
  [
    1600988400000,
    7.354
  ],
  [
    1601074800000,
    8.099
  ],
  [
    1601161200000,
    7.843
  ],
  [
    1601247600000,
    7.469
  ],
  [
    1601334000000,
    7.256
  ],
  [
    1601420400000,
    8.217
  ],
  [
    1601506800000,
    8.845
  ],
  [
    1601593200000,
    8.935
  ],
  [
    1601679600000,
    14.404
  ],
  [
    1601766000000,
    8.182
  ],
  [
    1601852400000,
    7.68
  ],
  [
    1601938800000,
    7.61
  ],
  [
    1602025200000,
    7.921
  ],
  [
    1602111600000,
    8.364
  ],
  [
    1602198000000,
    8.206
  ],
  [
    1602284400000,
    7.548
  ],
  [
    1602370800000,
    7.921
  ],
  [
    1602457200000,
    7.73
  ],
  [
    1602543600000,
    8.155
  ],
  [
    1602630000000,
    8.01
  ],
  [
    1602716400000,
    8.635
  ],
  [
    1602802800000,
    8.728
  ],
  [
    1602889200000,
    8.947
  ],
  [
    1602975600000,
    9.376
  ],
  [
    1603062000000,
    8.953
  ],
  [
    1603148400000,
    8.37
  ],
  [
    1603234800000,
    8.323
  ],
  [
    1603321200000,
    8.269
  ],
  [
    1603407600000,
    8.476
  ],
  [
    1603494000000,
    8.192
  ],
  [
    1603580400000,
    8.377
  ],
  [
    1603670400000,
    8.331
  ],
  [
    1603756800000,
    8.882
  ],
  [
    1603843200000,
    8.634
  ],
  [
    1603929600000,
    8.988
  ],
  [
    1604016000000,
    8.718
  ],
  [
    1604102400000,
    8.879
  ],
  [
    1604188800000,
    9.723
  ],
  [
    1604275200000,
    8
  ],
  [
    1604361600000,
    8.353
  ],
  [
    1604448000000,
    9.77
  ],
  [
    1604534400000,
    8.605
  ],
  [
    1604620800000,
    8.694
  ],
  [
    1604707200000,
    8.515
  ],
  [
    1604793600000,
    8.565
  ],
  [
    1604880000000,
    8.532
  ],
  [
    1604966400000,
    8.677
  ],
  [
    1605052800000,
    8.898
  ],
  [
    1605139200000,
    8.86
  ],
  [
    1605225600000,
    8.987
  ],
  [
    1605312000000,
    8.768
  ],
  [
    1605398400000,
    8.786
  ],
  [
    1605484800000,
    8.503
  ],
  [
    1605571200000,
    8.437
  ],
  [
    1605657600000,
    8.433
  ],
  [
    1605744000000,
    7.867
  ],
  [
    1605830400000,
    8.388
  ],
  [
    1605916800000,
    8.858
  ],
  [
    1606003200000,
    8.261
  ],
  [
    1606089600000,
    8.223
  ],
  [
    1606176000000,
    78.281
  ],
  [
    1606262400000,
    7.849
  ],
  [
    1606348800000,
    8.614
  ],
  [
    1606435200000,
    8.461
  ],
  [
    1606521600000,
    7.568
  ],
  [
    1606608000000,
    7.28
  ],
  [
    1606694400000,
    7.767
  ],
  [
    1606780800000,
    7.588
  ],
  [
    1606867200000,
    7.795
  ],
  [
    1606953600000,
    7.71
  ],
  [
    1607040000000,
    6.626
  ],
  [
    1607126400000,
    6.405
  ],
  [
    1607212800000,
    6.128
  ],
  [
    1607299200000,
    6.154
  ],
  [
    1607385600000,
    6.129
  ],
  [
    1607472000000,
    6.302
  ],
  [
    1607558400000,
    6.471
  ],
  [
    1607644800000,
    6.688
  ],
  [
    1607731200000,
    6.737
  ],
  [
    1607817600000,
    6.379
  ],
  [
    1607904000000,
    6.455
  ],
  [
    1607990400000,
    6.227
  ],
  [
    1608076800000,
    6.494
  ],
  [
    1608163200000,
    15.64
  ],
  [
    1608249600000,
    6.645
  ],
  [
    1608336000000,
    6.609
  ],
  [
    1608422400000,
    6.903
  ],
  [
    1608508800000,
    6.998
  ],
  [
    1608595200000,
    6.987
  ],
  [
    1608681600000,
    7.773
  ],
  [
    1608768000000,
    7.893
  ],
  [
    1608854400000,
    7.813
  ],
  [
    1608940800000,
    7.72
  ],
  [
    1609027200000,
    8.313
  ],
  [
    1609113600000,
    7.968
  ],
  [
    1609200000000,
    7.808
  ],
  [
    1609286400000,
    9.387
  ],
  [
    1609372800000,
    9.502
  ],
  [
    1609459200000,
    9.402
  ],
  [
    1609545600000,
    10.361
  ],
  [
    1609718400000,
    10.773
  ],
  [
    1609804800000,
    11.075
  ],
  [
    1609891200000,
    10.847
  ],
  [
    1609977600000,
    10.743
  ],
  [
    1610064000000,
    11.185
  ],
  [
    1610150400000,
    11.367
  ],
  [
    1610236800000,
    9.83
  ],
  [
    1610323200000,
    11.09
  ],
  [
    1610409600000,
    11.251
  ],
  [
    1610496000000,
    10.355
  ],
  [
    1610582400000,
    10.477
  ],
  [
    1610668800000,
    10.469
  ],
  [
    1610755200000,
    11.152
  ],
  [
    1610841600000,
    11.266
  ],
  [
    1610928000000,
    10.733
  ],
  [
    1611014400000,
    10.95
  ],
  [
    1611100800000,
    11.22
  ],
  [
    1611187200000,
    11.279
  ],
  [
    1611273600000,
    10.907
  ],
  [
    1611360000000,
    10.814
  ],
  [
    1611446400000,
    10.921
  ],
  [
    1611532800000,
    11.33
  ],
  [
    1611619200000,
    10.702
  ],
  [
    1611705600000,
    11.331
  ],
  [
    1611792000000,
    10.629
  ],
  [
    1611878400000,
    11.188
  ],
  [
    1611964800000,
    11.353
  ],
  [
    1612051200000,
    11.075
  ],
  [
    1612137600000,
    11.818
  ],
  [
    1612310400000,
    12.526
  ],
  [
    1612396800000,
    12.508
  ],
  [
    1612483200000,
    13.156
  ],
  [
    1612569600000,
    13.981
  ],
  [
    1612742400000,
    12.923
  ],
  [
    1612828800000,
    12.268
  ],
  [
    1612915200000,
    12.958
  ],
  [
    1613001600000,
    14.037
  ],
  [
    1613088000000,
    12.93
  ],
  [
    1613174400000,
    11.507
  ],
  [
    1613260800000,
    11.849
  ],
  [
    1613347200000,
    11.879
  ],
  [
    1613433600000,
    11.549
  ],
  [
    1613520000000,
    10.16
  ],
  [
    1613606400000,
    10.597
  ],
  [
    1613692800000,
    11.329
  ],
  [
    1613865600000,
    10.777
  ],
  [
    1613952000000,
    11.096
  ],
  [
    1614038400000,
    11.263
  ],
  [
    1614124800000,
    11.286
  ],
  [
    1614297600000,
    11.419
  ],
  [
    1614384000000,
    12.382
  ],
  [
    1614470400000,
    11.773
  ],
  [
    1614556800000,
    9.994
  ],
  [
    1614643200000,
    11.836
  ],
  [
    1614729600000,
    12.036
  ],
  [
    1614902400000,
    12.107
  ],
  [
    1614988800000,
    12.265
  ],
  [
    1615075200000,
    12.065
  ],
  [
    1615161600000,
    12.009
  ],
  [
    1615248000000,
    11.937
  ],
  [
    1615334400000,
    12.523
  ],
  [
    1615420800000,
    12.266
  ],
  [
    1615507200000,
    13.245
  ],
  [
    1615593600000,
    12.13
  ],
  [
    1615680000000,
    12.05
  ],
  [
    1615766400000,
    12.69
  ],
  [
    1615852800000,
    11.938
  ],
  [
    1615939200000,
    12.504
  ],
  [
    1616025600000,
    12.592
  ],
  [
    1616112000000,
    13.15
  ],
  [
    1616198400000,
    13.005
  ],
  [
    1616284800000,
    13.767
  ],
  [
    1616371200000,
    16.925
  ],
  [
    1616457600000,
    17.019
  ],
  [
    1616544000000,
    16.856
  ],
  [
    1616630400000,
    17.303
  ],
  [
    1616716800000,
    18.235
  ],
  [
    1616803200000,
    18.778
  ],
  [
    1616889600000,
    17.374
  ],
  [
    1616972400000,
    16.363
  ],
  [
    1617058800000,
    17.51
  ],
  [
    1617145200000,
    16.667
  ],
  [
    1617231600000,
    14.737
  ],
  [
    1617318000000,
    17.417
  ],
  [
    1617404400000,
    16.605
  ],
  [
    1617490800000,
    16.958
  ],
  [
    1617577200000,
    16.062
  ],
  [
    1617663600000,
    16.426
  ],
  [
    1617750000000,
    16.872
  ],
  [
    1617836400000,
    15.795
  ],
  [
    1617922800000,
    16.634
  ],
  [
    1618009200000,
    16.62
  ],
  [
    1618182000000,
    15.739
  ],
  [
    1618268400000,
    15.34
  ],
  [
    1618354800000,
    16.28
  ],
  [
    1618441200000,
    15.85
  ],
  [
    1618614000000,
    17.609
  ],
  [
    1618700400000,
    17.9
  ],
  [
    1618786800000,
    17.616
  ],
  [
    1618873200000,
    17.756
  ],
  [
    1618959600000,
    17.86
  ],
  [
    1619046000000,
    18.395
  ],
  [
    1619132400000,
    19.688
  ],
  [
    1619305200000,
    17.807
  ],
  [
    1619391600000,
    18.005
  ],
  [
    1619478000000,
    18.559
  ],
  [
    1619564400000,
    19.229
  ],
  [
    1619650800000,
    19.374
  ],
  [
    1619737200000,
    19.855
  ],
  [
    1619823600000,
    22.036
  ],
  [
    1619910000000,
    21.843
  ],
  [
    1619996400000,
    22.49
  ],
  [
    1620082800000,
    23.158
  ],
  [
    1620169200000,
    24.394
  ],
  [
    1620342000000,
    23.215
  ],
  [
    1620428400000,
    22.715
  ],
  [
    1620514800000,
    24.126
  ],
  [
    1620601200000,
    25.156
  ],
  [
    1620687600000,
    25.037
  ],
  [
    1620774000000,
    23.163
  ],
  [
    1620860400000,
    22.798
  ],
  [
    1620946800000,
    22.01
  ],
  [
    1621033200000,
    23.658
  ],
  [
    1621119600000,
    24.754
  ],
  [
    1621206000000,
    24.17
  ],
  [
    1621292400000,
    26.878
  ],
  [
    1621378800000,
    25.541
  ],
  [
    1621465200000,
    29.486
  ],
  [
    1621551600000,
    30.49
  ],
  [
    1621638000000,
    32.549
  ],
  [
    1621724400000,
    35.189
  ],
  [
    1621810800000,
    37.138
  ],
  [
    1621897200000,
    38.719
  ],
  [
    1621983600000,
    45.762
  ],
  [
    1622070000000,
    46.534
  ],
  [
    1622156400000,
    50.408
  ],
  [
    1622242800000,
    48.325
  ],
  [
    1622329200000,
    48.315
  ],
  [
    1622415600000,
    50.066
  ],
  [
    1622588400000,
    50.882
  ],
  [
    1622674800000,
    51.352
  ],
  [
    1622761200000,
    55.806
  ],
  [
    1622847600000,
    66.943
  ],
  [
    1622934000000,
    61.969
  ],
  [
    1623020400000,
    67.341
  ],
  [
    1623106800000,
    63.313
  ],
  [
    1623193200000,
    56.526
  ],
  [
    1623279600000,
    62.663
  ],
  [
    1623366000000,
    68.37
  ],
  [
    1623452400000,
    58.97
  ],
  [
    1623538800000,
    70.505
  ],
  [
    1623625200000,
    60.987
  ],
  [
    1623711600000,
    65.647
  ],
  [
    1623798000000,
    60.46
  ],
  [
    1623970800000,
    63.984
  ],
  [
    1624057200000,
    59.785
  ],
  [
    1624143600000,
    61.124
  ],
  [
    1624230000000,
    62.342
  ],
  [
    1624402800000,
    54.192
  ],
  [
    1624489200000,
    54.2
  ],
  [
    1624575600000,
    51.213
  ],
  [
    1624662000000,
    49.26
  ],
  [
    1624748400000,
    48.995
  ],
  [
    1624834800000,
    51.477
  ],
  [
    1625007600000,
    48.13
  ],
  [
    1625094000000,
    44.337
  ],
  [
    1625180400000,
    46.365
  ],
  [
    1625266800000,
    43.257
  ],
  [
    1625439600000,
    45.946
  ],
  [
    1625526000000,
    40.28
  ],
  [
    1625612400000,
    42
  ],
  [
    1625698800000,
    41.535
  ],
  [
    1625785200000,
    41.233
  ],
  [
    1625958000000,
    40.593
  ],
  [
    1626044400000,
    40.78
  ],
  [
    1626130800000,
    38.58
  ],
  [
    1626217200000,
    37.67
  ],
  [
    1626303600000,
    37.6
  ],
  [
    1626390000000,
    39.399
  ],
  [
    1626476400000,
    41.997
  ],
  [
    1626562800000,
    36.51
  ],
  [
    1626735600000,
    40.108
  ],
  [
    1626822000000,
    40.147
  ],
  [
    1626908400000,
    37.333
  ],
  [
    1626994800000,
    41.562
  ],
  [
    1627167600000,
    40.269
  ],
  [
    1627254000000,
    43.01
  ],
  [
    1627340400000,
    40.653
  ],
  [
    1627426800000,
    43.091
  ],
  [
    1627513200000,
    41.515
  ],
  [
    1627599600000,
    41.561
  ],
  [
    1627686000000,
    41.556
  ],
  [
    1627772400000,
    43.32
  ],
  [
    1627858800000,
    37.31
  ],
  [
    1627945200000,
    40.994
  ],
  [
    1628118000000,
    39.464
  ],
  [
    1628204400000,
    39.53
  ],
  [
    1628290800000,
    35.51
  ],
  [
    1628377200000,
    40.977
  ],
  [
    1628550000000,
    41.503
  ],
  [
    1628636400000,
    41.124
  ],
  [
    1628809200000,
    37.997
  ],
  [
    1628982000000,
    33.715
  ],
  [
    1629068400000,
    37.171
  ],
  [
    1629154800000,
    32.372
  ],
  [
    1629327600000,
    33.141
  ],
  [
    1629414000000,
    36.547
  ],
  [
    1629586800000,
    31.09
  ],
  [
    1629759600000,
    32.5
  ],
  [
    1629846000000,
    31.67
  ],
  [
    1629932400000,
    35.37
  ],
  [
    1630018800000,
    35.795
  ],
  [
    1630105200000,
    34.5
  ],
  [
    1630191600000,
    34.08
  ],
  [
    1630278000000,
    34.05
  ],
  [
    1630364400000,
    34.374
  ],
  [
    1630450800000,
    37.37
  ],
  [
    1630537200000,
    37.711
  ],
  [
    1630623600000,
    38.016
  ],
  [
    1630710000000,
    37.338
  ],
  [
    1630796400000,
    35.738
  ],
  [
    1630882800000,
    35.483
  ],
  [
    1630969200000,
    37.315
  ],
  [
    1631055600000,
    32.973
  ],
  [
    1631228400000,
    37.196
  ],
  [
    1631314800000,
    35.733
  ],
  [
    1631401200000,
    37.95
  ],
  [
    1631574000000,
    35.929
  ],
  [
    1631660400000,
    36.746
  ],
  [
    1631746800000,
    38.008
  ],
  [
    1631919600000,
    31.94
  ],
  [
    1632006000000,
    36.148
  ],
  [
    1632092400000,
    37.108
  ],
  [
    1632265200000,
    27.713
  ],
  [
    1632351600000,
    25.96
  ],
  [
    1632438000000,
    27.563
  ],
  [
    1632524400000,
    26.117
  ],
  [
    1632610800000,
    25.652
  ],
  [
    1632697200000,
    24.25
  ],
  [
    1632870000000,
    24.188
  ],
  [
    1632956400000,
    25.087
  ],
  [
    1633042800000,
    26.121
  ],
  [
    1633129200000,
    27.187
  ],
  [
    1633215600000,
    26.486
  ],
  [
    1633302000000,
    27.991
  ],
  [
    1633388400000,
    24.28
  ],
  [
    1633474800000,
    25.897
  ],
  [
    1633561200000,
    24.873
  ],
  [
    1633647600000,
    24.087
  ],
  [
    1633734000000,
    23.625
  ],
  [
    1633820400000,
    28.02
  ],
  [
    1633906800000,
    27.599
  ],
  [
    1633993200000,
    26.119
  ],
  [
    1634166000000,
    27.237
  ],
  [
    1634252400000,
    26.289
  ],
  [
    1634338800000,
    24.064
  ],
  [
    1634425200000,
    25.795
  ],
  [
    1634598000000,
    27.982
  ],
  [
    1634684400000,
    28.219
  ],
  [
    1634770800000,
    28.446
  ],
  [
    1634857200000,
    24.312
  ],
  [
    1634943600000,
    24.28
  ],
  [
    1635030000000,
    25.665
  ],
  [
    1635116400000,
    23
  ],
  [
    1635289200000,
    23.61
  ],
  [
    1635375600000,
    24.597
  ],
  [
    1635462000000,
    26.882
  ],
  [
    1635548400000,
    26.714
  ],
  [
    1635634800000,
    27.281
  ],
  [
    1635724800000,
    19.775
  ],
  [
    1635811200000,
    25.935
  ],
  [
    1635897600000,
    24.19
  ],
  [
    1635984000000,
    25.207
  ],
  [
    1636156800000,
    27.038
  ],
  [
    1636243200000,
    27.44
  ],
  [
    1636329600000,
    23.96
  ],
  [
    1636588800000,
    23.556
  ],
  [
    1636675200000,
    23.56
  ],
  [
    1636761600000,
    24.2
  ],
  [
    1636848000000,
    23.327
  ],
  [
    1637020800000,
    25.618
  ],
  [
    1637107200000,
    26.319
  ],
  [
    1637280000000,
    27.708
  ],
  [
    1637366400000,
    26.906
  ],
  [
    1637452800000,
    25.782
  ],
  [
    1637539200000,
    27.69
  ],
  [
    1637625600000,
    28.42
  ],
  [
    1637712000000,
    27.468
  ],
  [
    1637798400000,
    23.95
  ],
  [
    1637884800000,
    23.91
  ],
  [
    1637971200000,
    24.343
  ],
  [
    1638057600000,
    27.342
  ],
  [
    1638144000000,
    26.485
  ],
  [
    1638230400000,
    25.404
  ],
  [
    1638316800000,
    27.333
  ],
  [
    1638403200000,
    27.208
  ],
  [
    1638489600000,
    29.831
  ],
  [
    1638662400000,
    31.493
  ],
  [
    1638748800000,
    32.17
  ],
  [
    1638835200000,
    32.017
  ],
  [
    1638921600000,
    37.018
  ],
  [
    1639008000000,
    28.591
  ],
  [
    1639180800000,
    36.387
  ],
  [
    1639267200000,
    31.355
  ],
  [
    1639353600000,
    37.388
  ],
  [
    1639612800000,
    34.627
  ],
  [
    1639699200000,
    34.005
  ],
  [
    1639785600000,
    36.997
  ],
  [
    1639872000000,
    32.27
  ],
  [
    1639958400000,
    34.801
  ],
  [
    1640044800000,
    40.634
  ],
  [
    1640390400000,
    36.001
  ],
  [
    1640476800000,
    35.93
  ],
  [
    1640563200000,
    32.86
  ],
  [
    1640649600000,
    31
  ],
  [
    1640736000000,
    33.04
  ],
  [
    1640822400000,
    33.04
  ],
  [
    1640908800000,
    33.09
  ],
  [
    1641081600000,
    34.885
  ],
  [
    1641168000000,
    31.019
  ],
  [
    1641254400000,
    34.355
  ],
  [
    1641513600000,
    35.764
  ],
  [
    1641600000000,
    33.445
  ],
  [
    1641686400000,
    35.693
  ],
  [
    1641772800000,
    34.855
  ],
  [
    1641859200000,
    35.887
  ],
  [
    1642118400000,
    34.29
  ],
  [
    1642204800000,
    34.29
  ],
  [
    1642377600000,
    36.77
  ],
  [
    1642464000000,
    37.23
  ],
  [
    1642550400000,
    36.86
  ],
  [
    1642636800000,
    36.66
  ],
  [
    1642723200000,
    35.192
  ],
  [
    1642809600000,
    37.312
  ],
  [
    1643155200000,
    33.805
  ],
  [
    1643328000000,
    33.395
  ],
  [
    1643414400000,
    34.55
  ],
  [
    1643673600000,
    31.55
  ],
  [
    1643760000000,
    36.098
  ],
  [
    1643846400000,
    32.939
  ],
  [
    1643932800000,
    32.284
  ],
  [
    1644019200000,
    27.828
  ],
  [
    1644105600000,
    30.745
  ],
  [
    1644192000000,
    30.66
  ],
  [
    1644278400000,
    31.94
  ],
  [
    1644451200000,
    31.779
  ],
  [
    1644624000000,
    31.356
  ],
  [
    1644710400000,
    35.794
  ],
  [
    1644969600000,
    33.408
  ],
  [
    1645056000000,
    11.36
  ],
  [
    1645228800000,
    29.99
  ],
  [
    1645315200000,
    30.64
  ],
  [
    1645401600000,
    32.86
  ],
  [
    1645488000000,
    32.85
  ],
  [
    1645574400000,
    34.362
  ],
  [
    1645660800000,
    34.319
  ],
  [
    1645747200000,
    35.249
  ],
  [
    1645833600000,
    30.459
  ],
  [
    1645920000000,
    32.343
  ],
  [
    1646006400000,
    32.787
  ],
  [
    1646179200000,
    37.712
  ],
  [
    1646265600000,
    32.636
  ],
  [
    1646697600000,
    33.765
  ],
  [
    1646784000000,
    33.18
  ],
  [
    1646870400000,
    33.325
  ],
  [
    1646956800000,
    33.222
  ],
  [
    1647043200000,
    37.216
  ],
  [
    1647129600000,
    29.99
  ],
  [
    1647216000000,
    31.646
  ],
  [
    1647302400000,
    35.262
  ],
  [
    1647388800000,
    36.146
  ],
  [
    1647475200000,
    37.34
  ],
  [
    1647561600000,
    36.34
  ],
  [
    1647648000000,
    32.054
  ],
  [
    1647820800000,
    33.585
  ],
  [
    1647907200000,
    36.058
  ],
  [
    1647993600000,
    37.56
  ],
  [
    1648080000000,
    33.44
  ],
  [
    1648166400000,
    37.72
  ],
  [
    1648252800000,
    37.86
  ],
  [
    1648339200000,
    36.26
  ],
  [
    1648422000000,
    35.289
  ],
  [
    1648594800000,
    37.45
  ],
  [
    1648767600000,
    36.99
  ],
  [
    1648854000000,
    36.389
  ],
  [
    1649372400000,
    36.59
  ],
  [
    1649718000000,
    34.13
  ],
  [
    1649804400000,
    39.287
  ],
  [
    1649977200000,
    35.505
  ],
  [
    1650150000000,
    42.976
  ],
  [
    1650236400000,
    42.138
  ],
  [
    1650322800000,
    42.368
  ],
  [
    1650409200000,
    42.453
  ],
  [
    1650495600000,
    43.71
  ],
  [
    1650582000000,
    44.406
  ],
  [
    1650668400000,
    42.76
  ],
  [
    1650927600000,
    40.57
  ],
  [
    1651014000000,
    40.33
  ],
  [
    1651446000000,
    46.876
  ],
  [
    1651618800000,
    38.01
  ],
  [
    1651791600000,
    46.74
  ],
  [
    1651878000000,
    40.679
  ],
  [
    1652223600000,
    39.375
  ],
  [
    1652569200000,
    40.18
  ],
  [
    1652655600000,
    40.38
  ],
  [
    1652914800000,
    39.175
  ],
  [
    1653174000000,
    38.82
  ],
  [
    1653606000000,
    40.3
  ],
  [
    1653692400000,
    40.435
  ],
  [
    1653865200000,
    37.878
  ],
  [
    1653951600000,
    36.54
  ],
  [
    1654297200000,
    40.875
  ],
  [
    1654383600000,
    31.37
  ],
  [
    1654556400000,
    35.59
  ],
  [
    1654642800000,
    36.929
  ],
  [
    1654902000000,
    36.829
  ],
  [
    1655074800000,
    36.9
  ],
  [
    1655161200000,
    37.893
  ],
  [
    1655247600000,
    36.94
  ],
  [
    1655334000000,
    37.082
  ],
  [
    1655420400000,
    35.6
  ],
  [
    1655679600000,
    36.259
  ],
  [
    1656284400000,
    34.16
  ],
  [
    1656370800000,
    38.071
  ],
  [
    1656543600000,
    31.01
  ],
  [
    1656716400000,
    34.27
  ],
  [
    1656802800000,
    33.5
  ],
  [
    1656889200000,
    39.444
  ],
  [
    1656975600000,
    37
  ],
  [
    1657148400000,
    36.69
  ],
  [
    1657753200000,
    36.81
  ],
  [
    1657839600000,
    36.8
  ],
  [
    1658012400000,
    37.1
  ],
  [
    1658098800000,
    37.125
  ],
  [
    1658185200000,
    37.4
  ],
  [
    1658358000000,
    34.587
  ],
  [
    1658444400000,
    35.58
  ],
  [
    1658530800000,
    35.3
  ],
  [
    1658790000000,
    37.06
  ],
  [
    1658876400000,
    35.84
  ],
  [
    1659049200000,
    37.556
  ],
  [
    1659135600000,
    37.968
  ],
  [
    1659222000000,
    37
  ],
  [
    1659308400000,
    34.5
  ],
  [
    1659394800000,
    33.77
  ],
  [
    1659481200000,
    35
  ],
  [
    1659567600000,
    39.06
  ],
  [
    1659826800000,
    39.258
  ],
  [
    1660172400000,
    34.93
  ],
  [
    1660258800000,
    36.985
  ],
  [
    1660345200000,
    38.768
  ],
  [
    1660431600000,
    36.967
  ],
  [
    1660518000000,
    39.322
  ],
  [
    1660604400000,
    38.659
  ],
  [
    1660690800000,
    34.977
  ],
  [
    1660777200000,
    36.84
  ],
  [
    1660863600000,
    38.47
  ],
  [
    1661036400000,
    36.43
  ],
  [
    1661209200000,
    35.25
  ],
  [
    1661641200000,
    35
  ],
  [
    1661900400000,
    35.845
  ],
  [
    1661986800000,
    38.804
  ],
  [
    1662073200000,
    36.095
  ],
  [
    1662159600000,
    33.14
  ],
  [
    1662246000000,
    35.645
  ],
  [
    1662332400000,
    36.89
  ],
  [
    1662505200000,
    42.315
  ],
  [
    1662591600000,
    36.68
  ],
  [
    1662678000000,
    38.122
  ],
  [
    1663023600000,
    39.103
  ],
  [
    1663196400000,
    48.173
  ],
  [
    1663282800000,
    39.98
  ],
  [
    1663542000000,
    38.624
  ],
  [
    1663801200000,
    37.383
  ],
  [
    1663887600000,
    39.966
  ],
  [
    1664146800000,
    34.8
  ],
  [
    1664319600000,
    34.81
  ],
  [
    1664406000000,
    35.935
  ],
  [
    1664751600000,
    39.658
  ],
  [
    1665010800000,
    37.685
  ],
  [
    1665097200000,
    35.58
  ],
  [
    1665183600000,
    42.1
  ],
  [
    1665356400000,
    38.03
  ],
  [
    1665529200000,
    36.41
  ],
  [
    1665615600000,
    41.395
  ],
  [
    1665702000000,
    38.9
  ],
  [
    1665788400000,
    38
  ],
  [
    1666047600000,
    36.19
  ],
  [
    1666134000000,
    47.242
  ],
  [
    1666652400000,
    38.15
  ],
  [
    1666998000000,
    44.726
  ],
  [
    1667084400000,
    40.39
  ],
  [
    1667260800000,
    44.46
  ],
  [
    1667606400000,
    39.67
  ],
  [
    1667779200000,
    45.65
  ],
  [
    1667865600000,
    47.738
  ],
  [
    1667952000000,
    48.618
  ],
  [
    1668297600000,
    52.458
  ],
  [
    1668470400000,
    45.685
  ],
  [
    1668643200000,
    42.499
  ],
  [
    1668729600000,
    43.653
  ],
  [
    1668988800000,
    48.54
  ],
  [
    1669075200000,
    51.246
  ],
  [
    1669161600000,
    42.165
  ],
  [
    1669248000000,
    47.892
  ],
  [
    1669334400000,
    42.745
  ],
  [
    1669507200000,
    51.348
  ],
  [
    1669593600000,
    51.451
  ],
  [
    1669680000000,
    42.98
  ],
  [
    1669766400000,
    53.437
  ],
  [
    1669852800000,
    53.874
  ],
  [
    1669939200000,
    47.82
  ],
  [
    1670112000000,
    55.988
  ],
  [
    1670284800000,
    46.065
  ],
  [
    1670457600000,
    47.34
  ],
  [
    1670544000000,
    49.072
  ],
  [
    1670630400000,
    54.392
  ],
  [
    1670976000000,
    56.054
  ],
  [
    1671062400000,
    61.139
  ],
  [
    1671148800000,
    56.64
  ],
  [
    1671235200000,
    54.931
  ],
  [
    1671321600000,
    58.1
  ],
  [
    1671494400000,
    45.611
  ],
  [
    1671667200000,
    59.028
  ],
  [
    1672012800000,
    60.97
  ],
  [
    1672444800000,
    54.426
  ],
  [
    1672531200000,
    50.83
  ],
  [
    1672790400000,
    54.364
  ],
  [
    1672876800000,
    52.489
  ],
  [
    1673049600000,
    50.849
  ],
  [
    1673136000000,
    49.481
  ],
  [
    1673308800000,
    56.51
  ],
  [
    1673395200000,
    55.35
  ],
  [
    1673568000000,
    55.596
  ],
  [
    1673654400000,
    55.123
  ],
  [
    1674000000000,
    51.08
  ],
  [
    1674086400000,
    53.115
  ],
  [
    1674345600000,
    62.025
  ],
  [
    1674432000000,
    49.65
  ],
  [
    1674691200000,
    51.571
  ],
  [
    1674777600000,
    59.812
  ],
  [
    1674864000000,
    57.298
  ],
  [
    1674950400000,
    55.58
  ],
  [
    1675036800000,
    60.015
  ],
  [
    1675123200000,
    55.74
  ],
  [
    1675468800000,
    50.8
  ],
  [
    1675728000000,
    61.804
  ],
  [
    1675814400000,
    59.506
  ],
  [
    1676073600000,
    55.113
  ],
  [
    1676160000000,
    64.224
  ],
  [
    1676246400000,
    51.64
  ],
  [
    1676332800000,
    51.18
  ],
  [
    1676419200000,
    59.03
  ],
  [
    1676505600000,
    55.823
  ],
  [
    1676592000000,
    59.952
  ],
  [
    1676678400000,
    55.763
  ],
  [
    1676851200000,
    63.095
  ],
  [
    1677196800000,
    50.967
  ],
  [
    1677283200000,
    52.75
  ],
  [
    1677369600000,
    54.585
  ],
  [
    1677456000000,
    55.798
  ],
  [
    1677542400000,
    52.7
  ],
  [
    1677628800000,
    61.766
  ],
  [
    1677715200000,
    57.504
  ],
  [
    1677888000000,
    55.003
  ],
  [
    1677974400000,
    55.332
  ],
  [
    1678060800000,
    57.718
  ],
  [
    1678233600000,
    58.148
  ],
  [
    1678320000000,
    55.928
  ],
  [
    1678406400000,
    60.866
  ],
  [
    1678492800000,
    60.425
  ],
  [
    1678579200000,
    58.549
  ],
  [
    1678752000000,
    64.039
  ],
  [
    1678838400000,
    57.415
  ],
  [
    1679011200000,
    60.022
  ],
  [
    1679097600000,
    60
  ],
  [
    1679184000000,
    57.35
  ],
  [
    1679270400000,
    60.838
  ],
  [
    1679529600000,
    58.109
  ],
  [
    1679616000000,
    58.08
  ],
  [
    1679702400000,
    59.564
  ],
  [
    1679958000000,
    57.27
  ],
  [
    1680044400000,
    59.242
  ],
  [
    1680217200000,
    61.852
  ],
  [
    1680390000000,
    61.449
  ],
  [
    1680476400000,
    59.082
  ],
  [
    1680649200000,
    60.838
  ],
  [
    1680735600000,
    62.561
  ],
  [
    1680822000000,
    64.4
  ],
  [
    1680908400000,
    61.007
  ],
  [
    1680994800000,
    62.045
  ],
  [
    1681167600000,
    61.943
  ],
  [
    1681254000000,
    64.28
  ],
  [
    1681340400000,
    62.606
  ],
  [
    1681426800000,
    64.145
  ],
  [
    1681513200000,
    60.589
  ],
  [
    1681599600000,
    61.15
  ],
  [
    1681686000000,
    69.693
  ],
  [
    1681772400000,
    61
  ],
  [
    1681858800000,
    68.15
  ],
  [
    1681945200000,
    80.55
  ],
  [
    1682118000000,
    79.666
  ],
  [
    1682290800000,
    72.043
  ],
  [
    1682377200000,
    71.225
  ],
  [
    1682463600000,
    68.9
  ],
  [
    1682550000000,
    68.51
  ],
  [
    1682722800000,
    70
  ],
  [
    1682895600000,
    65.045
  ],
  [
    1683241200000,
    60.055
  ],
  [
    1683327600000,
    54.8
  ],
  [
    1683414000000,
    64.589
  ],
  [
    1683500400000,
    60.386
  ],
  [
    1683586800000,
    60.555
  ],
  [
    1683673200000,
    69.008
  ],
  [
    1684018800000,
    46.65
  ],
  [
    1684278000000,
    66.572
  ],
  [
    1684623600000,
    60.54
  ],
  [
    1684710000000,
    64.399
  ],
  [
    1684796400000,
    70.977
  ],
  [
    1685055600000,
    62.152
  ],
  [
    1685142000000,
    65.05
  ],
  [
    1685401200000,
    66.237
  ],
  [
    1685487600000,
    61.32
  ],
  [
    1685574000000,
    69.325
  ],
  [
    1685746800000,
    65.51
  ],
  [
    1685833200000,
    62
  ],
  [
    1685919600000,
    66.18
  ],
  [
    1686092400000,
    76.797
  ],
  [
    1686178800000,
    69.5
  ],
  [
    1686351600000,
    69
  ],
  [
    1686438000000,
    72.785
  ],
  [
    1686524400000,
    69.97
  ],
  [
    1686697200000,
    76.499
  ],
  [
    1686956400000,
    83.409
  ],
  [
    1687302000000,
    82.743
  ],
  [
    1687561200000,
    81.521
  ],
  [
    1687820400000,
    78.285
  ],
  [
    1687906800000,
    81.954
  ],
  [
    1688252400000,
    80.018
  ],
  [
    1688338800000,
    81.74
  ],
  [
    1688857200000,
    87.29
  ],
  [
    1688943600000,
    76.372
  ],
  [
    1689030000000,
    74.625
  ],
  [
    1689116400000,
    77.395
  ],
  [
    1689202800000,
    63.25
  ],
  [
    1689289200000,
    71.343
  ],
  [
    1689462000000,
    69.05
  ],
  [
    1689807600000,
    66.588
  ],
  [
    1690066800000,
    72.334
  ],
  [
    1690326000000,
    83.77
  ],
  [
    1690585200000,
    76.956
  ],
  [
    1690671600000,
    80.385
  ],
  [
    1691103600000,
    72.64
  ],
  [
    1691190000000,
    74.083
  ],
  [
    1691276400000,
    88.545
  ],
  [
    1691449200000,
    76.948
  ],
  [
    1692313200000,
    89.895
  ],
  [
    1692486000000,
    89.919
  ],
  [
    1692572400000,
    90.274
  ],
  [
    1692745200000,
    76.83
  ],
  [
    1692918000000,
    76.93
  ],
  [
    1693090800000,
    87.27
  ],
  [
    1693436400000,
    82.023
  ],
  [
    1693522800000,
    87.49
  ],
  [
    1694473200000,
    78.705
  ],
  [
    1695250800000,
    83.22
  ],
  [
    1695337200000,
    90.567
  ],
  [
    1695855600000,
    90.917
  ],
  [
    1696028400000,
    89.06
  ],
  [
    1696114800000,
    86.615
  ],
  [
    1696374000000,
    90.757
  ],
  [
    1696460400000,
    94.263
  ],
  [
    1696546800000,
    94.728
  ],
  [
    1696719600000,
    93.443
  ],
  [
    1696806000000,
    93.239
  ],
  [
    1696892400000,
    92.905
  ],
  [
    1696978800000,
    97.47
  ],
  [
    1697410800000,
    95.721
  ],
  [
    1697583600000,
    96.885
  ],
  [
    1697670000000,
    78.839
  ],
  [
    1697756400000,
    96.012
  ],
  [
    1697842800000,
    97.347
  ],
  [
    1697929200000,
    94.26
  ],
  [
    1698188400000,
    94.48
  ],
  [
    1698447600000,
    92.875
  ],
  [
    1698534000000,
    93.1
  ],
  [
    1698710400000,
    93.712
  ],
  [
    1698883200000,
    90.12
  ],
  [
    1699142400000,
    96.497
  ],
  [
    1699574400000,
    93.605
  ],
  [
    1699660800000,
    87.33
  ],
  [
    1699747200000,
    87.33
  ],
  [
    1699920000000,
    87.31
  ],
  [
    1700265600000,
    70
  ],
  [
    1700352000000,
    87.768
  ],
  [
    1700524800000,
    70.711
  ],
  [
    1700784000000,
    75.32
  ],
  [
    1700956800000,
    76.43
  ],
  [
    1701302400000,
    81.825
  ],
  [
    1701820800000,
    88.652
  ],
  [
    1702166400000,
    67.57
  ],
  [
    1702252800000,
    78.34
  ],
  [
    1702339200000,
    80.68
  ],
  [
    1702512000000,
    93.95
  ],
  [
    1702598400000,
    93.838
  ],
  [
    1702684800000,
    92.74
  ],
  [
    1703203200000,
    93.412
  ],
  [
    1703376000000,
    91.531
  ],
  [
    1703462400000,
    93.478
  ],
  [
    1703635200000,
    93.01
  ],
  [
    1703721600000,
    97.03
  ],
  [
    1704153600000,
    85.825
  ],
  [
    1704240000000,
    89.798
  ],
  [
    1704326400000,
    89.01
  ],
  [
    1705363200000,
    95.94
  ],
  [
    1705449600000,
    97.83
  ],
  [
    1705968000000,
    86.76
  ],
  [
    1706054400000,
    94.356
  ],
  [
    1707868800000,
    85.71
  ],
  [
    1707955200000,
    74.45
  ],
  [
    1708560000000,
    89.05
  ],
  [
    1708732800000,
    87.63
  ],
  [
    1708992000000,
    92.383
  ],
  [
    1709251200000,
    87.86
  ],
  [
    1710115200000,
    98.065
  ],
  [
    1710374400000,
    89.43
  ],
  [
    1710806400000,
    97.82
  ],
  [
    1710892800000,
    98.92
  ],
  [
    1711584000000,
    93.215
  ],
  [
    1711756800000,
    92.83
  ],
  [
    1712271600000,
    95.13
  ],
  [
    1712358000000,
    99.29
  ],
  [
    1712530800000,
    103.169
  ],
  [
    1713135600000,
    99.5
  ],
  [
    1713222000000,
    101.725
  ],
  [
    1713394800000,
    85.02
  ],
  [
    1713481200000,
    99.075
  ],
  [
    1713567600000,
    105.431
  ],
  [
    1713654000000,
    106.61
  ],
  [
    1713999600000,
    106.55
  ],
  [
    1714172400000,
    105.981
  ],
  [
    1714431600000,
    102.895
  ],
  [
    1714604400000,
    102.07
  ],
  [
    1714690800000,
    110.355
  ],
  [
    1714863600000,
    113.04
  ],
  [
    1714950000000,
    109.945
  ],
  [
    1715209200000,
    111.26
  ],
  [
    1715641200000,
    119.88
  ],
  [
    1715727600000,
    124.393
  ],
  [
    1716998400000,
    117.64
  ],
  [
    1717023600000,
    127.07
  ],
  [
    1717167600000,
    130.68
  ],
  [
    1717218000000,
    127.67
  ],
  [
    1717293600000,
    136.55
  ],
  [
    1717750800000,
    133.75
  ],
  [
    1718049600000,
    134
  ],
  [
    1718726400000,
    133.839
  ],
  [
    1718751600000,
    136.04
  ]
]