[
  [
    1574121600000,
    0.127
  ],
  [
    1574208000000,
    1.092
  ],
  [
    1574294400000,
    1.296
  ],
  [
    1574380800000,
    1.421
  ],
  [
    1574467200000,
    1.506
  ],
  [
    1574553600000,
    1.049
  ],
  [
    1574640000000,
    1.253
  ],
  [
    1574726400000,
    1.286
  ],
  [
    1574812800000,
    1.406
  ],
  [
    1574899200000,
    1.636
  ],
  [
    1574985600000,
    1.068
  ],
  [
    1575331200000,
    2.097
  ],
  [
    1575417600000,
    1.474
  ],
  [
    1575504000000,
    1.269
  ],
  [
    1575590400000,
    1.514
  ],
  [
    1575676800000,
    1.825
  ],
  [
    1575763200000,
    1.747
  ],
  [
    1575849600000,
    1.945
  ],
  [
    1575936000000,
    2.226
  ],
  [
    1576022400000,
    2.25
  ],
  [
    1576108800000,
    2.348
  ],
  [
    1576195200000,
    2.263
  ],
  [
    1576281600000,
    1.775
  ],
  [
    1576368000000,
    1.825
  ],
  [
    1576454400000,
    2.039
  ],
  [
    1576540800000,
    1.921
  ],
  [
    1576627200000,
    1.596
  ],
  [
    1576713600000,
    1.572
  ],
  [
    1576800000000,
    1.879
  ],
  [
    1576886400000,
    1.619
  ],
  [
    1576972800000,
    2.366
  ],
  [
    1577145600000,
    1.917
  ],
  [
    1577232000000,
    2.161
  ],
  [
    1577318400000,
    1.942
  ],
  [
    1577404800000,
    2.396
  ],
  [
    1577491200000,
    1.813
  ],
  [
    1577577600000,
    1.827
  ],
  [
    1577664000000,
    2.164
  ],
  [
    1577750400000,
    2.179
  ],
  [
    1577836800000,
    1.925
  ],
  [
    1577923200000,
    1.761
  ],
  [
    1578009600000,
    1.715
  ],
  [
    1578096000000,
    1.624
  ],
  [
    1578182400000,
    1.922
  ],
  [
    1578268800000,
    1.9
  ],
  [
    1578355200000,
    1.902
  ],
  [
    1578441600000,
    1.725
  ],
  [
    1578528000000,
    1.775
  ],
  [
    1578614400000,
    2.011
  ],
  [
    1578700800000,
    1.894
  ],
  [
    1578787200000,
    2.124
  ],
  [
    1578873600000,
    1.431
  ],
  [
    1578960000000,
    1.932
  ],
  [
    1579046400000,
    1.821
  ],
  [
    1579132800000,
    2.034
  ],
  [
    1579219200000,
    2.115
  ],
  [
    1579305600000,
    1.944
  ],
  [
    1579392000000,
    2.163
  ],
  [
    1579478400000,
    2.303
  ],
  [
    1579651200000,
    1.989
  ],
  [
    1579737600000,
    1.763
  ],
  [
    1579824000000,
    1.939
  ],
  [
    1579910400000,
    2.1
  ],
  [
    1579996800000,
    2.079
  ],
  [
    1580083200000,
    2.242
  ],
  [
    1580169600000,
    2.078
  ],
  [
    1580256000000,
    2.126
  ],
  [
    1580342400000,
    2.069
  ],
  [
    1580428800000,
    2.12
  ],
  [
    1580515200000,
    2.606
  ],
  [
    1580601600000,
    2.165
  ],
  [
    1580688000000,
    2.159
  ],
  [
    1580774400000,
    3.632
  ],
  [
    1580860800000,
    4.594
  ],
  [
    1580947200000,
    3.77
  ],
  [
    1581033600000,
    3.82
  ],
  [
    1581120000000,
    3.35
  ],
  [
    1581206400000,
    2.761
  ],
  [
    1581292800000,
    2.569
  ],
  [
    1581379200000,
    2.806
  ],
  [
    1581465600000,
    2.547
  ],
  [
    1581552000000,
    2.806
  ],
  [
    1581638400000,
    2.866
  ],
  [
    1581724800000,
    3.252
  ],
  [
    1581811200000,
    2.947
  ],
  [
    1581897600000,
    3.366
  ],
  [
    1581984000000,
    2.7
  ],
  [
    1582070400000,
    2.713
  ],
  [
    1582156800000,
    2.515
  ],
  [
    1582243200000,
    2.583
  ],
  [
    1582329600000,
    3.48
  ],
  [
    1582416000000,
    3.99
  ],
  [
    1582502400000,
    3.595
  ],
  [
    1582588800000,
    4.238
  ],
  [
    1582675200000,
    3.46
  ],
  [
    1582761600000,
    3.34
  ],
  [
    1582848000000,
    3.834
  ],
  [
    1582934400000,
    4.331
  ],
  [
    1583020800000,
    4.184
  ],
  [
    1583107200000,
    3.894
  ],
  [
    1583193600000,
    3.954
  ],
  [
    1583280000000,
    3.635
  ],
  [
    1583366400000,
    3.735
  ],
  [
    1583452800000,
    3.366
  ],
  [
    1583539200000,
    3.1
  ],
  [
    1583625600000,
    3.264
  ],
  [
    1583712000000,
    3.098
  ],
  [
    1583798400000,
    3.437
  ],
  [
    1583884800000,
    3.274
  ],
  [
    1583971200000,
    3.031
  ],
  [
    1584057600000,
    3.02
  ],
  [
    1584144000000,
    3.13
  ],
  [
    1584230400000,
    3.346
  ],
  [
    1584316800000,
    3.095
  ],
  [
    1584403200000,
    2.695
  ],
  [
    1584489600000,
    3.247
  ],
  [
    1584576000000,
    3.606
  ],
  [
    1584662400000,
    3.542
  ],
  [
    1584748800000,
    3.701
  ],
  [
    1584835200000,
    3.812
  ],
  [
    1584921600000,
    3.448
  ],
  [
    1585008000000,
    3.698
  ],
  [
    1585094400000,
    3.742
  ],
  [
    1585180800000,
    3.451
  ],
  [
    1585267200000,
    3.445
  ],
  [
    1585353600000,
    3.509
  ],
  [
    1585440000000,
    3.726
  ],
  [
    1585522800000,
    3.723
  ],
  [
    1585609200000,
    3.063
  ],
  [
    1585695600000,
    3.174
  ],
  [
    1585782000000,
    3.41
  ],
  [
    1585868400000,
    3.264
  ],
  [
    1585954800000,
    3.471
  ],
  [
    1586041200000,
    3.277
  ],
  [
    1586127600000,
    3.444
  ],
  [
    1586214000000,
    3.601
  ],
  [
    1586300400000,
    3.514
  ],
  [
    1586386800000,
    3.771
  ],
  [
    1586473200000,
    3.689
  ],
  [
    1586559600000,
    3.282
  ],
  [
    1586646000000,
    3.49
  ],
  [
    1586732400000,
    3.177
  ],
  [
    1586818800000,
    3.53
  ],
  [
    1586905200000,
    3.276
  ],
  [
    1586991600000,
    3.406
  ],
  [
    1587078000000,
    3.396
  ],
  [
    1587164400000,
    3.711
  ],
  [
    1587250800000,
    3.866
  ],
  [
    1587337200000,
    4.226
  ],
  [
    1587423600000,
    4.148
  ],
  [
    1587510000000,
    3.776
  ],
  [
    1587682800000,
    3.736
  ],
  [
    1587769200000,
    3.86
  ],
  [
    1587855600000,
    4.28
  ],
  [
    1587942000000,
    4.12
  ],
  [
    1588114800000,
    4.384
  ],
  [
    1588201200000,
    4.584
  ],
  [
    1588287600000,
    4.704
  ],
  [
    1588374000000,
    5.143
  ],
  [
    1588460400000,
    5.142
  ],
  [
    1588546800000,
    4.891
  ],
  [
    1588633200000,
    4.854
  ],
  [
    1588719600000,
    4.858
  ],
  [
    1588806000000,
    4.899
  ],
  [
    1588892400000,
    4.932
  ],
  [
    1589065200000,
    4.46
  ],
  [
    1589151600000,
    5.624
  ],
  [
    1589238000000,
    5.706
  ],
  [
    1589410800000,
    5.919
  ],
  [
    1589497200000,
    5.931
  ],
  [
    1589842800000,
    6.515
  ],
  [
    1589929200000,
    5.765
  ],
  [
    1590015600000,
    6.324
  ],
  [
    1590188400000,
    5.226
  ],
  [
    1590274800000,
    6.024
  ],
  [
    1590361200000,
    5.183
  ],
  [
    1590447600000,
    4.792
  ],
  [
    1591052400000,
    6.044
  ],
  [
    1591311600000,
    5.66
  ],
  [
    1591398000000,
    6.054
  ],
  [
    1591743600000,
    5.41
  ],
  [
    1592780400000,
    5.031
  ],
  [
    1592866800000,
    5.519
  ],
  [
    1592953200000,
    5.086
  ],
  [
    1593039600000,
    5.9
  ],
  [
    1593126000000,
    4.99
  ],
  [
    1593298800000,
    5.71
  ],
  [
    1593385200000,
    4.782
  ],
  [
    1593471600000,
    6.42
  ],
  [
    1593558000000,
    5.49
  ],
  [
    1593903600000,
    6.255
  ],
  [
    1594076400000,
    5.24
  ],
  [
    1594162800000,
    6.32
  ],
  [
    1594249200000,
    6.76
  ],
  [
    1594422000000,
    6.73
  ],
  [
    1594767600000,
    9.1
  ],
  [
    1594940400000,
    6.03
  ],
  [
    1595026800000,
    6.882
  ],
  [
    1595372400000,
    7.145
  ],
  [
    1595545200000,
    7.489
  ],
  [
    1595718000000,
    7.113
  ],
  [
    1595804400000,
    6.3
  ],
  [
    1595890800000,
    6.08
  ],
  [
    1596063600000,
    6.18
  ],
  [
    1596150000000,
    7.377
  ],
  [
    1596236400000,
    7.748
  ],
  [
    1596754800000,
    7.149
  ],
  [
    1596841200000,
    7.335
  ],
  [
    1597014000000,
    7.677
  ],
  [
    1597273200000,
    7.176
  ],
  [
    1597446000000,
    6.14
  ],
  [
    1597618800000,
    5.552
  ],
  [
    1597791600000,
    5.78
  ],
  [
    1597964400000,
    7.245
  ],
  [
    1598050800000,
    8.092
  ],
  [
    1598310000000,
    7.084
  ],
  [
    1598396400000,
    7.097
  ],
  [
    1599087600000,
    3.549
  ],
  [
    1599260400000,
    6.632
  ],
  [
    1599778800000,
    6.246
  ],
  [
    1600297200000,
    6.73
  ],
  [
    1600470000000,
    4.878
  ],
  [
    1600815600000,
    5.529
  ],
  [
    1600902000000,
    6.723
  ],
  [
    1600988400000,
    7.489
  ],
  [
    1601247600000,
    7.718
  ],
  [
    1601334000000,
    7.146
  ],
  [
    1601766000000,
    6.72
  ],
  [
    1601852400000,
    6.712
  ],
  [
    1601938800000,
    6.875
  ],
  [
    1602284400000,
    4.736
  ],
  [
    1602543600000,
    6.58
  ],
  [
    1602889200000,
    8.469
  ],
  [
    1603234800000,
    7.063
  ],
  [
    1603843200000,
    8.47
  ],
  [
    1603929600000,
    7.77
  ],
  [
    1604188800000,
    7.011
  ],
  [
    1604793600000,
    7.016
  ],
  [
    1605139200000,
    7.462
  ],
  [
    1605225600000,
    8.13
  ],
  [
    1606435200000,
    7.739
  ],
  [
    1606608000000,
    7.888
  ],
  [
    1606953600000,
    6.865
  ],
  [
    1607040000000,
    6.365
  ],
  [
    1607126400000,
    5.988
  ],
  [
    1607558400000,
    5.842
  ],
  [
    1607904000000,
    6.395
  ],
  [
    1608076800000,
    7.109
  ],
  [
    1608508800000,
    7.187
  ],
  [
    1608854400000,
    6.28
  ],
  [
    1609027200000,
    6.933
  ],
  [
    1609113600000,
    5.884
  ],
  [
    1609372800000,
    6.148
  ],
  [
    1609804800000,
    8.782
  ],
  [
    1609891200000,
    9.372
  ],
  [
    1610236800000,
    8.268
  ],
  [
    1610323200000,
    9.273
  ],
  [
    1610755200000,
    8.682
  ],
  [
    1611187200000,
    10.89
  ],
  [
    1611705600000,
    10.76
  ],
  [
    1611792000000,
    5.577
  ],
  [
    1611878400000,
    11.867
  ],
  [
    1612051200000,
    12.058
  ],
  [
    1612224000000,
    9.158
  ],
  [
    1612483200000,
    11.859
  ],
  [
    1612569600000,
    10.95
  ],
  [
    1612742400000,
    10.119
  ],
  [
    1612915200000,
    10.21
  ],
  [
    1613088000000,
    10.823
  ],
  [
    1613260800000,
    11.115
  ],
  [
    1614384000000,
    11.819
  ],
  [
    1614643200000,
    12.471
  ],
  [
    1614729600000,
    12.521
  ],
  [
    1614816000000,
    12.968
  ],
  [
    1614988800000,
    12.242
  ],
  [
    1615075200000,
    15.536
  ],
  [
    1615420800000,
    12.197
  ],
  [
    1615507200000,
    12.145
  ],
  [
    1615939200000,
    11.772
  ],
  [
    1616198400000,
    11.238
  ],
  [
    1616371200000,
    13.873
  ],
  [
    1616457600000,
    16.046
  ],
  [
    1616544000000,
    16.755
  ],
  [
    1616889600000,
    17.008
  ],
  [
    1616972400000,
    15.469
  ],
  [
    1617490800000,
    17.68
  ],
  [
    1618095600000,
    13.635
  ],
  [
    1618182000000,
    15.49
  ],
  [
    1618441200000,
    17.308
  ],
  [
    1618614000000,
    17.356
  ],
  [
    1618700400000,
    17.375
  ],
  [
    1619046000000,
    17.553
  ],
  [
    1619391600000,
    13.866
  ],
  [
    1619564400000,
    0.111
  ],
  [
    1619737200000,
    19.846
  ],
  [
    1619910000000,
    22.296
  ],
  [
    1620082800000,
    22.011
  ],
  [
    1620428400000,
    18.152
  ],
  [
    1620514800000,
    14.87
  ],
  [
    1621033200000,
    21.421
  ],
  [
    1621206000000,
    15.21
  ],
  [
    1621378800000,
    27.088
  ],
  [
    1621551600000,
    29.615
  ],
  [
    1621724400000,
    33.73
  ],
  [
    1621897200000,
    24.832
  ],
  [
    1622242800000,
    49.981
  ],
  [
    1622847600000,
    62.57
  ],
  [
    1623279600000,
    62.41
  ],
  [
    1624489200000,
    35
  ],
  [
    1624748400000,
    45.44
  ],
  [
    1625526000000,
    36.08
  ],
  [
    1625958000000,
    39.085
  ],
  [
    1626390000000,
    35.671
  ],
  [
    1627167600000,
    38.931
  ],
  [
    1627599600000,
    40.363
  ],
  [
    1627858800000,
    30.72
  ],
  [
    1628809200000,
    30.6
  ],
  [
    1629068400000,
    30.56
  ],
  [
    1631314800000,
    27.405
  ],
  [
    1631919600000,
    31.69
  ],
  [
    1632265200000,
    27.21
  ],
  [
    1632438000000,
    28.151
  ],
  [
    1632783600000,
    28.1
  ],
  [
    1633906800000,
    22.477
  ],
  [
    1634079600000,
    23
  ],
  [
    1634857200000,
    21.88
  ],
  [
    1635202800000,
    17.572
  ],
  [
    1635634800000,
    25.346
  ],
  [
    1635984000000,
    15.954
  ],
  [
    1636243200000,
    25.29
  ],
  [
    1636675200000,
    23.837
  ],
  [
    1637366400000,
    25
  ],
  [
    1637971200000,
    24.822
  ],
  [
    1638576000000,
    27.942
  ],
  [
    1639180800000,
    34.125
  ],
  [
    1639267200000,
    34.16
  ],
  [
    1639440000000,
    34.223
  ],
  [
    1639872000000,
    34.77
  ],
  [
    1639958400000,
    35.035
  ],
  [
    1640822400000,
    27.4
  ],
  [
    1640908800000,
    30.76
  ],
  [
    1641081600000,
    32
  ],
  [
    1641686400000,
    28.58
  ],
  [
    1643587200000,
    25.473
  ],
  [
    1643846400000,
    34.088
  ],
  [
    1644105600000,
    24.94
  ],
  [
    1644796800000,
    27
  ],
  [
    1645920000000,
    34.667
  ],
  [
    1646092800000,
    26.82
  ],
  [
    1646784000000,
    25.19
  ],
  [
    1649026800000,
    44.386
  ],
  [
    1649113200000,
    38.07
  ],
  [
    1650236400000,
    42.14
  ],
  [
    1650754800000,
    47.064
  ],
  [
    1650841200000,
    47.633
  ],
  [
    1651618800000,
    48.57
  ],
  [
    1652050800000,
    46.199
  ],
  [
    1654124400000,
    42.821
  ],
  [
    1654210800000,
    42.51
  ],
  [
    1654383600000,
    39.42
  ],
  [
    1654815600000,
    36.77
  ],
  [
    1656284400000,
    35.45
  ],
  [
    1656975600000,
    35.665
  ],
  [
    1657494000000,
    30.493
  ],
  [
    1658012400000,
    34.73
  ],
  [
    1659222000000,
    32
  ],
  [
    1665183600000,
    39.248
  ],
  [
    1669161600000,
    45.05
  ],
  [
    1671840000000,
    49.064
  ],
  [
    1671926400000,
    42.51
  ],
  [
    1674950400000,
    47.164
  ],
  [
    1677456000000,
    59.764
  ],
  [
    1677974400000,
    57.85
  ],
  [
    1678492800000,
    63.917
  ],
  [
    1680044400000,
    51.041
  ],
  [
    1680217200000,
    51.868
  ],
  [
    1680822000000,
    62.251
  ],
  [
    1681772400000,
    50.33
  ],
  [
    1682118000000,
    73.05
  ],
  [
    1682463600000,
    58.745
  ],
  [
    1683327600000,
    59
  ],
  [
    1683414000000,
    71.959
  ],
  [
    1685746800000,
    60.074
  ],
  [
    1686092400000,
    70.115
  ],
  [
    1687993200000,
    68.352
  ],
  [
    1688598000000,
    94.797
  ],
  [
    1691881200000,
    67.416
  ],
  [
    1697842800000,
    90.48
  ],
  [
    1698188400000,
    84.881
  ],
  [
    1698274800000,
    88.528
  ],
  [
    1707523200000,
    89.42
  ],
  [
    1714172400000,
    84.72
  ],
  [
    1716854400000,
    124.25
  ],
  [
    1716919200000,
    120
  ],
  [
    1717221600000,
    130.351
  ],
  [
    1717250400000,
    134.73
  ]
]