[
  [
    1574121600000,
    2.015
  ],
  [
    1574208000000,
    2.337
  ],
  [
    1574294400000,
    2.159
  ],
  [
    1574380800000,
    2.295
  ],
  [
    1574467200000,
    2.332
  ],
  [
    1574553600000,
    2.038
  ],
  [
    1574640000000,
    2.076
  ],
  [
    1574726400000,
    1.928
  ],
  [
    1574812800000,
    1.897
  ],
  [
    1574899200000,
    2.364
  ],
  [
    1574985600000,
    2.686
  ],
  [
    1575072000000,
    2.773
  ],
  [
    1575158400000,
    3.258
  ],
  [
    1575244800000,
    3.042
  ],
  [
    1575331200000,
    2.647
  ],
  [
    1575417600000,
    2.176
  ],
  [
    1575504000000,
    2.502
  ],
  [
    1575590400000,
    2.251
  ],
  [
    1575676800000,
    2.422
  ],
  [
    1575763200000,
    2.866
  ],
  [
    1575849600000,
    3.508
  ],
  [
    1575936000000,
    3.315
  ],
  [
    1576022400000,
    2.925
  ],
  [
    1576108800000,
    2.801
  ],
  [
    1576195200000,
    2.84
  ],
  [
    1576281600000,
    2.914
  ],
  [
    1576368000000,
    2.708
  ],
  [
    1576454400000,
    2.555
  ],
  [
    1576540800000,
    2.718
  ],
  [
    1576627200000,
    2.671
  ],
  [
    1576713600000,
    2.722
  ],
  [
    1576800000000,
    2.75
  ],
  [
    1576886400000,
    2.99
  ],
  [
    1576972800000,
    2.746
  ],
  [
    1577059200000,
    2.94
  ],
  [
    1577145600000,
    3.315
  ],
  [
    1577232000000,
    2.926
  ],
  [
    1577318400000,
    2.796
  ],
  [
    1577404800000,
    2.802
  ],
  [
    1577491200000,
    2.917
  ],
  [
    1577577600000,
    2.76
  ],
  [
    1577664000000,
    3.3
  ],
  [
    1577750400000,
    2.709
  ],
  [
    1577836800000,
    2.509
  ],
  [
    1577923200000,
    2.517
  ],
  [
    1578009600000,
    2.749
  ],
  [
    1578096000000,
    3.092
  ],
  [
    1578182400000,
    2.751
  ],
  [
    1578268800000,
    2.715
  ],
  [
    1578355200000,
    2.602
  ],
  [
    1578441600000,
    3.021
  ],
  [
    1578528000000,
    2.791
  ],
  [
    1578614400000,
    2.84
  ],
  [
    1578700800000,
    2.901
  ],
  [
    1578787200000,
    2.955
  ],
  [
    1578873600000,
    3.008
  ],
  [
    1578960000000,
    3.385
  ],
  [
    1579046400000,
    3.062
  ],
  [
    1579132800000,
    3.295
  ],
  [
    1579219200000,
    3.179
  ],
  [
    1579305600000,
    3.035
  ],
  [
    1579392000000,
    3.357
  ],
  [
    1579478400000,
    4.899
  ],
  [
    1579564800000,
    3.517
  ],
  [
    1579651200000,
    3.021
  ],
  [
    1579737600000,
    3.418
  ],
  [
    1579824000000,
    3.176
  ],
  [
    1579910400000,
    3.061
  ],
  [
    1579996800000,
    3.157
  ],
  [
    1580083200000,
    2.913
  ],
  [
    1580169600000,
    2.917
  ],
  [
    1580256000000,
    3.325
  ],
  [
    1580342400000,
    3.093
  ],
  [
    1580428800000,
    3.557
  ],
  [
    1580515200000,
    3.647
  ],
  [
    1580601600000,
    3.729
  ],
  [
    1580688000000,
    4.454
  ],
  [
    1580774400000,
    6.633
  ],
  [
    1580860800000,
    6.375
  ],
  [
    1580947200000,
    5.294
  ],
  [
    1581033600000,
    4.44
  ],
  [
    1581120000000,
    3.868
  ],
  [
    1581206400000,
    4.045
  ],
  [
    1581292800000,
    3.987
  ],
  [
    1581379200000,
    3.947
  ],
  [
    1581465600000,
    4.209
  ],
  [
    1581552000000,
    4.608
  ],
  [
    1581638400000,
    4.327
  ],
  [
    1581724800000,
    4.102
  ],
  [
    1581811200000,
    3.985
  ],
  [
    1581897600000,
    3.97
  ],
  [
    1581984000000,
    4.149
  ],
  [
    1582070400000,
    3.8
  ],
  [
    1582156800000,
    3.879
  ],
  [
    1582243200000,
    3.946
  ],
  [
    1582329600000,
    4.381
  ],
  [
    1582416000000,
    5.148
  ],
  [
    1582502400000,
    6.546
  ],
  [
    1582588800000,
    5.796
  ],
  [
    1582675200000,
    4.927
  ],
  [
    1582761600000,
    4.888
  ],
  [
    1582848000000,
    5.458
  ],
  [
    1582934400000,
    6.031
  ],
  [
    1583020800000,
    5.874
  ],
  [
    1583107200000,
    6.235
  ],
  [
    1583193600000,
    5.618
  ],
  [
    1583280000000,
    5.282
  ],
  [
    1583366400000,
    5.052
  ],
  [
    1583452800000,
    4.961
  ],
  [
    1583539200000,
    4.751
  ],
  [
    1583625600000,
    4.593
  ],
  [
    1583712000000,
    4.921
  ],
  [
    1583798400000,
    4.568
  ],
  [
    1583884800000,
    4.564
  ],
  [
    1583971200000,
    4.552
  ],
  [
    1584057600000,
    7.334
  ],
  [
    1584144000000,
    4.327
  ],
  [
    1584230400000,
    4.45
  ],
  [
    1584316800000,
    4.232
  ],
  [
    1584403200000,
    4.303
  ],
  [
    1584489600000,
    4.336
  ],
  [
    1584576000000,
    4.625
  ],
  [
    1584662400000,
    4.755
  ],
  [
    1584748800000,
    4.812
  ],
  [
    1584835200000,
    4.898
  ],
  [
    1584921600000,
    5.12
  ],
  [
    1585008000000,
    5.095
  ],
  [
    1585094400000,
    5.006
  ],
  [
    1585180800000,
    5.328
  ],
  [
    1585267200000,
    4.97
  ],
  [
    1585353600000,
    5.221
  ],
  [
    1585440000000,
    5.502
  ],
  [
    1585522800000,
    5.507
  ],
  [
    1585609200000,
    4.75
  ],
  [
    1585695600000,
    4.882
  ],
  [
    1585782000000,
    4.827
  ],
  [
    1585868400000,
    4.545
  ],
  [
    1585954800000,
    4.503
  ],
  [
    1586041200000,
    4.41
  ],
  [
    1586127600000,
    4.332
  ],
  [
    1586214000000,
    4.45
  ],
  [
    1586300400000,
    4.718
  ],
  [
    1586386800000,
    4.538
  ],
  [
    1586473200000,
    4.518
  ],
  [
    1586559600000,
    4.386
  ],
  [
    1586646000000,
    4.22
  ],
  [
    1586732400000,
    4.193
  ],
  [
    1586818800000,
    4.065
  ],
  [
    1586905200000,
    4.28
  ],
  [
    1586991600000,
    4.469
  ],
  [
    1587078000000,
    4.507
  ],
  [
    1587164400000,
    4.379
  ],
  [
    1587250800000,
    4.834
  ],
  [
    1587337200000,
    4.534
  ],
  [
    1587423600000,
    4.503
  ],
  [
    1587510000000,
    4.638
  ],
  [
    1587596400000,
    4.913
  ],
  [
    1587682800000,
    5.112
  ],
  [
    1587769200000,
    4.89
  ],
  [
    1587855600000,
    4.73
  ],
  [
    1587942000000,
    5.047
  ],
  [
    1588028400000,
    5.114
  ],
  [
    1588114800000,
    5.191
  ],
  [
    1588201200000,
    5.379
  ],
  [
    1588287600000,
    5.813
  ],
  [
    1588374000000,
    6.119
  ],
  [
    1588460400000,
    6.148
  ],
  [
    1588546800000,
    5.96
  ],
  [
    1588633200000,
    6.383
  ],
  [
    1588719600000,
    6.869
  ],
  [
    1588806000000,
    7.081
  ],
  [
    1588892400000,
    6.873
  ],
  [
    1588978800000,
    7.125
  ],
  [
    1589065200000,
    9.639
  ],
  [
    1589151600000,
    6.767
  ],
  [
    1589238000000,
    6.854
  ],
  [
    1589324400000,
    6.989
  ],
  [
    1589410800000,
    7.532
  ],
  [
    1589497200000,
    7.978
  ],
  [
    1589583600000,
    7.316
  ],
  [
    1589670000000,
    7.577
  ],
  [
    1589756400000,
    7.153
  ],
  [
    1589842800000,
    7.218
  ],
  [
    1589929200000,
    7.418
  ],
  [
    1590015600000,
    7.696
  ],
  [
    1590102000000,
    7.836
  ],
  [
    1590188400000,
    7.893
  ],
  [
    1590274800000,
    8.22
  ],
  [
    1590361200000,
    7.478
  ],
  [
    1590447600000,
    6.815
  ],
  [
    1590534000000,
    6.777
  ],
  [
    1590620400000,
    6.702
  ],
  [
    1590706800000,
    7.233
  ],
  [
    1590793200000,
    7.39
  ],
  [
    1590879600000,
    7.968
  ],
  [
    1590966000000,
    7.814
  ],
  [
    1591052400000,
    7.676
  ],
  [
    1591138800000,
    7.787
  ],
  [
    1591225200000,
    8.53
  ],
  [
    1591311600000,
    7.656
  ],
  [
    1591398000000,
    7.34
  ],
  [
    1591484400000,
    6.974
  ],
  [
    1591570800000,
    7.09
  ],
  [
    1591657200000,
    6.786
  ],
  [
    1591743600000,
    6.589
  ],
  [
    1591830000000,
    7.119
  ],
  [
    1591916400000,
    7.127
  ],
  [
    1592002800000,
    7.085
  ],
  [
    1592089200000,
    7.1
  ],
  [
    1592175600000,
    6.929
  ],
  [
    1592262000000,
    6.605
  ],
  [
    1592348400000,
    6.749
  ],
  [
    1592434800000,
    6.939
  ],
  [
    1592521200000,
    6.668
  ],
  [
    1592607600000,
    6.607
  ],
  [
    1592694000000,
    6.479
  ],
  [
    1592780400000,
    6.572
  ],
  [
    1592866800000,
    6.775
  ],
  [
    1592953200000,
    6.396
  ],
  [
    1593039600000,
    6.563
  ],
  [
    1593126000000,
    6.744
  ],
  [
    1593212400000,
    6.291
  ],
  [
    1593298800000,
    6.158
  ],
  [
    1593385200000,
    6.209
  ],
  [
    1593471600000,
    6.697
  ],
  [
    1593558000000,
    6.346
  ],
  [
    1593644400000,
    6.561
  ],
  [
    1593730800000,
    6.4
  ],
  [
    1593817200000,
    6.4
  ],
  [
    1593903600000,
    7.997
  ],
  [
    1593990000000,
    6.143
  ],
  [
    1594076400000,
    6.411
  ],
  [
    1594162800000,
    6.632
  ],
  [
    1594249200000,
    6.647
  ],
  [
    1594335600000,
    6.514
  ],
  [
    1594422000000,
    6.991
  ],
  [
    1594508400000,
    7.095
  ],
  [
    1594594800000,
    7.006
  ],
  [
    1594681200000,
    7.339
  ],
  [
    1594767600000,
    7.363
  ],
  [
    1594854000000,
    7.579
  ],
  [
    1594940400000,
    7.301
  ],
  [
    1595026800000,
    7.562
  ],
  [
    1595113200000,
    7.496
  ],
  [
    1595199600000,
    7.09
  ],
  [
    1595286000000,
    8.06
  ],
  [
    1595372400000,
    7.557
  ],
  [
    1595458800000,
    7.888
  ],
  [
    1595545200000,
    8.31
  ],
  [
    1595631600000,
    7.727
  ],
  [
    1595718000000,
    11.464
  ],
  [
    1595804400000,
    7.843
  ],
  [
    1595890800000,
    7.898
  ],
  [
    1595977200000,
    7.713
  ],
  [
    1596063600000,
    7.701
  ],
  [
    1596150000000,
    7.752
  ],
  [
    1596236400000,
    7.539
  ],
  [
    1596322800000,
    7.765
  ],
  [
    1596409200000,
    8.015
  ],
  [
    1596495600000,
    8.187
  ],
  [
    1596582000000,
    8.296
  ],
  [
    1596668400000,
    8.321
  ],
  [
    1596754800000,
    8.345
  ],
  [
    1596841200000,
    8.328
  ],
  [
    1596927600000,
    8.24
  ],
  [
    1597014000000,
    7.872
  ],
  [
    1597100400000,
    8.18
  ],
  [
    1597186800000,
    7.69
  ],
  [
    1597273200000,
    8.193
  ],
  [
    1597359600000,
    7.793
  ],
  [
    1597446000000,
    7.62
  ],
  [
    1597532400000,
    7.918
  ],
  [
    1597618800000,
    7.694
  ],
  [
    1597705200000,
    7.915
  ],
  [
    1597791600000,
    7.733
  ],
  [
    1597878000000,
    7.917
  ],
  [
    1597964400000,
    7.534
  ],
  [
    1598050800000,
    7.818
  ],
  [
    1598137200000,
    7.467
  ],
  [
    1598223600000,
    8.115
  ],
  [
    1598310000000,
    7.589
  ],
  [
    1598396400000,
    7.518
  ],
  [
    1598482800000,
    7.466
  ],
  [
    1598569200000,
    7.37
  ],
  [
    1598655600000,
    9.592
  ],
  [
    1598742000000,
    7.858
  ],
  [
    1598828400000,
    7.428
  ],
  [
    1598914800000,
    8.68
  ],
  [
    1599001200000,
    7.376
  ],
  [
    1599087600000,
    7.697
  ],
  [
    1599174000000,
    7.822
  ],
  [
    1599260400000,
    7.594
  ],
  [
    1599346800000,
    7.524
  ],
  [
    1599433200000,
    7.887
  ],
  [
    1599519600000,
    7.465
  ],
  [
    1599606000000,
    7.125
  ],
  [
    1599692400000,
    8.836
  ],
  [
    1599778800000,
    7.174
  ],
  [
    1599865200000,
    7.804
  ],
  [
    1599951600000,
    8.285
  ],
  [
    1600038000000,
    7.25
  ],
  [
    1600124400000,
    7.625
  ],
  [
    1600210800000,
    8.342
  ],
  [
    1600297200000,
    7.701
  ],
  [
    1600383600000,
    7.779
  ],
  [
    1600470000000,
    7.944
  ],
  [
    1600556400000,
    8.634
  ],
  [
    1600642800000,
    8.02
  ],
  [
    1600729200000,
    8.473
  ],
  [
    1600815600000,
    8.239
  ],
  [
    1600902000000,
    11.092
  ],
  [
    1600988400000,
    8.436
  ],
  [
    1601074800000,
    8.677
  ],
  [
    1601161200000,
    9.679
  ],
  [
    1601247600000,
    8.388
  ],
  [
    1601334000000,
    8.232
  ],
  [
    1601420400000,
    8.422
  ],
  [
    1601506800000,
    8.717
  ],
  [
    1601593200000,
    8.644
  ],
  [
    1601679600000,
    8.16
  ],
  [
    1601766000000,
    8.329
  ],
  [
    1601852400000,
    8.004
  ],
  [
    1601938800000,
    8.33
  ],
  [
    1602025200000,
    8.434
  ],
  [
    1602111600000,
    8.49
  ],
  [
    1602198000000,
    8.656
  ],
  [
    1602284400000,
    8.759
  ],
  [
    1602370800000,
    8.548
  ],
  [
    1602457200000,
    8.46
  ],
  [
    1602543600000,
    9.129
  ],
  [
    1602630000000,
    8.825
  ],
  [
    1602716400000,
    8.664
  ],
  [
    1602802800000,
    8.948
  ],
  [
    1602889200000,
    8.875
  ],
  [
    1602975600000,
    9.826
  ],
  [
    1603062000000,
    9.249
  ],
  [
    1603148400000,
    9.382
  ],
  [
    1603234800000,
    9.576
  ],
  [
    1603321200000,
    9.125
  ],
  [
    1603407600000,
    9.91
  ],
  [
    1603494000000,
    9.456
  ],
  [
    1603580400000,
    9.21
  ],
  [
    1603670400000,
    8.782
  ],
  [
    1603756800000,
    9.533
  ],
  [
    1603843200000,
    9.153
  ],
  [
    1603929600000,
    9.387
  ],
  [
    1604016000000,
    9.58
  ],
  [
    1604102400000,
    9.319
  ],
  [
    1604188800000,
    8.894
  ],
  [
    1604275200000,
    9.019
  ],
  [
    1604361600000,
    9.085
  ],
  [
    1604448000000,
    9.587
  ],
  [
    1604534400000,
    9.318
  ],
  [
    1604620800000,
    9.441
  ],
  [
    1604707200000,
    9.221
  ],
  [
    1604793600000,
    9.251
  ],
  [
    1604880000000,
    9.247
  ],
  [
    1604966400000,
    9.011
  ],
  [
    1605052800000,
    9.088
  ],
  [
    1605139200000,
    9.39
  ],
  [
    1605225600000,
    9.099
  ],
  [
    1605312000000,
    9.034
  ],
  [
    1605398400000,
    8.633
  ],
  [
    1605484800000,
    8.576
  ],
  [
    1605571200000,
    8.575
  ],
  [
    1605657600000,
    8.985
  ],
  [
    1605744000000,
    8.379
  ],
  [
    1605830400000,
    9.131
  ],
  [
    1605916800000,
    9.859
  ],
  [
    1606003200000,
    9.029
  ],
  [
    1606089600000,
    8.96
  ],
  [
    1606176000000,
    9.22
  ],
  [
    1606262400000,
    8.851
  ],
  [
    1606348800000,
    9.515
  ],
  [
    1606435200000,
    8.405
  ],
  [
    1606521600000,
    8.219
  ],
  [
    1606608000000,
    7.992
  ],
  [
    1606694400000,
    8.262
  ],
  [
    1606780800000,
    9.6
  ],
  [
    1606867200000,
    7.427
  ],
  [
    1606953600000,
    8.545
  ],
  [
    1607040000000,
    7.819
  ],
  [
    1607126400000,
    7.557
  ],
  [
    1607212800000,
    7.18
  ],
  [
    1607299200000,
    7.326
  ],
  [
    1607385600000,
    8.248
  ],
  [
    1607472000000,
    6.777
  ],
  [
    1607558400000,
    7.035
  ],
  [
    1607644800000,
    7.347
  ],
  [
    1607731200000,
    6.968
  ],
  [
    1607817600000,
    7.571
  ],
  [
    1607904000000,
    7.429
  ],
  [
    1607990400000,
    7.741
  ],
  [
    1608076800000,
    7.142
  ],
  [
    1608163200000,
    7.934
  ],
  [
    1608249600000,
    7.602
  ],
  [
    1608336000000,
    7.515
  ],
  [
    1608422400000,
    7.675
  ],
  [
    1608508800000,
    7.688
  ],
  [
    1608595200000,
    8.124
  ],
  [
    1608681600000,
    7.56
  ],
  [
    1608768000000,
    8.809
  ],
  [
    1608854400000,
    8.69
  ],
  [
    1608940800000,
    8.639
  ],
  [
    1609027200000,
    9.633
  ],
  [
    1609113600000,
    9.462
  ],
  [
    1609200000000,
    9.225
  ],
  [
    1609286400000,
    10.449
  ],
  [
    1609372800000,
    10.086
  ],
  [
    1609459200000,
    11.63
  ],
  [
    1609545600000,
    11.207
  ],
  [
    1609632000000,
    10.805
  ],
  [
    1609718400000,
    11.34
  ],
  [
    1609804800000,
    12.196
  ],
  [
    1609891200000,
    11.596
  ],
  [
    1609977600000,
    11.866
  ],
  [
    1610064000000,
    11.932
  ],
  [
    1610150400000,
    11.802
  ],
  [
    1610236800000,
    12.225
  ],
  [
    1610323200000,
    12.02
  ],
  [
    1610409600000,
    11.924
  ],
  [
    1610496000000,
    11.974
  ],
  [
    1610582400000,
    12.354
  ],
  [
    1610668800000,
    12.45
  ],
  [
    1610755200000,
    12.35
  ],
  [
    1610841600000,
    12.325
  ],
  [
    1610928000000,
    12.522
  ],
  [
    1611014400000,
    12.051
  ],
  [
    1611100800000,
    13.871
  ],
  [
    1611187200000,
    11.975
  ],
  [
    1611273600000,
    12.259
  ],
  [
    1611360000000,
    11.7
  ],
  [
    1611446400000,
    11.661
  ],
  [
    1611532800000,
    12.716
  ],
  [
    1611619200000,
    11.916
  ],
  [
    1611705600000,
    11.779
  ],
  [
    1611792000000,
    11.784
  ],
  [
    1611878400000,
    12.035
  ],
  [
    1611964800000,
    13.389
  ],
  [
    1612051200000,
    12.071
  ],
  [
    1612137600000,
    12.575
  ],
  [
    1612224000000,
    12.818
  ],
  [
    1612310400000,
    13.482
  ],
  [
    1612396800000,
    12.894
  ],
  [
    1612483200000,
    13.907
  ],
  [
    1612569600000,
    13.894
  ],
  [
    1612656000000,
    13.771
  ],
  [
    1612742400000,
    13.534
  ],
  [
    1612828800000,
    12.861
  ],
  [
    1612915200000,
    13.031
  ],
  [
    1613001600000,
    12.386
  ],
  [
    1613088000000,
    12.081
  ],
  [
    1613174400000,
    13.493
  ],
  [
    1613260800000,
    13.362
  ],
  [
    1613347200000,
    12.109
  ],
  [
    1613433600000,
    12.399
  ],
  [
    1613520000000,
    11.302
  ],
  [
    1613606400000,
    12.828
  ],
  [
    1613692800000,
    10.939
  ],
  [
    1613779200000,
    12.469
  ],
  [
    1613865600000,
    11.514
  ],
  [
    1613952000000,
    11.362
  ],
  [
    1614038400000,
    12.034
  ],
  [
    1614124800000,
    12.41
  ],
  [
    1614211200000,
    12.487
  ],
  [
    1614297600000,
    12.908
  ],
  [
    1614384000000,
    12.598
  ],
  [
    1614470400000,
    11.792
  ],
  [
    1614556800000,
    12.1
  ],
  [
    1614643200000,
    12.499
  ],
  [
    1614729600000,
    12.805
  ],
  [
    1614816000000,
    13.29
  ],
  [
    1614902400000,
    12.261
  ],
  [
    1614988800000,
    12.892
  ],
  [
    1615075200000,
    13.195
  ],
  [
    1615161600000,
    13.055
  ],
  [
    1615248000000,
    13.56
  ],
  [
    1615334400000,
    13.671
  ],
  [
    1615420800000,
    13.945
  ],
  [
    1615507200000,
    13.965
  ],
  [
    1615593600000,
    13.341
  ],
  [
    1615680000000,
    13.659
  ],
  [
    1615766400000,
    14.062
  ],
  [
    1615852800000,
    13.049
  ],
  [
    1615939200000,
    13.469
  ],
  [
    1616025600000,
    12.215
  ],
  [
    1616112000000,
    13.056
  ],
  [
    1616198400000,
    13.844
  ],
  [
    1616284800000,
    14.555
  ],
  [
    1616371200000,
    16.62
  ],
  [
    1616457600000,
    18.72
  ],
  [
    1616544000000,
    18.35
  ],
  [
    1616630400000,
    20.72
  ],
  [
    1616716800000,
    21.581
  ],
  [
    1616803200000,
    20.165
  ],
  [
    1616889600000,
    19.914
  ],
  [
    1616972400000,
    18.407
  ],
  [
    1617058800000,
    19.117
  ],
  [
    1617145200000,
    18.681
  ],
  [
    1617231600000,
    18.515
  ],
  [
    1617318000000,
    18.179
  ],
  [
    1617404400000,
    18.726
  ],
  [
    1617490800000,
    17.339
  ],
  [
    1617577200000,
    18.033
  ],
  [
    1617663600000,
    16.627
  ],
  [
    1617750000000,
    16.945
  ],
  [
    1617836400000,
    17.304
  ],
  [
    1617922800000,
    17.02
  ],
  [
    1618009200000,
    16.861
  ],
  [
    1618095600000,
    15.483
  ],
  [
    1618182000000,
    16.299
  ],
  [
    1618268400000,
    17.401
  ],
  [
    1618354800000,
    18.622
  ],
  [
    1618441200000,
    17.5
  ],
  [
    1618527600000,
    18.355
  ],
  [
    1618614000000,
    19.139
  ],
  [
    1618700400000,
    18.797
  ],
  [
    1618786800000,
    18.786
  ],
  [
    1618873200000,
    19.455
  ],
  [
    1618959600000,
    18.946
  ],
  [
    1619046000000,
    25.041
  ],
  [
    1619132400000,
    19.453
  ],
  [
    1619218800000,
    19.075
  ],
  [
    1619305200000,
    18.918
  ],
  [
    1619391600000,
    18.157
  ],
  [
    1619478000000,
    19.932
  ],
  [
    1619564400000,
    20.11
  ],
  [
    1619650800000,
    20.604
  ],
  [
    1619737200000,
    22.565
  ],
  [
    1619823600000,
    22.787
  ],
  [
    1619910000000,
    22.972
  ],
  [
    1619996400000,
    31.687
  ],
  [
    1620082800000,
    25.115
  ],
  [
    1620169200000,
    26.74
  ],
  [
    1620255600000,
    25.829
  ],
  [
    1620342000000,
    25.56
  ],
  [
    1620428400000,
    24.778
  ],
  [
    1620514800000,
    24.542
  ],
  [
    1620601200000,
    25.392
  ],
  [
    1620687600000,
    23.287
  ],
  [
    1620774000000,
    23.489
  ],
  [
    1620860400000,
    25.724
  ],
  [
    1620946800000,
    19.607
  ],
  [
    1621033200000,
    25.492
  ],
  [
    1621119600000,
    26.24
  ],
  [
    1621206000000,
    26.065
  ],
  [
    1621292400000,
    27.212
  ],
  [
    1621378800000,
    27.023
  ],
  [
    1621465200000,
    28.677
  ],
  [
    1621551600000,
    32.558
  ],
  [
    1621638000000,
    36.55
  ],
  [
    1621724400000,
    34.386
  ],
  [
    1621810800000,
    40.785
  ],
  [
    1621897200000,
    51.932
  ],
  [
    1621983600000,
    59.327
  ],
  [
    1622070000000,
    55.886
  ],
  [
    1622156400000,
    53.179
  ],
  [
    1622242800000,
    52.594
  ],
  [
    1622329200000,
    47.585
  ],
  [
    1622415600000,
    51.109
  ],
  [
    1622502000000,
    50.118
  ],
  [
    1622588400000,
    55.624
  ],
  [
    1622674800000,
    64.07
  ],
  [
    1622761200000,
    64.87
  ],
  [
    1622847600000,
    70.33
  ],
  [
    1622934000000,
    70.912
  ],
  [
    1623020400000,
    69.542
  ],
  [
    1623106800000,
    71.916
  ],
  [
    1623193200000,
    66.202
  ],
  [
    1623279600000,
    73.39
  ],
  [
    1623366000000,
    72.986
  ],
  [
    1623452400000,
    71.168
  ],
  [
    1623538800000,
    70.457
  ],
  [
    1623625200000,
    62.47
  ],
  [
    1623711600000,
    66.944
  ],
  [
    1623798000000,
    66.515
  ],
  [
    1623884400000,
    66.827
  ],
  [
    1623970800000,
    65.365
  ],
  [
    1624057200000,
    65.593
  ],
  [
    1624143600000,
    59.769
  ],
  [
    1624230000000,
    56.72
  ],
  [
    1624316400000,
    57.234
  ],
  [
    1624402800000,
    57.962
  ],
  [
    1624489200000,
    56.596
  ],
  [
    1624575600000,
    57.545
  ],
  [
    1624662000000,
    54.707
  ],
  [
    1624748400000,
    53.7
  ],
  [
    1624834800000,
    51.503
  ],
  [
    1624921200000,
    50.584
  ],
  [
    1625007600000,
    46.523
  ],
  [
    1625094000000,
    56.766
  ],
  [
    1625180400000,
    43.2
  ],
  [
    1625353200000,
    48.167
  ],
  [
    1625439600000,
    45.666
  ],
  [
    1625526000000,
    41.43
  ],
  [
    1625612400000,
    41.743
  ],
  [
    1625698800000,
    43.976
  ],
  [
    1625785200000,
    42.543
  ],
  [
    1625871600000,
    42.21
  ],
  [
    1625958000000,
    40.33
  ],
  [
    1626044400000,
    42.046
  ],
  [
    1626217200000,
    42.295
  ],
  [
    1626303600000,
    43.6
  ],
  [
    1626390000000,
    41.991
  ],
  [
    1626476400000,
    40.402
  ],
  [
    1626562800000,
    40.25
  ],
  [
    1626735600000,
    41.241
  ],
  [
    1626822000000,
    40.906
  ],
  [
    1626908400000,
    43.332
  ],
  [
    1627081200000,
    42.145
  ],
  [
    1627167600000,
    49.255
  ],
  [
    1627340400000,
    42.803
  ],
  [
    1627426800000,
    42.985
  ],
  [
    1627513200000,
    41.566
  ],
  [
    1627599600000,
    41.616
  ],
  [
    1627686000000,
    41.669
  ],
  [
    1627772400000,
    56.103
  ],
  [
    1627858800000,
    43.343
  ],
  [
    1627945200000,
    58.325
  ],
  [
    1628031600000,
    42.837
  ],
  [
    1628118000000,
    42.74
  ],
  [
    1628204400000,
    40.062
  ],
  [
    1628290800000,
    40.776
  ],
  [
    1628377200000,
    43.907
  ],
  [
    1628550000000,
    41.81
  ],
  [
    1628636400000,
    39.207
  ],
  [
    1628722800000,
    37.931
  ],
  [
    1628809200000,
    37.446
  ],
  [
    1628895600000,
    36.49
  ],
  [
    1628982000000,
    43.67
  ],
  [
    1629068400000,
    44.3
  ],
  [
    1629154800000,
    40.247
  ],
  [
    1629241200000,
    37.72
  ],
  [
    1629327600000,
    44.386
  ],
  [
    1629414000000,
    37.351
  ],
  [
    1629500400000,
    47.978
  ],
  [
    1629586800000,
    35.8
  ],
  [
    1629673200000,
    31.19
  ],
  [
    1629759600000,
    39.712
  ],
  [
    1629846000000,
    36.18
  ],
  [
    1630018800000,
    37.626
  ],
  [
    1630105200000,
    37.359
  ],
  [
    1630191600000,
    33.62
  ],
  [
    1630278000000,
    34.263
  ],
  [
    1630364400000,
    35.501
  ],
  [
    1630450800000,
    38.222
  ],
  [
    1630537200000,
    39.258
  ],
  [
    1630623600000,
    36.149
  ],
  [
    1630710000000,
    37.21
  ],
  [
    1630796400000,
    37.622
  ],
  [
    1630882800000,
    36.32
  ],
  [
    1630969200000,
    36.024
  ],
  [
    1631055600000,
    36.305
  ],
  [
    1631142000000,
    36.775
  ],
  [
    1631228400000,
    36.765
  ],
  [
    1631401200000,
    36.379
  ],
  [
    1631487600000,
    37.044
  ],
  [
    1631574000000,
    35.33
  ],
  [
    1631660400000,
    36.929
  ],
  [
    1631746800000,
    37.375
  ],
  [
    1631833200000,
    36.4
  ],
  [
    1631919600000,
    37.254
  ],
  [
    1632006000000,
    37.767
  ],
  [
    1632092400000,
    37.682
  ],
  [
    1632178800000,
    37.174
  ],
  [
    1632265200000,
    26.316
  ],
  [
    1632351600000,
    29.996
  ],
  [
    1632438000000,
    26.99
  ],
  [
    1632524400000,
    28.79
  ],
  [
    1632610800000,
    27.898
  ],
  [
    1632697200000,
    29.848
  ],
  [
    1632783600000,
    27.079
  ],
  [
    1632870000000,
    28.72
  ],
  [
    1632956400000,
    30.064
  ],
  [
    1633042800000,
    27.669
  ],
  [
    1633129200000,
    54.841
  ],
  [
    1633215600000,
    27.38
  ],
  [
    1633388400000,
    26.836
  ],
  [
    1633474800000,
    27.79
  ],
  [
    1633561200000,
    27.585
  ],
  [
    1633647600000,
    28.024
  ],
  [
    1633734000000,
    28.522
  ],
  [
    1633820400000,
    26.58
  ],
  [
    1633906800000,
    29.019
  ],
  [
    1633993200000,
    28.32
  ],
  [
    1634079600000,
    28.521
  ],
  [
    1634166000000,
    28.569
  ],
  [
    1634252400000,
    29.255
  ],
  [
    1634338800000,
    28.77
  ],
  [
    1634425200000,
    27.924
  ],
  [
    1634511600000,
    26.006
  ],
  [
    1634598000000,
    27.35
  ],
  [
    1634684400000,
    29.407
  ],
  [
    1634857200000,
    25.647
  ],
  [
    1634943600000,
    27.041
  ],
  [
    1635116400000,
    25.728
  ],
  [
    1635202800000,
    25.118
  ],
  [
    1635289200000,
    25.387
  ],
  [
    1635375600000,
    27.46
  ],
  [
    1635462000000,
    25.357
  ],
  [
    1635548400000,
    26.73
  ],
  [
    1635634800000,
    31.357
  ],
  [
    1635724800000,
    33.907
  ],
  [
    1635811200000,
    25.093
  ],
  [
    1635897600000,
    27.253
  ],
  [
    1635984000000,
    26.302
  ],
  [
    1636070400000,
    28.096
  ],
  [
    1636156800000,
    28.285
  ],
  [
    1636243200000,
    27.588
  ],
  [
    1636329600000,
    26.19
  ],
  [
    1636416000000,
    26.196
  ],
  [
    1636502400000,
    26.575
  ],
  [
    1636588800000,
    28.524
  ],
  [
    1636675200000,
    27.937
  ],
  [
    1636761600000,
    25.795
  ],
  [
    1636848000000,
    26.966
  ],
  [
    1636934400000,
    26.166
  ],
  [
    1637020800000,
    26.247
  ],
  [
    1637107200000,
    25.746
  ],
  [
    1637193600000,
    29.35
  ],
  [
    1637280000000,
    26.175
  ],
  [
    1637366400000,
    26.749
  ],
  [
    1637452800000,
    27.439
  ],
  [
    1637539200000,
    28.085
  ],
  [
    1637625600000,
    29.48
  ],
  [
    1637798400000,
    29.345
  ],
  [
    1637884800000,
    29.306
  ],
  [
    1637971200000,
    28.55
  ],
  [
    1638057600000,
    27.365
  ],
  [
    1638144000000,
    29.886
  ],
  [
    1638230400000,
    28.975
  ],
  [
    1638316800000,
    29.454
  ],
  [
    1638403200000,
    28.023
  ],
  [
    1638489600000,
    30.576
  ],
  [
    1638576000000,
    36.669
  ],
  [
    1638662400000,
    32.647
  ],
  [
    1638748800000,
    33.381
  ],
  [
    1638835200000,
    37.882
  ],
  [
    1638921600000,
    39.998
  ],
  [
    1639008000000,
    35.93
  ],
  [
    1639094400000,
    42.795
  ],
  [
    1639180800000,
    36.02
  ],
  [
    1639267200000,
    42.688
  ],
  [
    1639353600000,
    38.191
  ],
  [
    1639440000000,
    23.403
  ],
  [
    1639526400000,
    36.213
  ],
  [
    1639612800000,
    39.906
  ],
  [
    1639699200000,
    128.653
  ],
  [
    1639785600000,
    34.52
  ],
  [
    1639872000000,
    35.693
  ],
  [
    1639958400000,
    40.463
  ],
  [
    1640044800000,
    35.665
  ],
  [
    1640131200000,
    35.631
  ],
  [
    1640217600000,
    43.34
  ],
  [
    1640304000000,
    34.353
  ],
  [
    1640390400000,
    34.05
  ],
  [
    1640476800000,
    35.289
  ],
  [
    1640563200000,
    35.581
  ],
  [
    1640649600000,
    32.277
  ],
  [
    1640736000000,
    35.792
  ],
  [
    1640822400000,
    34.477
  ],
  [
    1640908800000,
    35.512
  ],
  [
    1640995200000,
    36.744
  ],
  [
    1641081600000,
    35.62
  ],
  [
    1641168000000,
    37.589
  ],
  [
    1641254400000,
    38.409
  ],
  [
    1641340800000,
    46.627
  ],
  [
    1641427200000,
    40.12
  ],
  [
    1641513600000,
    38.587
  ],
  [
    1641600000000,
    44.313
  ],
  [
    1641772800000,
    39.595
  ],
  [
    1641945600000,
    38.72
  ],
  [
    1642032000000,
    38.75
  ],
  [
    1642118400000,
    38.458
  ],
  [
    1642204800000,
    38.84
  ],
  [
    1642291200000,
    39.045
  ],
  [
    1642464000000,
    37.58
  ],
  [
    1642550400000,
    40.293
  ],
  [
    1642636800000,
    37.57
  ],
  [
    1642723200000,
    39.014
  ],
  [
    1642809600000,
    37.462
  ],
  [
    1642896000000,
    37.05
  ],
  [
    1642982400000,
    39.402
  ],
  [
    1643068800000,
    38.012
  ],
  [
    1643241600000,
    37.567
  ],
  [
    1643328000000,
    38.586
  ],
  [
    1643414400000,
    35.01
  ],
  [
    1643500800000,
    34.287
  ],
  [
    1643587200000,
    33.695
  ],
  [
    1643673600000,
    33.83
  ],
  [
    1643760000000,
    33.985
  ],
  [
    1643846400000,
    35.955
  ],
  [
    1643932800000,
    36.069
  ],
  [
    1644019200000,
    37.85
  ],
  [
    1644105600000,
    36.52
  ],
  [
    1644192000000,
    34.32
  ],
  [
    1644278400000,
    35.985
  ],
  [
    1644364800000,
    34.751
  ],
  [
    1644451200000,
    35.362
  ],
  [
    1644537600000,
    36.443
  ],
  [
    1644624000000,
    33.43
  ],
  [
    1644710400000,
    36.46
  ],
  [
    1644796800000,
    33.86
  ],
  [
    1644883200000,
    34.879
  ],
  [
    1644969600000,
    36.026
  ],
  [
    1645056000000,
    34.253
  ],
  [
    1645142400000,
    33.96
  ],
  [
    1645228800000,
    35.345
  ],
  [
    1645315200000,
    33.217
  ],
  [
    1645401600000,
    35.19
  ],
  [
    1645488000000,
    32.735
  ],
  [
    1645574400000,
    34.518
  ],
  [
    1645660800000,
    35.321
  ],
  [
    1645833600000,
    33.5
  ],
  [
    1645920000000,
    34.528
  ],
  [
    1646006400000,
    35.011
  ],
  [
    1646092800000,
    35.84
  ],
  [
    1646179200000,
    38.91
  ],
  [
    1646265600000,
    36.11
  ],
  [
    1646352000000,
    33.353
  ],
  [
    1646438400000,
    36.222
  ],
  [
    1646524800000,
    37.788
  ],
  [
    1646611200000,
    22.405
  ],
  [
    1646697600000,
    36.16
  ],
  [
    1646784000000,
    29.265
  ],
  [
    1646870400000,
    37.904
  ],
  [
    1646956800000,
    36.048
  ],
  [
    1647043200000,
    39.53
  ],
  [
    1647216000000,
    34.12
  ],
  [
    1647302400000,
    39.422
  ],
  [
    1647388800000,
    42.562
  ],
  [
    1647475200000,
    41.011
  ],
  [
    1647561600000,
    37.63
  ],
  [
    1647648000000,
    34.86
  ],
  [
    1647734400000,
    39.456
  ],
  [
    1647820800000,
    39.41
  ],
  [
    1647907200000,
    41.404
  ],
  [
    1647993600000,
    40.667
  ],
  [
    1648080000000,
    41.078
  ],
  [
    1648166400000,
    39.37
  ],
  [
    1648252800000,
    40.236
  ],
  [
    1648422000000,
    40.814
  ],
  [
    1648508400000,
    42.086
  ],
  [
    1648681200000,
    40.995
  ],
  [
    1648767600000,
    49.309
  ],
  [
    1648854000000,
    39.53
  ],
  [
    1648940400000,
    48.003
  ],
  [
    1649026800000,
    42.447
  ],
  [
    1649113200000,
    47.944
  ],
  [
    1649286000000,
    48.575
  ],
  [
    1649458800000,
    40.94
  ],
  [
    1649545200000,
    41.03
  ],
  [
    1649631600000,
    40.356
  ],
  [
    1649718000000,
    44.191
  ],
  [
    1649890800000,
    40.34
  ],
  [
    1649977200000,
    62.343
  ],
  [
    1650150000000,
    43.31
  ],
  [
    1650236400000,
    44.33
  ],
  [
    1650322800000,
    47.73
  ],
  [
    1650409200000,
    47
  ],
  [
    1650495600000,
    47.625
  ],
  [
    1650582000000,
    49.462
  ],
  [
    1650668400000,
    59.579
  ],
  [
    1650841200000,
    51.48
  ],
  [
    1650927600000,
    58.545
  ],
  [
    1651014000000,
    52.748
  ],
  [
    1651186800000,
    53.665
  ],
  [
    1651273200000,
    48.771
  ],
  [
    1651446000000,
    55.645
  ],
  [
    1651618800000,
    48.596
  ],
  [
    1651791600000,
    57.063
  ],
  [
    1651878000000,
    46.58
  ],
  [
    1651964400000,
    48.038
  ],
  [
    1652050800000,
    48.385
  ],
  [
    1652223600000,
    45.259
  ],
  [
    1652310000000,
    46.117
  ],
  [
    1652396400000,
    45.619
  ],
  [
    1652482800000,
    52.068
  ],
  [
    1652569200000,
    45.05
  ],
  [
    1652655600000,
    44.887
  ],
  [
    1652742000000,
    45.28
  ],
  [
    1652828400000,
    45.518
  ],
  [
    1652914800000,
    45.677
  ],
  [
    1653087600000,
    44.7
  ],
  [
    1653174000000,
    46.821
  ],
  [
    1653260400000,
    43.05
  ],
  [
    1653346800000,
    42.444
  ],
  [
    1653433200000,
    42.301
  ],
  [
    1653519600000,
    42.769
  ],
  [
    1653606000000,
    45.222
  ],
  [
    1653692400000,
    51.09
  ],
  [
    1653778800000,
    58.758
  ],
  [
    1653865200000,
    43.785
  ],
  [
    1654038000000,
    42.59
  ],
  [
    1654124400000,
    40.75
  ],
  [
    1654210800000,
    45.711
  ],
  [
    1654297200000,
    41.203
  ],
  [
    1654383600000,
    40.468
  ],
  [
    1654470000000,
    44.897
  ],
  [
    1654556400000,
    41.308
  ],
  [
    1654642800000,
    40.41
  ],
  [
    1654729200000,
    40.452
  ],
  [
    1654815600000,
    41.002
  ],
  [
    1654902000000,
    40.368
  ],
  [
    1654988400000,
    40.211
  ],
  [
    1655074800000,
    40.927
  ],
  [
    1655161200000,
    40.094
  ],
  [
    1655247600000,
    39.594
  ],
  [
    1655334000000,
    38.495
  ],
  [
    1655420400000,
    42.431
  ],
  [
    1655506800000,
    38.313
  ],
  [
    1655593200000,
    46.928
  ],
  [
    1655679600000,
    38.02
  ],
  [
    1655766000000,
    38.21
  ],
  [
    1655852400000,
    36.386
  ],
  [
    1655938800000,
    38.2
  ],
  [
    1656025200000,
    37.634
  ],
  [
    1656111600000,
    36.84
  ],
  [
    1656198000000,
    38.597
  ],
  [
    1656284400000,
    37.179
  ],
  [
    1656370800000,
    41.927
  ],
  [
    1656457200000,
    40.49
  ],
  [
    1656543600000,
    41.2
  ],
  [
    1656630000000,
    38.78
  ],
  [
    1656716400000,
    40.323
  ],
  [
    1656802800000,
    39.335
  ],
  [
    1656889200000,
    44.025
  ],
  [
    1656975600000,
    39.085
  ],
  [
    1657062000000,
    39.62
  ],
  [
    1657148400000,
    38.618
  ],
  [
    1657234800000,
    38.37
  ],
  [
    1657321200000,
    38.174
  ],
  [
    1657407600000,
    38.38
  ],
  [
    1657494000000,
    40.477
  ],
  [
    1657580400000,
    38
  ],
  [
    1657753200000,
    39.612
  ],
  [
    1657839600000,
    40.98
  ],
  [
    1657926000000,
    38.45
  ],
  [
    1658185200000,
    40.743
  ],
  [
    1658271600000,
    39.45
  ],
  [
    1658358000000,
    44.59
  ],
  [
    1658444400000,
    45.25
  ],
  [
    1658530800000,
    40.526
  ],
  [
    1658617200000,
    45.91
  ],
  [
    1658703600000,
    46.655
  ],
  [
    1658790000000,
    39.457
  ],
  [
    1658876400000,
    39.343
  ],
  [
    1659049200000,
    39.523
  ],
  [
    1659135600000,
    40.45
  ],
  [
    1659222000000,
    40.565
  ],
  [
    1659308400000,
    40.68
  ],
  [
    1659394800000,
    40.68
  ],
  [
    1659481200000,
    46.042
  ],
  [
    1659567600000,
    42.596
  ],
  [
    1659654000000,
    39.607
  ],
  [
    1659740400000,
    41.582
  ],
  [
    1659826800000,
    40.855
  ],
  [
    1659913200000,
    39.335
  ],
  [
    1660086000000,
    44.24
  ],
  [
    1660172400000,
    40.861
  ],
  [
    1660258800000,
    44.532
  ],
  [
    1660431600000,
    44.926
  ],
  [
    1660518000000,
    38.129
  ],
  [
    1660604400000,
    39.23
  ],
  [
    1660690800000,
    42.77
  ],
  [
    1660863600000,
    55.106
  ],
  [
    1660950000000,
    39.925
  ],
  [
    1661036400000,
    42.502
  ],
  [
    1661122800000,
    41.162
  ],
  [
    1661209200000,
    41.37
  ],
  [
    1661295600000,
    45.41
  ],
  [
    1661382000000,
    44.239
  ],
  [
    1661641200000,
    45.165
  ],
  [
    1661727600000,
    43.417
  ],
  [
    1661814000000,
    46.12
  ],
  [
    1661900400000,
    47.537
  ],
  [
    1661986800000,
    48.973
  ],
  [
    1662073200000,
    43.929
  ],
  [
    1662159600000,
    43.898
  ],
  [
    1662246000000,
    46.195
  ],
  [
    1662418800000,
    43.205
  ],
  [
    1662505200000,
    38.66
  ],
  [
    1662678000000,
    47.168
  ],
  [
    1662764400000,
    45.044
  ],
  [
    1662850800000,
    49.302
  ],
  [
    1662937200000,
    52.87
  ],
  [
    1663023600000,
    43.33
  ],
  [
    1663110000000,
    45.085
  ],
  [
    1663196400000,
    45.732
  ],
  [
    1663282800000,
    45.219
  ],
  [
    1663369200000,
    49.317
  ],
  [
    1663455600000,
    49.805
  ],
  [
    1663542000000,
    42.117
  ],
  [
    1663628400000,
    40.926
  ],
  [
    1663714800000,
    39.9
  ],
  [
    1663801200000,
    37.8
  ],
  [
    1663887600000,
    42.04
  ],
  [
    1663974000000,
    44.826
  ],
  [
    1664060400000,
    39.99
  ],
  [
    1664233200000,
    39.99
  ],
  [
    1664319600000,
    40.301
  ],
  [
    1664406000000,
    41.242
  ],
  [
    1664492400000,
    40.571
  ],
  [
    1665010800000,
    41.909
  ],
  [
    1665097200000,
    41.215
  ],
  [
    1665183600000,
    42.948
  ],
  [
    1665270000000,
    44.253
  ],
  [
    1665356400000,
    44.67
  ],
  [
    1665442800000,
    45.186
  ],
  [
    1665615600000,
    46.347
  ],
  [
    1665788400000,
    43.25
  ],
  [
    1665874800000,
    43.24
  ],
  [
    1665961200000,
    42.923
  ],
  [
    1666047600000,
    49.15
  ],
  [
    1666220400000,
    47.82
  ],
  [
    1666393200000,
    51.961
  ],
  [
    1666479600000,
    43.56
  ],
  [
    1666566000000,
    44.208
  ],
  [
    1666652400000,
    49.38
  ],
  [
    1667084400000,
    48.01
  ],
  [
    1667174400000,
    48.24
  ],
  [
    1667347200000,
    48.492
  ],
  [
    1667433600000,
    47.724
  ],
  [
    1667520000000,
    48.76
  ],
  [
    1667606400000,
    51.212
  ],
  [
    1667692800000,
    49.293
  ],
  [
    1667865600000,
    50.562
  ],
  [
    1667952000000,
    51.275
  ],
  [
    1668038400000,
    49.65
  ],
  [
    1668124800000,
    50.105
  ],
  [
    1668211200000,
    51.035
  ],
  [
    1668297600000,
    45.62
  ],
  [
    1668384000000,
    49.345
  ],
  [
    1668470400000,
    52.893
  ],
  [
    1668556800000,
    52.18
  ],
  [
    1668816000000,
    55.397
  ],
  [
    1668902400000,
    46.14
  ],
  [
    1668988800000,
    56.62
  ],
  [
    1669248000000,
    49.71
  ],
  [
    1669420800000,
    54.702
  ],
  [
    1669507200000,
    57.46
  ],
  [
    1669593600000,
    50.92
  ],
  [
    1669680000000,
    51.03
  ],
  [
    1669852800000,
    51.11
  ],
  [
    1669939200000,
    51.49
  ],
  [
    1670025600000,
    52.98
  ],
  [
    1670112000000,
    54.142
  ],
  [
    1670284800000,
    52.57
  ],
  [
    1670371200000,
    56.648
  ],
  [
    1670457600000,
    59.36
  ],
  [
    1670630400000,
    52.13
  ],
  [
    1670716800000,
    52.055
  ],
  [
    1670889600000,
    61.029
  ],
  [
    1671148800000,
    58.089
  ],
  [
    1671321600000,
    51.49
  ],
  [
    1671494400000,
    36.597
  ],
  [
    1671580800000,
    56.23
  ],
  [
    1671753600000,
    58.533
  ],
  [
    1671840000000,
    55.237
  ],
  [
    1671926400000,
    61.07
  ],
  [
    1672012800000,
    49.56
  ],
  [
    1672099200000,
    60.079
  ],
  [
    1672185600000,
    48.38
  ],
  [
    1672272000000,
    47.96
  ],
  [
    1672444800000,
    58.965
  ],
  [
    1672531200000,
    54.878
  ],
  [
    1672617600000,
    61.559
  ],
  [
    1672704000000,
    49.054
  ],
  [
    1672790400000,
    52.45
  ],
  [
    1672876800000,
    55.716
  ],
  [
    1673049600000,
    57.924
  ],
  [
    1673136000000,
    58.735
  ],
  [
    1673395200000,
    59.029
  ],
  [
    1673568000000,
    83.987
  ],
  [
    1673654400000,
    59.551
  ],
  [
    1673740800000,
    63.25
  ],
  [
    1673827200000,
    59.038
  ],
  [
    1674000000000,
    56.488
  ],
  [
    1674086400000,
    54.6
  ],
  [
    1674172800000,
    58.155
  ],
  [
    1674259200000,
    57.052
  ],
  [
    1674345600000,
    53.87
  ],
  [
    1674432000000,
    55.913
  ],
  [
    1674518400000,
    63.45
  ],
  [
    1674604800000,
    72.641
  ],
  [
    1674691200000,
    54.02
  ],
  [
    1674950400000,
    55.63
  ],
  [
    1675036800000,
    61.724
  ],
  [
    1675123200000,
    55.63
  ],
  [
    1675209600000,
    61.83
  ],
  [
    1675296000000,
    56.19
  ],
  [
    1675382400000,
    59.209
  ],
  [
    1675468800000,
    62.421
  ],
  [
    1675555200000,
    61.235
  ],
  [
    1675641600000,
    60.531
  ],
  [
    1675728000000,
    61.38
  ],
  [
    1675814400000,
    58.63
  ],
  [
    1675987200000,
    59.29
  ],
  [
    1676073600000,
    61.242
  ],
  [
    1676160000000,
    77.5
  ],
  [
    1676246400000,
    61.25
  ],
  [
    1676332800000,
    63.87
  ],
  [
    1676505600000,
    72.634
  ],
  [
    1676592000000,
    64.474
  ],
  [
    1676678400000,
    62.19
  ],
  [
    1676764800000,
    62.07
  ],
  [
    1676851200000,
    72.517
  ],
  [
    1677110400000,
    58.275
  ],
  [
    1677283200000,
    59.779
  ],
  [
    1677369600000,
    55.66
  ],
  [
    1677456000000,
    65.592
  ],
  [
    1677542400000,
    74.07
  ],
  [
    1677628800000,
    61.557
  ],
  [
    1677715200000,
    59.289
  ],
  [
    1677801600000,
    57.7
  ],
  [
    1677888000000,
    64.245
  ],
  [
    1677974400000,
    61.022
  ],
  [
    1678147200000,
    59.72
  ],
  [
    1678320000000,
    61.64
  ],
  [
    1678492800000,
    67.481
  ],
  [
    1678579200000,
    68.999
  ],
  [
    1678665600000,
    62.397
  ],
  [
    1678752000000,
    61.355
  ],
  [
    1678838400000,
    59.02
  ],
  [
    1678924800000,
    60.22
  ],
  [
    1679011200000,
    63.952
  ],
  [
    1679097600000,
    63.263
  ],
  [
    1679270400000,
    63.439
  ],
  [
    1679356800000,
    64.826
  ],
  [
    1679443200000,
    61.957
  ],
  [
    1679529600000,
    63.353
  ],
  [
    1679616000000,
    60.909
  ],
  [
    1679788800000,
    62.737
  ],
  [
    1679871600000,
    64.23
  ],
  [
    1679958000000,
    57.503
  ],
  [
    1680044400000,
    66.518
  ],
  [
    1680130800000,
    64.636
  ],
  [
    1680217200000,
    66.476
  ],
  [
    1680303600000,
    69.328
  ],
  [
    1680390000000,
    61.6
  ],
  [
    1680476400000,
    64.922
  ],
  [
    1680562800000,
    67.246
  ],
  [
    1680649200000,
    62.67
  ],
  [
    1680735600000,
    62.3
  ],
  [
    1680822000000,
    65.727
  ],
  [
    1680908400000,
    63.503
  ],
  [
    1680994800000,
    69.18
  ],
  [
    1681081200000,
    78.423
  ],
  [
    1681167600000,
    74.393
  ],
  [
    1681340400000,
    67.934
  ],
  [
    1681426800000,
    73.21
  ],
  [
    1681513200000,
    68.86
  ],
  [
    1681599600000,
    69.445
  ],
  [
    1681772400000,
    72.053
  ],
  [
    1681858800000,
    76.585
  ],
  [
    1681945200000,
    81.774
  ],
  [
    1682031600000,
    82.728
  ],
  [
    1682118000000,
    84.69
  ],
  [
    1682377200000,
    87.319
  ],
  [
    1682463600000,
    82
  ],
  [
    1682550000000,
    100.003
  ],
  [
    1682636400000,
    81.631
  ],
  [
    1682722800000,
    72.655
  ],
  [
    1682809200000,
    73.04
  ],
  [
    1682982000000,
    72.937
  ],
  [
    1683068400000,
    71.635
  ],
  [
    1683154800000,
    72.72
  ],
  [
    1683241200000,
    72.945
  ],
  [
    1683327600000,
    72.699
  ],
  [
    1683414000000,
    68.297
  ],
  [
    1683500400000,
    62.82
  ],
  [
    1683586800000,
    68.951
  ],
  [
    1683673200000,
    64.1
  ],
  [
    1683846000000,
    49.65
  ],
  [
    1683932400000,
    76.595
  ],
  [
    1684018800000,
    69.64
  ],
  [
    1684105200000,
    69.66
  ],
  [
    1684364400000,
    69.66
  ],
  [
    1684450800000,
    72.287
  ],
  [
    1684537200000,
    80.771
  ],
  [
    1684623600000,
    79.166
  ],
  [
    1684710000000,
    80.561
  ],
  [
    1684796400000,
    67.53
  ],
  [
    1684882800000,
    68.01
  ],
  [
    1684969200000,
    77.074
  ],
  [
    1685055600000,
    68.2
  ],
  [
    1685142000000,
    66.54
  ],
  [
    1685228400000,
    65.14
  ],
  [
    1685314800000,
    72.99
  ],
  [
    1685401200000,
    71.596
  ],
  [
    1685574000000,
    78.74
  ],
  [
    1685660400000,
    78.57
  ],
  [
    1685833200000,
    74.662
  ],
  [
    1685919600000,
    72.288
  ],
  [
    1686006000000,
    73.651
  ],
  [
    1686092400000,
    81.075
  ],
  [
    1686178800000,
    69.916
  ],
  [
    1686265200000,
    74.809
  ],
  [
    1686438000000,
    82.989
  ],
  [
    1686524400000,
    77.13
  ],
  [
    1686610800000,
    92.67
  ],
  [
    1686697200000,
    84.971
  ],
  [
    1686783600000,
    84.008
  ],
  [
    1686870000000,
    90.774
  ],
  [
    1687042800000,
    83.459
  ],
  [
    1687129200000,
    87.037
  ],
  [
    1687388400000,
    88.35
  ],
  [
    1687474800000,
    71.33
  ],
  [
    1687561200000,
    84.113
  ],
  [
    1687734000000,
    89.276
  ],
  [
    1687820400000,
    82.15
  ],
  [
    1687906800000,
    82.25
  ],
  [
    1687993200000,
    83.941
  ],
  [
    1688166000000,
    72.08
  ],
  [
    1688338800000,
    86.303
  ],
  [
    1688511600000,
    82.853
  ],
  [
    1688598000000,
    78.45
  ],
  [
    1688684400000,
    72.1
  ],
  [
    1688857200000,
    72.88
  ],
  [
    1688943600000,
    88.37
  ],
  [
    1689030000000,
    73.34
  ],
  [
    1689116400000,
    76.435
  ],
  [
    1689289200000,
    73.56
  ],
  [
    1689634800000,
    82.75
  ],
  [
    1689721200000,
    77.5
  ],
  [
    1689807600000,
    81.826
  ],
  [
    1689894000000,
    78.991
  ],
  [
    1689980400000,
    79.03
  ],
  [
    1690153200000,
    79.32
  ],
  [
    1690239600000,
    88.675
  ],
  [
    1690326000000,
    82.677
  ],
  [
    1690498800000,
    80.98
  ],
  [
    1690671600000,
    84.351
  ],
  [
    1690758000000,
    85
  ],
  [
    1690844400000,
    76.886
  ],
  [
    1690930800000,
    91.909
  ],
  [
    1691362800000,
    85.465
  ],
  [
    1691449200000,
    92.015
  ],
  [
    1691794800000,
    87.728
  ],
  [
    1692054000000,
    84.37
  ],
  [
    1692140400000,
    95.68
  ],
  [
    1692226800000,
    85.995
  ],
  [
    1692313200000,
    88.98
  ],
  [
    1692399600000,
    84.15
  ],
  [
    1692486000000,
    86.124
  ],
  [
    1692572400000,
    87.065
  ],
  [
    1692658800000,
    79.74
  ],
  [
    1692745200000,
    95.5
  ],
  [
    1692918000000,
    79.78
  ],
  [
    1693004400000,
    79.7
  ],
  [
    1693177200000,
    80.58
  ],
  [
    1693436400000,
    94.622
  ],
  [
    1693609200000,
    82.27
  ],
  [
    1693695600000,
    97.014
  ],
  [
    1693782000000,
    96.669
  ],
  [
    1693868400000,
    83.89
  ],
  [
    1694473200000,
    105.884
  ],
  [
    1694732400000,
    88.55
  ],
  [
    1694818800000,
    94.72
  ],
  [
    1694905200000,
    94.316
  ],
  [
    1695078000000,
    95.99
  ],
  [
    1695337200000,
    92.635
  ],
  [
    1695423600000,
    98.33
  ],
  [
    1695510000000,
    93.08
  ],
  [
    1695682800000,
    93.93
  ],
  [
    1695769200000,
    97.558
  ],
  [
    1696028400000,
    95.95
  ],
  [
    1696114800000,
    100.425
  ],
  [
    1696201200000,
    100.52
  ],
  [
    1696287600000,
    106.75
  ],
  [
    1696546800000,
    105.92
  ],
  [
    1696719600000,
    100.3
  ],
  [
    1696806000000,
    99.433
  ],
  [
    1696978800000,
    101.345
  ],
  [
    1697151600000,
    102.055
  ],
  [
    1697238000000,
    111
  ],
  [
    1697410800000,
    109.739
  ],
  [
    1697583600000,
    103.876
  ],
  [
    1697756400000,
    111.522
  ],
  [
    1697929200000,
    104.69
  ],
  [
    1698015600000,
    104.225
  ],
  [
    1698188400000,
    104.48
  ],
  [
    1698361200000,
    101.16
  ],
  [
    1698447600000,
    95.91
  ],
  [
    1698534000000,
    95.87
  ],
  [
    1698624000000,
    94.15
  ],
  [
    1698796800000,
    95.39
  ],
  [
    1698883200000,
    97.004
  ],
  [
    1698969600000,
    90
  ],
  [
    1699228800000,
    95.25
  ],
  [
    1699401600000,
    90
  ],
  [
    1699488000000,
    96.57
  ],
  [
    1699747200000,
    81.156
  ],
  [
    1699920000000,
    85.76
  ],
  [
    1700006400000,
    105.82
  ],
  [
    1700265600000,
    89.08
  ],
  [
    1700352000000,
    94.632
  ],
  [
    1700524800000,
    88.497
  ],
  [
    1700611200000,
    90.004
  ],
  [
    1700697600000,
    89.33
  ],
  [
    1700784000000,
    87.83
  ],
  [
    1700870400000,
    87.77
  ],
  [
    1701129600000,
    89.99
  ],
  [
    1701388800000,
    87.57
  ],
  [
    1701475200000,
    89.504
  ],
  [
    1701561600000,
    85
  ],
  [
    1701734400000,
    85
  ],
  [
    1701993600000,
    96.95
  ],
  [
    1702166400000,
    84.47
  ],
  [
    1702252800000,
    104.264
  ],
  [
    1702771200000,
    101.681
  ],
  [
    1702857600000,
    95.26
  ],
  [
    1703289600000,
    96.46
  ],
  [
    1703548800000,
    97.38
  ],
  [
    1703635200000,
    109.064
  ],
  [
    1704067200000,
    98.53
  ],
  [
    1704240000000,
    98.91
  ],
  [
    1704758400000,
    86.707
  ],
  [
    1705017600000,
    101.75
  ],
  [
    1705190400000,
    105
  ],
  [
    1705622400000,
    100
  ],
  [
    1706140800000,
    92.7
  ],
  [
    1706659200000,
    91.1
  ],
  [
    1706745600000,
    91.59
  ],
  [
    1707264000000,
    97.859
  ],
  [
    1707436800000,
    138.81
  ],
  [
    1707609600000,
    99.16
  ],
  [
    1707782400000,
    97.37
  ],
  [
    1708128000000,
    83.96
  ],
  [
    1708214400000,
    85.29
  ],
  [
    1708473600000,
    88.87
  ],
  [
    1708732800000,
    90.15
  ],
  [
    1708819200000,
    95.076
  ],
  [
    1709251200000,
    101.505
  ],
  [
    1709856000000,
    96.69
  ],
  [
    1709942400000,
    99.675
  ],
  [
    1710115200000,
    109.315
  ],
  [
    1710201600000,
    103.89
  ],
  [
    1710460800000,
    114.43
  ],
  [
    1710547200000,
    101.86
  ],
  [
    1710806400000,
    98.525
  ],
  [
    1711152000000,
    107.15
  ],
  [
    1711324800000,
    108.713
  ],
  [
    1711584000000,
    96.87
  ],
  [
    1711843200000,
    113.011
  ],
  [
    1712012400000,
    124.408
  ],
  [
    1712271600000,
    119.569
  ],
  [
    1712530800000,
    123.47
  ],
  [
    1712703600000,
    124.23
  ],
  [
    1712962800000,
    117.172
  ],
  [
    1713049200000,
    121.146
  ],
  [
    1713826800000,
    122.197
  ],
  [
    1714172400000,
    106.63
  ],
  [
    1714345200000,
    121.473
  ],
  [
    1715036400000,
    130.97
  ],
  [
    1715295600000,
    118.65
  ],
  [
    1715468400000,
    123.83
  ],
  [
    1715986800000,
    130.114
  ],
  [
    1716508800000,
    124.98
  ],
  [
    1716710400000,
    125.44
  ],
  [
    1717196400000,
    133.72
  ],
  [
    1717369200000,
    187.94
  ],
  [
    1717588800000,
    149.24
  ],
  [
    1717783200000,
    140
  ],
  [
    1717880400000,
    149.231
  ],
  [
    1717992000000,
    149.496
  ],
  [
    1718388000000,
    140.25
  ],
  [
    1718431200000,
    158.33
  ]
]