[
  [
    1596754800000,
    10.698
  ],
  [
    1596841200000,
    6.926
  ],
  [
    1596927600000,
    5.399
  ],
  [
    1597014000000,
    4.416
  ],
  [
    1597100400000,
    3.952
  ],
  [
    1597186800000,
    3.643
  ],
  [
    1597273200000,
    3.46
  ],
  [
    1597359600000,
    3.298
  ],
  [
    1597446000000,
    3.222
  ],
  [
    1597532400000,
    2.758
  ],
  [
    1597618800000,
    2.435
  ],
  [
    1597705200000,
    2.316
  ],
  [
    1597791600000,
    2.358
  ],
  [
    1597878000000,
    2.37
  ],
  [
    1597964400000,
    2.317
  ],
  [
    1598050800000,
    2.439
  ],
  [
    1598137200000,
    2.209
  ],
  [
    1598223600000,
    2.047
  ],
  [
    1598310000000,
    1.921
  ],
  [
    1598396400000,
    1.915
  ],
  [
    1598482800000,
    1.842
  ],
  [
    1598569200000,
    1.867
  ],
  [
    1598655600000,
    1.842
  ],
  [
    1598742000000,
    1.684
  ],
  [
    1598828400000,
    1.551
  ],
  [
    1598914800000,
    1.548
  ],
  [
    1599001200000,
    1.594
  ],
  [
    1599087600000,
    1.568
  ],
  [
    1599174000000,
    1.619
  ],
  [
    1599260400000,
    1.525
  ],
  [
    1599346800000,
    1.413
  ],
  [
    1599433200000,
    1.406
  ],
  [
    1599519600000,
    1.351
  ],
  [
    1599606000000,
    1.326
  ],
  [
    1599692400000,
    1.412
  ],
  [
    1599778800000,
    1.433
  ],
  [
    1599865200000,
    1.443
  ],
  [
    1599951600000,
    1.408
  ],
  [
    1600038000000,
    1.378
  ],
  [
    1600124400000,
    1.424
  ],
  [
    1600210800000,
    1.457
  ],
  [
    1600297200000,
    1.455
  ],
  [
    1600383600000,
    1.443
  ],
  [
    1600470000000,
    1.429
  ],
  [
    1600556400000,
    1.353
  ],
  [
    1600642800000,
    1.285
  ],
  [
    1600729200000,
    1.256
  ],
  [
    1600815600000,
    1.265
  ],
  [
    1600902000000,
    1.262
  ],
  [
    1600988400000,
    1.273
  ],
  [
    1601074800000,
    1.21
  ],
  [
    1601161200000,
    1.01
  ],
  [
    1601247600000,
    0.906
  ],
  [
    1601334000000,
    0.884
  ],
  [
    1601420400000,
    0.905
  ],
  [
    1601506800000,
    0.972
  ],
  [
    1601593200000,
    0.985
  ],
  [
    1601679600000,
    0.94
  ],
  [
    1601766000000,
    0.912
  ],
  [
    1601852400000,
    0.908
  ],
  [
    1601938800000,
    0.921
  ],
  [
    1602025200000,
    0.934
  ],
  [
    1602111600000,
    0.96
  ],
  [
    1602198000000,
    0.979
  ],
  [
    1602284400000,
    0.973
  ],
  [
    1602370800000,
    0.966
  ],
  [
    1602457200000,
    0.938
  ],
  [
    1602543600000,
    0.939
  ],
  [
    1602630000000,
    0.939
  ],
  [
    1602716400000,
    0.952
  ],
  [
    1602802800000,
    0.966
  ],
  [
    1602889200000,
    0.955
  ],
  [
    1602975600000,
    0.915
  ],
  [
    1603062000000,
    0.866
  ],
  [
    1603148400000,
    0.825
  ],
  [
    1603234800000,
    0.835
  ],
  [
    1603321200000,
    0.852
  ],
  [
    1603407600000,
    0.865
  ],
  [
    1603494000000,
    0.861
  ],
  [
    1603580400000,
    0.788
  ],
  [
    1603670400000,
    0.738
  ],
  [
    1603756800000,
    0.722
  ],
  [
    1603843200000,
    0.716
  ],
  [
    1603929600000,
    0.72
  ],
  [
    1604016000000,
    0.736
  ],
  [
    1604102400000,
    0.744
  ],
  [
    1604188800000,
    0.738
  ],
  [
    1604275200000,
    0.746
  ],
  [
    1604361600000,
    0.734
  ],
  [
    1604448000000,
    0.739
  ],
  [
    1604534400000,
    0.744
  ],
  [
    1604620800000,
    0.773
  ],
  [
    1604707200000,
    0.82
  ],
  [
    1604793600000,
    0.792
  ],
  [
    1604880000000,
    0.748
  ],
  [
    1604966400000,
    0.741
  ],
  [
    1605052800000,
    0.744
  ],
  [
    1605139200000,
    0.741
  ],
  [
    1605225600000,
    0.741
  ],
  [
    1605312000000,
    0.743
  ],
  [
    1605398400000,
    0.724
  ],
  [
    1605484800000,
    0.678
  ],
  [
    1605571200000,
    0.668
  ],
  [
    1605657600000,
    0.649
  ],
  [
    1605744000000,
    0.589
  ],
  [
    1605830400000,
    0.61
  ],
  [
    1605916800000,
    0.631
  ],
  [
    1606003200000,
    0.623
  ],
  [
    1606089600000,
    0.593
  ],
  [
    1606176000000,
    0.555
  ],
  [
    1606262400000,
    0.54
  ],
  [
    1606348800000,
    0.536
  ],
  [
    1606435200000,
    0.561
  ],
  [
    1606521600000,
    0.581
  ],
  [
    1606608000000,
    0.563
  ],
  [
    1606694400000,
    0.55
  ],
  [
    1606780800000,
    0.535
  ],
  [
    1606867200000,
    0.554
  ],
  [
    1606953600000,
    0.536
  ],
  [
    1607040000000,
    0.262
  ],
  [
    1607126400000,
    0.275
  ],
  [
    1607212800000,
    0.258
  ],
  [
    1607299200000,
    0.253
  ],
  [
    1607385600000,
    0.244
  ],
  [
    1607472000000,
    0.237
  ],
  [
    1607558400000,
    0.245
  ],
  [
    1607644800000,
    0.253
  ],
  [
    1607731200000,
    0.246
  ],
  [
    1607817600000,
    0.231
  ],
  [
    1607904000000,
    0.221
  ],
  [
    1607990400000,
    0.226
  ],
  [
    1608076800000,
    0.225
  ],
  [
    1608163200000,
    0.233
  ],
  [
    1608249600000,
    0.243
  ],
  [
    1608336000000,
    0.25
  ],
  [
    1608422400000,
    0.257
  ],
  [
    1608508800000,
    0.254
  ],
  [
    1608595200000,
    0.255
  ],
  [
    1608681600000,
    0.277
  ],
  [
    1608768000000,
    0.308
  ],
  [
    1608854400000,
    0.375
  ],
  [
    1608940800000,
    0.382
  ],
  [
    1609027200000,
    0.356
  ],
  [
    1609113600000,
    0.344
  ],
  [
    1609200000000,
    0.343
  ],
  [
    1609286400000,
    0.355
  ],
  [
    1609372800000,
    0.404
  ],
  [
    1609459200000,
    0.484
  ],
  [
    1609545600000,
    0.458
  ],
  [
    1609632000000,
    0.445
  ],
  [
    1609718400000,
    0.396
  ],
  [
    1609804800000,
    0.368
  ],
  [
    1609891200000,
    0.359
  ],
  [
    1609977600000,
    0.365
  ],
  [
    1610064000000,
    0.39
  ],
  [
    1610150400000,
    0.43
  ],
  [
    1610236800000,
    0.449
  ],
  [
    1610323200000,
    0.447
  ],
  [
    1610409600000,
    0.443
  ],
  [
    1610496000000,
    0.467
  ],
  [
    1610582400000,
    0.468
  ],
  [
    1610668800000,
    0.473
  ],
  [
    1610755200000,
    0.5
  ],
  [
    1610841600000,
    0.498
  ],
  [
    1610928000000,
    0.501
  ],
  [
    1611014400000,
    0.496
  ],
  [
    1611100800000,
    0.489
  ],
  [
    1611187200000,
    0.493
  ],
  [
    1611273600000,
    0.497
  ],
  [
    1611360000000,
    0.498
  ],
  [
    1611446400000,
    0.49
  ],
  [
    1611532800000,
    0.482
  ],
  [
    1611619200000,
    0.466
  ],
  [
    1611705600000,
    0.45
  ],
  [
    1611792000000,
    0.385
  ],
  [
    1611878400000,
    0.426
  ],
  [
    1611964800000,
    0.447
  ],
  [
    1612051200000,
    0.435
  ],
  [
    1612137600000,
    0.428
  ],
  [
    1612224000000,
    0.425
  ],
  [
    1612310400000,
    0.414
  ],
  [
    1612396800000,
    0.417
  ],
  [
    1612483200000,
    0.424
  ],
  [
    1612569600000,
    0.433
  ],
  [
    1612656000000,
    0.431
  ],
  [
    1612742400000,
    0.421
  ],
  [
    1612828800000,
    0.422
  ],
  [
    1612915200000,
    0.416
  ],
  [
    1613001600000,
    0.438
  ],
  [
    1613088000000,
    0.443
  ],
  [
    1613174400000,
    0.447
  ],
  [
    1613260800000,
    0.436
  ],
  [
    1613347200000,
    0.427
  ],
  [
    1613433600000,
    0.437
  ],
  [
    1613520000000,
    0.436
  ],
  [
    1613606400000,
    0.431
  ],
  [
    1613692800000,
    0.44
  ],
  [
    1613779200000,
    0.455
  ],
  [
    1613865600000,
    0.465
  ],
  [
    1613952000000,
    0.471
  ],
  [
    1614038400000,
    0.492
  ],
  [
    1614124800000,
    0.534
  ],
  [
    1614211200000,
    0.577
  ],
  [
    1614297600000,
    0.618
  ],
  [
    1614384000000,
    0.665
  ],
  [
    1614470400000,
    0.668
  ],
  [
    1614556800000,
    0.63
  ],
  [
    1614643200000,
    0.607
  ],
  [
    1614729600000,
    0.588
  ],
  [
    1614816000000,
    0.585
  ],
  [
    1614902400000,
    0.594
  ],
  [
    1614988800000,
    0.619
  ],
  [
    1615075200000,
    0.633
  ],
  [
    1615161600000,
    0.613
  ],
  [
    1615248000000,
    0.608
  ],
  [
    1615334400000,
    0.602
  ],
  [
    1615420800000,
    0.599
  ],
  [
    1615507200000,
    0.602
  ],
  [
    1615593600000,
    0.6
  ],
  [
    1615680000000,
    0.583
  ],
  [
    1615766400000,
    0.561
  ],
  [
    1615852800000,
    0.547
  ],
  [
    1615939200000,
    0.537
  ],
  [
    1616025600000,
    0.548
  ],
  [
    1616112000000,
    0.553
  ],
  [
    1616198400000,
    0.559
  ],
  [
    1616284800000,
    0.542
  ],
  [
    1616371200000,
    0.54
  ],
  [
    1616457600000,
    0.539
  ],
  [
    1616544000000,
    0.547
  ],
  [
    1616630400000,
    0.559
  ],
  [
    1616716800000,
    0.568
  ],
  [
    1616803200000,
    0.579
  ],
  [
    1616889600000,
    0.573
  ],
  [
    1616972400000,
    0.58
  ],
  [
    1617058800000,
    0.574
  ],
  [
    1617145200000,
    0.585
  ],
  [
    1617231600000,
    0.597
  ],
  [
    1617318000000,
    0.605
  ],
  [
    1617404400000,
    0.607
  ],
  [
    1617490800000,
    0.603
  ],
  [
    1617577200000,
    0.61
  ],
  [
    1617663600000,
    0.599
  ],
  [
    1617750000000,
    0.565
  ],
  [
    1617836400000,
    0.516
  ],
  [
    1617922800000,
    0.521
  ],
  [
    1618009200000,
    0.506
  ],
  [
    1618095600000,
    0.49
  ],
  [
    1618182000000,
    0.493
  ],
  [
    1618268400000,
    0.489
  ],
  [
    1618354800000,
    0.503
  ],
  [
    1618441200000,
    0.498
  ],
  [
    1618527600000,
    0.487
  ],
  [
    1618614000000,
    0.487
  ],
  [
    1618700400000,
    0.474
  ],
  [
    1618786800000,
    0.459
  ],
  [
    1618873200000,
    0.448
  ],
  [
    1618959600000,
    0.444
  ],
  [
    1619046000000,
    0.452
  ],
  [
    1619132400000,
    0.466
  ],
  [
    1619218800000,
    0.472
  ],
  [
    1619305200000,
    0.466
  ],
  [
    1619391600000,
    0.466
  ],
  [
    1619478000000,
    0.468
  ],
  [
    1619564400000,
    0.47
  ],
  [
    1619650800000,
    0.469
  ],
  [
    1619737200000,
    0.471
  ],
  [
    1619823600000,
    0.473
  ],
  [
    1619910000000,
    0.464
  ],
  [
    1619996400000,
    0.455
  ],
  [
    1620082800000,
    0.395
  ],
  [
    1620169200000,
    0.388
  ],
  [
    1620255600000,
    0.383
  ],
  [
    1620342000000,
    0.396
  ],
  [
    1620428400000,
    0.4
  ],
  [
    1620514800000,
    0.397
  ],
  [
    1620601200000,
    0.395
  ],
  [
    1620687600000,
    0.389
  ],
  [
    1620774000000,
    0.391
  ],
  [
    1620860400000,
    0.388
  ],
  [
    1620946800000,
    0.395
  ],
  [
    1621033200000,
    0.4
  ],
  [
    1621119600000,
    0.396
  ],
  [
    1621206000000,
    0.385
  ],
  [
    1621292400000,
    0.374
  ],
  [
    1621378800000,
    0.361
  ],
  [
    1621465200000,
    0.352
  ],
  [
    1621551600000,
    0.353
  ],
  [
    1621638000000,
    0.361
  ],
  [
    1621724400000,
    0.349
  ],
  [
    1621810800000,
    0.35
  ],
  [
    1621897200000,
    0.348
  ],
  [
    1621983600000,
    0.348
  ],
  [
    1622070000000,
    0.349
  ],
  [
    1622156400000,
    0.349
  ],
  [
    1622242800000,
    0.349
  ],
  [
    1622329200000,
    0.347
  ],
  [
    1622415600000,
    0.347
  ],
  [
    1622502000000,
    0.346
  ],
  [
    1622588400000,
    0.347
  ],
  [
    1622674800000,
    0.339
  ],
  [
    1622761200000,
    0.36
  ],
  [
    1622847600000,
    0.38
  ],
  [
    1622934000000,
    0.356
  ],
  [
    1623020400000,
    0.343
  ],
  [
    1623106800000,
    0.342
  ],
  [
    1623193200000,
    0.345
  ],
  [
    1623279600000,
    0.342
  ],
  [
    1623366000000,
    0.345
  ],
  [
    1623452400000,
    0.345
  ],
  [
    1623538800000,
    0.346
  ],
  [
    1623625200000,
    0.343
  ],
  [
    1623711600000,
    0.343
  ],
  [
    1623798000000,
    0.338
  ],
  [
    1623884400000,
    0.335
  ],
  [
    1623970800000,
    0.333
  ],
  [
    1624057200000,
    0.338
  ],
  [
    1624143600000,
    0.329
  ],
  [
    1624230000000,
    0.312
  ],
  [
    1624316400000,
    0.304
  ],
  [
    1624402800000,
    0.292
  ],
  [
    1624489200000,
    0.269
  ],
  [
    1624575600000,
    0.265
  ],
  [
    1624662000000,
    0.261
  ],
  [
    1624748400000,
    0.265
  ],
  [
    1624834800000,
    0.258
  ],
  [
    1624921200000,
    0.254
  ],
  [
    1625007600000,
    0.248
  ],
  [
    1625094000000,
    0.247
  ],
  [
    1625180400000,
    0.251
  ],
  [
    1625266800000,
    0.25
  ],
  [
    1625353200000,
    0.241
  ],
  [
    1625439600000,
    0.235
  ],
  [
    1625526000000,
    0.227
  ],
  [
    1625612400000,
    0.22
  ],
  [
    1625698800000,
    0.207
  ],
  [
    1625785200000,
    0.203
  ],
  [
    1625871600000,
    0.206
  ],
  [
    1625958000000,
    0.202
  ],
  [
    1626044400000,
    0.19
  ],
  [
    1626130800000,
    0.181
  ],
  [
    1626217200000,
    0.183
  ],
  [
    1626303600000,
    0.185
  ],
  [
    1626390000000,
    0.19
  ],
  [
    1626476400000,
    0.194
  ],
  [
    1626562800000,
    0.19
  ],
  [
    1626649200000,
    0.183
  ],
  [
    1626735600000,
    0.185
  ],
  [
    1626822000000,
    0.18
  ],
  [
    1626908400000,
    0.177
  ],
  [
    1626994800000,
    0.179
  ],
  [
    1627081200000,
    0.182
  ],
  [
    1627167600000,
    0.181
  ],
  [
    1627254000000,
    0.18
  ],
  [
    1627340400000,
    0.188
  ],
  [
    1627426800000,
    0.188
  ],
  [
    1627513200000,
    0.177
  ],
  [
    1627599600000,
    0.18
  ],
  [
    1627686000000,
    0.187
  ],
  [
    1627772400000,
    0.188
  ],
  [
    1627858800000,
    0.185
  ],
  [
    1627945200000,
    0.189
  ],
  [
    1628031600000,
    0.191
  ],
  [
    1628118000000,
    0.203
  ],
  [
    1628204400000,
    0.192
  ],
  [
    1628290800000,
    0.189
  ],
  [
    1628377200000,
    0.189
  ],
  [
    1628463600000,
    0.182
  ],
  [
    1628550000000,
    0.175
  ],
  [
    1628636400000,
    0.171
  ],
  [
    1628722800000,
    0.165
  ],
  [
    1628809200000,
    0.166
  ],
  [
    1628895600000,
    0.165
  ],
  [
    1628982000000,
    0.165
  ],
  [
    1629068400000,
    0.154
  ],
  [
    1629154800000,
    0.151
  ],
  [
    1629241200000,
    0.149
  ],
  [
    1629327600000,
    0.147
  ],
  [
    1629414000000,
    0.15
  ],
  [
    1629500400000,
    0.153
  ],
  [
    1629586800000,
    0.154
  ],
  [
    1629673200000,
    0.154
  ],
  [
    1629759600000,
    0.149
  ],
  [
    1629846000000,
    0.148
  ],
  [
    1629932400000,
    0.149
  ],
  [
    1630018800000,
    0.151
  ],
  [
    1630105200000,
    0.158
  ],
  [
    1630191600000,
    0.154
  ],
  [
    1630278000000,
    0.15
  ],
  [
    1630364400000,
    0.155
  ],
  [
    1630450800000,
    0.158
  ],
  [
    1630537200000,
    0.164
  ],
  [
    1630623600000,
    0.168
  ],
  [
    1630710000000,
    0.168
  ],
  [
    1630796400000,
    0.17
  ],
  [
    1630882800000,
    0.166
  ],
  [
    1630969200000,
    0.161
  ],
  [
    1631055600000,
    0.154
  ],
  [
    1631142000000,
    0.153
  ],
  [
    1631228400000,
    0.151
  ],
  [
    1631314800000,
    0.148
  ],
  [
    1631401200000,
    0.151
  ],
  [
    1631487600000,
    0.153
  ],
  [
    1631574000000,
    0.147
  ],
  [
    1631660400000,
    0.15
  ],
  [
    1631746800000,
    0.149
  ],
  [
    1631833200000,
    0.147
  ],
  [
    1631919600000,
    0.147
  ],
  [
    1632006000000,
    0.145
  ],
  [
    1632092400000,
    0.144
  ],
  [
    1632178800000,
    0.141
  ],
  [
    1632265200000,
    0.102
  ],
  [
    1632351600000,
    0.083
  ],
  [
    1632438000000,
    0.08
  ],
  [
    1632524400000,
    0.081
  ],
  [
    1632610800000,
    0.083
  ],
  [
    1632697200000,
    0.079
  ],
  [
    1632783600000,
    0.077
  ],
  [
    1632870000000,
    0.076
  ],
  [
    1632956400000,
    0.072
  ],
  [
    1633042800000,
    0.077
  ],
  [
    1633129200000,
    0.075
  ],
  [
    1633215600000,
    0.07
  ],
  [
    1633302000000,
    0.067
  ],
  [
    1633388400000,
    0.068
  ],
  [
    1633474800000,
    0.062
  ],
  [
    1633561200000,
    0.059
  ],
  [
    1633647600000,
    0.064
  ],
  [
    1633734000000,
    0.064
  ],
  [
    1633820400000,
    0.061
  ],
  [
    1633906800000,
    0.061
  ],
  [
    1633993200000,
    0.06
  ],
  [
    1634079600000,
    0.058
  ],
  [
    1634166000000,
    0.056
  ],
  [
    1634252400000,
    0.056
  ],
  [
    1634338800000,
    0.055
  ],
  [
    1634425200000,
    0.056
  ],
  [
    1634511600000,
    0.056
  ],
  [
    1634598000000,
    0.056
  ],
  [
    1634684400000,
    0.057
  ],
  [
    1634770800000,
    0.052
  ],
  [
    1634857200000,
    0.047
  ],
  [
    1634943600000,
    0.049
  ],
  [
    1635030000000,
    0.045
  ],
  [
    1635116400000,
    0.044
  ],
  [
    1635202800000,
    0.044
  ],
  [
    1635289200000,
    0.046
  ],
  [
    1635375600000,
    0.042
  ],
  [
    1635462000000,
    0.041
  ],
  [
    1635548400000,
    0.042
  ],
  [
    1635634800000,
    0.041
  ],
  [
    1635724800000,
    0.042
  ],
  [
    1635811200000,
    0.041
  ],
  [
    1635897600000,
    0.039
  ],
  [
    1635984000000,
    0.042
  ],
  [
    1636070400000,
    0.042
  ],
  [
    1636156800000,
    0.039
  ],
  [
    1636243200000,
    0.041
  ],
  [
    1636329600000,
    0.041
  ],
  [
    1636416000000,
    0.039
  ],
  [
    1636502400000,
    0.037
  ],
  [
    1636588800000,
    0.038
  ],
  [
    1636675200000,
    0.037
  ],
  [
    1636761600000,
    0.037
  ],
  [
    1636848000000,
    0.039
  ],
  [
    1636934400000,
    0.038
  ],
  [
    1637020800000,
    0.037
  ],
  [
    1637107200000,
    0.039
  ],
  [
    1637193600000,
    0.038
  ],
  [
    1637280000000,
    0.036
  ],
  [
    1637366400000,
    0.035
  ],
  [
    1637452800000,
    0.038
  ],
  [
    1637539200000,
    0.039
  ],
  [
    1637625600000,
    0.039
  ],
  [
    1637712000000,
    0.037
  ],
  [
    1637798400000,
    0.039
  ],
  [
    1637884800000,
    0.04
  ],
  [
    1637971200000,
    0.039
  ],
  [
    1638057600000,
    0.041
  ],
  [
    1638144000000,
    0.042
  ],
  [
    1638230400000,
    0.037
  ],
  [
    1638316800000,
    0.038
  ],
  [
    1638403200000,
    0.039
  ],
  [
    1638489600000,
    0.043
  ],
  [
    1638576000000,
    0.042
  ],
  [
    1638662400000,
    0.042
  ],
  [
    1638748800000,
    0.043
  ],
  [
    1638835200000,
    0.042
  ],
  [
    1638921600000,
    0.041
  ],
  [
    1639008000000,
    0.043
  ],
  [
    1639094400000,
    0.046
  ],
  [
    1639180800000,
    0.045
  ],
  [
    1639267200000,
    0.045
  ],
  [
    1639353600000,
    0.045
  ],
  [
    1639440000000,
    0.046
  ],
  [
    1639526400000,
    0.042
  ],
  [
    1639612800000,
    0.042
  ],
  [
    1639699200000,
    0.043
  ],
  [
    1639785600000,
    0.042
  ],
  [
    1639872000000,
    0.041
  ],
  [
    1639958400000,
    0.042
  ],
  [
    1640044800000,
    0.044
  ],
  [
    1640131200000,
    0.041
  ],
  [
    1640217600000,
    0.039
  ],
  [
    1640304000000,
    0.044
  ],
  [
    1640390400000,
    0.048
  ],
  [
    1640476800000,
    0.044
  ],
  [
    1640563200000,
    0.044
  ],
  [
    1640649600000,
    0.043
  ],
  [
    1640736000000,
    0.043
  ],
  [
    1640822400000,
    0.043
  ],
  [
    1640908800000,
    0.047
  ],
  [
    1640995200000,
    0.049
  ],
  [
    1641081600000,
    0.045
  ],
  [
    1641168000000,
    0.046
  ],
  [
    1641254400000,
    0.043
  ],
  [
    1641340800000,
    0.043
  ],
  [
    1641427200000,
    0.047
  ],
  [
    1641513600000,
    0.047
  ],
  [
    1641600000000,
    0.056
  ],
  [
    1641686400000,
    0.055
  ],
  [
    1641772800000,
    0.057
  ],
  [
    1641859200000,
    0.052
  ],
  [
    1641945600000,
    0.054
  ],
  [
    1642032000000,
    0.053
  ],
  [
    1642118400000,
    0.054
  ],
  [
    1642204800000,
    0.05
  ],
  [
    1642291200000,
    0.05
  ],
  [
    1642377600000,
    0.055
  ],
  [
    1642464000000,
    0.052
  ],
  [
    1642550400000,
    0.052
  ],
  [
    1642636800000,
    0.054
  ],
  [
    1642723200000,
    0.055
  ],
  [
    1642809600000,
    0.055
  ],
  [
    1642896000000,
    0.056
  ],
  [
    1642982400000,
    0.054
  ],
  [
    1643068800000,
    0.054
  ],
  [
    1643155200000,
    0.056
  ],
  [
    1643241600000,
    0.054
  ],
  [
    1643328000000,
    0.052
  ],
  [
    1643414400000,
    0.056
  ],
  [
    1643500800000,
    0.056
  ],
  [
    1643587200000,
    0.055
  ],
  [
    1643673600000,
    0.056
  ],
  [
    1643760000000,
    0.056
  ],
  [
    1643846400000,
    0.053
  ],
  [
    1643932800000,
    0.058
  ],
  [
    1644019200000,
    0.058
  ],
  [
    1644105600000,
    0.061
  ],
  [
    1644192000000,
    0.057
  ],
  [
    1644278400000,
    0.054
  ],
  [
    1644364800000,
    0.054
  ],
  [
    1644451200000,
    0.055
  ],
  [
    1644537600000,
    0.054
  ],
  [
    1644624000000,
    0.054
  ],
  [
    1644710400000,
    0.052
  ],
  [
    1644796800000,
    0.052
  ],
  [
    1644883200000,
    0.053
  ],
  [
    1644969600000,
    0.051
  ],
  [
    1645056000000,
    0.053
  ],
  [
    1645142400000,
    0.056
  ],
  [
    1645228800000,
    0.054
  ],
  [
    1645315200000,
    0.056
  ],
  [
    1645401600000,
    0.052
  ],
  [
    1645488000000,
    0.051
  ],
  [
    1645574400000,
    0.052
  ],
  [
    1645660800000,
    0.053
  ],
  [
    1645747200000,
    0.056
  ],
  [
    1645833600000,
    0.055
  ],
  [
    1645920000000,
    0.053
  ],
  [
    1646006400000,
    0.055
  ],
  [
    1646092800000,
    0.054
  ],
  [
    1646179200000,
    0.059
  ],
  [
    1646265600000,
    0.055
  ],
  [
    1646352000000,
    0.059
  ],
  [
    1646438400000,
    0.063
  ],
  [
    1646524800000,
    0.06
  ],
  [
    1646611200000,
    0.059
  ],
  [
    1646697600000,
    0.056
  ],
  [
    1646784000000,
    0.06
  ],
  [
    1646870400000,
    0.062
  ],
  [
    1646956800000,
    0.064
  ],
  [
    1647043200000,
    0.062
  ],
  [
    1647129600000,
    0.06
  ],
  [
    1647216000000,
    0.063
  ],
  [
    1647302400000,
    0.062
  ],
  [
    1647388800000,
    0.064
  ],
  [
    1647475200000,
    0.064
  ],
  [
    1647561600000,
    0.071
  ],
  [
    1647648000000,
    0.068
  ],
  [
    1647734400000,
    0.067
  ],
  [
    1647820800000,
    0.076
  ],
  [
    1647907200000,
    0.083
  ],
  [
    1647993600000,
    0.102
  ],
  [
    1648080000000,
    0.105
  ],
  [
    1648166400000,
    0.095
  ],
  [
    1648252800000,
    0.092
  ],
  [
    1648339200000,
    0.089
  ],
  [
    1648422000000,
    0.085
  ],
  [
    1648508400000,
    0.083
  ],
  [
    1648594800000,
    0.083
  ],
  [
    1648681200000,
    0.092
  ],
  [
    1648767600000,
    0.098
  ],
  [
    1648854000000,
    0.098
  ],
  [
    1648940400000,
    0.094
  ],
  [
    1649026800000,
    0.095
  ],
  [
    1649113200000,
    0.096
  ],
  [
    1649199600000,
    0.107
  ],
  [
    1649286000000,
    0.111
  ],
  [
    1649372400000,
    0.119
  ],
  [
    1649458800000,
    0.118
  ],
  [
    1649545200000,
    0.124
  ],
  [
    1649631600000,
    0.122
  ],
  [
    1649718000000,
    0.117
  ],
  [
    1649804400000,
    0.114
  ],
  [
    1649890800000,
    0.11
  ],
  [
    1649977200000,
    0.109
  ],
  [
    1650063600000,
    0.111
  ],
  [
    1650150000000,
    0.111
  ],
  [
    1650236400000,
    0.111
  ],
  [
    1650322800000,
    0.11
  ],
  [
    1650409200000,
    0.112
  ],
  [
    1650495600000,
    0.109
  ],
  [
    1650582000000,
    0.109
  ],
  [
    1650668400000,
    0.105
  ],
  [
    1650754800000,
    0.112
  ],
  [
    1650841200000,
    0.109
  ],
  [
    1650927600000,
    0.109
  ],
  [
    1651014000000,
    0.109
  ],
  [
    1651100400000,
    0.111
  ],
  [
    1651186800000,
    0.112
  ],
  [
    1651273200000,
    0.114
  ],
  [
    1651359600000,
    0.111
  ],
  [
    1651446000000,
    0.111
  ],
  [
    1651532400000,
    0.11
  ],
  [
    1651618800000,
    0.099
  ],
  [
    1651705200000,
    0.098
  ],
  [
    1651791600000,
    0.099
  ],
  [
    1651878000000,
    0.1
  ],
  [
    1651964400000,
    0.097
  ],
  [
    1652050800000,
    0.097
  ],
  [
    1652137200000,
    0.093
  ],
  [
    1652223600000,
    0.092
  ],
  [
    1652310000000,
    0.093
  ],
  [
    1652396400000,
    0.093
  ],
  [
    1652482800000,
    0.092
  ],
  [
    1652569200000,
    0.095
  ],
  [
    1652655600000,
    0.091
  ],
  [
    1652742000000,
    0.092
  ],
  [
    1652828400000,
    0.091
  ],
  [
    1652914800000,
    0.093
  ],
  [
    1653001200000,
    0.099
  ],
  [
    1653087600000,
    0.096
  ],
  [
    1653174000000,
    0.096
  ],
  [
    1653260400000,
    0.094
  ],
  [
    1653346800000,
    0.093
  ],
  [
    1653433200000,
    0.094
  ],
  [
    1653519600000,
    0.095
  ],
  [
    1653606000000,
    0.095
  ],
  [
    1653692400000,
    0.096
  ],
  [
    1653778800000,
    0.095
  ],
  [
    1653865200000,
    0.097
  ],
  [
    1653951600000,
    0.096
  ],
  [
    1654038000000,
    0.103
  ],
  [
    1654124400000,
    0.103
  ],
  [
    1654210800000,
    0.104
  ],
  [
    1654297200000,
    0.102
  ],
  [
    1654383600000,
    0.099
  ],
  [
    1654470000000,
    0.102
  ],
  [
    1654556400000,
    0.102
  ],
  [
    1654642800000,
    0.1
  ],
  [
    1654729200000,
    0.104
  ],
  [
    1654815600000,
    0.105
  ],
  [
    1654902000000,
    0.1
  ],
  [
    1654988400000,
    0.096
  ],
  [
    1655074800000,
    0.103
  ],
  [
    1655161200000,
    0.096
  ],
  [
    1655247600000,
    0.093
  ],
  [
    1655334000000,
    0.093
  ],
  [
    1655420400000,
    0.092
  ],
  [
    1655506800000,
    0.091
  ],
  [
    1655593200000,
    0.09
  ],
  [
    1655679600000,
    0.088
  ],
  [
    1655766000000,
    0.088
  ],
  [
    1655852400000,
    0.085
  ],
  [
    1655938800000,
    0.083
  ],
  [
    1656025200000,
    0.08
  ],
  [
    1656111600000,
    0.081
  ],
  [
    1656198000000,
    0.077
  ],
  [
    1656284400000,
    0.078
  ],
  [
    1656370800000,
    0.076
  ],
  [
    1656457200000,
    0.074
  ],
  [
    1656543600000,
    0.073
  ],
  [
    1656630000000,
    0.079
  ],
  [
    1656716400000,
    0.08
  ],
  [
    1656802800000,
    0.08
  ],
  [
    1656889200000,
    0.079
  ],
  [
    1656975600000,
    0.079
  ],
  [
    1657062000000,
    0.075
  ],
  [
    1657148400000,
    0.082
  ],
  [
    1657234800000,
    0.085
  ],
  [
    1657321200000,
    0.087
  ],
  [
    1657407600000,
    0.087
  ],
  [
    1657494000000,
    0.086
  ],
  [
    1657580400000,
    0.089
  ],
  [
    1657666800000,
    0.095
  ],
  [
    1657753200000,
    0.095
  ],
  [
    1657839600000,
    0.097
  ],
  [
    1657926000000,
    0.102
  ],
  [
    1658012400000,
    0.103
  ],
  [
    1658098800000,
    0.105
  ],
  [
    1658185200000,
    0.105
  ],
  [
    1658271600000,
    0.108
  ],
  [
    1658358000000,
    0.105
  ],
  [
    1658444400000,
    0.105
  ],
  [
    1658530800000,
    0.108
  ],
  [
    1658617200000,
    0.11
  ],
  [
    1658703600000,
    0.112
  ],
  [
    1658790000000,
    0.116
  ],
  [
    1658876400000,
    0.118
  ],
  [
    1658962800000,
    0.13
  ],
  [
    1659049200000,
    0.147
  ],
  [
    1659135600000,
    0.154
  ],
  [
    1659222000000,
    0.144
  ],
  [
    1659308400000,
    0.141
  ],
  [
    1659394800000,
    0.139
  ],
  [
    1659481200000,
    0.142
  ],
  [
    1659567600000,
    0.14
  ],
  [
    1659654000000,
    0.142
  ],
  [
    1659740400000,
    0.146
  ],
  [
    1659826800000,
    0.144
  ],
  [
    1659913200000,
    0.152
  ],
  [
    1659999600000,
    0.156
  ],
  [
    1660086000000,
    0.154
  ],
  [
    1660172400000,
    0.154
  ],
  [
    1660258800000,
    0.156
  ],
  [
    1660345200000,
    0.157
  ],
  [
    1660431600000,
    0.157
  ],
  [
    1660518000000,
    0.154
  ],
  [
    1660604400000,
    0.148
  ],
  [
    1660690800000,
    0.139
  ],
  [
    1660777200000,
    0.135
  ],
  [
    1660863600000,
    0.135
  ],
  [
    1660950000000,
    0.138
  ],
  [
    1661036400000,
    0.14
  ],
  [
    1661122800000,
    0.139
  ],
  [
    1661209200000,
    0.14
  ],
  [
    1661295600000,
    0.139
  ],
  [
    1661382000000,
    0.139
  ],
  [
    1661468400000,
    0.143
  ],
  [
    1661554800000,
    0.143
  ],
  [
    1661641200000,
    0.146
  ],
  [
    1661727600000,
    0.143
  ],
  [
    1661814000000,
    0.142
  ],
  [
    1661900400000,
    0.142
  ],
  [
    1661986800000,
    0.139
  ],
  [
    1662073200000,
    0.139
  ],
  [
    1662159600000,
    0.142
  ],
  [
    1662246000000,
    0.156
  ],
  [
    1662332400000,
    0.177
  ],
  [
    1662418800000,
    0.179
  ],
  [
    1662505200000,
    0.187
  ],
  [
    1662591600000,
    0.206
  ],
  [
    1662678000000,
    0.199
  ],
  [
    1662764400000,
    0.184
  ],
  [
    1662850800000,
    0.179
  ],
  [
    1662937200000,
    0.171
  ],
  [
    1663023600000,
    0.174
  ],
  [
    1663110000000,
    0.18
  ],
  [
    1663196400000,
    0.188
  ],
  [
    1663282800000,
    0.183
  ],
  [
    1663369200000,
    0.182
  ],
  [
    1663455600000,
    0.175
  ],
  [
    1663542000000,
    0.17
  ],
  [
    1663628400000,
    0.17
  ],
  [
    1663714800000,
    0.168
  ],
  [
    1663801200000,
    0.163
  ],
  [
    1663887600000,
    0.164
  ],
  [
    1663974000000,
    0.171
  ],
  [
    1664060400000,
    0.171
  ],
  [
    1664146800000,
    0.173
  ],
  [
    1664233200000,
    0.173
  ],
  [
    1664319600000,
    0.168
  ],
  [
    1664406000000,
    0.167
  ],
  [
    1664492400000,
    0.171
  ],
  [
    1664578800000,
    0.169
  ],
  [
    1664665200000,
    0.166
  ],
  [
    1664751600000,
    0.168
  ],
  [
    1664838000000,
    0.166
  ],
  [
    1664924400000,
    0.164
  ],
  [
    1665010800000,
    0.162
  ],
  [
    1665097200000,
    0.161
  ],
  [
    1665183600000,
    0.161
  ],
  [
    1665270000000,
    0.16
  ],
  [
    1665356400000,
    0.162
  ],
  [
    1665442800000,
    0.163
  ],
  [
    1665529200000,
    0.159
  ],
  [
    1665615600000,
    0.157
  ],
  [
    1665702000000,
    0.153
  ],
  [
    1665788400000,
    0.153
  ],
  [
    1665874800000,
    0.15
  ],
  [
    1665961200000,
    0.153
  ],
  [
    1666047600000,
    0.15
  ],
  [
    1666134000000,
    0.147
  ],
  [
    1666220400000,
    0.148
  ],
  [
    1666306800000,
    0.148
  ],
  [
    1666393200000,
    0.14
  ],
  [
    1666479600000,
    0.14
  ],
  [
    1666566000000,
    0.137
  ],
  [
    1666652400000,
    0.14
  ],
  [
    1666738800000,
    0.135
  ],
  [
    1666825200000,
    0.132
  ],
  [
    1666911600000,
    0.133
  ],
  [
    1666998000000,
    0.132
  ],
  [
    1667084400000,
    0.131
  ],
  [
    1667174400000,
    0.131
  ],
  [
    1667260800000,
    0.131
  ],
  [
    1667347200000,
    0.131
  ],
  [
    1667433600000,
    0.134
  ],
  [
    1667520000000,
    0.135
  ],
  [
    1667606400000,
    0.142
  ],
  [
    1667692800000,
    0.143
  ],
  [
    1667779200000,
    0.14
  ],
  [
    1667865600000,
    0.14
  ],
  [
    1667952000000,
    0.139
  ],
  [
    1668038400000,
    0.139
  ],
  [
    1668124800000,
    0.145
  ],
  [
    1668211200000,
    0.144
  ],
  [
    1668297600000,
    0.142
  ],
  [
    1668384000000,
    0.14
  ],
  [
    1668470400000,
    0.138
  ],
  [
    1668556800000,
    0.131
  ],
  [
    1668643200000,
    0.133
  ],
  [
    1668729600000,
    0.131
  ],
  [
    1668816000000,
    0.13
  ],
  [
    1668902400000,
    0.129
  ],
  [
    1668988800000,
    0.147
  ],
  [
    1669075200000,
    0.173
  ],
  [
    1669161600000,
    0.173
  ],
  [
    1669248000000,
    0.146
  ],
  [
    1669334400000,
    0.139
  ],
  [
    1669420800000,
    0.142
  ],
  [
    1669507200000,
    0.141
  ],
  [
    1669593600000,
    0.139
  ],
  [
    1669680000000,
    0.138
  ],
  [
    1669766400000,
    0.143
  ],
  [
    1669852800000,
    0.143
  ],
  [
    1669939200000,
    0.149
  ],
  [
    1670025600000,
    0.151
  ],
  [
    1670112000000,
    0.151
  ],
  [
    1670198400000,
    0.156
  ],
  [
    1670284800000,
    0.158
  ],
  [
    1670371200000,
    0.165
  ],
  [
    1670457600000,
    0.158
  ],
  [
    1670544000000,
    0.16
  ],
  [
    1670630400000,
    0.161
  ],
  [
    1670716800000,
    0.156
  ],
  [
    1670803200000,
    0.155
  ],
  [
    1670889600000,
    0.153
  ],
  [
    1670976000000,
    0.153
  ],
  [
    1671062400000,
    0.154
  ],
  [
    1671148800000,
    0.154
  ],
  [
    1671235200000,
    0.154
  ],
  [
    1671321600000,
    0.151
  ],
  [
    1671408000000,
    0.152
  ],
  [
    1671494400000,
    0.153
  ],
  [
    1671580800000,
    0.154
  ],
  [
    1671667200000,
    0.153
  ],
  [
    1671753600000,
    0.15
  ],
  [
    1671840000000,
    0.155
  ],
  [
    1671926400000,
    0.156
  ],
  [
    1672012800000,
    0.158
  ],
  [
    1672099200000,
    0.159
  ],
  [
    1672185600000,
    0.162
  ],
  [
    1672272000000,
    0.165
  ],
  [
    1672358400000,
    0.164
  ],
  [
    1672444800000,
    0.17
  ],
  [
    1672531200000,
    0.171
  ],
  [
    1672617600000,
    0.166
  ],
  [
    1672704000000,
    0.164
  ],
  [
    1672790400000,
    0.162
  ],
  [
    1672876800000,
    0.164
  ],
  [
    1672963200000,
    0.168
  ],
  [
    1673049600000,
    0.174
  ],
  [
    1673136000000,
    0.168
  ],
  [
    1673222400000,
    0.164
  ],
  [
    1673308800000,
    0.168
  ],
  [
    1673395200000,
    0.175
  ],
  [
    1673481600000,
    0.177
  ],
  [
    1673568000000,
    0.184
  ],
  [
    1673654400000,
    0.179
  ],
  [
    1673740800000,
    0.18
  ],
  [
    1673827200000,
    0.185
  ],
  [
    1673913600000,
    0.184
  ],
  [
    1674000000000,
    0.185
  ],
  [
    1674086400000,
    0.182
  ],
  [
    1674172800000,
    0.18
  ],
  [
    1674259200000,
    0.183
  ],
  [
    1674345600000,
    0.185
  ],
  [
    1674432000000,
    0.182
  ],
  [
    1674518400000,
    0.18
  ],
  [
    1674604800000,
    0.185
  ],
  [
    1674691200000,
    0.184
  ],
  [
    1674777600000,
    0.185
  ],
  [
    1674864000000,
    0.185
  ],
  [
    1674950400000,
    0.184
  ],
  [
    1675036800000,
    0.184
  ],
  [
    1675123200000,
    0.188
  ],
  [
    1675209600000,
    0.189
  ],
  [
    1675296000000,
    0.19
  ],
  [
    1675382400000,
    0.196
  ],
  [
    1675468800000,
    0.199
  ],
  [
    1675555200000,
    0.201
  ],
  [
    1675641600000,
    0.201
  ],
  [
    1675728000000,
    0.2
  ],
  [
    1675814400000,
    0.201
  ],
  [
    1675900800000,
    0.201
  ],
  [
    1675987200000,
    0.193
  ],
  [
    1676073600000,
    0.19
  ],
  [
    1676160000000,
    0.19
  ],
  [
    1676246400000,
    0.193
  ],
  [
    1676332800000,
    0.195
  ],
  [
    1676419200000,
    0.199
  ],
  [
    1676505600000,
    0.209
  ],
  [
    1676592000000,
    0.217
  ],
  [
    1676678400000,
    0.229
  ],
  [
    1676764800000,
    0.225
  ],
  [
    1676851200000,
    0.228
  ],
  [
    1676937600000,
    0.223
  ],
  [
    1677024000000,
    0.223
  ],
  [
    1677110400000,
    0.222
  ],
  [
    1677196800000,
    0.224
  ],
  [
    1677283200000,
    0.239
  ],
  [
    1677369600000,
    0.243
  ],
  [
    1677456000000,
    0.251
  ],
  [
    1677542400000,
    0.254
  ],
  [
    1677628800000,
    0.264
  ],
  [
    1677715200000,
    0.285
  ],
  [
    1677801600000,
    0.311
  ],
  [
    1677888000000,
    0.299
  ],
  [
    1677974400000,
    0.28
  ],
  [
    1678060800000,
    0.285
  ],
  [
    1678147200000,
    0.296
  ],
  [
    1678233600000,
    0.3
  ],
  [
    1678320000000,
    0.324
  ],
  [
    1678406400000,
    0.343
  ],
  [
    1678492800000,
    0.353
  ],
  [
    1678579200000,
    0.351
  ],
  [
    1678665600000,
    0.361
  ],
  [
    1678752000000,
    0.382
  ],
  [
    1678838400000,
    0.402
  ],
  [
    1678924800000,
    0.437
  ],
  [
    1679011200000,
    0.413
  ],
  [
    1679097600000,
    0.379
  ],
  [
    1679184000000,
    0.368
  ],
  [
    1679270400000,
    0.36
  ],
  [
    1679356800000,
    0.351
  ],
  [
    1679443200000,
    0.375
  ],
  [
    1679529600000,
    0.416
  ],
  [
    1679616000000,
    0.425
  ],
  [
    1679702400000,
    0.463
  ],
  [
    1679788800000,
    0.497
  ],
  [
    1679871600000,
    0.558
  ],
  [
    1679958000000,
    0.584
  ],
  [
    1680044400000,
    0.561
  ],
  [
    1680130800000,
    0.585
  ],
  [
    1680217200000,
    0.684
  ],
  [
    1680303600000,
    0.725
  ],
  [
    1680390000000,
    0.728
  ],
  [
    1680476400000,
    0.693
  ],
  [
    1680562800000,
    0.686
  ],
  [
    1680649200000,
    0.699
  ],
  [
    1680735600000,
    0.718
  ],
  [
    1680822000000,
    0.768
  ],
  [
    1680908400000,
    0.836
  ],
  [
    1680994800000,
    0.866
  ],
  [
    1681081200000,
    0.884
  ],
  [
    1681167600000,
    0.865
  ],
  [
    1681254000000,
    0.839
  ],
  [
    1681340400000,
    0.842
  ],
  [
    1681426800000,
    0.901
  ],
  [
    1681513200000,
    1.012
  ],
  [
    1681599600000,
    1.128
  ],
  [
    1681686000000,
    1.134
  ],
  [
    1681772400000,
    1.203
  ],
  [
    1681858800000,
    1.154
  ],
  [
    1681945200000,
    1.021
  ],
  [
    1682031600000,
    0.986
  ],
  [
    1682118000000,
    0.962
  ],
  [
    1682204400000,
    0.816
  ],
  [
    1682290800000,
    0.775
  ],
  [
    1682377200000,
    0.688
  ],
  [
    1682463600000,
    0.612
  ],
  [
    1682550000000,
    0.747
  ],
  [
    1682636400000,
    0.827
  ],
  [
    1682722800000,
    0.823
  ],
  [
    1682809200000,
    0.806
  ],
  [
    1682895600000,
    0.74
  ],
  [
    1682982000000,
    0.718
  ],
  [
    1683068400000,
    0.731
  ],
  [
    1683154800000,
    0.755
  ],
  [
    1683241200000,
    0.67
  ],
  [
    1683327600000,
    0.689
  ],
  [
    1683414000000,
    0.65
  ],
  [
    1683500400000,
    0.584
  ],
  [
    1683586800000,
    0.59
  ],
  [
    1683673200000,
    0.623
  ],
  [
    1683759600000,
    0.642
  ],
  [
    1683846000000,
    0.646
  ],
  [
    1683932400000,
    0.664
  ],
  [
    1684018800000,
    0.646
  ],
  [
    1684105200000,
    0.639
  ],
  [
    1684191600000,
    0.632
  ],
  [
    1684278000000,
    0.629
  ],
  [
    1684364400000,
    0.629
  ],
  [
    1684450800000,
    0.621
  ],
  [
    1684537200000,
    0.617
  ],
  [
    1684623600000,
    0.613
  ],
  [
    1684710000000,
    0.601
  ],
  [
    1684796400000,
    0.586
  ],
  [
    1684882800000,
    0.583
  ],
  [
    1684969200000,
    0.613
  ],
  [
    1685055600000,
    0.639
  ],
  [
    1685142000000,
    0.643
  ],
  [
    1685228400000,
    0.65
  ],
  [
    1685314800000,
    0.651
  ],
  [
    1685401200000,
    0.652
  ],
  [
    1685487600000,
    0.657
  ],
  [
    1685574000000,
    0.676
  ],
  [
    1685660400000,
    0.688
  ],
  [
    1685746800000,
    0.705
  ],
  [
    1685833200000,
    0.708
  ],
  [
    1685919600000,
    0.698
  ],
  [
    1686006000000,
    0.689
  ],
  [
    1686092400000,
    0.681
  ],
  [
    1686178800000,
    0.684
  ],
  [
    1686265200000,
    0.692
  ],
  [
    1686351600000,
    0.789
  ],
  [
    1686438000000,
    0.774
  ],
  [
    1686524400000,
    0.762
  ],
  [
    1686610800000,
    0.797
  ],
  [
    1686697200000,
    0.761
  ],
  [
    1686783600000,
    0.75
  ],
  [
    1686870000000,
    0.759
  ],
  [
    1686956400000,
    0.778
  ],
  [
    1687042800000,
    0.772
  ],
  [
    1687129200000,
    0.759
  ],
  [
    1687215600000,
    0.754
  ],
  [
    1687302000000,
    0.699
  ],
  [
    1687388400000,
    0.675
  ],
  [
    1687474800000,
    0.645
  ],
  [
    1687561200000,
    0.663
  ],
  [
    1687647600000,
    0.676
  ],
  [
    1687734000000,
    0.675
  ],
  [
    1687820400000,
    0.68
  ],
  [
    1687906800000,
    0.646
  ],
  [
    1687993200000,
    0.616
  ],
  [
    1688079600000,
    0.588
  ],
  [
    1688166000000,
    0.598
  ],
  [
    1688252400000,
    0.596
  ],
  [
    1688338800000,
    0.597
  ],
  [
    1688425200000,
    0.629
  ],
  [
    1688511600000,
    0.62
  ],
  [
    1688598000000,
    0.602
  ],
  [
    1688684400000,
    0.603
  ],
  [
    1688770800000,
    0.614
  ],
  [
    1688857200000,
    0.606
  ],
  [
    1688943600000,
    0.606
  ],
  [
    1689030000000,
    0.615
  ],
  [
    1689116400000,
    0.589
  ],
  [
    1689202800000,
    0.582
  ],
  [
    1689289200000,
    0.619
  ],
  [
    1689375600000,
    0.659
  ],
  [
    1689462000000,
    0.664
  ],
  [
    1689548400000,
    0.671
  ],
  [
    1689634800000,
    0.677
  ],
  [
    1689721200000,
    0.625
  ],
  [
    1689807600000,
    0.606
  ],
  [
    1689894000000,
    0.633
  ],
  [
    1689980400000,
    0.669
  ],
  [
    1690066800000,
    0.671
  ],
  [
    1690153200000,
    0.675
  ],
  [
    1690239600000,
    0.672
  ],
  [
    1690326000000,
    0.632
  ],
  [
    1690412400000,
    0.631
  ],
  [
    1690498800000,
    0.645
  ],
  [
    1690585200000,
    0.658
  ],
  [
    1690671600000,
    0.663
  ],
  [
    1690758000000,
    0.679
  ],
  [
    1690844400000,
    0.686
  ],
  [
    1690930800000,
    0.642
  ],
  [
    1691017200000,
    0.632
  ],
  [
    1691103600000,
    0.64
  ],
  [
    1691190000000,
    0.649
  ],
  [
    1691276400000,
    0.638
  ],
  [
    1691362800000,
    0.635
  ],
  [
    1691449200000,
    0.625
  ],
  [
    1691535600000,
    0.591
  ],
  [
    1691622000000,
    0.571
  ],
  [
    1691708400000,
    0.587
  ],
  [
    1691794800000,
    0.604
  ],
  [
    1691881200000,
    0.609
  ],
  [
    1691967600000,
    0.611
  ],
  [
    1692054000000,
    0.611
  ],
  [
    1692140400000,
    0.578
  ],
  [
    1692226800000,
    0.582
  ],
  [
    1692313200000,
    0.599
  ],
  [
    1692399600000,
    0.616
  ],
  [
    1692486000000,
    0.62
  ],
  [
    1692572400000,
    0.619
  ],
  [
    1692658800000,
    0.607
  ],
  [
    1692745200000,
    0.563
  ],
  [
    1692831600000,
    0.563
  ],
  [
    1692918000000,
    0.589
  ],
  [
    1693004400000,
    0.604
  ],
  [
    1693090800000,
    0.601
  ],
  [
    1693177200000,
    0.606
  ],
  [
    1693263600000,
    0.606
  ],
  [
    1693350000000,
    0.576
  ],
  [
    1693436400000,
    0.575
  ],
  [
    1693522800000,
    0.598
  ],
  [
    1693609200000,
    0.607
  ],
  [
    1693695600000,
    0.624
  ],
  [
    1693782000000,
    0.621
  ],
  [
    1693868400000,
    0.615
  ],
  [
    1693954800000,
    0.578
  ],
  [
    1694041200000,
    0.579
  ],
  [
    1694127600000,
    0.601
  ],
  [
    1694214000000,
    0.61
  ],
  [
    1694300400000,
    0.61
  ],
  [
    1694386800000,
    0.612
  ],
  [
    1694473200000,
    0.617
  ],
  [
    1694559600000,
    0.591
  ],
  [
    1694646000000,
    0.592
  ],
  [
    1694732400000,
    0.602
  ],
  [
    1694818800000,
    0.609
  ],
  [
    1694905200000,
    0.615
  ],
  [
    1694991600000,
    0.616
  ],
  [
    1695078000000,
    0.615
  ],
  [
    1695164400000,
    0.584
  ],
  [
    1695250800000,
    0.592
  ],
  [
    1695337200000,
    0.607
  ],
  [
    1695423600000,
    0.616
  ],
  [
    1695510000000,
    0.618
  ],
  [
    1695596400000,
    0.62
  ],
  [
    1695682800000,
    0.636
  ],
  [
    1695769200000,
    0.629
  ],
  [
    1695855600000,
    0.67
  ],
  [
    1695942000000,
    0.7
  ],
  [
    1696028400000,
    0.708
  ],
  [
    1696114800000,
    0.738
  ],
  [
    1696201200000,
    0.774
  ],
  [
    1696287600000,
    0.785
  ],
  [
    1696374000000,
    0.721
  ],
  [
    1696460400000,
    0.717
  ],
  [
    1696546800000,
    0.758
  ],
  [
    1696633200000,
    0.784
  ],
  [
    1696719600000,
    0.793
  ],
  [
    1696806000000,
    0.808
  ],
  [
    1696892400000,
    0.808
  ],
  [
    1696978800000,
    0.762
  ],
  [
    1697065200000,
    0.775
  ],
  [
    1697151600000,
    0.807
  ],
  [
    1697238000000,
    0.833
  ],
  [
    1697324400000,
    0.85
  ],
  [
    1697410800000,
    0.86
  ],
  [
    1697497200000,
    0.864
  ],
  [
    1697583600000,
    0.811
  ],
  [
    1697670000000,
    0.804
  ],
  [
    1697756400000,
    0.827
  ],
  [
    1697842800000,
    0.834
  ],
  [
    1697929200000,
    0.835
  ],
  [
    1698015600000,
    0.831
  ],
  [
    1698102000000,
    0.821
  ],
  [
    1698188400000,
    0.768
  ],
  [
    1698274800000,
    0.751
  ],
  [
    1698361200000,
    0.756
  ],
  [
    1698447600000,
    0.766
  ],
  [
    1698534000000,
    0.75
  ],
  [
    1698624000000,
    0.751
  ],
  [
    1698710400000,
    0.761
  ],
  [
    1698796800000,
    0.722
  ],
  [
    1698883200000,
    0.705
  ],
  [
    1698969600000,
    0.72
  ],
  [
    1699056000000,
    0.736
  ],
  [
    1699142400000,
    0.739
  ],
  [
    1699228800000,
    0.738
  ],
  [
    1699315200000,
    0.747
  ],
  [
    1699401600000,
    0.702
  ],
  [
    1699488000000,
    0.701
  ],
  [
    1699574400000,
    0.703
  ],
  [
    1699660800000,
    0.685
  ],
  [
    1699747200000,
    0.668
  ],
  [
    1699833600000,
    0.657
  ],
  [
    1699920000000,
    0.621
  ],
  [
    1700006400000,
    0.556
  ],
  [
    1700092800000,
    0.541
  ],
  [
    1700179200000,
    0.564
  ],
  [
    1700265600000,
    0.566
  ],
  [
    1700352000000,
    0.558
  ],
  [
    1700438400000,
    0.558
  ],
  [
    1700524800000,
    0.556
  ],
  [
    1700611200000,
    0.526
  ],
  [
    1700697600000,
    0.515
  ],
  [
    1700784000000,
    0.521
  ],
  [
    1700870400000,
    0.529
  ],
  [
    1700956800000,
    0.545
  ],
  [
    1701043200000,
    0.537
  ],
  [
    1701129600000,
    0.55
  ],
  [
    1701216000000,
    0.569
  ],
  [
    1701302400000,
    0.584
  ],
  [
    1701388800000,
    0.608
  ],
  [
    1701475200000,
    0.629
  ],
  [
    1701561600000,
    0.669
  ],
  [
    1701648000000,
    0.671
  ],
  [
    1701734400000,
    0.667
  ],
  [
    1701820800000,
    0.63
  ],
  [
    1701907200000,
    0.611
  ],
  [
    1701993600000,
    0.619
  ],
  [
    1702080000000,
    0.624
  ],
  [
    1702166400000,
    0.624
  ],
  [
    1702252800000,
    0.634
  ],
  [
    1702339200000,
    0.649
  ],
  [
    1702425600000,
    0.632
  ],
  [
    1702512000000,
    0.597
  ],
  [
    1702598400000,
    0.6
  ],
  [
    1702684800000,
    0.599
  ],
  [
    1702771200000,
    0.607
  ],
  [
    1702857600000,
    0.597
  ],
  [
    1702944000000,
    0.592
  ],
  [
    1703030400000,
    0.558
  ],
  [
    1703116800000,
    0.539
  ],
  [
    1703203200000,
    0.537
  ],
  [
    1703289600000,
    0.543
  ],
  [
    1703376000000,
    0.538
  ],
  [
    1703462400000,
    0.544
  ],
  [
    1703548800000,
    0.555
  ],
  [
    1703635200000,
    0.53
  ],
  [
    1703721600000,
    0.523
  ],
  [
    1703808000000,
    0.525
  ],
  [
    1703894400000,
    0.538
  ],
  [
    1703980800000,
    0.555
  ],
  [
    1704067200000,
    0.556
  ],
  [
    1704153600000,
    0.544
  ],
  [
    1704240000000,
    0.52
  ],
  [
    1704326400000,
    0.504
  ],
  [
    1704412800000,
    0.511
  ],
  [
    1704499200000,
    0.522
  ],
  [
    1704585600000,
    0.531
  ],
  [
    1704672000000,
    0.534
  ],
  [
    1704758400000,
    0.533
  ],
  [
    1704844800000,
    0.513
  ],
  [
    1704931200000,
    0.506
  ],
  [
    1705017600000,
    0.507
  ],
  [
    1705104000000,
    0.503
  ],
  [
    1705190400000,
    0.486
  ],
  [
    1705276800000,
    0.483
  ],
  [
    1705363200000,
    0.478
  ],
  [
    1705449600000,
    0.45
  ],
  [
    1705536000000,
    0.416
  ],
  [
    1705622400000,
    0.408
  ],
  [
    1705708800000,
    0.399
  ],
  [
    1705795200000,
    0.395
  ],
  [
    1705881600000,
    0.382
  ],
  [
    1705968000000,
    0.377
  ],
  [
    1706054400000,
    0.362
  ],
  [
    1706140800000,
    0.341
  ],
  [
    1706227200000,
    0.339
  ],
  [
    1706313600000,
    0.344
  ],
  [
    1706400000000,
    0.337
  ],
  [
    1706486400000,
    0.33
  ],
  [
    1706572800000,
    0.329
  ],
  [
    1706659200000,
    0.317
  ],
  [
    1706745600000,
    0.301
  ],
  [
    1706832000000,
    0.3
  ],
  [
    1706918400000,
    0.314
  ],
  [
    1707004800000,
    0.356
  ],
  [
    1707091200000,
    0.379
  ],
  [
    1707177600000,
    0.356
  ],
  [
    1707264000000,
    0.311
  ],
  [
    1707350400000,
    0.277
  ],
  [
    1707436800000,
    0.284
  ],
  [
    1707523200000,
    0.3
  ],
  [
    1707609600000,
    0.307
  ],
  [
    1707696000000,
    0.312
  ],
  [
    1707782400000,
    0.309
  ],
  [
    1707868800000,
    0.283
  ],
  [
    1707955200000,
    0.283
  ],
  [
    1708041600000,
    0.283
  ],
  [
    1708128000000,
    0.282
  ],
  [
    1708214400000,
    0.281
  ],
  [
    1708300800000,
    0.278
  ],
  [
    1708387200000,
    0.273
  ],
  [
    1708473600000,
    0.261
  ],
  [
    1708560000000,
    0.258
  ],
  [
    1708646400000,
    0.264
  ],
  [
    1708732800000,
    0.271
  ],
  [
    1708819200000,
    0.273
  ],
  [
    1708905600000,
    0.275
  ],
  [
    1708992000000,
    0.28
  ],
  [
    1709078400000,
    0.275
  ],
  [
    1709164800000,
    0.29
  ],
  [
    1709251200000,
    0.306
  ],
  [
    1709337600000,
    0.313
  ],
  [
    1709424000000,
    0.319
  ],
  [
    1709510400000,
    0.317
  ],
  [
    1709596800000,
    0.311
  ],
  [
    1709683200000,
    0.3
  ],
  [
    1709769600000,
    0.297
  ],
  [
    1709856000000,
    0.298
  ],
  [
    1709942400000,
    0.303
  ],
  [
    1710028800000,
    0.301
  ],
  [
    1710115200000,
    0.3
  ],
  [
    1710201600000,
    0.297
  ],
  [
    1710288000000,
    0.285
  ],
  [
    1710374400000,
    0.279
  ],
  [
    1710460800000,
    0.274
  ],
  [
    1710547200000,
    0.282
  ],
  [
    1710633600000,
    0.284
  ],
  [
    1710720000000,
    0.284
  ],
  [
    1710806400000,
    0.284
  ],
  [
    1710892800000,
    0.273
  ],
  [
    1710979200000,
    0.266
  ],
  [
    1711065600000,
    0.284
  ],
  [
    1711152000000,
    0.285
  ],
  [
    1711238400000,
    0.291
  ],
  [
    1711324800000,
    0.297
  ],
  [
    1711411200000,
    0.3
  ],
  [
    1711497600000,
    0.285
  ],
  [
    1711584000000,
    0.287
  ],
  [
    1711670400000,
    0.297
  ],
  [
    1711756800000,
    0.304
  ],
  [
    1711843200000,
    0.308
  ],
  [
    1711926000000,
    0.31
  ],
  [
    1712012400000,
    0.298
  ],
  [
    1712098800000,
    0.286
  ],
  [
    1712185200000,
    0.284
  ],
  [
    1712271600000,
    0.294
  ],
  [
    1712358000000,
    0.299
  ],
  [
    1712444400000,
    0.299
  ],
  [
    1712530800000,
    0.299
  ],
  [
    1712617200000,
    0.3
  ],
  [
    1712703600000,
    0.29
  ],
  [
    1712790000000,
    0.294
  ],
  [
    1712876400000,
    0.301
  ],
  [
    1712962800000,
    0.297
  ],
  [
    1713049200000,
    0.295
  ],
  [
    1713135600000,
    0.297
  ],
  [
    1713222000000,
    0.294
  ],
  [
    1713308400000,
    0.286
  ],
  [
    1713394800000,
    0.282
  ],
  [
    1713481200000,
    0.283
  ],
  [
    1713567600000,
    0.285
  ],
  [
    1713654000000,
    0.281
  ],
  [
    1713740400000,
    0.278
  ],
  [
    1713826800000,
    0.272
  ],
  [
    1713913200000,
    0.263
  ],
  [
    1713999600000,
    0.26
  ],
  [
    1714086000000,
    0.252
  ],
  [
    1714172400000,
    0.247
  ],
  [
    1714258800000,
    0.25
  ],
  [
    1714345200000,
    0.252
  ],
  [
    1714431600000,
    0.251
  ],
  [
    1714518000000,
    0.243
  ],
  [
    1714604400000,
    0.246
  ],
  [
    1714690800000,
    0.25
  ],
  [
    1714777200000,
    0.253
  ],
  [
    1714863600000,
    0.253
  ],
  [
    1714950000000,
    0.252
  ],
  [
    1715036400000,
    0.25
  ],
  [
    1715122800000,
    0.243
  ],
  [
    1715209200000,
    0.24
  ],
  [
    1715295600000,
    0.245
  ],
  [
    1715382000000,
    0.244
  ],
  [
    1715468400000,
    0.246
  ],
  [
    1715554800000,
    0.248
  ],
  [
    1715641200000,
    0.244
  ],
  [
    1715727600000,
    0.238
  ],
  [
    1715814000000,
    0.231
  ],
  [
    1715900400000,
    0.23
  ],
  [
    1715986800000,
    0.225
  ],
  [
    1716073200000,
    0.221
  ],
  [
    1716159600000,
    0.213
  ],
  [
    1716246000000,
    0.201
  ],
  [
    1716332400000,
    0.187
  ],
  [
    1716418800000,
    0.194
  ],
  [
    1716505200000,
    0.208
  ],
  [
    1716591600000,
    0.212
  ],
  [
    1716678000000,
    0.223
  ],
  [
    1716764400000,
    0.22
  ],
  [
    1716850800000,
    0.211
  ],
  [
    1716937200000,
    0.202
  ],
  [
    1717023600000,
    0.221
  ],
  [
    1717110000000,
    0.224
  ],
  [
    1717196400000,
    0.229
  ],
  [
    1717282800000,
    0.234
  ],
  [
    1717369200000,
    0.244
  ],
  [
    1717455600000,
    0.245
  ],
  [
    1717542000000,
    0.236
  ],
  [
    1717628400000,
    0.227
  ],
  [
    1717714800000,
    0.224
  ],
  [
    1717801200000,
    0.217
  ],
  [
    1717887600000,
    0.215
  ],
  [
    1717974000000,
    0.218
  ],
  [
    1718060400000,
    0.215
  ],
  [
    1718146800000,
    0.209
  ],
  [
    1718233200000,
    0.209
  ],
  [
    1718319600000,
    0.209
  ],
  [
    1718406000000,
    0.213
  ],
  [
    1718492400000,
    0.217
  ],
  [
    1718578800000,
    0.217
  ],
  [
    1718665200000,
    0.232
  ],
  [
    1718751600000,
    0.229
  ],
  [
    1718838000000,
    0.229
  ],
  [
    1718924400000,
    0.23
  ],
  [
    1719010800000,
    0.23
  ],
  [
    1719097200000,
    0.231
  ],
  [
    1719183600000,
    0.228
  ],
  [
    1719270000000,
    0.234
  ],
  [
    1719356400000,
    0.225
  ],
  [
    1719442800000,
    0.218
  ],
  [
    1719529200000,
    0.214
  ],
  [
    1719615600000,
    0.215
  ],
  [
    1719702000000,
    0.218
  ],
  [
    1719788400000,
    0.218
  ],
  [
    1719874800000,
    0.217
  ],
  [
    1719961200000,
    0.213
  ],
  [
    1720047600000,
    0.219
  ],
  [
    1720134000000,
    0.22
  ],
  [
    1720220400000,
    0.225
  ],
  [
    1720306800000,
    0.223
  ],
  [
    1720393200000,
    0.223
  ],
  [
    1720479600000,
    0.226
  ],
  [
    1720566000000,
    0.215
  ],
  [
    1720652400000,
    0.212
  ],
  [
    1720738800000,
    0.225
  ],
  [
    1720825200000,
    0.226
  ],
  [
    1720911600000,
    0.225
  ],
  [
    1720998000000,
    0.234
  ],
  [
    1721084400000,
    0.234
  ],
  [
    1721170800000,
    0.225
  ],
  [
    1721257200000,
    0.228
  ],
  [
    1721343600000,
    0.228
  ],
  [
    1721430000000,
    0.231
  ],
  [
    1721516400000,
    0.234
  ],
  [
    1721602800000,
    0.235
  ],
  [
    1721689200000,
    0.239
  ],
  [
    1721775600000,
    0.229
  ],
  [
    1721862000000,
    0.231
  ],
  [
    1721948400000,
    0.236
  ],
  [
    1722034800000,
    0.241
  ],
  [
    1722121200000,
    0.241
  ],
  [
    1722207600000,
    0.242
  ],
  [
    1722294000000,
    0.241
  ],
  [
    1722380400000,
    0.237
  ],
  [
    1722466800000,
    0.242
  ],
  [
    1722553200000,
    0.244
  ],
  [
    1722639600000,
    0.247
  ],
  [
    1722726000000,
    0.254
  ],
  [
    1722812400000,
    0.259
  ],
  [
    1722898800000,
    0.256
  ],
  [
    1722985200000,
    0.245
  ],
  [
    1723071600000,
    0.243
  ],
  [
    1723158000000,
    0.252
  ],
  [
    1723244400000,
    0.259
  ],
  [
    1723330800000,
    0.266
  ],
  [
    1723417200000,
    0.275
  ],
  [
    1723503600000,
    0.275
  ],
  [
    1723554000000,
    0.262
  ],
  [
    1723557600000,
    0.26
  ],
  [
    1723561200000,
    0.263
  ],
  [
    1723564800000,
    0.273
  ],
  [
    1723568400000,
    0.268
  ],
  [
    1723572000000,
    0.273
  ],
  [
    1723575600000,
    0.263
  ],
  [
    1723579200000,
    0.274
  ],
  [
    1723582800000,
    0.274
  ],
  [
    1723586400000,
    0.275
  ],
  [
    1723590000000,
    0.276
  ],
  [
    1723593600000,
    0.264
  ],
  [
    1723597200000,
    0.26
  ],
  [
    1723600800000,
    0.26
  ],
  [
    1723604400000,
    0.26
  ],
  [
    1723608000000,
    0.263
  ],
  [
    1723611600000,
    0.26
  ],
  [
    1723615200000,
    0.26
  ],
  [
    1723618800000,
    0.257
  ],
  [
    1723622400000,
    0.25
  ],
  [
    1723626000000,
    0.245
  ],
  [
    1723629600000,
    0.246
  ],
  [
    1723633200000,
    0.246
  ],
  [
    1723636800000,
    0.25
  ],
  [
    1723640400000,
    0.25
  ],
  [
    1723644000000,
    0.248
  ],
  [
    1723647600000,
    0.248
  ],
  [
    1723651200000,
    0.25
  ],
  [
    1723654800000,
    0.252
  ],
  [
    1723658400000,
    0.252
  ],
  [
    1723662000000,
    0.265
  ],
  [
    1723665600000,
    0.265
  ],
  [
    1723669200000,
    0.277
  ],
  [
    1723672800000,
    0.26
  ],
  [
    1723676400000,
    0.265
  ],
  [
    1723680000000,
    0.27
  ],
  [
    1723683600000,
    0.267
  ],
  [
    1723687200000,
    0.27
  ],
  [
    1723690800000,
    0.27
  ],
  [
    1723694400000,
    0.27
  ],
  [
    1723698000000,
    0.26
  ],
  [
    1723701600000,
    0.257
  ],
  [
    1723705200000,
    0.257
  ],
  [
    1723708800000,
    0.265
  ],
  [
    1723712400000,
    0.257
  ],
  [
    1723716000000,
    0.256
  ],
  [
    1723719600000,
    0.256
  ],
  [
    1723723200000,
    0.26
  ],
  [
    1723726800000,
    0.259
  ],
  [
    1723730400000,
    0.255
  ],
  [
    1723734000000,
    0.257
  ],
  [
    1723737600000,
    0.26
  ],
  [
    1723741200000,
    0.257
  ],
  [
    1723744800000,
    0.252
  ],
  [
    1723748400000,
    0.253
  ],
  [
    1723752000000,
    0.263
  ],
  [
    1723755600000,
    0.269
  ],
  [
    1723759200000,
    0.264
  ],
  [
    1723762800000,
    0.27
  ],
  [
    1723766400000,
    0.27
  ],
  [
    1723770000000,
    0.274
  ],
  [
    1723773600000,
    0.27
  ],
  [
    1723777200000,
    0.266
  ],
  [
    1723780800000,
    0.269
  ],
  [
    1723784400000,
    0.26
  ],
  [
    1723788000000,
    0.26
  ],
  [
    1723791600000,
    0.258
  ],
  [
    1723795200000,
    0.261
  ],
  [
    1723798800000,
    0.256
  ],
  [
    1723802400000,
    0.258
  ],
  [
    1723806000000,
    0.258
  ],
  [
    1723809600000,
    0.253
  ],
  [
    1723813200000,
    0.256
  ],
  [
    1723816800000,
    0.258
  ],
  [
    1723820400000,
    0.26
  ],
  [
    1723824000000,
    0.26
  ],
  [
    1723827600000,
    0.263
  ],
  [
    1723831200000,
    0.263
  ],
  [
    1723834800000,
    0.264
  ],
  [
    1723838400000,
    0.27
  ],
  [
    1723842000000,
    0.275
  ],
  [
    1723845600000,
    0.279
  ],
  [
    1723849200000,
    0.275
  ],
  [
    1723852800000,
    0.275
  ],
  [
    1723856400000,
    0.272
  ],
  [
    1723860000000,
    0.27
  ],
  [
    1723863600000,
    0.27
  ],
  [
    1723867200000,
    0.265
  ],
  [
    1723870800000,
    0.264
  ],
  [
    1723874400000,
    0.26
  ],
  [
    1723878000000,
    0.26
  ],
  [
    1723881600000,
    0.257
  ],
  [
    1723885200000,
    0.257
  ],
  [
    1723888800000,
    0.252
  ],
  [
    1723892400000,
    0.246
  ],
  [
    1723896000000,
    0.255
  ],
  [
    1723899600000,
    0.26
  ],
  [
    1723903200000,
    0.264
  ],
  [
    1723906800000,
    0.26
  ],
  [
    1723910400000,
    0.264
  ],
  [
    1723914000000,
    0.273
  ],
  [
    1723917600000,
    0.271
  ],
  [
    1723921200000,
    0.275
  ],
  [
    1723924800000,
    0.281
  ],
  [
    1723928400000,
    0.284
  ],
  [
    1723932000000,
    0.28
  ],
  [
    1723935600000,
    0.28
  ],
  [
    1723939200000,
    0.28
  ],
  [
    1723942800000,
    0.28
  ],
  [
    1723946400000,
    0.27
  ],
  [
    1723950000000,
    0.264
  ],
  [
    1723953600000,
    0.264
  ],
  [
    1723957200000,
    0.26
  ],
  [
    1723960800000,
    0.25
  ],
  [
    1723964400000,
    0.255
  ],
  [
    1723968000000,
    0.25
  ],
  [
    1723971600000,
    0.25
  ],
  [
    1723975200000,
    0.247
  ],
  [
    1723978800000,
    0.25
  ],
  [
    1723982400000,
    0.251
  ],
  [
    1723986000000,
    0.252
  ],
  [
    1723989600000,
    0.25
  ],
  [
    1723993200000,
    0.251
  ],
  [
    1723996800000,
    0.258
  ],
  [
    1724000400000,
    0.264
  ],
  [
    1724004000000,
    0.262
  ],
  [
    1724007600000,
    0.26
  ],
  [
    1724011200000,
    0.264
  ],
  [
    1724014800000,
    0.264
  ],
  [
    1724018400000,
    0.26
  ],
  [
    1724022000000,
    0.26
  ],
  [
    1724025600000,
    0.26
  ],
  [
    1724029200000,
    0.26
  ],
  [
    1724032800000,
    0.255
  ],
  [
    1724036400000,
    0.251
  ],
  [
    1724040000000,
    0.249
  ],
  [
    1724043600000,
    0.245
  ],
  [
    1724047200000,
    0.244
  ],
  [
    1724050800000,
    0.247
  ],
  [
    1724054400000,
    0.245
  ],
  [
    1724058000000,
    0.242
  ],
  [
    1724061600000,
    0.244
  ],
  [
    1724065200000,
    0.242
  ],
  [
    1724068800000,
    0.243
  ],
  [
    1724072400000,
    0.245
  ],
  [
    1724076000000,
    0.247
  ],
  [
    1724079600000,
    0.25
  ],
  [
    1724083200000,
    0.252
  ],
  [
    1724086800000,
    0.25
  ],
  [
    1724090400000,
    0.253
  ],
  [
    1724094000000,
    0.254
  ],
  [
    1724097600000,
    0.254
  ],
  [
    1724101200000,
    0.25
  ],
  [
    1724104800000,
    0.253
  ],
  [
    1724108400000,
    0.26
  ],
  [
    1724112000000,
    0.26
  ],
  [
    1724115600000,
    0.252
  ],
  [
    1724119200000,
    0.25
  ],
  [
    1724122800000,
    0.25
  ],
  [
    1724126400000,
    0.245
  ],
  [
    1724130000000,
    0.245
  ],
  [
    1724133600000,
    0.244
  ],
  [
    1724137200000,
    0.242
  ],
  [
    1724140800000,
    0.243
  ],
  [
    1724144400000,
    0.241
  ],
  [
    1724148000000,
    0.232
  ],
  [
    1724151600000,
    0.24
  ],
  [
    1724155200000,
    0.24
  ],
  [
    1724158800000,
    0.241
  ],
  [
    1724162400000,
    0.241
  ],
  [
    1724166000000,
    0.245
  ],
  [
    1724169600000,
    0.253
  ],
  [
    1724173200000,
    0.254
  ],
  [
    1724176800000,
    0.256
  ],
  [
    1724180400000,
    0.26
  ],
  [
    1724184000000,
    0.261
  ],
  [
    1724187600000,
    0.26
  ],
  [
    1724191200000,
    0.262
  ],
  [
    1724194800000,
    0.26
  ],
  [
    1724198400000,
    0.255
  ],
  [
    1724202000000,
    0.25
  ],
  [
    1724205600000,
    0.25
  ],
  [
    1724209200000,
    0.242
  ],
  [
    1724212800000,
    0.249
  ],
  [
    1724216400000,
    0.24
  ],
  [
    1724220000000,
    0.245
  ],
  [
    1724223600000,
    0.243
  ],
  [
    1724227200000,
    0.25
  ],
  [
    1724230800000,
    0.249
  ],
  [
    1724234400000,
    0.24
  ],
  [
    1724238000000,
    0.24
  ],
  [
    1724241600000,
    0.24
  ],
  [
    1724245200000,
    0.24
  ],
  [
    1724248800000,
    0.24
  ],
  [
    1724252400000,
    0.242
  ],
  [
    1724256000000,
    0.242
  ],
  [
    1724259600000,
    0.244
  ],
  [
    1724263200000,
    0.244
  ],
  [
    1724266800000,
    0.24
  ],
  [
    1724270400000,
    0.24
  ],
  [
    1724274000000,
    0.248
  ],
  [
    1724277600000,
    0.25
  ],
  [
    1724281200000,
    0.25
  ],
  [
    1724284800000,
    0.25
  ],
  [
    1724288400000,
    0.25
  ],
  [
    1724292000000,
    0.25
  ],
  [
    1724295600000,
    0.25
  ],
  [
    1724299200000,
    0.25
  ],
  [
    1724302800000,
    0.245
  ],
  [
    1724306400000,
    0.245
  ],
  [
    1724310000000,
    0.25
  ],
  [
    1724313600000,
    0.245
  ],
  [
    1724317200000,
    0.242
  ],
  [
    1724320800000,
    0.242
  ],
  [
    1724324400000,
    0.24
  ],
  [
    1724328000000,
    0.24
  ],
  [
    1724331600000,
    0.24
  ],
  [
    1724335200000,
    0.25
  ],
  [
    1724338800000,
    0.242
  ],
  [
    1724342400000,
    0.244
  ],
  [
    1724346000000,
    0.241
  ],
  [
    1724349600000,
    0.24
  ],
  [
    1724353200000,
    0.233
  ],
  [
    1724356800000,
    0.234
  ],
  [
    1724360400000,
    0.249
  ],
  [
    1724364000000,
    0.25
  ],
  [
    1724367600000,
    0.259
  ],
  [
    1724371200000,
    0.26
  ],
  [
    1724374800000,
    0.26
  ],
  [
    1724378400000,
    0.26
  ],
  [
    1724382000000,
    0.25
  ],
  [
    1724385600000,
    0.25
  ],
  [
    1724389200000,
    0.25
  ],
  [
    1724392800000,
    0.236
  ],
  [
    1724396400000,
    0.233
  ],
  [
    1724400000000,
    0.233
  ],
  [
    1724403600000,
    0.233
  ],
  [
    1724407200000,
    0.233
  ],
  [
    1724410800000,
    0.233
  ],
  [
    1724414400000,
    0.241
  ],
  [
    1724418000000,
    0.239
  ],
  [
    1724421600000,
    0.241
  ],
  [
    1724425200000,
    0.237
  ],
  [
    1724428800000,
    0.238
  ],
  [
    1724432400000,
    0.249
  ],
  [
    1724436000000,
    0.246
  ],
  [
    1724439600000,
    0.255
  ],
  [
    1724443200000,
    0.255
  ],
  [
    1724446800000,
    0.255
  ],
  [
    1724450400000,
    0.255
  ],
  [
    1724454000000,
    0.26
  ],
  [
    1724457600000,
    0.26
  ],
  [
    1724461200000,
    0.26
  ],
  [
    1724464800000,
    0.254
  ],
  [
    1724468400000,
    0.26
  ],
  [
    1724472000000,
    0.252
  ],
  [
    1724475600000,
    0.25
  ],
  [
    1724479200000,
    0.251
  ],
  [
    1724482800000,
    0.255
  ],
  [
    1724486400000,
    0.25
  ],
  [
    1724490000000,
    0.238
  ],
  [
    1724493600000,
    0.241
  ],
  [
    1724497200000,
    0.249
  ],
  [
    1724500800000,
    0.24
  ],
  [
    1724504400000,
    0.238
  ],
  [
    1724508000000,
    0.237
  ],
  [
    1724511600000,
    0.242
  ],
  [
    1724515200000,
    0.253
  ],
  [
    1724518800000,
    0.249
  ],
  [
    1724522400000,
    0.25
  ],
  [
    1724526000000,
    0.255
  ],
  [
    1724529600000,
    0.25
  ],
  [
    1724533200000,
    0.255
  ],
  [
    1724536800000,
    0.258
  ],
  [
    1724540400000,
    0.26
  ],
  [
    1724544000000,
    0.26
  ],
  [
    1724547600000,
    0.26
  ],
  [
    1724551200000,
    0.26
  ],
  [
    1724554800000,
    0.26
  ],
  [
    1724558400000,
    0.26
  ],
  [
    1724562000000,
    0.257
  ],
  [
    1724565600000,
    0.249
  ],
  [
    1724569200000,
    0.25
  ],
  [
    1724572800000,
    0.243
  ],
  [
    1724576400000,
    0.252
  ],
  [
    1724580000000,
    0.247
  ],
  [
    1724583600000,
    0.253
  ],
  [
    1724587200000,
    0.249
  ],
  [
    1724590800000,
    0.241
  ],
  [
    1724594400000,
    0.241
  ],
  [
    1724598000000,
    0.233
  ],
  [
    1724601600000,
    0.24
  ],
  [
    1724605200000,
    0.25
  ],
  [
    1724608800000,
    0.24
  ],
  [
    1724612400000,
    0.236
  ],
  [
    1724616000000,
    0.246
  ],
  [
    1724619600000,
    0.25
  ],
  [
    1724623200000,
    0.249
  ],
  [
    1724626800000,
    0.264
  ],
  [
    1724630400000,
    0.266
  ],
  [
    1724634000000,
    0.26
  ],
  [
    1724637600000,
    0.26
  ],
  [
    1724641200000,
    0.26
  ],
  [
    1724644800000,
    0.26
  ],
  [
    1724648400000,
    0.257
  ],
  [
    1724652000000,
    0.25
  ],
  [
    1724655600000,
    0.25
  ],
  [
    1724659200000,
    0.264
  ],
  [
    1724662800000,
    0.25
  ],
  [
    1724666400000,
    0.262
  ],
  [
    1724670000000,
    0.249
  ],
  [
    1724673600000,
    0.25
  ],
  [
    1724677200000,
    0.24
  ],
  [
    1724680800000,
    0.255
  ],
  [
    1724684400000,
    0.26
  ],
  [
    1724688000000,
    0.26
  ],
  [
    1724691600000,
    0.256
  ],
  [
    1724695200000,
    0.258
  ],
  [
    1724698800000,
    0.256
  ],
  [
    1724702400000,
    0.257
  ],
  [
    1724706000000,
    0.252
  ],
  [
    1724709600000,
    0.258
  ],
  [
    1724713200000,
    0.268
  ],
  [
    1724716800000,
    0.25
  ],
  [
    1724720400000,
    0.26
  ],
  [
    1724724000000,
    0.257
  ],
  [
    1724727600000,
    0.252
  ],
  [
    1724731200000,
    0.257
  ],
  [
    1724734800000,
    0.253
  ],
  [
    1724738400000,
    0.26
  ],
  [
    1724742000000,
    0.252
  ],
  [
    1724745600000,
    0.253
  ],
  [
    1724749200000,
    0.252
  ],
  [
    1724752800000,
    0.257
  ],
  [
    1724756400000,
    0.26
  ],
  [
    1724760000000,
    0.255
  ],
  [
    1724763600000,
    0.257
  ],
  [
    1724767200000,
    0.257
  ],
  [
    1724770800000,
    0.251
  ],
  [
    1724774400000,
    0.26
  ],
  [
    1724778000000,
    0.258
  ],
  [
    1724781600000,
    0.26
  ],
  [
    1724785200000,
    0.257
  ],
  [
    1724788800000,
    0.257
  ],
  [
    1724792400000,
    0.26
  ],
  [
    1724796000000,
    0.272
  ],
  [
    1724799600000,
    0.274
  ],
  [
    1724803200000,
    0.26
  ],
  [
    1724806800000,
    0.251
  ],
  [
    1724810400000,
    0.26
  ],
  [
    1724814000000,
    0.26
  ],
  [
    1724817600000,
    0.252
  ],
  [
    1724821200000,
    0.257
  ],
  [
    1724824800000,
    0.251
  ],
  [
    1724828400000,
    0.245
  ],
  [
    1724832000000,
    0.245
  ],
  [
    1724835600000,
    0.25
  ],
  [
    1724839200000,
    0.24
  ],
  [
    1724842800000,
    0.245
  ],
  [
    1724846400000,
    0.25
  ],
  [
    1724850000000,
    0.247
  ],
  [
    1724853600000,
    0.247
  ],
  [
    1724857200000,
    0.249
  ],
  [
    1724860800000,
    0.25
  ],
  [
    1724864400000,
    0.25
  ],
  [
    1724868000000,
    0.253
  ],
  [
    1724871600000,
    0.251
  ],
  [
    1724875200000,
    0.25
  ],
  [
    1724878800000,
    0.25
  ],
  [
    1724882400000,
    0.25
  ],
  [
    1724886000000,
    0.254
  ],
  [
    1724889600000,
    0.256
  ],
  [
    1724893200000,
    0.252
  ],
  [
    1724896800000,
    0.254
  ],
  [
    1724900400000,
    0.254
  ],
  [
    1724904000000,
    0.26
  ],
  [
    1724907600000,
    0.251
  ],
  [
    1724911200000,
    0.25
  ],
  [
    1724914800000,
    0.248
  ],
  [
    1724918400000,
    0.245
  ],
  [
    1724922000000,
    0.25
  ],
  [
    1724925600000,
    0.244
  ],
  [
    1724929200000,
    0.245
  ],
  [
    1724932800000,
    0.246
  ],
  [
    1724936400000,
    0.238
  ],
  [
    1724940000000,
    0.239
  ],
  [
    1724943600000,
    0.249
  ],
  [
    1724947200000,
    0.25
  ],
  [
    1724950800000,
    0.251
  ],
  [
    1724954400000,
    0.248
  ],
  [
    1724958000000,
    0.237
  ],
  [
    1724961600000,
    0.24
  ],
  [
    1724965200000,
    0.254
  ],
  [
    1724968800000,
    0.26
  ],
  [
    1724972400000,
    0.261
  ],
  [
    1724976000000,
    0.26
  ],
  [
    1724979600000,
    0.26
  ],
  [
    1724983200000,
    0.26
  ],
  [
    1724986800000,
    0.265
  ],
  [
    1724990400000,
    0.26
  ],
  [
    1724994000000,
    0.26
  ],
  [
    1724997600000,
    0.26
  ],
  [
    1725001200000,
    0.255
  ],
  [
    1725004800000,
    0.253
  ],
  [
    1725008400000,
    0.252
  ],
  [
    1725012000000,
    0.246
  ],
  [
    1725015600000,
    0.252
  ],
  [
    1725019200000,
    0.251
  ],
  [
    1725022800000,
    0.255
  ],
  [
    1725026400000,
    0.25
  ],
  [
    1725030000000,
    0.255
  ],
  [
    1725033600000,
    0.257
  ],
  [
    1725037200000,
    0.263
  ],
  [
    1725040800000,
    0.26
  ],
  [
    1725044400000,
    0.265
  ],
  [
    1725048000000,
    0.266
  ],
  [
    1725051600000,
    0.27
  ],
  [
    1725055200000,
    0.27
  ],
  [
    1725058800000,
    0.271
  ],
  [
    1725062400000,
    0.27
  ],
  [
    1725066000000,
    0.267
  ],
  [
    1725069600000,
    0.27
  ],
  [
    1725073200000,
    0.27
  ],
  [
    1725076800000,
    0.264
  ],
  [
    1725080400000,
    0.26
  ],
  [
    1725084000000,
    0.261
  ],
  [
    1725087600000,
    0.264
  ],
  [
    1725091200000,
    0.265
  ],
  [
    1725094800000,
    0.254
  ],
  [
    1725098400000,
    0.25
  ],
  [
    1725102000000,
    0.26
  ],
  [
    1725105600000,
    0.254
  ],
  [
    1725109200000,
    0.252
  ],
  [
    1725112800000,
    0.254
  ],
  [
    1725116400000,
    0.26
  ],
  [
    1725120000000,
    0.257
  ],
  [
    1725123600000,
    0.254
  ],
  [
    1725127200000,
    0.26
  ],
  [
    1725130800000,
    0.254
  ],
  [
    1725134400000,
    0.265
  ],
  [
    1725138000000,
    0.265
  ],
  [
    1725141600000,
    0.27
  ],
  [
    1725145200000,
    0.27
  ],
  [
    1725148800000,
    0.27
  ],
  [
    1725152400000,
    0.27
  ],
  [
    1725156000000,
    0.265
  ],
  [
    1725159600000,
    0.27
  ],
  [
    1725163200000,
    0.268
  ],
  [
    1725166800000,
    0.27
  ],
  [
    1725170400000,
    0.264
  ],
  [
    1725174000000,
    0.26
  ],
  [
    1725177600000,
    0.26
  ],
  [
    1725181200000,
    0.263
  ],
  [
    1725184800000,
    0.258
  ],
  [
    1725188400000,
    0.254
  ],
  [
    1725192000000,
    0.258
  ],
  [
    1725195600000,
    0.254
  ],
  [
    1725199200000,
    0.256
  ],
  [
    1725202800000,
    0.254
  ],
  [
    1725206400000,
    0.26
  ],
  [
    1725210000000,
    0.264
  ],
  [
    1725213600000,
    0.256
  ],
  [
    1725217200000,
    0.254
  ],
  [
    1725220800000,
    0.263
  ],
  [
    1725224400000,
    0.267
  ],
  [
    1725228000000,
    0.27
  ],
  [
    1725231600000,
    0.271
  ],
  [
    1725235200000,
    0.274
  ],
  [
    1725238800000,
    0.265
  ],
  [
    1725242400000,
    0.27
  ],
  [
    1725246000000,
    0.277
  ],
  [
    1725249600000,
    0.28
  ],
  [
    1725253200000,
    0.274
  ],
  [
    1725256800000,
    0.279
  ],
  [
    1725260400000,
    0.282
  ],
  [
    1725264000000,
    0.284
  ],
  [
    1725267600000,
    0.267
  ],
  [
    1725271200000,
    0.266
  ],
  [
    1725274800000,
    0.254
  ],
  [
    1725278400000,
    0.254
  ],
  [
    1725282000000,
    0.261
  ],
  [
    1725285600000,
    0.265
  ],
  [
    1725289200000,
    0.276
  ],
  [
    1725292800000,
    0.276
  ],
  [
    1725296400000,
    0.276
  ],
  [
    1725300000000,
    0.276
  ],
  [
    1725303600000,
    0.275
  ],
  [
    1725307200000,
    0.276
  ],
  [
    1725310800000,
    0.28
  ],
  [
    1725314400000,
    0.28
  ],
  [
    1725318000000,
    0.28
  ],
  [
    1725321600000,
    0.276
  ],
  [
    1725325200000,
    0.275
  ],
  [
    1725328800000,
    0.28
  ],
  [
    1725332400000,
    0.276
  ],
  [
    1725336000000,
    0.276
  ],
  [
    1725339600000,
    0.271
  ],
  [
    1725343200000,
    0.285
  ],
  [
    1725346800000,
    0.29
  ],
  [
    1725350400000,
    0.292
  ],
  [
    1725354000000,
    0.29
  ],
  [
    1725357600000,
    0.276
  ],
  [
    1725361200000,
    0.265
  ],
  [
    1725364800000,
    0.268
  ],
  [
    1725368400000,
    0.27
  ],
  [
    1725372000000,
    0.276
  ],
  [
    1725375600000,
    0.276
  ],
  [
    1725379200000,
    0.27
  ],
  [
    1725382800000,
    0.276
  ],
  [
    1725386400000,
    0.276
  ],
  [
    1725390000000,
    0.276
  ],
  [
    1725393600000,
    0.28
  ],
  [
    1725397200000,
    0.287
  ],
  [
    1725400800000,
    0.287
  ],
  [
    1725404400000,
    0.29
  ],
  [
    1725408000000,
    0.27
  ],
  [
    1725411600000,
    0.26
  ],
  [
    1725415200000,
    0.26
  ],
  [
    1725418800000,
    0.26
  ],
  [
    1725422400000,
    0.26
  ],
  [
    1725426000000,
    0.262
  ],
  [
    1725429600000,
    0.26
  ],
  [
    1725433200000,
    0.281
  ],
  [
    1725436800000,
    0.273
  ],
  [
    1725440400000,
    0.271
  ],
  [
    1725444000000,
    0.26
  ],
  [
    1725447600000,
    0.255
  ],
  [
    1725451200000,
    0.254
  ],
  [
    1725454800000,
    0.254
  ],
  [
    1725458400000,
    0.25
  ],
  [
    1725462000000,
    0.25
  ],
  [
    1725465600000,
    0.254
  ],
  [
    1725469200000,
    0.253
  ],
  [
    1725472800000,
    0.256
  ],
  [
    1725476400000,
    0.249
  ],
  [
    1725480000000,
    0.26
  ],
  [
    1725483600000,
    0.26
  ],
  [
    1725487200000,
    0.26
  ],
  [
    1725490800000,
    0.26
  ],
  [
    1725494400000,
    0.28
  ],
  [
    1725498000000,
    0.273
  ],
  [
    1725501600000,
    0.27
  ],
  [
    1725505200000,
    0.27
  ],
  [
    1725508800000,
    0.27
  ],
  [
    1725512400000,
    0.27
  ],
  [
    1725516000000,
    0.27
  ],
  [
    1725519600000,
    0.263
  ],
  [
    1725523200000,
    0.254
  ],
  [
    1725526800000,
    0.26
  ],
  [
    1725530400000,
    0.26
  ],
  [
    1725534000000,
    0.261
  ],
  [
    1725537600000,
    0.261
  ],
  [
    1725541200000,
    0.264
  ],
  [
    1725544800000,
    0.261
  ],
  [
    1725548400000,
    0.259
  ],
  [
    1725552000000,
    0.265
  ],
  [
    1725555600000,
    0.265
  ],
  [
    1725559200000,
    0.26
  ],
  [
    1725562800000,
    0.263
  ],
  [
    1725566400000,
    0.265
  ],
  [
    1725570000000,
    0.27
  ],
  [
    1725573600000,
    0.28
  ],
  [
    1725577200000,
    0.28
  ],
  [
    1725580800000,
    0.28
  ],
  [
    1725584400000,
    0.28
  ],
  [
    1725588000000,
    0.28
  ],
  [
    1725591600000,
    0.272
  ],
  [
    1725595200000,
    0.27
  ],
  [
    1725598800000,
    0.27
  ],
  [
    1725602400000,
    0.269
  ],
  [
    1725606000000,
    0.268
  ],
  [
    1725609600000,
    0.266
  ],
  [
    1725613200000,
    0.277
  ],
  [
    1725616800000,
    0.28
  ],
  [
    1725620400000,
    0.27
  ],
  [
    1725624000000,
    0.272
  ],
  [
    1725627600000,
    0.268
  ],
  [
    1725631200000,
    0.277
  ],
  [
    1725634800000,
    0.277
  ],
  [
    1725638400000,
    0.267
  ],
  [
    1725642000000,
    0.268
  ],
  [
    1725645600000,
    0.27
  ],
  [
    1725649200000,
    0.277
  ],
  [
    1725652800000,
    0.277
  ],
  [
    1725656400000,
    0.277
  ],
  [
    1725660000000,
    0.27
  ],
  [
    1725663600000,
    0.28
  ],
  [
    1725667200000,
    0.287
  ],
  [
    1725670800000,
    0.28
  ],
  [
    1725674400000,
    0.28
  ],
  [
    1725678000000,
    0.286
  ],
  [
    1725681600000,
    0.285
  ],
  [
    1725685200000,
    0.28
  ],
  [
    1725688800000,
    0.28
  ],
  [
    1725692400000,
    0.277
  ],
  [
    1725696000000,
    0.268
  ],
  [
    1725699600000,
    0.27
  ],
  [
    1725703200000,
    0.27
  ],
  [
    1725706800000,
    0.266
  ],
  [
    1725710400000,
    0.266
  ],
  [
    1725714000000,
    0.275
  ],
  [
    1725717600000,
    0.275
  ],
  [
    1725721200000,
    0.266
  ],
  [
    1725724800000,
    0.27
  ],
  [
    1725728400000,
    0.266
  ],
  [
    1725732000000,
    0.27
  ],
  [
    1725735600000,
    0.276
  ],
  [
    1725739200000,
    0.28
  ],
  [
    1725742800000,
    0.276
  ],
  [
    1725746400000,
    0.281
  ],
  [
    1725750000000,
    0.282
  ],
  [
    1725753600000,
    0.286
  ],
  [
    1725757200000,
    0.286
  ],
  [
    1725760800000,
    0.28
  ],
  [
    1725764400000,
    0.28
  ],
  [
    1725768000000,
    0.28
  ],
  [
    1725771600000,
    0.28
  ],
  [
    1725775200000,
    0.28
  ],
  [
    1725778800000,
    0.277
  ],
  [
    1725782400000,
    0.277
  ],
  [
    1725786000000,
    0.27
  ],
  [
    1725789600000,
    0.276
  ],
  [
    1725793200000,
    0.276
  ],
  [
    1725796800000,
    0.276
  ],
  [
    1725800400000,
    0.277
  ],
  [
    1725804000000,
    0.266
  ],
  [
    1725807600000,
    0.272
  ],
  [
    1725811200000,
    0.276
  ],
  [
    1725814800000,
    0.27
  ],
  [
    1725818400000,
    0.276
  ],
  [
    1725822000000,
    0.288
  ],
  [
    1725825600000,
    0.29
  ],
  [
    1725829200000,
    0.293
  ],
  [
    1725832800000,
    0.277
  ],
  [
    1725836400000,
    0.29
  ],
  [
    1725840000000,
    0.29
  ],
  [
    1725843600000,
    0.29
  ],
  [
    1725847200000,
    0.28
  ],
  [
    1725850800000,
    0.283
  ],
  [
    1725854400000,
    0.296
  ],
  [
    1725858000000,
    0.295
  ],
  [
    1725861600000,
    0.298
  ],
  [
    1725865200000,
    0.29
  ],
  [
    1725868800000,
    0.286
  ],
  [
    1725872400000,
    0.282
  ],
  [
    1725876000000,
    0.281
  ],
  [
    1725879600000,
    0.282
  ],
  [
    1725883200000,
    0.277
  ],
  [
    1725886800000,
    0.277
  ],
  [
    1725890400000,
    0.29
  ],
  [
    1725894000000,
    0.283
  ],
  [
    1725897600000,
    0.288
  ],
  [
    1725901200000,
    0.288
  ],
  [
    1725904800000,
    0.288
  ],
  [
    1725908400000,
    0.287
  ],
  [
    1725912000000,
    0.282
  ],
  [
    1725915600000,
    0.289
  ],
  [
    1725919200000,
    0.29
  ],
  [
    1725922800000,
    0.29
  ],
  [
    1725926400000,
    0.29
  ],
  [
    1725930000000,
    0.29
  ],
  [
    1725933600000,
    0.29
  ],
  [
    1725937200000,
    0.295
  ],
  [
    1725940800000,
    0.299
  ],
  [
    1725944400000,
    0.29
  ],
  [
    1725948000000,
    0.281
  ],
  [
    1725951600000,
    0.284
  ],
  [
    1725955200000,
    0.289
  ],
  [
    1725958800000,
    0.287
  ],
  [
    1725962400000,
    0.287
  ],
  [
    1725966000000,
    0.284
  ],
  [
    1725969600000,
    0.281
  ],
  [
    1725973200000,
    0.283
  ],
  [
    1725976800000,
    0.287
  ],
  [
    1725980400000,
    0.287
  ],
  [
    1725984000000,
    0.287
  ],
  [
    1725987600000,
    0.284
  ],
  [
    1725991200000,
    0.283
  ],
  [
    1725994800000,
    0.28
  ],
  [
    1725998400000,
    0.283
  ],
  [
    1726002000000,
    0.283
  ],
  [
    1726005600000,
    0.28
  ],
  [
    1726009200000,
    0.28
  ],
  [
    1726012800000,
    0.28
  ],
  [
    1726016400000,
    0.28
  ],
  [
    1726020000000,
    0.282
  ],
  [
    1726023600000,
    0.28
  ],
  [
    1726027200000,
    0.28
  ],
  [
    1726030800000,
    0.28
  ],
  [
    1726034400000,
    0.273
  ],
  [
    1726038000000,
    0.273
  ],
  [
    1726041600000,
    0.267
  ],
  [
    1726045200000,
    0.269
  ],
  [
    1726048800000,
    0.28
  ],
  [
    1726052400000,
    0.269
  ],
  [
    1726056000000,
    0.276
  ],
  [
    1726059600000,
    0.276
  ],
  [
    1726063200000,
    0.276
  ],
  [
    1726066800000,
    0.278
  ],
  [
    1726070400000,
    0.278
  ],
  [
    1726074000000,
    0.276
  ],
  [
    1726077600000,
    0.276
  ],
  [
    1726081200000,
    0.275
  ],
  [
    1726084800000,
    0.28
  ],
  [
    1726088400000,
    0.285
  ],
  [
    1726092000000,
    0.302
  ],
  [
    1726095600000,
    0.3
  ],
  [
    1726099200000,
    0.305
  ],
  [
    1726102800000,
    0.29
  ],
  [
    1726106400000,
    0.29
  ],
  [
    1726110000000,
    0.29
  ],
  [
    1726113600000,
    0.286
  ],
  [
    1726117200000,
    0.285
  ],
  [
    1726120800000,
    0.299
  ],
  [
    1726124400000,
    0.29
  ],
  [
    1726128000000,
    0.274
  ],
  [
    1726131600000,
    0.272
  ],
  [
    1726135200000,
    0.272
  ],
  [
    1726138800000,
    0.273
  ],
  [
    1726142400000,
    0.272
  ],
  [
    1726146000000,
    0.274
  ],
  [
    1726149600000,
    0.281
  ],
  [
    1726153200000,
    0.29
  ],
  [
    1726156800000,
    0.298
  ],
  [
    1726160400000,
    0.28
  ],
  [
    1726164000000,
    0.278
  ],
  [
    1726167600000,
    0.28
  ],
  [
    1726171200000,
    0.28
  ],
  [
    1726174800000,
    0.287
  ],
  [
    1726178400000,
    0.28
  ],
  [
    1726182000000,
    0.29
  ],
  [
    1726185600000,
    0.287
  ],
  [
    1726189200000,
    0.287
  ],
  [
    1726192800000,
    0.29
  ],
  [
    1726196400000,
    0.29
  ],
  [
    1726200000000,
    0.29
  ],
  [
    1726203600000,
    0.29
  ],
  [
    1726207200000,
    0.288
  ],
  [
    1726210800000,
    0.287
  ],
  [
    1726214400000,
    0.287
  ],
  [
    1726218000000,
    0.284
  ],
  [
    1726221600000,
    0.287
  ],
  [
    1726225200000,
    0.284
  ]
]