[
  [
    1574121600000,
    9.519
  ],
  [
    1574208000000,
    10.149
  ],
  [
    1574294400000,
    10.258
  ],
  [
    1574380800000,
    12.914
  ],
  [
    1574467200000,
    14.694
  ],
  [
    1574553600000,
    13.265
  ],
  [
    1574640000000,
    13.716
  ],
  [
    1574726400000,
    13.446
  ],
  [
    1574812800000,
    17.868
  ],
  [
    1574899200000,
    17.173
  ],
  [
    1574985600000,
    17.237
  ],
  [
    1575072000000,
    21.891
  ],
  [
    1575158400000,
    23.535
  ],
  [
    1575244800000,
    22.214
  ],
  [
    1575331200000,
    20.403
  ],
  [
    1575417600000,
    22.288
  ],
  [
    1575504000000,
    19.199
  ],
  [
    1575590400000,
    20.775
  ],
  [
    1575676800000,
    23.415
  ],
  [
    1575763200000,
    21.684
  ],
  [
    1575849600000,
    22.54
  ],
  [
    1575936000000,
    24.904
  ],
  [
    1576022400000,
    25.877
  ],
  [
    1576108800000,
    23.28
  ],
  [
    1576195200000,
    21.483
  ],
  [
    1576281600000,
    22.34
  ],
  [
    1576368000000,
    22.337
  ],
  [
    1576454400000,
    24.656
  ],
  [
    1576540800000,
    21.445
  ],
  [
    1576627200000,
    21.068
  ],
  [
    1576713600000,
    22.212
  ],
  [
    1576800000000,
    21.922
  ],
  [
    1576886400000,
    22.121
  ],
  [
    1576972800000,
    23.032
  ],
  [
    1577059200000,
    21.35
  ],
  [
    1577145600000,
    21.238
  ],
  [
    1577232000000,
    23.558
  ],
  [
    1577318400000,
    21.758
  ],
  [
    1577404800000,
    21.772
  ],
  [
    1577491200000,
    21.778
  ],
  [
    1577577600000,
    26.417
  ],
  [
    1577664000000,
    23.064
  ],
  [
    1577750400000,
    26.198
  ],
  [
    1577836800000,
    21.079
  ],
  [
    1577923200000,
    20.072
  ],
  [
    1578009600000,
    21.378
  ],
  [
    1578096000000,
    22.382
  ],
  [
    1578182400000,
    21.153
  ],
  [
    1578268800000,
    22
  ],
  [
    1578355200000,
    23.539
  ],
  [
    1578441600000,
    22.315
  ],
  [
    1578528000000,
    22.446
  ],
  [
    1578614400000,
    22.553
  ],
  [
    1578700800000,
    23.566
  ],
  [
    1578787200000,
    21.855
  ],
  [
    1578873600000,
    22.855
  ],
  [
    1578960000000,
    23.933
  ],
  [
    1579046400000,
    24.816
  ],
  [
    1579132800000,
    27.74
  ],
  [
    1579219200000,
    30.104
  ],
  [
    1579305600000,
    29.59
  ],
  [
    1579392000000,
    24.274
  ],
  [
    1579478400000,
    24.388
  ],
  [
    1579564800000,
    25.363
  ],
  [
    1579651200000,
    25.942
  ],
  [
    1579737600000,
    28.104
  ],
  [
    1579824000000,
    26.368
  ],
  [
    1579910400000,
    22.777
  ],
  [
    1579996800000,
    25.064
  ],
  [
    1580083200000,
    33.417
  ],
  [
    1580169600000,
    23.921
  ],
  [
    1580256000000,
    24.974
  ],
  [
    1580342400000,
    26.05
  ],
  [
    1580428800000,
    25.241
  ],
  [
    1580515200000,
    29.751
  ],
  [
    1580601600000,
    30.469
  ],
  [
    1580688000000,
    31.448
  ],
  [
    1580774400000,
    51.765
  ],
  [
    1580860800000,
    46.099
  ],
  [
    1580947200000,
    42.153
  ],
  [
    1581033600000,
    38.17
  ],
  [
    1581120000000,
    34.245
  ],
  [
    1581206400000,
    35.562
  ],
  [
    1581292800000,
    34.544
  ],
  [
    1581379200000,
    34.603
  ],
  [
    1581465600000,
    34.507
  ],
  [
    1581552000000,
    34.391
  ],
  [
    1581638400000,
    49.738
  ],
  [
    1581724800000,
    41.146
  ],
  [
    1581811200000,
    35.96
  ],
  [
    1581897600000,
    36.768
  ],
  [
    1581984000000,
    35.633
  ],
  [
    1582070400000,
    33.328
  ],
  [
    1582156800000,
    30.603
  ],
  [
    1582243200000,
    30
  ],
  [
    1582329600000,
    32.081
  ],
  [
    1582416000000,
    38.901
  ],
  [
    1582502400000,
    46.244
  ],
  [
    1582588800000,
    46.503
  ],
  [
    1582675200000,
    47.876
  ],
  [
    1582761600000,
    44.045
  ],
  [
    1582848000000,
    45.562
  ],
  [
    1582934400000,
    48.855
  ],
  [
    1583020800000,
    47.268
  ],
  [
    1583107200000,
    42.902
  ],
  [
    1583193600000,
    47.857
  ],
  [
    1583280000000,
    42.59
  ],
  [
    1583366400000,
    41.1
  ],
  [
    1583452800000,
    40.772
  ],
  [
    1583539200000,
    39.438
  ],
  [
    1583625600000,
    39.396
  ],
  [
    1583712000000,
    38.701
  ],
  [
    1583798400000,
    40.315
  ],
  [
    1583884800000,
    38.305
  ],
  [
    1583971200000,
    36.786
  ],
  [
    1584057600000,
    40.296
  ],
  [
    1584144000000,
    36.129
  ],
  [
    1584230400000,
    41.049
  ],
  [
    1584316800000,
    36.478
  ],
  [
    1584403200000,
    37.161
  ],
  [
    1584489600000,
    36.184
  ],
  [
    1584576000000,
    38.928
  ],
  [
    1584662400000,
    38.4
  ],
  [
    1584748800000,
    39.089
  ],
  [
    1584835200000,
    40.397
  ],
  [
    1584921600000,
    39.139
  ],
  [
    1585008000000,
    38.532
  ],
  [
    1585094400000,
    39.1
  ],
  [
    1585180800000,
    36.07
  ],
  [
    1585267200000,
    38.37
  ],
  [
    1585353600000,
    41.263
  ],
  [
    1585440000000,
    36.924
  ],
  [
    1585522800000,
    40.141
  ],
  [
    1585609200000,
    40.409
  ],
  [
    1585695600000,
    39.568
  ],
  [
    1585782000000,
    36.137
  ],
  [
    1585868400000,
    36.595
  ],
  [
    1585954800000,
    35.791
  ],
  [
    1586041200000,
    36.806
  ],
  [
    1586127600000,
    32.205
  ],
  [
    1586214000000,
    34.618
  ],
  [
    1586300400000,
    31.884
  ],
  [
    1586386800000,
    30.855
  ],
  [
    1586473200000,
    30.779
  ],
  [
    1586559600000,
    29.912
  ],
  [
    1586646000000,
    31.373
  ],
  [
    1586732400000,
    29.499
  ],
  [
    1586818800000,
    30.023
  ],
  [
    1586905200000,
    31.913
  ],
  [
    1586991600000,
    32.647
  ],
  [
    1587078000000,
    29.66
  ],
  [
    1587164400000,
    28.838
  ],
  [
    1587250800000,
    30.594
  ],
  [
    1587337200000,
    31.145
  ],
  [
    1587423600000,
    32.845
  ],
  [
    1587510000000,
    30.249
  ],
  [
    1587596400000,
    30.706
  ],
  [
    1587682800000,
    29.41
  ],
  [
    1587769200000,
    30.225
  ],
  [
    1587855600000,
    29.295
  ],
  [
    1587942000000,
    30.327
  ],
  [
    1588028400000,
    30.312
  ],
  [
    1588114800000,
    32.293
  ],
  [
    1588201200000,
    33.448
  ],
  [
    1588287600000,
    33.392
  ],
  [
    1588374000000,
    34.201
  ],
  [
    1588460400000,
    34.507
  ],
  [
    1588546800000,
    33.831
  ],
  [
    1588633200000,
    35.06
  ],
  [
    1588719600000,
    35.193
  ],
  [
    1588806000000,
    36.5
  ],
  [
    1588892400000,
    38.941
  ],
  [
    1588978800000,
    35.22
  ],
  [
    1589065200000,
    40.818
  ],
  [
    1589151600000,
    33.386
  ],
  [
    1589238000000,
    36.799
  ],
  [
    1589324400000,
    35.473
  ],
  [
    1589410800000,
    37.467
  ],
  [
    1589497200000,
    34.607
  ],
  [
    1589583600000,
    40.179
  ],
  [
    1589670000000,
    36.279
  ],
  [
    1589756400000,
    39.636
  ],
  [
    1589842800000,
    37.984
  ],
  [
    1589929200000,
    38.145
  ],
  [
    1590015600000,
    37.309
  ],
  [
    1590102000000,
    38.89
  ],
  [
    1590188400000,
    37.217
  ],
  [
    1590274800000,
    39.922
  ],
  [
    1590361200000,
    37.872
  ],
  [
    1590447600000,
    36.154
  ],
  [
    1590534000000,
    36.313
  ],
  [
    1590620400000,
    35.164
  ],
  [
    1590706800000,
    36.446
  ],
  [
    1590793200000,
    35.824
  ],
  [
    1590879600000,
    41.978
  ],
  [
    1591052400000,
    38.66
  ],
  [
    1591138800000,
    38.436
  ],
  [
    1591225200000,
    40.138
  ],
  [
    1591311600000,
    38.926
  ],
  [
    1591398000000,
    37.273
  ],
  [
    1591484400000,
    38.64
  ],
  [
    1591570800000,
    35.727
  ],
  [
    1591657200000,
    38.96
  ],
  [
    1591743600000,
    36.073
  ],
  [
    1591830000000,
    39.3
  ],
  [
    1591916400000,
    36.157
  ],
  [
    1592002800000,
    38.448
  ],
  [
    1592089200000,
    44.925
  ],
  [
    1592175600000,
    36.343
  ],
  [
    1592262000000,
    38
  ],
  [
    1592348400000,
    35.897
  ],
  [
    1592434800000,
    38.212
  ],
  [
    1592521200000,
    36.784
  ],
  [
    1592607600000,
    35.173
  ],
  [
    1592694000000,
    34.48
  ],
  [
    1592780400000,
    36.717
  ],
  [
    1592866800000,
    35.617
  ],
  [
    1592953200000,
    34.081
  ],
  [
    1593039600000,
    33.272
  ],
  [
    1593126000000,
    35.727
  ],
  [
    1593212400000,
    35.582
  ],
  [
    1593298800000,
    37.08
  ],
  [
    1593385200000,
    43.183
  ],
  [
    1593471600000,
    39.152
  ],
  [
    1593558000000,
    36.677
  ],
  [
    1593644400000,
    39.35
  ],
  [
    1593730800000,
    40.175
  ],
  [
    1593817200000,
    37.911
  ],
  [
    1593903600000,
    36.653
  ],
  [
    1593990000000,
    37.018
  ],
  [
    1594076400000,
    38.529
  ],
  [
    1594162800000,
    40.979
  ],
  [
    1594249200000,
    41.757
  ],
  [
    1594335600000,
    54.025
  ],
  [
    1594422000000,
    37.825
  ],
  [
    1594508400000,
    44.164
  ],
  [
    1594594800000,
    38.119
  ],
  [
    1594681200000,
    41.05
  ],
  [
    1594767600000,
    40.784
  ],
  [
    1594854000000,
    38.948
  ],
  [
    1594940400000,
    37.48
  ],
  [
    1595026800000,
    40.003
  ],
  [
    1595113200000,
    42.829
  ],
  [
    1595199600000,
    43.214
  ],
  [
    1595286000000,
    40.038
  ],
  [
    1595372400000,
    39.932
  ],
  [
    1595458800000,
    40.613
  ],
  [
    1595545200000,
    46.432
  ],
  [
    1595631600000,
    42.659
  ],
  [
    1595718000000,
    42.572
  ],
  [
    1595804400000,
    40.954
  ],
  [
    1595890800000,
    40.524
  ],
  [
    1595977200000,
    43.456
  ],
  [
    1596063600000,
    41.254
  ],
  [
    1596150000000,
    43.673
  ],
  [
    1596236400000,
    43.185
  ],
  [
    1596322800000,
    40.603
  ],
  [
    1596409200000,
    41.332
  ],
  [
    1596495600000,
    42.508
  ],
  [
    1596582000000,
    41.946
  ],
  [
    1596668400000,
    42.843
  ],
  [
    1596754800000,
    47.284
  ],
  [
    1596841200000,
    47.451
  ],
  [
    1596927600000,
    51.674
  ],
  [
    1597014000000,
    44.833
  ],
  [
    1597100400000,
    43.422
  ],
  [
    1597186800000,
    47.461
  ],
  [
    1597273200000,
    39.93
  ],
  [
    1597359600000,
    40.206
  ],
  [
    1597446000000,
    43.888
  ],
  [
    1597532400000,
    39.55
  ],
  [
    1597618800000,
    41.497
  ],
  [
    1597705200000,
    40.866
  ],
  [
    1597791600000,
    40.1
  ],
  [
    1597878000000,
    41.025
  ],
  [
    1597964400000,
    37.583
  ],
  [
    1598050800000,
    43.443
  ],
  [
    1598137200000,
    39.106
  ],
  [
    1598223600000,
    36.936
  ],
  [
    1598310000000,
    41.399
  ],
  [
    1598396400000,
    41.787
  ],
  [
    1598569200000,
    38.017
  ],
  [
    1598655600000,
    37.708
  ],
  [
    1598742000000,
    41.639
  ],
  [
    1598828400000,
    42.28
  ],
  [
    1598914800000,
    35.28
  ],
  [
    1599001200000,
    39.037
  ],
  [
    1599087600000,
    35.32
  ],
  [
    1599174000000,
    40.189
  ],
  [
    1599260400000,
    35.3
  ],
  [
    1599433200000,
    38.672
  ],
  [
    1599519600000,
    47.284
  ],
  [
    1599692400000,
    39.024
  ],
  [
    1599778800000,
    38.688
  ],
  [
    1599865200000,
    37.268
  ],
  [
    1599951600000,
    39.339
  ],
  [
    1600038000000,
    38.581
  ],
  [
    1600124400000,
    39.029
  ],
  [
    1600210800000,
    39.689
  ],
  [
    1600297200000,
    47.655
  ],
  [
    1600383600000,
    41.18
  ],
  [
    1600470000000,
    41.365
  ],
  [
    1600556400000,
    38.727
  ],
  [
    1600642800000,
    39.816
  ],
  [
    1600729200000,
    45.237
  ],
  [
    1600815600000,
    41.315
  ],
  [
    1600902000000,
    47.396
  ],
  [
    1600988400000,
    40.585
  ],
  [
    1601074800000,
    41.654
  ],
  [
    1601161200000,
    43.622
  ],
  [
    1601247600000,
    44.461
  ],
  [
    1601334000000,
    43.357
  ],
  [
    1601420400000,
    39.572
  ],
  [
    1601506800000,
    37.593
  ],
  [
    1601593200000,
    40.339
  ],
  [
    1601679600000,
    43.369
  ],
  [
    1601766000000,
    42.015
  ],
  [
    1601852400000,
    61.993
  ],
  [
    1601938800000,
    41.06
  ],
  [
    1602025200000,
    42.766
  ],
  [
    1602111600000,
    43.117
  ],
  [
    1602198000000,
    44.63
  ],
  [
    1602284400000,
    44.078
  ],
  [
    1602370800000,
    35.872
  ],
  [
    1602457200000,
    40.298
  ],
  [
    1602543600000,
    44.053
  ],
  [
    1602630000000,
    46.387
  ],
  [
    1602716400000,
    45.815
  ],
  [
    1602802800000,
    46.471
  ],
  [
    1602889200000,
    49.941
  ],
  [
    1602975600000,
    45.775
  ],
  [
    1603062000000,
    43.319
  ],
  [
    1603148400000,
    45.733
  ],
  [
    1603234800000,
    42.674
  ],
  [
    1603321200000,
    42.26
  ],
  [
    1603407600000,
    43.81
  ],
  [
    1603494000000,
    42.167
  ],
  [
    1603580400000,
    43.485
  ],
  [
    1603670400000,
    43.138
  ],
  [
    1603756800000,
    41.01
  ],
  [
    1603843200000,
    40.085
  ],
  [
    1603929600000,
    44.183
  ],
  [
    1604016000000,
    43.986
  ],
  [
    1604102400000,
    42.593
  ],
  [
    1604188800000,
    41.822
  ],
  [
    1604275200000,
    47.406
  ],
  [
    1604361600000,
    44.895
  ],
  [
    1604448000000,
    49.15
  ],
  [
    1604534400000,
    42.205
  ],
  [
    1604620800000,
    46.123
  ],
  [
    1604707200000,
    45.888
  ],
  [
    1604793600000,
    48.924
  ],
  [
    1604880000000,
    54.483
  ],
  [
    1604966400000,
    45.593
  ],
  [
    1605052800000,
    43.268
  ],
  [
    1605139200000,
    45.476
  ],
  [
    1605225600000,
    44.017
  ],
  [
    1605312000000,
    43.411
  ],
  [
    1605398400000,
    42.279
  ],
  [
    1605484800000,
    42.229
  ],
  [
    1605571200000,
    41.164
  ],
  [
    1605657600000,
    62.785
  ],
  [
    1605744000000,
    41.95
  ],
  [
    1605830400000,
    45.348
  ],
  [
    1605916800000,
    40.597
  ],
  [
    1606003200000,
    46.12
  ],
  [
    1606089600000,
    44.165
  ],
  [
    1606176000000,
    41.59
  ],
  [
    1606262400000,
    44.88
  ],
  [
    1606348800000,
    39.383
  ],
  [
    1606435200000,
    42.61
  ],
  [
    1606521600000,
    40.759
  ],
  [
    1606608000000,
    42.725
  ],
  [
    1606694400000,
    41.428
  ],
  [
    1606780800000,
    40.538
  ],
  [
    1606867200000,
    40.878
  ],
  [
    1606953600000,
    45.111
  ],
  [
    1607040000000,
    42.361
  ],
  [
    1607126400000,
    35.778
  ],
  [
    1607212800000,
    37.597
  ],
  [
    1607299200000,
    45.815
  ],
  [
    1607385600000,
    40.759
  ],
  [
    1607472000000,
    43.669
  ],
  [
    1607558400000,
    37.031
  ],
  [
    1607731200000,
    40.659
  ],
  [
    1607817600000,
    40.697
  ],
  [
    1607904000000,
    39.643
  ],
  [
    1607990400000,
    36.52
  ],
  [
    1608076800000,
    41.572
  ],
  [
    1608163200000,
    40.002
  ],
  [
    1608249600000,
    41.626
  ],
  [
    1608336000000,
    46.947
  ],
  [
    1608422400000,
    43.445
  ],
  [
    1608508800000,
    51.852
  ],
  [
    1608595200000,
    42.465
  ],
  [
    1608681600000,
    45.72
  ],
  [
    1608768000000,
    48.39
  ],
  [
    1608854400000,
    47.178
  ],
  [
    1608940800000,
    85.574
  ],
  [
    1609027200000,
    46.5
  ],
  [
    1609113600000,
    50.875
  ],
  [
    1609200000000,
    57.229
  ],
  [
    1609286400000,
    57.915
  ],
  [
    1609372800000,
    58.21
  ],
  [
    1609459200000,
    60.186
  ],
  [
    1609545600000,
    60.62
  ],
  [
    1609632000000,
    61.066
  ],
  [
    1609718400000,
    63.481
  ],
  [
    1609804800000,
    59.92
  ],
  [
    1609891200000,
    65.275
  ],
  [
    1609977600000,
    56.397
  ],
  [
    1610064000000,
    57.136
  ],
  [
    1610150400000,
    60.454
  ],
  [
    1610236800000,
    55.25
  ],
  [
    1610323200000,
    54.925
  ],
  [
    1610496000000,
    57.242
  ],
  [
    1610582400000,
    63.593
  ],
  [
    1610755200000,
    58.759
  ],
  [
    1610841600000,
    58.953
  ],
  [
    1610928000000,
    71.232
  ],
  [
    1611014400000,
    75.91
  ],
  [
    1611100800000,
    68.63
  ],
  [
    1611273600000,
    59.81
  ],
  [
    1611360000000,
    68.106
  ],
  [
    1611446400000,
    59.79
  ],
  [
    1611532800000,
    59.64
  ],
  [
    1611619200000,
    60.437
  ],
  [
    1611705600000,
    57.82
  ],
  [
    1611792000000,
    59.534
  ],
  [
    1611878400000,
    59.645
  ],
  [
    1611964800000,
    57.183
  ],
  [
    1612051200000,
    57.885
  ],
  [
    1612137600000,
    63.216
  ],
  [
    1612224000000,
    66.061
  ],
  [
    1612310400000,
    60.351
  ],
  [
    1612396800000,
    60.665
  ],
  [
    1612483200000,
    70.507
  ],
  [
    1612569600000,
    62.121
  ],
  [
    1612656000000,
    62.127
  ],
  [
    1612742400000,
    64.406
  ],
  [
    1612828800000,
    68.756
  ],
  [
    1612915200000,
    63.317
  ],
  [
    1613001600000,
    60.465
  ],
  [
    1613088000000,
    61.427
  ],
  [
    1613174400000,
    60.347
  ],
  [
    1613260800000,
    61.63
  ],
  [
    1613347200000,
    55.265
  ],
  [
    1613433600000,
    56.155
  ],
  [
    1613520000000,
    57.347
  ],
  [
    1613606400000,
    52.693
  ],
  [
    1613692800000,
    60.16
  ],
  [
    1613779200000,
    57.901
  ],
  [
    1613865600000,
    58.81
  ],
  [
    1613952000000,
    63.331
  ],
  [
    1614038400000,
    53.42
  ],
  [
    1614124800000,
    56.142
  ],
  [
    1614211200000,
    60.247
  ],
  [
    1614297600000,
    59.435
  ],
  [
    1614384000000,
    60.355
  ],
  [
    1614470400000,
    58.121
  ],
  [
    1614556800000,
    57.59
  ],
  [
    1614643200000,
    59.99
  ],
  [
    1614729600000,
    62.471
  ],
  [
    1614816000000,
    56.15
  ],
  [
    1614902400000,
    60.769
  ],
  [
    1614988800000,
    59.933
  ],
  [
    1615075200000,
    63.644
  ],
  [
    1615161600000,
    58.618
  ],
  [
    1615334400000,
    67.053
  ],
  [
    1615420800000,
    58.39
  ],
  [
    1615593600000,
    65.801
  ],
  [
    1615680000000,
    66.754
  ],
  [
    1615766400000,
    66.935
  ],
  [
    1615852800000,
    64.616
  ],
  [
    1615939200000,
    65.244
  ],
  [
    1616025600000,
    62.603
  ],
  [
    1616112000000,
    65.86
  ],
  [
    1616198400000,
    83.745
  ],
  [
    1616284800000,
    74.995
  ],
  [
    1616371200000,
    86.168
  ],
  [
    1616457600000,
    98.9
  ],
  [
    1616544000000,
    115.14
  ],
  [
    1616630400000,
    95.683
  ],
  [
    1616716800000,
    90.134
  ],
  [
    1616803200000,
    75.257
  ],
  [
    1617058800000,
    103.511
  ],
  [
    1617145200000,
    85.678
  ],
  [
    1617231600000,
    82.116
  ],
  [
    1617318000000,
    88.573
  ],
  [
    1617577200000,
    86.875
  ],
  [
    1617663600000,
    125.51
  ],
  [
    1617836400000,
    97.569
  ],
  [
    1617922800000,
    91.53
  ],
  [
    1618009200000,
    81.582
  ],
  [
    1618095600000,
    80.905
  ],
  [
    1618182000000,
    84.365
  ],
  [
    1618268400000,
    85
  ],
  [
    1618354800000,
    98.93
  ],
  [
    1618441200000,
    98.492
  ],
  [
    1618527600000,
    130.688
  ],
  [
    1618786800000,
    92.602
  ],
  [
    1618873200000,
    86.463
  ],
  [
    1618959600000,
    134.106
  ],
  [
    1619046000000,
    88.822
  ],
  [
    1619132400000,
    89.35
  ],
  [
    1619218800000,
    89.535
  ],
  [
    1619391600000,
    104.134
  ],
  [
    1619564400000,
    96.23
  ],
  [
    1619650800000,
    106.97
  ],
  [
    1619737200000,
    109.088
  ],
  [
    1619823600000,
    112.9
  ],
  [
    1619996400000,
    117.11
  ],
  [
    1620082800000,
    135.565
  ],
  [
    1620169200000,
    137.03
  ],
  [
    1620255600000,
    113.505
  ],
  [
    1620342000000,
    111.665
  ],
  [
    1620428400000,
    104.6
  ],
  [
    1620514800000,
    120.011
  ],
  [
    1620601200000,
    138.12
  ],
  [
    1620687600000,
    120
  ],
  [
    1620774000000,
    114
  ],
  [
    1620860400000,
    114
  ],
  [
    1620946800000,
    119.16
  ],
  [
    1621033200000,
    117.266
  ],
  [
    1621119600000,
    149.166
  ],
  [
    1621206000000,
    139.387
  ],
  [
    1621292400000,
    155.05
  ],
  [
    1621378800000,
    172.619
  ],
  [
    1621465200000,
    159.51
  ],
  [
    1621551600000,
    138.535
  ],
  [
    1621638000000,
    173.693
  ],
  [
    1621724400000,
    158.655
  ],
  [
    1621810800000,
    160
  ],
  [
    1621983600000,
    201.835
  ],
  [
    1622070000000,
    216.935
  ],
  [
    1622156400000,
    203.579
  ],
  [
    1622242800000,
    237.415
  ],
  [
    1622329200000,
    204.57
  ],
  [
    1622415600000,
    198.168
  ],
  [
    1622588400000,
    239.874
  ],
  [
    1622674800000,
    243.27
  ],
  [
    1622761200000,
    256.845
  ],
  [
    1622847600000,
    289.31
  ],
  [
    1623020400000,
    283.517
  ],
  [
    1623106800000,
    308.535
  ],
  [
    1623193200000,
    314.89
  ],
  [
    1623279600000,
    341.433
  ],
  [
    1623366000000,
    332.5
  ],
  [
    1623452400000,
    324.055
  ],
  [
    1623625200000,
    270.1
  ],
  [
    1623798000000,
    296.67
  ],
  [
    1623884400000,
    299.3
  ],
  [
    1623970800000,
    291.231
  ],
  [
    1624057200000,
    280.133
  ],
  [
    1624143600000,
    273.251
  ],
  [
    1624230000000,
    264.494
  ],
  [
    1624316400000,
    231.65
  ],
  [
    1624402800000,
    235.57
  ],
  [
    1624489200000,
    236.18
  ],
  [
    1624575600000,
    245.549
  ],
  [
    1624834800000,
    215.99
  ],
  [
    1624921200000,
    248.05
  ],
  [
    1625007600000,
    193.1
  ],
  [
    1625094000000,
    189.72
  ],
  [
    1625266800000,
    183.46
  ],
  [
    1625353200000,
    185.95
  ],
  [
    1625439600000,
    186.629
  ],
  [
    1625526000000,
    215.541
  ],
  [
    1625612400000,
    175.481
  ],
  [
    1625698800000,
    191.324
  ],
  [
    1625785200000,
    195.105
  ],
  [
    1625871600000,
    165.725
  ],
  [
    1625958000000,
    148.913
  ],
  [
    1626044400000,
    165.692
  ],
  [
    1626130800000,
    183.116
  ],
  [
    1626217200000,
    176.2
  ],
  [
    1626303600000,
    162.791
  ],
  [
    1626390000000,
    171.622
  ],
  [
    1626476400000,
    175.515
  ],
  [
    1626735600000,
    173.35
  ],
  [
    1626908400000,
    165.66
  ],
  [
    1627254000000,
    197.062
  ],
  [
    1627513200000,
    186.197
  ],
  [
    1627599600000,
    167.899
  ],
  [
    1627686000000,
    180.073
  ],
  [
    1627772400000,
    200.604
  ],
  [
    1627858800000,
    202.755
  ],
  [
    1628204400000,
    181.012
  ],
  [
    1628290800000,
    193.878
  ],
  [
    1628377200000,
    188.61
  ],
  [
    1628463600000,
    166.54
  ],
  [
    1628550000000,
    160.83
  ],
  [
    1628636400000,
    188.084
  ],
  [
    1628722800000,
    160
  ],
  [
    1628809200000,
    150.93
  ],
  [
    1628982000000,
    165.14
  ],
  [
    1629068400000,
    143.236
  ],
  [
    1629154800000,
    158.54
  ],
  [
    1629241200000,
    139.605
  ],
  [
    1629327600000,
    199.275
  ],
  [
    1629414000000,
    158.961
  ],
  [
    1629586800000,
    141.249
  ],
  [
    1629759600000,
    167.56
  ],
  [
    1630018800000,
    143.94
  ],
  [
    1630191600000,
    142.97
  ],
  [
    1630278000000,
    150.608
  ],
  [
    1630364400000,
    143.13
  ],
  [
    1630450800000,
    159.722
  ],
  [
    1630537200000,
    143.72
  ],
  [
    1630623600000,
    178.105
  ],
  [
    1630710000000,
    178.36
  ],
  [
    1630796400000,
    158.205
  ],
  [
    1630882800000,
    156.932
  ],
  [
    1631055600000,
    143.71
  ],
  [
    1631142000000,
    139.35
  ],
  [
    1631314800000,
    151.023
  ],
  [
    1631401200000,
    134.88
  ],
  [
    1631487600000,
    134.98
  ],
  [
    1631574000000,
    135.09
  ],
  [
    1631660400000,
    134.66
  ],
  [
    1631746800000,
    162.256
  ],
  [
    1631833200000,
    150.474
  ],
  [
    1631919600000,
    153.325
  ],
  [
    1632006000000,
    144
  ],
  [
    1632092400000,
    169.419
  ],
  [
    1632178800000,
    139.98
  ],
  [
    1632265200000,
    123.694
  ],
  [
    1632351600000,
    106.72
  ],
  [
    1632438000000,
    104.11
  ],
  [
    1632524400000,
    112.208
  ],
  [
    1632610800000,
    113.762
  ],
  [
    1632697200000,
    115.84
  ],
  [
    1632870000000,
    128.375
  ],
  [
    1632956400000,
    123.475
  ],
  [
    1633042800000,
    141.637
  ],
  [
    1633129200000,
    123.52
  ],
  [
    1633215600000,
    138.784
  ],
  [
    1633388400000,
    144.76
  ],
  [
    1633474800000,
    133.235
  ],
  [
    1633561200000,
    124.53
  ],
  [
    1633647600000,
    121.16
  ],
  [
    1633820400000,
    146.196
  ],
  [
    1634079600000,
    119.89
  ],
  [
    1634166000000,
    132.635
  ],
  [
    1634252400000,
    134.61
  ],
  [
    1634338800000,
    119.198
  ],
  [
    1634598000000,
    138.637
  ],
  [
    1634770800000,
    160.56
  ],
  [
    1634857200000,
    115.39
  ],
  [
    1634943600000,
    116.507
  ],
  [
    1635030000000,
    119.387
  ],
  [
    1635289200000,
    117.15
  ],
  [
    1635462000000,
    124.007
  ],
  [
    1635548400000,
    111.424
  ],
  [
    1635634800000,
    115.417
  ],
  [
    1635724800000,
    121.215
  ],
  [
    1635811200000,
    117.677
  ],
  [
    1635897600000,
    114.291
  ],
  [
    1635984000000,
    112.21
  ],
  [
    1636070400000,
    121.341
  ],
  [
    1636156800000,
    112.427
  ],
  [
    1636243200000,
    127.026
  ],
  [
    1636329600000,
    120.324
  ],
  [
    1636416000000,
    108.3
  ],
  [
    1636502400000,
    106.695
  ],
  [
    1636588800000,
    109.854
  ],
  [
    1636761600000,
    113.03
  ],
  [
    1636848000000,
    104.11
  ],
  [
    1636934400000,
    115.933
  ],
  [
    1637020800000,
    116.861
  ],
  [
    1637193600000,
    124.714
  ],
  [
    1637280000000,
    108.12
  ],
  [
    1637366400000,
    108.6
  ],
  [
    1637452800000,
    115.359
  ],
  [
    1637625600000,
    117.395
  ],
  [
    1637712000000,
    109.48
  ],
  [
    1637798400000,
    130
  ],
  [
    1637884800000,
    114.962
  ],
  [
    1637971200000,
    118.48
  ],
  [
    1638057600000,
    109.795
  ],
  [
    1638144000000,
    107.59
  ],
  [
    1638230400000,
    127.314
  ],
  [
    1638403200000,
    124.98
  ],
  [
    1638489600000,
    127.318
  ],
  [
    1638662400000,
    140.207
  ],
  [
    1638921600000,
    145.38
  ],
  [
    1639008000000,
    141.35
  ],
  [
    1639094400000,
    176.26
  ],
  [
    1639180800000,
    135.3
  ],
  [
    1639267200000,
    137.51
  ],
  [
    1639353600000,
    137.55
  ],
  [
    1639526400000,
    136.983
  ],
  [
    1639612800000,
    137.832
  ],
  [
    1639699200000,
    133.257
  ],
  [
    1639785600000,
    129.76
  ],
  [
    1639872000000,
    127.435
  ],
  [
    1639958400000,
    129.34
  ],
  [
    1640044800000,
    130.088
  ],
  [
    1640390400000,
    155.929
  ],
  [
    1640476800000,
    156.729
  ],
  [
    1640563200000,
    151.64
  ],
  [
    1640649600000,
    146.111
  ],
  [
    1640736000000,
    133.715
  ],
  [
    1640908800000,
    144.4
  ],
  [
    1641081600000,
    148.135
  ],
  [
    1641168000000,
    141.05
  ],
  [
    1641427200000,
    152.306
  ],
  [
    1641772800000,
    169.76
  ],
  [
    1641859200000,
    151.493
  ],
  [
    1641945600000,
    152.534
  ],
  [
    1642118400000,
    142.265
  ],
  [
    1642291200000,
    155.735
  ],
  [
    1642550400000,
    144.259
  ],
  [
    1642636800000,
    155.427
  ],
  [
    1642723200000,
    142.16
  ],
  [
    1642809600000,
    142
  ],
  [
    1643068800000,
    152.583
  ],
  [
    1643328000000,
    156.042
  ],
  [
    1643414400000,
    141.03
  ],
  [
    1643500800000,
    154.044
  ],
  [
    1643760000000,
    144.605
  ],
  [
    1643846400000,
    151.15
  ],
  [
    1644278400000,
    138
  ],
  [
    1644364800000,
    131.24
  ],
  [
    1644624000000,
    131.673
  ],
  [
    1644883200000,
    92.24
  ],
  [
    1644969600000,
    130.235
  ],
  [
    1645056000000,
    126.004
  ],
  [
    1645142400000,
    138.19
  ],
  [
    1645315200000,
    122.52
  ],
  [
    1645401600000,
    127.003
  ],
  [
    1645574400000,
    156.198
  ],
  [
    1645920000000,
    153.164
  ],
  [
    1646265600000,
    127.635
  ],
  [
    1646352000000,
    166.73
  ],
  [
    1646611200000,
    143.838
  ],
  [
    1646956800000,
    140.81
  ],
  [
    1647043200000,
    144.063
  ],
  [
    1647129600000,
    142.479
  ],
  [
    1647561600000,
    131.022
  ],
  [
    1647907200000,
    152.82
  ],
  [
    1647993600000,
    158.592
  ],
  [
    1648166400000,
    150.04
  ],
  [
    1648252800000,
    197.539
  ],
  [
    1648422000000,
    1.864
  ],
  [
    1648508400000,
    141.456
  ],
  [
    1648594800000,
    139.4
  ],
  [
    1648681200000,
    139.76
  ],
  [
    1648767600000,
    125.51
  ],
  [
    1648854000000,
    143.92
  ],
  [
    1648940400000,
    145.05
  ],
  [
    1649286000000,
    146.65
  ],
  [
    1649372400000,
    174.006
  ],
  [
    1649458800000,
    149.17
  ],
  [
    1649545200000,
    175.014
  ],
  [
    1649804400000,
    151.14
  ],
  [
    1650063600000,
    168.179
  ],
  [
    1650236400000,
    169.77
  ],
  [
    1650322800000,
    198.477
  ],
  [
    1650409200000,
    168.99
  ],
  [
    1650668400000,
    199.6
  ],
  [
    1651014000000,
    180.5
  ],
  [
    1651273200000,
    180.52
  ],
  [
    1651359600000,
    191.108
  ],
  [
    1651446000000,
    260.006
  ],
  [
    1651618800000,
    179.89
  ],
  [
    1651705200000,
    162.566
  ],
  [
    1651791600000,
    163.875
  ],
  [
    1651878000000,
    209.34
  ],
  [
    1652223600000,
    166.79
  ],
  [
    1652310000000,
    163.96
  ],
  [
    1652482800000,
    167.429
  ],
  [
    1652569200000,
    163.84
  ],
  [
    1652655600000,
    167.681
  ],
  [
    1652742000000,
    229.999
  ],
  [
    1652914800000,
    166.8
  ],
  [
    1653174000000,
    213.693
  ],
  [
    1653433200000,
    161.983
  ],
  [
    1653692400000,
    160.74
  ],
  [
    1653865200000,
    160.6
  ],
  [
    1654038000000,
    152.31
  ],
  [
    1654124400000,
    152.23
  ],
  [
    1654210800000,
    152.49
  ],
  [
    1654297200000,
    151.84
  ],
  [
    1654470000000,
    158.162
  ],
  [
    1654556400000,
    172.25
  ],
  [
    1654642800000,
    153.09
  ],
  [
    1654815600000,
    153.257
  ],
  [
    1654902000000,
    153.344
  ],
  [
    1654988400000,
    165.37
  ],
  [
    1655074800000,
    153.01
  ],
  [
    1655161200000,
    147.205
  ],
  [
    1655334000000,
    144.9
  ],
  [
    1655420400000,
    141.839
  ],
  [
    1655506800000,
    137.28
  ],
  [
    1655593200000,
    137.672
  ],
  [
    1655679600000,
    161.553
  ],
  [
    1656025200000,
    161.622
  ],
  [
    1656284400000,
    161.47
  ],
  [
    1656457200000,
    152.41
  ],
  [
    1656543600000,
    139.21
  ],
  [
    1656630000000,
    139.155
  ],
  [
    1656716400000,
    141.241
  ],
  [
    1656802800000,
    125.005
  ],
  [
    1656889200000,
    140.385
  ],
  [
    1656975600000,
    138.867
  ],
  [
    1657062000000,
    150.387
  ],
  [
    1657148400000,
    184.269
  ],
  [
    1657494000000,
    147.17
  ],
  [
    1657666800000,
    142.25
  ],
  [
    1657753200000,
    142.52
  ],
  [
    1657926000000,
    149.29
  ],
  [
    1658185200000,
    143.72
  ],
  [
    1658358000000,
    147.84
  ],
  [
    1658617200000,
    147.86
  ],
  [
    1658703600000,
    147.79
  ],
  [
    1658790000000,
    147
  ],
  [
    1658962800000,
    146.4
  ],
  [
    1659135600000,
    156.093
  ],
  [
    1659222000000,
    147.17
  ],
  [
    1659308400000,
    154.042
  ],
  [
    1659394800000,
    157.225
  ],
  [
    1659567600000,
    150.135
  ],
  [
    1659654000000,
    151.08
  ],
  [
    1659740400000,
    150.37
  ],
  [
    1659826800000,
    159.945
  ],
  [
    1660086000000,
    147.205
  ],
  [
    1660258800000,
    149.82
  ],
  [
    1660431600000,
    153.02
  ],
  [
    1660604400000,
    156.05
  ],
  [
    1660863600000,
    149.663
  ],
  [
    1660950000000,
    154.37
  ],
  [
    1661036400000,
    160
  ],
  [
    1661122800000,
    166.121
  ],
  [
    1661295600000,
    172.89
  ],
  [
    1661468400000,
    147.86
  ],
  [
    1661727600000,
    148.01
  ],
  [
    1661814000000,
    147.92
  ],
  [
    1661986800000,
    155.607
  ],
  [
    1662073200000,
    151.13
  ],
  [
    1662159600000,
    158.923
  ],
  [
    1662332400000,
    156.07
  ],
  [
    1662678000000,
    155.5
  ],
  [
    1662764400000,
    153.38
  ],
  [
    1662937200000,
    155.45
  ],
  [
    1663110000000,
    152.225
  ],
  [
    1663196400000,
    149.85
  ],
  [
    1663369200000,
    152.2
  ],
  [
    1663455600000,
    153.4
  ],
  [
    1663542000000,
    151.01
  ],
  [
    1663714800000,
    148.7
  ],
  [
    1663801200000,
    147.34
  ],
  [
    1663887600000,
    142.667
  ],
  [
    1663974000000,
    147.34
  ],
  [
    1664060400000,
    144.67
  ],
  [
    1664146800000,
    147.08
  ],
  [
    1664233200000,
    166.931
  ],
  [
    1664319600000,
    144.334
  ],
  [
    1664406000000,
    144.17
  ],
  [
    1664492400000,
    143.88
  ],
  [
    1664578800000,
    140
  ],
  [
    1664751600000,
    163.271
  ],
  [
    1664838000000,
    140.01
  ],
  [
    1665010800000,
    167.96
  ],
  [
    1665097200000,
    162.5
  ],
  [
    1665183600000,
    141.295
  ],
  [
    1665356400000,
    142.475
  ],
  [
    1665442800000,
    183.312
  ],
  [
    1665529200000,
    145.36
  ],
  [
    1665615600000,
    142.02
  ],
  [
    1665702000000,
    148.917
  ],
  [
    1665874800000,
    148.72
  ],
  [
    1665961200000,
    147.86
  ],
  [
    1666047600000,
    158.769
  ],
  [
    1666134000000,
    156.95
  ],
  [
    1666220400000,
    157.505
  ],
  [
    1666479600000,
    148.77
  ],
  [
    1666566000000,
    148.706
  ],
  [
    1666652400000,
    148.735
  ],
  [
    1666825200000,
    145.16
  ],
  [
    1666998000000,
    143.49
  ],
  [
    1667084400000,
    172.568
  ],
  [
    1667174400000,
    156.612
  ],
  [
    1667260800000,
    173.798
  ],
  [
    1667520000000,
    176.19
  ],
  [
    1667692800000,
    176.54
  ],
  [
    1667779200000,
    178.72
  ],
  [
    1667952000000,
    160.12
  ],
  [
    1668297600000,
    175.04
  ],
  [
    1668470400000,
    177.34
  ],
  [
    1668556800000,
    173.88
  ],
  [
    1668643200000,
    168.79
  ],
  [
    1668902400000,
    163
  ],
  [
    1668988800000,
    170.441
  ],
  [
    1669161600000,
    205.06
  ],
  [
    1669248000000,
    169.43
  ],
  [
    1669334400000,
    200.002
  ],
  [
    1669420800000,
    179.83
  ],
  [
    1669939200000,
    184.094
  ],
  [
    1670025600000,
    175.444
  ],
  [
    1670284800000,
    175.66
  ],
  [
    1670371200000,
    176.437
  ],
  [
    1670457600000,
    175.66
  ],
  [
    1670544000000,
    188.822
  ],
  [
    1670630400000,
    217.72
  ],
  [
    1670803200000,
    173.42
  ],
  [
    1671062400000,
    175
  ],
  [
    1671148800000,
    223.559
  ],
  [
    1671580800000,
    221.984
  ],
  [
    1671840000000,
    173.28
  ],
  [
    1671926400000,
    174.439
  ],
  [
    1672272000000,
    236.58
  ],
  [
    1672876800000,
    176.284
  ],
  [
    1672963200000,
    175
  ],
  [
    1673049600000,
    175.52
  ],
  [
    1673222400000,
    200.03
  ],
  [
    1673308800000,
    176.14
  ],
  [
    1673395200000,
    179
  ],
  [
    1673481600000,
    179.43
  ],
  [
    1673568000000,
    181.47
  ],
  [
    1674432000000,
    213.45
  ],
  [
    1674604800000,
    172.936
  ],
  [
    1674864000000,
    191.434
  ],
  [
    1674950400000,
    205
  ],
  [
    1675036800000,
    190.621
  ],
  [
    1675382400000,
    203.49
  ],
  [
    1675468800000,
    192.68
  ],
  [
    1675555200000,
    179.045
  ],
  [
    1675641600000,
    179.12
  ],
  [
    1675728000000,
    183.02
  ],
  [
    1675987200000,
    185.46
  ],
  [
    1676073600000,
    186.7
  ],
  [
    1676160000000,
    187.45
  ],
  [
    1676332800000,
    199.99
  ],
  [
    1676505600000,
    262.475
  ],
  [
    1676678400000,
    193.563
  ],
  [
    1676851200000,
    212.81
  ],
  [
    1676937600000,
    179
  ],
  [
    1677024000000,
    179.857
  ],
  [
    1677196800000,
    247.921
  ],
  [
    1677369600000,
    216.547
  ],
  [
    1677801600000,
    232.494
  ],
  [
    1678233600000,
    203.52
  ],
  [
    1678320000000,
    224.7
  ],
  [
    1678579200000,
    209.405
  ],
  [
    1678752000000,
    216.79
  ],
  [
    1678924800000,
    228.31
  ],
  [
    1679011200000,
    223.954
  ],
  [
    1679184000000,
    230
  ],
  [
    1679270400000,
    215.63
  ],
  [
    1679356800000,
    232.73
  ],
  [
    1679529600000,
    275.75
  ],
  [
    1679616000000,
    269.505
  ],
  [
    1679702400000,
    232.012
  ],
  [
    1679788800000,
    309.687
  ],
  [
    1679958000000,
    259.99
  ],
  [
    1680130800000,
    300.001
  ],
  [
    1680303600000,
    269.76
  ],
  [
    1680649200000,
    270.639
  ],
  [
    1680735600000,
    241
  ],
  [
    1680822000000,
    287.08
  ],
  [
    1680908400000,
    255.632
  ],
  [
    1681081200000,
    248.9
  ],
  [
    1681167600000,
    345.977
  ],
  [
    1681340400000,
    250.66
  ],
  [
    1681426800000,
    256.025
  ],
  [
    1681599600000,
    284.015
  ],
  [
    1681686000000,
    278.526
  ],
  [
    1681858800000,
    310
  ],
  [
    1681945200000,
    326.834
  ],
  [
    1682031600000,
    326.962
  ],
  [
    1682377200000,
    293.885
  ],
  [
    1682636400000,
    292.25
  ],
  [
    1682809200000,
    276.93
  ],
  [
    1682895600000,
    341.248
  ],
  [
    1683068400000,
    318.87
  ],
  [
    1683241200000,
    266.302
  ],
  [
    1683500400000,
    283.443
  ],
  [
    1683673200000,
    263.12
  ],
  [
    1683759600000,
    249.998
  ],
  [
    1683846000000,
    231.653
  ],
  [
    1683932400000,
    235.1
  ],
  [
    1684018800000,
    311.04
  ],
  [
    1684191600000,
    308.96
  ],
  [
    1684278000000,
    238.08
  ],
  [
    1684537200000,
    235.29
  ],
  [
    1684623600000,
    281.08
  ],
  [
    1684796400000,
    238.72
  ],
  [
    1684882800000,
    340.83
  ],
  [
    1684969200000,
    240.15
  ],
  [
    1685142000000,
    240.891
  ],
  [
    1685314800000,
    244.23
  ],
  [
    1685487600000,
    344.699
  ],
  [
    1685574000000,
    252.03
  ],
  [
    1685746800000,
    320
  ],
  [
    1686092400000,
    309.98
  ],
  [
    1686178800000,
    322.55
  ],
  [
    1686265200000,
    354.8
  ],
  [
    1686351600000,
    263.47
  ],
  [
    1686956400000,
    280.575
  ],
  [
    1687215600000,
    306.439
  ],
  [
    1687388400000,
    302.857
  ],
  [
    1687474800000,
    325.001
  ],
  [
    1687561200000,
    283.68
  ],
  [
    1688079600000,
    283.31
  ],
  [
    1688166000000,
    262.11
  ],
  [
    1688252400000,
    283.37
  ],
  [
    1688338800000,
    296.085
  ],
  [
    1688425200000,
    280.275
  ],
  [
    1689030000000,
    350.014
  ],
  [
    1689116400000,
    269.99
  ],
  [
    1689289200000,
    265.05
  ],
  [
    1689462000000,
    269.72
  ],
  [
    1689894000000,
    325
  ],
  [
    1690153200000,
    280.28
  ],
  [
    1690239600000,
    300.01
  ],
  [
    1690326000000,
    280.34
  ],
  [
    1690498800000,
    321.25
  ],
  [
    1690585200000,
    285.9
  ],
  [
    1690671600000,
    291.78
  ],
  [
    1690758000000,
    298.63
  ],
  [
    1690844400000,
    325.171
  ],
  [
    1690930800000,
    361.967
  ],
  [
    1691103600000,
    339.787
  ],
  [
    1691276400000,
    321.75
  ],
  [
    1691449200000,
    309
  ],
  [
    1691535600000,
    377.999
  ],
  [
    1691708400000,
    314.67
  ],
  [
    1691794800000,
    344.37
  ],
  [
    1692054000000,
    325.03
  ],
  [
    1692313200000,
    320.32
  ],
  [
    1692399600000,
    348.077
  ],
  [
    1692486000000,
    307.28
  ],
  [
    1692572400000,
    305.75
  ],
  [
    1692658800000,
    406.55
  ],
  [
    1692918000000,
    395.482
  ],
  [
    1693004400000,
    356.41
  ],
  [
    1693177200000,
    338.19
  ],
  [
    1693350000000,
    310.01
  ],
  [
    1693436400000,
    331.09
  ],
  [
    1693522800000,
    334.538
  ],
  [
    1694386800000,
    300.54
  ],
  [
    1694473200000,
    300.43
  ],
  [
    1694818800000,
    324.871
  ],
  [
    1694905200000,
    310.66
  ],
  [
    1695423600000,
    313.6
  ],
  [
    1695596400000,
    321.28
  ],
  [
    1695855600000,
    328.999
  ],
  [
    1696114800000,
    346.841
  ],
  [
    1696374000000,
    300
  ],
  [
    1696460400000,
    375.057
  ],
  [
    1696719600000,
    321.28
  ],
  [
    1697065200000,
    381.62
  ],
  [
    1697497200000,
    384.371
  ],
  [
    1697583600000,
    360.22
  ],
  [
    1697670000000,
    337.499
  ],
  [
    1698015600000,
    334.09
  ],
  [
    1698188400000,
    318.9
  ],
  [
    1698361200000,
    305
  ],
  [
    1698534000000,
    286.315
  ],
  [
    1698710400000,
    351.85
  ],
  [
    1698796800000,
    287.97
  ],
  [
    1698883200000,
    307.37
  ],
  [
    1698969600000,
    317.79
  ],
  [
    1699488000000,
    324.81
  ],
  [
    1699574400000,
    325.17
  ],
  [
    1699660800000,
    309.66
  ],
  [
    1699747200000,
    293.25
  ],
  [
    1700265600000,
    327.44
  ],
  [
    1700438400000,
    336.4
  ],
  [
    1700697600000,
    482.527
  ],
  [
    1701043200000,
    404.636
  ],
  [
    1701475200000,
    296.225
  ],
  [
    1701907200000,
    311.815
  ],
  [
    1701993600000,
    383.687
  ],
  [
    1702080000000,
    302.87
  ],
  [
    1702771200000,
    312.47
  ],
  [
    1703030400000,
    315.65
  ],
  [
    1703203200000,
    297.72
  ],
  [
    1703980800000,
    373.13
  ],
  [
    1704326400000,
    305
  ],
  [
    1704499200000,
    302.075
  ],
  [
    1704931200000,
    296.191
  ],
  [
    1705190400000,
    300
  ],
  [
    1705276800000,
    301.27
  ],
  [
    1705449600000,
    298.011
  ],
  [
    1705708800000,
    312
  ],
  [
    1707004800000,
    301.8
  ],
  [
    1707091200000,
    288.377
  ],
  [
    1707436800000,
    344.69
  ],
  [
    1707609600000,
    286.844
  ],
  [
    1707782400000,
    287.3
  ],
  [
    1708473600000,
    269.14
  ],
  [
    1708732800000,
    278
  ],
  [
    1709164800000,
    366.24
  ],
  [
    1710028800000,
    335
  ],
  [
    1710547200000,
    288.71
  ],
  [
    1711324800000,
    324.424
  ],
  [
    1711584000000,
    324.751
  ],
  [
    1711670400000,
    325.62
  ],
  [
    1712185200000,
    316.36
  ],
  [
    1712444400000,
    344.97
  ],
  [
    1712530800000,
    223.365
  ],
  [
    1712617200000,
    345
  ],
  [
    1712703600000,
    369
  ],
  [
    1713049200000,
    375.41
  ],
  [
    1713308400000,
    344.068
  ],
  [
    1714258800000,
    374.683
  ],
  [
    1715036400000,
    348.88
  ],
  [
    1716508800000,
    393.76
  ],
  [
    1716570000000,
    399.41
  ],
  [
    1716645600000,
    405.86
  ],
  [
    1717218000000,
    434.47
  ],
  [
    1717290000000,
    330
  ],
  [
    1718236800000,
    423.695
  ],
  [
    1718546400000,
    391.05
  ],
  [
    1718647200000,
    391.19
  ]
]