[
  [
    1574121600000,
    6.126
  ],
  [
    1574208000000,
    7.125
  ],
  [
    1574294400000,
    8.306
  ],
  [
    1574380800000,
    9.536
  ],
  [
    1574467200000,
    10.318
  ],
  [
    1574553600000,
    9.673
  ],
  [
    1574640000000,
    9.552
  ],
  [
    1574726400000,
    9.143
  ],
  [
    1574812800000,
    9.308
  ],
  [
    1574899200000,
    10.828
  ],
  [
    1574985600000,
    10.903
  ],
  [
    1575072000000,
    13.349
  ],
  [
    1575158400000,
    14.526
  ],
  [
    1575331200000,
    15.149
  ],
  [
    1575417600000,
    14.234
  ],
  [
    1575504000000,
    14.128
  ],
  [
    1575590400000,
    15.024
  ],
  [
    1575676800000,
    16.808
  ],
  [
    1575763200000,
    18.407
  ],
  [
    1575849600000,
    18.955
  ],
  [
    1575936000000,
    19.341
  ],
  [
    1576022400000,
    18.412
  ],
  [
    1576108800000,
    16.655
  ],
  [
    1576195200000,
    15.744
  ],
  [
    1576281600000,
    15.732
  ],
  [
    1576368000000,
    16.471
  ],
  [
    1576454400000,
    16.336
  ],
  [
    1576540800000,
    15.992
  ],
  [
    1576627200000,
    15.692
  ],
  [
    1576713600000,
    16.067
  ],
  [
    1576800000000,
    15.99
  ],
  [
    1576886400000,
    16.514
  ],
  [
    1576972800000,
    16.383
  ],
  [
    1577059200000,
    16.457
  ],
  [
    1577145600000,
    18.839
  ],
  [
    1577232000000,
    17.265
  ],
  [
    1577318400000,
    18.464
  ],
  [
    1577404800000,
    17.916
  ],
  [
    1577491200000,
    17.95
  ],
  [
    1577577600000,
    17.939
  ],
  [
    1577664000000,
    17.77
  ],
  [
    1577750400000,
    16.937
  ],
  [
    1577836800000,
    16.973
  ],
  [
    1577923200000,
    16.592
  ],
  [
    1578009600000,
    16.735
  ],
  [
    1578096000000,
    17.872
  ],
  [
    1578182400000,
    17.64
  ],
  [
    1578268800000,
    17.972
  ],
  [
    1578355200000,
    17.249
  ],
  [
    1578441600000,
    18.356
  ],
  [
    1578528000000,
    18.061
  ],
  [
    1578614400000,
    17.804
  ],
  [
    1578700800000,
    18.246
  ],
  [
    1578787200000,
    18.995
  ],
  [
    1578873600000,
    17.274
  ],
  [
    1578960000000,
    18.216
  ],
  [
    1579046400000,
    18.079
  ],
  [
    1579132800000,
    17.409
  ],
  [
    1579219200000,
    19.406
  ],
  [
    1579305600000,
    17.909
  ],
  [
    1579392000000,
    18.311
  ],
  [
    1579478400000,
    18.505
  ],
  [
    1579564800000,
    18.371
  ],
  [
    1579651200000,
    17.42
  ],
  [
    1579737600000,
    18.718
  ],
  [
    1579824000000,
    18.304
  ],
  [
    1579910400000,
    18.804
  ],
  [
    1579996800000,
    18.019
  ],
  [
    1580083200000,
    17.289
  ],
  [
    1580169600000,
    17.439
  ],
  [
    1580256000000,
    17.791
  ],
  [
    1580342400000,
    18.623
  ],
  [
    1580428800000,
    18.669
  ],
  [
    1580515200000,
    19.103
  ],
  [
    1580601600000,
    20.143
  ],
  [
    1580688000000,
    24.712
  ],
  [
    1580774400000,
    32.443
  ],
  [
    1580860800000,
    30.787
  ],
  [
    1580947200000,
    28.671
  ],
  [
    1581033600000,
    28.734
  ],
  [
    1581120000000,
    24.841
  ],
  [
    1581206400000,
    25.974
  ],
  [
    1581292800000,
    23.722
  ],
  [
    1581379200000,
    22.972
  ],
  [
    1581465600000,
    23.46
  ],
  [
    1581552000000,
    22.276
  ],
  [
    1581638400000,
    22.722
  ],
  [
    1581724800000,
    24.724
  ],
  [
    1581811200000,
    25.063
  ],
  [
    1581897600000,
    24.819
  ],
  [
    1581984000000,
    23.293
  ],
  [
    1582070400000,
    23.493
  ],
  [
    1582156800000,
    23.267
  ],
  [
    1582243200000,
    24.333
  ],
  [
    1582329600000,
    27.029
  ],
  [
    1582416000000,
    29.934
  ],
  [
    1582502400000,
    37.164
  ],
  [
    1582588800000,
    36.115
  ],
  [
    1582675200000,
    32.83
  ],
  [
    1582761600000,
    32.973
  ],
  [
    1582848000000,
    34.594
  ],
  [
    1582934400000,
    36.841
  ],
  [
    1583020800000,
    37.497
  ],
  [
    1583107200000,
    35.229
  ],
  [
    1583193600000,
    34.978
  ],
  [
    1583280000000,
    33.842
  ],
  [
    1583366400000,
    31.114
  ],
  [
    1583452800000,
    32.727
  ],
  [
    1583539200000,
    30.812
  ],
  [
    1583625600000,
    29.826
  ],
  [
    1583712000000,
    30.197
  ],
  [
    1583798400000,
    29.983
  ],
  [
    1583884800000,
    31.123
  ],
  [
    1583971200000,
    31.593
  ],
  [
    1584057600000,
    30.033
  ],
  [
    1584144000000,
    29.851
  ],
  [
    1584230400000,
    29.668
  ],
  [
    1584316800000,
    29.352
  ],
  [
    1584403200000,
    31.585
  ],
  [
    1584489600000,
    31.401
  ],
  [
    1584576000000,
    30.306
  ],
  [
    1584662400000,
    30.318
  ],
  [
    1584748800000,
    30.872
  ],
  [
    1584835200000,
    31.596
  ],
  [
    1584921600000,
    29.53
  ],
  [
    1585008000000,
    29.331
  ],
  [
    1585094400000,
    29.799
  ],
  [
    1585180800000,
    28.757
  ],
  [
    1585267200000,
    28.6
  ],
  [
    1585353600000,
    28.914
  ],
  [
    1585440000000,
    27.974
  ],
  [
    1585522800000,
    30.043
  ],
  [
    1585609200000,
    27.759
  ],
  [
    1585695600000,
    28.649
  ],
  [
    1585782000000,
    28.695
  ],
  [
    1585868400000,
    28.466
  ],
  [
    1585954800000,
    28.155
  ],
  [
    1586041200000,
    28.287
  ],
  [
    1586127600000,
    28.475
  ],
  [
    1586214000000,
    26.719
  ],
  [
    1586300400000,
    27.171
  ],
  [
    1586386800000,
    26.792
  ],
  [
    1586473200000,
    26.824
  ],
  [
    1586559600000,
    26.263
  ],
  [
    1586646000000,
    25.823
  ],
  [
    1586732400000,
    24.509
  ],
  [
    1586818800000,
    24.382
  ],
  [
    1586905200000,
    25.494
  ],
  [
    1586991600000,
    25.839
  ],
  [
    1587078000000,
    24.637
  ],
  [
    1587164400000,
    25.381
  ],
  [
    1587250800000,
    25.53
  ],
  [
    1587337200000,
    25.34
  ],
  [
    1587423600000,
    23.592
  ],
  [
    1587510000000,
    24.039
  ],
  [
    1587596400000,
    24.736
  ],
  [
    1587682800000,
    24.375
  ],
  [
    1587769200000,
    24.212
  ],
  [
    1587855600000,
    25.175
  ],
  [
    1587942000000,
    23.86
  ],
  [
    1588028400000,
    25.43
  ],
  [
    1588114800000,
    27.88
  ],
  [
    1588201200000,
    27.067
  ],
  [
    1588287600000,
    27.396
  ],
  [
    1588374000000,
    28.933
  ],
  [
    1588460400000,
    28.341
  ],
  [
    1588546800000,
    29.462
  ],
  [
    1588633200000,
    29.864
  ],
  [
    1588719600000,
    28.024
  ],
  [
    1588806000000,
    27.155
  ],
  [
    1588892400000,
    26.219
  ],
  [
    1588978800000,
    27.687
  ],
  [
    1589065200000,
    29.49
  ],
  [
    1589151600000,
    26.278
  ],
  [
    1589238000000,
    32.181
  ],
  [
    1589324400000,
    33.65
  ],
  [
    1589410800000,
    29.992
  ],
  [
    1589497200000,
    29.602
  ],
  [
    1589583600000,
    31.527
  ],
  [
    1589670000000,
    30.923
  ],
  [
    1589756400000,
    34.154
  ],
  [
    1589842800000,
    31.908
  ],
  [
    1589929200000,
    33.462
  ],
  [
    1590015600000,
    32.219
  ],
  [
    1590102000000,
    33.053
  ],
  [
    1590188400000,
    32.904
  ],
  [
    1590274800000,
    32.416
  ],
  [
    1590361200000,
    32.695
  ],
  [
    1590447600000,
    30.67
  ],
  [
    1590534000000,
    30.852
  ],
  [
    1590620400000,
    31.296
  ],
  [
    1590706800000,
    33.419
  ],
  [
    1590793200000,
    31.674
  ],
  [
    1590879600000,
    31.24
  ],
  [
    1590966000000,
    34.54
  ],
  [
    1591052400000,
    32.512
  ],
  [
    1591138800000,
    30.97
  ],
  [
    1591225200000,
    34.697
  ],
  [
    1591311600000,
    31.279
  ],
  [
    1591398000000,
    34.228
  ],
  [
    1591484400000,
    34.021
  ],
  [
    1591570800000,
    32.411
  ],
  [
    1591657200000,
    32.384
  ],
  [
    1591743600000,
    29.381
  ],
  [
    1591830000000,
    31.594
  ],
  [
    1591916400000,
    32.533
  ],
  [
    1592002800000,
    31.565
  ],
  [
    1592089200000,
    34.382
  ],
  [
    1592175600000,
    31.183
  ],
  [
    1592262000000,
    32.304
  ],
  [
    1592348400000,
    35.234
  ],
  [
    1592434800000,
    35.987
  ],
  [
    1592607600000,
    32.185
  ],
  [
    1592780400000,
    32.001
  ],
  [
    1592866800000,
    33.614
  ],
  [
    1592953200000,
    33.193
  ],
  [
    1593039600000,
    30.824
  ],
  [
    1593126000000,
    29.942
  ],
  [
    1593212400000,
    30.864
  ],
  [
    1593298800000,
    32.432
  ],
  [
    1593385200000,
    31.749
  ],
  [
    1593471600000,
    31.521
  ],
  [
    1593558000000,
    31.541
  ],
  [
    1593644400000,
    34.689
  ],
  [
    1593730800000,
    35.139
  ],
  [
    1593817200000,
    33.783
  ],
  [
    1593903600000,
    34.332
  ],
  [
    1593990000000,
    32.335
  ],
  [
    1594076400000,
    32.518
  ],
  [
    1594162800000,
    32.839
  ],
  [
    1594249200000,
    33.524
  ],
  [
    1594335600000,
    31.151
  ],
  [
    1594422000000,
    32.755
  ],
  [
    1594508400000,
    33.932
  ],
  [
    1594594800000,
    35.89
  ],
  [
    1594681200000,
    33.992
  ],
  [
    1594767600000,
    34.446
  ],
  [
    1594854000000,
    33.393
  ],
  [
    1594940400000,
    39.26
  ],
  [
    1595026800000,
    36.827
  ],
  [
    1595199600000,
    36.338
  ],
  [
    1595286000000,
    38.479
  ],
  [
    1595458800000,
    34.681
  ],
  [
    1595545200000,
    39.154
  ],
  [
    1595631600000,
    36.416
  ],
  [
    1595718000000,
    35.722
  ],
  [
    1595804400000,
    34.848
  ],
  [
    1595890800000,
    36.784
  ],
  [
    1595977200000,
    40.56
  ],
  [
    1596063600000,
    38.732
  ],
  [
    1596236400000,
    39.87
  ],
  [
    1596322800000,
    38.941
  ],
  [
    1596409200000,
    43.71
  ],
  [
    1596495600000,
    40.897
  ],
  [
    1596582000000,
    35.5
  ],
  [
    1596668400000,
    39.492
  ],
  [
    1596754800000,
    38.746
  ],
  [
    1596841200000,
    36.035
  ],
  [
    1596927600000,
    35.77
  ],
  [
    1597014000000,
    35.512
  ],
  [
    1597100400000,
    35.297
  ],
  [
    1597186800000,
    35.293
  ],
  [
    1597273200000,
    34.707
  ],
  [
    1597359600000,
    34.54
  ],
  [
    1597446000000,
    36.64
  ],
  [
    1597532400000,
    36.987
  ],
  [
    1597705200000,
    35.222
  ],
  [
    1597791600000,
    34.693
  ],
  [
    1597878000000,
    36.574
  ],
  [
    1597964400000,
    33.939
  ],
  [
    1598050800000,
    34.464
  ],
  [
    1598137200000,
    33.505
  ],
  [
    1598223600000,
    36.025
  ],
  [
    1598310000000,
    37.35
  ],
  [
    1598396400000,
    33.409
  ],
  [
    1598569200000,
    33.942
  ],
  [
    1598655600000,
    35.394
  ],
  [
    1598914800000,
    35.398
  ],
  [
    1599174000000,
    33.659
  ],
  [
    1599260400000,
    35.62
  ],
  [
    1599346800000,
    37.16
  ],
  [
    1599433200000,
    37.769
  ],
  [
    1599606000000,
    36.099
  ],
  [
    1599692400000,
    32.335
  ],
  [
    1599778800000,
    35.103
  ],
  [
    1599865200000,
    32.161
  ],
  [
    1599951600000,
    32.35
  ],
  [
    1600210800000,
    37.665
  ],
  [
    1600383600000,
    35.46
  ],
  [
    1600470000000,
    37.811
  ],
  [
    1600556400000,
    35.97
  ],
  [
    1600729200000,
    35.46
  ],
  [
    1600815600000,
    38.807
  ],
  [
    1600902000000,
    35.77
  ],
  [
    1600988400000,
    40.418
  ],
  [
    1601074800000,
    35.552
  ],
  [
    1601247600000,
    23.303
  ],
  [
    1601334000000,
    36.63
  ],
  [
    1601420400000,
    36.81
  ],
  [
    1601506800000,
    37.94
  ],
  [
    1601593200000,
    2.021
  ],
  [
    1601679600000,
    42.097
  ],
  [
    1601766000000,
    38.195
  ],
  [
    1601938800000,
    36.74
  ],
  [
    1602025200000,
    42.98
  ],
  [
    1602111600000,
    37.182
  ],
  [
    1602198000000,
    38
  ],
  [
    1602284400000,
    40.008
  ],
  [
    1602370800000,
    38.027
  ],
  [
    1602457200000,
    38.018
  ],
  [
    1602543600000,
    38.03
  ],
  [
    1602630000000,
    38.06
  ],
  [
    1602716400000,
    38.01
  ],
  [
    1602802800000,
    41.171
  ],
  [
    1602889200000,
    39.238
  ],
  [
    1602975600000,
    43.037
  ],
  [
    1603062000000,
    44.134
  ],
  [
    1603148400000,
    39.25
  ],
  [
    1603234800000,
    38.915
  ],
  [
    1603321200000,
    45.341
  ],
  [
    1603407600000,
    38.337
  ],
  [
    1603494000000,
    40.552
  ],
  [
    1603756800000,
    37.589
  ],
  [
    1603843200000,
    39.985
  ],
  [
    1603929600000,
    38.923
  ],
  [
    1604016000000,
    36.046
  ],
  [
    1604188800000,
    39.304
  ],
  [
    1604275200000,
    36.26
  ],
  [
    1604361600000,
    35.54
  ],
  [
    1604534400000,
    41.436
  ],
  [
    1604707200000,
    36.712
  ],
  [
    1604793600000,
    38.104
  ],
  [
    1604880000000,
    37.373
  ],
  [
    1604966400000,
    36.923
  ],
  [
    1605052800000,
    38.333
  ],
  [
    1605139200000,
    36.68
  ],
  [
    1605225600000,
    37.81
  ],
  [
    1605312000000,
    38.957
  ],
  [
    1605398400000,
    38.975
  ],
  [
    1605484800000,
    37.81
  ],
  [
    1605571200000,
    38.53
  ],
  [
    1605657600000,
    38.126
  ],
  [
    1605744000000,
    38.575
  ],
  [
    1605830400000,
    39.599
  ],
  [
    1606003200000,
    38.017
  ],
  [
    1606262400000,
    38.747
  ],
  [
    1606435200000,
    34.067
  ],
  [
    1606521600000,
    34.025
  ],
  [
    1606608000000,
    27.024
  ],
  [
    1606694400000,
    35.536
  ],
  [
    1606867200000,
    34.5
  ],
  [
    1606953600000,
    38.751
  ],
  [
    1607040000000,
    33.853
  ],
  [
    1607126400000,
    31.983
  ],
  [
    1607212800000,
    31.126
  ],
  [
    1607299200000,
    31.584
  ],
  [
    1607385600000,
    31.683
  ],
  [
    1607472000000,
    37.37
  ],
  [
    1607558400000,
    33.063
  ],
  [
    1607644800000,
    31.54
  ],
  [
    1607731200000,
    34.55
  ],
  [
    1607817600000,
    37.259
  ],
  [
    1607904000000,
    32.664
  ],
  [
    1607990400000,
    33.44
  ],
  [
    1608076800000,
    37.549
  ],
  [
    1608249600000,
    33.18
  ],
  [
    1608422400000,
    37.094
  ],
  [
    1608508800000,
    41.605
  ],
  [
    1608595200000,
    37.524
  ],
  [
    1608681600000,
    35.355
  ],
  [
    1608768000000,
    39.99
  ],
  [
    1608854400000,
    40.42
  ],
  [
    1608940800000,
    40.372
  ],
  [
    1609027200000,
    39.06
  ],
  [
    1609113600000,
    39.22
  ],
  [
    1609200000000,
    47.641
  ],
  [
    1609286400000,
    45.996
  ],
  [
    1609372800000,
    53.869
  ],
  [
    1609459200000,
    51.36
  ],
  [
    1609545600000,
    52.242
  ],
  [
    1609632000000,
    49.815
  ],
  [
    1609718400000,
    55.613
  ],
  [
    1609804800000,
    54.685
  ],
  [
    1609891200000,
    55.979
  ],
  [
    1609977600000,
    64.51
  ],
  [
    1610236800000,
    54.637
  ],
  [
    1610323200000,
    53.163
  ],
  [
    1610409600000,
    52.46
  ],
  [
    1610582400000,
    58.595
  ],
  [
    1610755200000,
    58.335
  ],
  [
    1610841600000,
    56.36
  ],
  [
    1610928000000,
    56.36
  ],
  [
    1611100800000,
    54.02
  ],
  [
    1611187200000,
    54.936
  ],
  [
    1611273600000,
    53.905
  ],
  [
    1611446400000,
    59.57
  ],
  [
    1611532800000,
    55.819
  ],
  [
    1611792000000,
    56.202
  ],
  [
    1612051200000,
    54.525
  ],
  [
    1612137600000,
    54.66
  ],
  [
    1612224000000,
    53.89
  ],
  [
    1612310400000,
    64.217
  ],
  [
    1612483200000,
    54.107
  ],
  [
    1612569600000,
    56.31
  ],
  [
    1612656000000,
    58.585
  ],
  [
    1612742400000,
    62.684
  ],
  [
    1613001600000,
    59.224
  ],
  [
    1613174400000,
    49.775
  ],
  [
    1613347200000,
    49.951
  ],
  [
    1613433600000,
    52.56
  ],
  [
    1613520000000,
    47.92
  ],
  [
    1613606400000,
    50.437
  ],
  [
    1613692800000,
    48.94
  ],
  [
    1613779200000,
    53.766
  ],
  [
    1613952000000,
    55.022
  ],
  [
    1614038400000,
    51.388
  ],
  [
    1614211200000,
    51.36
  ],
  [
    1614297600000,
    54.607
  ],
  [
    1614384000000,
    57.565
  ],
  [
    1614470400000,
    50.251
  ],
  [
    1614556800000,
    52.195
  ],
  [
    1614643200000,
    58.51
  ],
  [
    1614729600000,
    50.63
  ],
  [
    1614816000000,
    52.735
  ],
  [
    1614902400000,
    56.009
  ],
  [
    1615075200000,
    51.233
  ],
  [
    1615334400000,
    59.48
  ],
  [
    1615420800000,
    54.17
  ],
  [
    1615507200000,
    58.795
  ],
  [
    1615680000000,
    57.856
  ],
  [
    1615852800000,
    59.11
  ],
  [
    1615939200000,
    59.12
  ],
  [
    1616025600000,
    58.78
  ],
  [
    1616112000000,
    59.313
  ],
  [
    1616198400000,
    62.993
  ],
  [
    1616284800000,
    68.96
  ],
  [
    1616371200000,
    68.715
  ],
  [
    1616544000000,
    86.719
  ],
  [
    1616630400000,
    76.165
  ],
  [
    1616716800000,
    77.756
  ],
  [
    1616889600000,
    76.68
  ],
  [
    1617145200000,
    74.47
  ],
  [
    1617318000000,
    69.619
  ],
  [
    1617577200000,
    85.314
  ],
  [
    1617836400000,
    71.37
  ],
  [
    1617922800000,
    84.396
  ],
  [
    1618268400000,
    84.624
  ],
  [
    1618441200000,
    98.006
  ],
  [
    1618527600000,
    85.279
  ],
  [
    1618614000000,
    82.76
  ],
  [
    1618786800000,
    72.698
  ],
  [
    1618873200000,
    81.35
  ],
  [
    1618959600000,
    81.42
  ],
  [
    1619046000000,
    53.057
  ],
  [
    1619305200000,
    83.35
  ],
  [
    1619564400000,
    88.235
  ],
  [
    1619650800000,
    93.083
  ],
  [
    1619737200000,
    105.11
  ],
  [
    1619910000000,
    111.12
  ],
  [
    1620082800000,
    104.24
  ],
  [
    1620255600000,
    106.92
  ],
  [
    1620514800000,
    72.462
  ],
  [
    1620601200000,
    101.26
  ],
  [
    1620687600000,
    107.81
  ],
  [
    1620774000000,
    106.355
  ],
  [
    1621119600000,
    108.52
  ],
  [
    1621206000000,
    120.309
  ],
  [
    1621378800000,
    110.342
  ],
  [
    1621551600000,
    125.365
  ],
  [
    1622156400000,
    179.7
  ],
  [
    1622242800000,
    113.16
  ],
  [
    1622415600000,
    181.82
  ],
  [
    1622502000000,
    118.477
  ],
  [
    1622588400000,
    212.13
  ],
  [
    1622674800000,
    190
  ],
  [
    1622761200000,
    220.61
  ],
  [
    1622847600000,
    216.04
  ],
  [
    1623193200000,
    261.25
  ],
  [
    1623279600000,
    288.22
  ],
  [
    1623452400000,
    248.45
  ],
  [
    1623711600000,
    264.357
  ],
  [
    1624230000000,
    227.94
  ],
  [
    1624402800000,
    193.339
  ],
  [
    1624489200000,
    212.378
  ],
  [
    1624662000000,
    152.2
  ],
  [
    1624748400000,
    185.33
  ],
  [
    1624834800000,
    179.767
  ],
  [
    1625353200000,
    182.918
  ],
  [
    1625871600000,
    149.52
  ],
  [
    1625958000000,
    121.03
  ],
  [
    1626303600000,
    120
  ],
  [
    1626390000000,
    125.28
  ],
  [
    1626476400000,
    124.93
  ],
  [
    1626822000000,
    176.19
  ],
  [
    1627340400000,
    128.72
  ],
  [
    1627426800000,
    130
  ],
  [
    1627686000000,
    168.6
  ],
  [
    1627772400000,
    175.947
  ],
  [
    1627945200000,
    168.705
  ],
  [
    1628031600000,
    134.16
  ],
  [
    1628204400000,
    131.512
  ],
  [
    1628377200000,
    124.654
  ],
  [
    1629673200000,
    110.93
  ],
  [
    1631228400000,
    176.454
  ],
  [
    1631487600000,
    118.853
  ],
  [
    1631746800000,
    120.86
  ],
  [
    1632265200000,
    107.234
  ],
  [
    1632783600000,
    79.078
  ],
  [
    1632870000000,
    116.394
  ],
  [
    1633129200000,
    116.503
  ],
  [
    1633302000000,
    93.42
  ],
  [
    1633820400000,
    104.03
  ],
  [
    1633906800000,
    106.78
  ],
  [
    1633993200000,
    121.99
  ],
  [
    1634338800000,
    107.346
  ],
  [
    1634511600000,
    107.391
  ],
  [
    1634684400000,
    107.23
  ],
  [
    1634770800000,
    117.001
  ],
  [
    1634857200000,
    107
  ],
  [
    1635030000000,
    106.915
  ],
  [
    1635289200000,
    108.956
  ],
  [
    1635462000000,
    107.2
  ],
  [
    1635548400000,
    110
  ],
  [
    1635634800000,
    108
  ],
  [
    1635724800000,
    110.38
  ],
  [
    1635811200000,
    108
  ],
  [
    1636243200000,
    108
  ],
  [
    1636502400000,
    101.52
  ],
  [
    1636761600000,
    110.377
  ],
  [
    1636848000000,
    105.198
  ],
  [
    1637539200000,
    100.1
  ],
  [
    1637625600000,
    120.58
  ],
  [
    1637971200000,
    95.396
  ],
  [
    1638057600000,
    94
  ],
  [
    1638230400000,
    111.477
  ],
  [
    1638316800000,
    101.92
  ],
  [
    1638403200000,
    111.85
  ],
  [
    1638489600000,
    108.267
  ],
  [
    1638576000000,
    114.48
  ],
  [
    1638662400000,
    124.51
  ],
  [
    1639008000000,
    123
  ],
  [
    1639094400000,
    124.98
  ],
  [
    1639267200000,
    124.02
  ],
  [
    1639440000000,
    127.184
  ],
  [
    1640044800000,
    120.01
  ],
  [
    1640131200000,
    116.87
  ],
  [
    1640390400000,
    129.81
  ],
  [
    1640563200000,
    130.005
  ],
  [
    1640736000000,
    126.495
  ],
  [
    1640822400000,
    131.345
  ],
  [
    1640995200000,
    125
  ],
  [
    1642896000000,
    131.555
  ],
  [
    1643241600000,
    139.245
  ],
  [
    1643500800000,
    150
  ],
  [
    1643587200000,
    129.12
  ],
  [
    1643932800000,
    122.37
  ],
  [
    1644710400000,
    120
  ],
  [
    1644969600000,
    114.525
  ],
  [
    1645228800000,
    114.47
  ],
  [
    1645315200000,
    112.55
  ],
  [
    1645747200000,
    115.66
  ],
  [
    1645833600000,
    133.62
  ],
  [
    1646092800000,
    118.766
  ],
  [
    1646611200000,
    145.244
  ],
  [
    1647043200000,
    139.99
  ],
  [
    1647475200000,
    120.607
  ],
  [
    1647993600000,
    125.78
  ],
  [
    1648080000000,
    108.101
  ],
  [
    1648166400000,
    127.015
  ],
  [
    1648339200000,
    145.61
  ],
  [
    1648508400000,
    133.55
  ],
  [
    1648681200000,
    131.097
  ],
  [
    1649199600000,
    147.35
  ],
  [
    1649890800000,
    180.565
  ],
  [
    1650322800000,
    156.163
  ],
  [
    1650582000000,
    187.899
  ],
  [
    1650754800000,
    204.63
  ],
  [
    1651186800000,
    151.07
  ],
  [
    1651618800000,
    151.64
  ],
  [
    1651705200000,
    145.44
  ],
  [
    1651878000000,
    209.99
  ],
  [
    1652223600000,
    154.38
  ],
  [
    1652396400000,
    154.53
  ],
  [
    1652569200000,
    118.19
  ],
  [
    1653087600000,
    128
  ],
  [
    1654729200000,
    139.1
  ],
  [
    1654902000000,
    134.58
  ],
  [
    1655161200000,
    134.21
  ],
  [
    1655938800000,
    125.015
  ],
  [
    1656111600000,
    122.943
  ],
  [
    1656370800000,
    126.87
  ],
  [
    1656802800000,
    125.385
  ],
  [
    1656889200000,
    124.27
  ],
  [
    1657234800000,
    129.05
  ],
  [
    1657494000000,
    127.65
  ],
  [
    1658098800000,
    122.78
  ],
  [
    1658790000000,
    126.91
  ],
  [
    1658876400000,
    129.35
  ],
  [
    1659308400000,
    128.8
  ],
  [
    1659740400000,
    139
  ],
  [
    1659826800000,
    138.95
  ],
  [
    1660345200000,
    138.55
  ],
  [
    1660518000000,
    144.04
  ],
  [
    1660690800000,
    138.98
  ],
  [
    1660863600000,
    132.92
  ],
  [
    1661036400000,
    139.06
  ],
  [
    1661641200000,
    137.721
  ],
  [
    1661727600000,
    148.426
  ],
  [
    1662505200000,
    142.33
  ],
  [
    1662591600000,
    144.06
  ],
  [
    1663801200000,
    130.96
  ],
  [
    1664319600000,
    132.45
  ],
  [
    1665097200000,
    124.24
  ],
  [
    1665183600000,
    107.48
  ],
  [
    1665874800000,
    133.7
  ],
  [
    1666134000000,
    132.6
  ],
  [
    1666220400000,
    133
  ],
  [
    1666306800000,
    133.2
  ],
  [
    1666738800000,
    132.48
  ],
  [
    1666825200000,
    132.52
  ],
  [
    1667174400000,
    133.483
  ],
  [
    1667433600000,
    138.34
  ],
  [
    1667865600000,
    137.03
  ],
  [
    1668124800000,
    130
  ],
  [
    1668816000000,
    174.303
  ],
  [
    1668988800000,
    182.131
  ],
  [
    1669248000000,
    146.44
  ],
  [
    1669593600000,
    148.58
  ],
  [
    1670025600000,
    180
  ],
  [
    1670112000000,
    104.77
  ],
  [
    1670198400000,
    229.107
  ],
  [
    1671235200000,
    211.946
  ],
  [
    1672531200000,
    191.73
  ],
  [
    1673136000000,
    167.28
  ],
  [
    1673481600000,
    198.974
  ],
  [
    1673913600000,
    205.24
  ],
  [
    1674432000000,
    203.998
  ],
  [
    1674950400000,
    194.093
  ],
  [
    1675468800000,
    160.79
  ],
  [
    1675555200000,
    168.17
  ],
  [
    1676073600000,
    172.794
  ],
  [
    1676160000000,
    192.234
  ],
  [
    1676419200000,
    193.183
  ],
  [
    1676505600000,
    172.87
  ],
  [
    1677196800000,
    164.46
  ],
  [
    1677369600000,
    177.025
  ],
  [
    1677542400000,
    165.25
  ],
  [
    1677888000000,
    175.233
  ],
  [
    1677974400000,
    175.77
  ],
  [
    1678060800000,
    96.848
  ],
  [
    1678147200000,
    95.001
  ],
  [
    1678320000000,
    202.36
  ],
  [
    1678492800000,
    201.445
  ],
  [
    1678924800000,
    189.776
  ],
  [
    1679270400000,
    201.5
  ],
  [
    1679616000000,
    191.44
  ],
  [
    1679788800000,
    213.034
  ],
  [
    1679871600000,
    200
  ],
  [
    1679958000000,
    201.779
  ],
  [
    1680044400000,
    194.59
  ],
  [
    1680303600000,
    223.879
  ],
  [
    1680476400000,
    210
  ],
  [
    1680649200000,
    217.92
  ],
  [
    1681167600000,
    205.41
  ],
  [
    1681254000000,
    235.016
  ],
  [
    1681772400000,
    245.743
  ],
  [
    1681945200000,
    285.436
  ],
  [
    1682722800000,
    225.56
  ],
  [
    1683241200000,
    227.71
  ],
  [
    1683759600000,
    220.96
  ],
  [
    1684018800000,
    217.52
  ],
  [
    1684105200000,
    264.77
  ],
  [
    1684796400000,
    260.82
  ],
  [
    1685401200000,
    222.299
  ],
  [
    1685660400000,
    225.71
  ],
  [
    1685919600000,
    299.544
  ],
  [
    1686265200000,
    243.7
  ],
  [
    1686956400000,
    245.7
  ],
  [
    1688857200000,
    301.93
  ],
  [
    1690412400000,
    300
  ],
  [
    1690498800000,
    309.66
  ],
  [
    1691535600000,
    301.465
  ],
  [
    1691708400000,
    323.11
  ],
  [
    1691881200000,
    262.63
  ],
  [
    1693090800000,
    262.44
  ],
  [
    1693522800000,
    253.99
  ],
  [
    1694818800000,
    245.06
  ],
  [
    1694905200000,
    270.19
  ],
  [
    1695078000000,
    280.6
  ],
  [
    1696287600000,
    332.993
  ],
  [
    1696460400000,
    287.5
  ],
  [
    1697065200000,
    300
  ],
  [
    1697151600000,
    333.015
  ],
  [
    1698883200000,
    307.411
  ],
  [
    1699401600000,
    297.96
  ],
  [
    1701216000000,
    315.494
  ],
  [
    1702684800000,
    291.341
  ],
  [
    1703894400000,
    319.6
  ],
  [
    1706832000000,
    314.19
  ],
  [
    1711756800000,
    250.25
  ],
  [
    1712530800000,
    313
  ],
  [
    1712617200000,
    325.35
  ],
  [
    1713567600000,
    298.48
  ],
  [
    1715209200000,
    389.382
  ],
  [
    1715382000000,
    316.25
  ]
]