[
  [
    1707264000000,
    14.268
  ],
  [
    1707350400000,
    9.792
  ],
  [
    1707436800000,
    10.192
  ],
  [
    1707523200000,
    10.319
  ],
  [
    1707609600000,
    10.143
  ],
  [
    1707696000000,
    9.563
  ],
  [
    1707782400000,
    8.606
  ],
  [
    1707868800000,
    5.215
  ],
  [
    1707955200000,
    5.056
  ],
  [
    1708041600000,
    5.733
  ],
  [
    1708128000000,
    5.72
  ],
  [
    1708214400000,
    5.585
  ],
  [
    1708300800000,
    5.477
  ],
  [
    1708387200000,
    5.381
  ],
  [
    1708473600000,
    3.962
  ],
  [
    1708560000000,
    3.738
  ],
  [
    1708646400000,
    3.843
  ],
  [
    1708732800000,
    3.924
  ],
  [
    1708819200000,
    4.009
  ],
  [
    1708905600000,
    3.949
  ],
  [
    1708992000000,
    3.83
  ],
  [
    1709078400000,
    3.079
  ],
  [
    1709164800000,
    3.149
  ],
  [
    1709251200000,
    3.45
  ],
  [
    1709337600000,
    3.681
  ],
  [
    1709424000000,
    3.662
  ],
  [
    1709510400000,
    3.615
  ],
  [
    1709596800000,
    3.453
  ],
  [
    1709683200000,
    2.955
  ],
  [
    1709769600000,
    2.999
  ],
  [
    1709856000000,
    3.098
  ],
  [
    1709942400000,
    3.169
  ],
  [
    1710028800000,
    3.14
  ],
  [
    1710115200000,
    3.126
  ],
  [
    1710201600000,
    3.067
  ],
  [
    1710288000000,
    2.654
  ],
  [
    1710374400000,
    2.532
  ],
  [
    1710460800000,
    2.623
  ],
  [
    1710547200000,
    2.713
  ],
  [
    1710633600000,
    2.777
  ],
  [
    1710720000000,
    2.812
  ],
  [
    1710806400000,
    2.818
  ],
  [
    1710892800000,
    2.426
  ],
  [
    1710979200000,
    2.373
  ],
  [
    1711065600000,
    2.563
  ],
  [
    1711152000000,
    2.594
  ],
  [
    1711238400000,
    2.601
  ],
  [
    1711324800000,
    2.614
  ],
  [
    1711411200000,
    2.548
  ],
  [
    1711497600000,
    2.213
  ],
  [
    1711584000000,
    2.237
  ],
  [
    1711670400000,
    2.322
  ],
  [
    1711756800000,
    2.325
  ],
  [
    1711843200000,
    2.325
  ],
  [
    1711926000000,
    2.301
  ],
  [
    1712012400000,
    2.225
  ],
  [
    1712098800000,
    1.95
  ],
  [
    1712185200000,
    1.986
  ],
  [
    1712271600000,
    2.062
  ],
  [
    1712358000000,
    2.096
  ],
  [
    1712444400000,
    2.093
  ],
  [
    1712530800000,
    2.083
  ],
  [
    1712617200000,
    2.018
  ],
  [
    1712703600000,
    1.828
  ],
  [
    1712790000000,
    1.895
  ],
  [
    1712876400000,
    2.018
  ],
  [
    1712962800000,
    2.095
  ],
  [
    1713049200000,
    2.154
  ],
  [
    1713135600000,
    2.11
  ],
  [
    1713222000000,
    2.021
  ],
  [
    1713308400000,
    1.823
  ],
  [
    1713394800000,
    1.859
  ],
  [
    1713481200000,
    1.884
  ],
  [
    1713567600000,
    1.888
  ],
  [
    1713654000000,
    1.748
  ],
  [
    1713740400000,
    1.477
  ],
  [
    1713826800000,
    1.378
  ],
  [
    1713913200000,
    1.245
  ],
  [
    1713999600000,
    1.238
  ],
  [
    1714086000000,
    1.237
  ],
  [
    1714172400000,
    1.368
  ],
  [
    1714258800000,
    1.371
  ],
  [
    1714345200000,
    1.304
  ],
  [
    1714431600000,
    1.288
  ],
  [
    1714518000000,
    1.186
  ],
  [
    1714604400000,
    1.213
  ],
  [
    1714690800000,
    1.265
  ],
  [
    1714777200000,
    1.281
  ],
  [
    1714863600000,
    1.255
  ],
  [
    1714950000000,
    1.253
  ],
  [
    1715036400000,
    1.232
  ],
  [
    1715122800000,
    1.147
  ],
  [
    1715209200000,
    1.162
  ],
  [
    1715295600000,
    1.214
  ],
  [
    1715382000000,
    1.256
  ],
  [
    1715468400000,
    1.295
  ],
  [
    1715554800000,
    1.314
  ],
  [
    1715641200000,
    1.308
  ],
  [
    1715727600000,
    1.207
  ],
  [
    1715814000000,
    1.182
  ],
  [
    1715900400000,
    1.158
  ],
  [
    1715986800000,
    1.128
  ],
  [
    1716073200000,
    1.073
  ],
  [
    1716159600000,
    0.969
  ],
  [
    1716246000000,
    0.834
  ],
  [
    1716332400000,
    0.72
  ],
  [
    1716418800000,
    0.78
  ],
  [
    1716505200000,
    1.242
  ],
  [
    1716591600000,
    1.188
  ],
  [
    1716678000000,
    0.995
  ],
  [
    1716764400000,
    0.889
  ],
  [
    1716850800000,
    0.851
  ],
  [
    1716937200000,
    0.79
  ],
  [
    1717023600000,
    1.01
  ],
  [
    1717110000000,
    1.052
  ],
  [
    1717196400000,
    1.136
  ],
  [
    1717282800000,
    1.254
  ],
  [
    1717369200000,
    1.317
  ],
  [
    1717455600000,
    1.285
  ],
  [
    1717542000000,
    1.093
  ],
  [
    1717628400000,
    1.029
  ],
  [
    1717714800000,
    1.007
  ],
  [
    1717801200000,
    0.988
  ],
  [
    1717887600000,
    0.991
  ],
  [
    1717974000000,
    1.003
  ],
  [
    1718060400000,
    0.994
  ],
  [
    1718146800000,
    0.888
  ],
  [
    1718233200000,
    0.864
  ],
  [
    1718319600000,
    0.901
  ],
  [
    1718406000000,
    0.945
  ],
  [
    1718492400000,
    0.958
  ],
  [
    1718578800000,
    0.944
  ],
  [
    1718665200000,
    0.922
  ],
  [
    1718751600000,
    0.845
  ],
  [
    1718838000000,
    0.828
  ],
  [
    1718924400000,
    0.853
  ],
  [
    1719010800000,
    0.87
  ],
  [
    1719097200000,
    0.876
  ],
  [
    1719183600000,
    0.866
  ],
  [
    1719270000000,
    0.876
  ],
  [
    1719356400000,
    0.811
  ],
  [
    1719442800000,
    0.796
  ],
  [
    1719529200000,
    0.773
  ],
  [
    1719615600000,
    0.796
  ],
  [
    1719702000000,
    0.803
  ],
  [
    1719788400000,
    0.799
  ],
  [
    1719874800000,
    0.795
  ],
  [
    1719961200000,
    0.735
  ],
  [
    1720047600000,
    0.734
  ],
  [
    1720134000000,
    0.753
  ],
  [
    1720220400000,
    0.763
  ],
  [
    1720306800000,
    0.763
  ],
  [
    1720393200000,
    0.758
  ],
  [
    1720479600000,
    0.755
  ],
  [
    1720566000000,
    0.688
  ],
  [
    1720652400000,
    0.667
  ],
  [
    1720738800000,
    0.702
  ],
  [
    1720825200000,
    0.733
  ],
  [
    1720911600000,
    0.752
  ],
  [
    1720998000000,
    0.761
  ],
  [
    1721084400000,
    0.756
  ],
  [
    1721170800000,
    0.715
  ],
  [
    1721257200000,
    0.704
  ],
  [
    1721343600000,
    0.737
  ],
  [
    1721430000000,
    0.76
  ],
  [
    1721516400000,
    0.761
  ],
  [
    1721602800000,
    0.755
  ],
  [
    1721689200000,
    0.758
  ],
  [
    1721775600000,
    0.706
  ],
  [
    1721862000000,
    0.706
  ],
  [
    1721948400000,
    0.732
  ],
  [
    1722034800000,
    0.748
  ],
  [
    1722121200000,
    0.755
  ],
  [
    1722207600000,
    0.751
  ],
  [
    1722294000000,
    0.75
  ],
  [
    1722380400000,
    0.714
  ],
  [
    1722466800000,
    0.731
  ],
  [
    1722553200000,
    0.75
  ],
  [
    1722639600000,
    0.77
  ],
  [
    1722726000000,
    0.778
  ],
  [
    1722812400000,
    0.786
  ],
  [
    1722898800000,
    0.793
  ],
  [
    1722985200000,
    0.746
  ],
  [
    1723071600000,
    0.736
  ],
  [
    1723158000000,
    0.755
  ],
  [
    1723244400000,
    0.77
  ],
  [
    1723330800000,
    0.783
  ],
  [
    1723417200000,
    0.784
  ],
  [
    1723503600000,
    0.775
  ],
  [
    1723554000000,
    0.745
  ],
  [
    1723557600000,
    0.724
  ],
  [
    1723561200000,
    0.739
  ],
  [
    1723564800000,
    0.76
  ],
  [
    1723568400000,
    0.76
  ],
  [
    1723572000000,
    0.78
  ],
  [
    1723575600000,
    0.77
  ],
  [
    1723579200000,
    0.788
  ],
  [
    1723582800000,
    0.799
  ],
  [
    1723586400000,
    0.799
  ],
  [
    1723590000000,
    0.8
  ],
  [
    1723593600000,
    0.78
  ],
  [
    1723597200000,
    0.778
  ],
  [
    1723600800000,
    0.77
  ],
  [
    1723604400000,
    0.759
  ],
  [
    1723608000000,
    0.75
  ],
  [
    1723611600000,
    0.739
  ],
  [
    1723615200000,
    0.738
  ],
  [
    1723618800000,
    0.719
  ],
  [
    1723622400000,
    0.713
  ],
  [
    1723626000000,
    0.712
  ],
  [
    1723629600000,
    0.706
  ],
  [
    1723633200000,
    0.713
  ],
  [
    1723636800000,
    0.706
  ],
  [
    1723640400000,
    0.7
  ],
  [
    1723644000000,
    0.696
  ],
  [
    1723647600000,
    0.701
  ],
  [
    1723651200000,
    0.71
  ],
  [
    1723654800000,
    0.701
  ],
  [
    1723658400000,
    0.71
  ],
  [
    1723662000000,
    0.706
  ],
  [
    1723665600000,
    0.721
  ],
  [
    1723669200000,
    0.73
  ],
  [
    1723672800000,
    0.747
  ],
  [
    1723676400000,
    0.758
  ],
  [
    1723680000000,
    0.76
  ],
  [
    1723683600000,
    0.76
  ],
  [
    1723687200000,
    0.75
  ],
  [
    1723690800000,
    0.76
  ],
  [
    1723694400000,
    0.76
  ],
  [
    1723698000000,
    0.75
  ],
  [
    1723701600000,
    0.75
  ],
  [
    1723705200000,
    0.728
  ],
  [
    1723708800000,
    0.73
  ],
  [
    1723712400000,
    0.728
  ],
  [
    1723716000000,
    0.728
  ],
  [
    1723719600000,
    0.723
  ],
  [
    1723723200000,
    0.72
  ],
  [
    1723726800000,
    0.717
  ],
  [
    1723730400000,
    0.728
  ],
  [
    1723734000000,
    0.728
  ],
  [
    1723737600000,
    0.728
  ],
  [
    1723741200000,
    0.745
  ],
  [
    1723744800000,
    0.75
  ],
  [
    1723748400000,
    0.74
  ],
  [
    1723752000000,
    0.75
  ],
  [
    1723755600000,
    0.76
  ],
  [
    1723759200000,
    0.77
  ],
  [
    1723762800000,
    0.77
  ],
  [
    1723766400000,
    0.77
  ],
  [
    1723770000000,
    0.77
  ],
  [
    1723773600000,
    0.77
  ],
  [
    1723777200000,
    0.771
  ],
  [
    1723780800000,
    0.77
  ],
  [
    1723784400000,
    0.77
  ],
  [
    1723788000000,
    0.76
  ],
  [
    1723791600000,
    0.76
  ],
  [
    1723795200000,
    0.752
  ],
  [
    1723798800000,
    0.74
  ],
  [
    1723802400000,
    0.738
  ],
  [
    1723806000000,
    0.714
  ],
  [
    1723809600000,
    0.738
  ],
  [
    1723813200000,
    0.756
  ],
  [
    1723816800000,
    0.75
  ],
  [
    1723820400000,
    0.75
  ],
  [
    1723824000000,
    0.756
  ],
  [
    1723827600000,
    0.75
  ],
  [
    1723831200000,
    0.76
  ],
  [
    1723834800000,
    0.77
  ],
  [
    1723838400000,
    0.774
  ],
  [
    1723842000000,
    0.78
  ],
  [
    1723845600000,
    0.78
  ],
  [
    1723849200000,
    0.787
  ],
  [
    1723852800000,
    0.78
  ],
  [
    1723856400000,
    0.78
  ],
  [
    1723860000000,
    0.78
  ],
  [
    1723863600000,
    0.788
  ],
  [
    1723867200000,
    0.78
  ],
  [
    1723870800000,
    0.775
  ],
  [
    1723874400000,
    0.76
  ],
  [
    1723878000000,
    0.76
  ],
  [
    1723881600000,
    0.76
  ],
  [
    1723885200000,
    0.76
  ],
  [
    1723888800000,
    0.77
  ],
  [
    1723892400000,
    0.76
  ],
  [
    1723896000000,
    0.77
  ],
  [
    1723899600000,
    0.768
  ],
  [
    1723903200000,
    0.763
  ],
  [
    1723906800000,
    0.77
  ],
  [
    1723910400000,
    0.77
  ],
  [
    1723914000000,
    0.774
  ],
  [
    1723917600000,
    0.774
  ],
  [
    1723921200000,
    0.781
  ],
  [
    1723924800000,
    0.792
  ],
  [
    1723928400000,
    0.792
  ],
  [
    1723932000000,
    0.792
  ],
  [
    1723935600000,
    0.795
  ],
  [
    1723939200000,
    0.8
  ],
  [
    1723942800000,
    0.8
  ],
  [
    1723946400000,
    0.797
  ],
  [
    1723950000000,
    0.8
  ],
  [
    1723953600000,
    0.8
  ],
  [
    1723957200000,
    0.797
  ],
  [
    1723960800000,
    0.78
  ],
  [
    1723964400000,
    0.78
  ],
  [
    1723968000000,
    0.762
  ],
  [
    1723971600000,
    0.75
  ],
  [
    1723975200000,
    0.76
  ],
  [
    1723978800000,
    0.762
  ],
  [
    1723982400000,
    0.76
  ],
  [
    1723986000000,
    0.766
  ],
  [
    1723989600000,
    0.774
  ],
  [
    1723993200000,
    0.78
  ],
  [
    1723996800000,
    0.785
  ],
  [
    1724000400000,
    0.788
  ],
  [
    1724004000000,
    0.787
  ],
  [
    1724007600000,
    0.792
  ],
  [
    1724011200000,
    0.798
  ],
  [
    1724014800000,
    0.8
  ],
  [
    1724018400000,
    0.8
  ],
  [
    1724022000000,
    0.8
  ],
  [
    1724025600000,
    0.8
  ],
  [
    1724029200000,
    0.8
  ],
  [
    1724032800000,
    0.8
  ],
  [
    1724036400000,
    0.8
  ],
  [
    1724040000000,
    0.795
  ],
  [
    1724043600000,
    0.77
  ],
  [
    1724047200000,
    0.753
  ],
  [
    1724050800000,
    0.76
  ],
  [
    1724054400000,
    0.743
  ],
  [
    1724058000000,
    0.73
  ],
  [
    1724061600000,
    0.726
  ],
  [
    1724065200000,
    0.726
  ],
  [
    1724068800000,
    0.726
  ],
  [
    1724072400000,
    0.74
  ],
  [
    1724076000000,
    0.748
  ],
  [
    1724079600000,
    0.761
  ],
  [
    1724083200000,
    0.774
  ],
  [
    1724086800000,
    0.792
  ],
  [
    1724090400000,
    0.792
  ],
  [
    1724094000000,
    0.795
  ],
  [
    1724097600000,
    0.795
  ],
  [
    1724101200000,
    0.8
  ],
  [
    1724104800000,
    0.804
  ],
  [
    1724108400000,
    0.808
  ],
  [
    1724112000000,
    0.81
  ],
  [
    1724115600000,
    0.81
  ],
  [
    1724119200000,
    0.8
  ],
  [
    1724122800000,
    0.782
  ],
  [
    1724126400000,
    0.772
  ],
  [
    1724130000000,
    0.77
  ],
  [
    1724133600000,
    0.77
  ],
  [
    1724137200000,
    0.747
  ],
  [
    1724140800000,
    0.76
  ],
  [
    1724144400000,
    0.748
  ],
  [
    1724148000000,
    0.743
  ],
  [
    1724151600000,
    0.743
  ],
  [
    1724155200000,
    0.732
  ],
  [
    1724158800000,
    0.743
  ],
  [
    1724162400000,
    0.76
  ],
  [
    1724166000000,
    0.765
  ],
  [
    1724169600000,
    0.78
  ],
  [
    1724173200000,
    0.785
  ],
  [
    1724176800000,
    0.795
  ],
  [
    1724180400000,
    0.799
  ],
  [
    1724184000000,
    0.8
  ],
  [
    1724187600000,
    0.81
  ],
  [
    1724191200000,
    0.81
  ],
  [
    1724194800000,
    0.81
  ],
  [
    1724198400000,
    0.799
  ],
  [
    1724202000000,
    0.78
  ],
  [
    1724205600000,
    0.77
  ],
  [
    1724209200000,
    0.77
  ],
  [
    1724212800000,
    0.75
  ],
  [
    1724216400000,
    0.742
  ],
  [
    1724220000000,
    0.72
  ],
  [
    1724223600000,
    0.711
  ],
  [
    1724227200000,
    0.712
  ],
  [
    1724230800000,
    0.71
  ],
  [
    1724234400000,
    0.71
  ],
  [
    1724238000000,
    0.71
  ],
  [
    1724241600000,
    0.71
  ],
  [
    1724245200000,
    0.71
  ],
  [
    1724248800000,
    0.71
  ],
  [
    1724252400000,
    0.71
  ],
  [
    1724256000000,
    0.72
  ],
  [
    1724259600000,
    0.72
  ],
  [
    1724263200000,
    0.72
  ],
  [
    1724266800000,
    0.723
  ],
  [
    1724270400000,
    0.723
  ],
  [
    1724274000000,
    0.73
  ],
  [
    1724277600000,
    0.744
  ],
  [
    1724281200000,
    0.75
  ],
  [
    1724284800000,
    0.75
  ],
  [
    1724288400000,
    0.76
  ],
  [
    1724292000000,
    0.76
  ],
  [
    1724295600000,
    0.76
  ],
  [
    1724299200000,
    0.747
  ],
  [
    1724302800000,
    0.741
  ],
  [
    1724306400000,
    0.73
  ],
  [
    1724310000000,
    0.72
  ],
  [
    1724313600000,
    0.72
  ],
  [
    1724317200000,
    0.711
  ],
  [
    1724320800000,
    0.7
  ],
  [
    1724324400000,
    0.704
  ],
  [
    1724328000000,
    0.7
  ],
  [
    1724331600000,
    0.703
  ],
  [
    1724335200000,
    0.704
  ],
  [
    1724338800000,
    0.71
  ],
  [
    1724342400000,
    0.72
  ],
  [
    1724346000000,
    0.72
  ],
  [
    1724349600000,
    0.722
  ],
  [
    1724353200000,
    0.72
  ],
  [
    1724356800000,
    0.733
  ],
  [
    1724360400000,
    0.75
  ],
  [
    1724364000000,
    0.76
  ],
  [
    1724367600000,
    0.769
  ],
  [
    1724371200000,
    0.76
  ],
  [
    1724374800000,
    0.76
  ],
  [
    1724378400000,
    0.76
  ],
  [
    1724382000000,
    0.76
  ],
  [
    1724385600000,
    0.751
  ],
  [
    1724389200000,
    0.75
  ],
  [
    1724392800000,
    0.75
  ],
  [
    1724396400000,
    0.729
  ],
  [
    1724400000000,
    0.726
  ],
  [
    1724403600000,
    0.705
  ],
  [
    1724407200000,
    0.715
  ],
  [
    1724410800000,
    0.718
  ],
  [
    1724414400000,
    0.731
  ],
  [
    1724418000000,
    0.733
  ],
  [
    1724421600000,
    0.733
  ],
  [
    1724425200000,
    0.753
  ],
  [
    1724428800000,
    0.75
  ],
  [
    1724432400000,
    0.755
  ],
  [
    1724436000000,
    0.76
  ],
  [
    1724439600000,
    0.765
  ],
  [
    1724443200000,
    0.772
  ],
  [
    1724446800000,
    0.78
  ],
  [
    1724450400000,
    0.793
  ],
  [
    1724454000000,
    0.799
  ],
  [
    1724457600000,
    0.8
  ],
  [
    1724461200000,
    0.8
  ],
  [
    1724464800000,
    0.8
  ],
  [
    1724468400000,
    0.8
  ],
  [
    1724472000000,
    0.8
  ],
  [
    1724475600000,
    0.8
  ],
  [
    1724479200000,
    0.799
  ],
  [
    1724482800000,
    0.777
  ],
  [
    1724486400000,
    0.753
  ],
  [
    1724490000000,
    0.755
  ],
  [
    1724493600000,
    0.76
  ],
  [
    1724497200000,
    0.754
  ],
  [
    1724500800000,
    0.772
  ],
  [
    1724504400000,
    0.767
  ],
  [
    1724508000000,
    0.76
  ],
  [
    1724511600000,
    0.77
  ],
  [
    1724515200000,
    0.775
  ],
  [
    1724518800000,
    0.772
  ],
  [
    1724522400000,
    0.785
  ],
  [
    1724526000000,
    0.787
  ],
  [
    1724529600000,
    0.799
  ],
  [
    1724533200000,
    0.8
  ],
  [
    1724536800000,
    0.8
  ],
  [
    1724540400000,
    0.81
  ],
  [
    1724544000000,
    0.807
  ],
  [
    1724547600000,
    0.8
  ],
  [
    1724551200000,
    0.81
  ],
  [
    1724554800000,
    0.8
  ],
  [
    1724558400000,
    0.8
  ],
  [
    1724562000000,
    0.8
  ],
  [
    1724565600000,
    0.795
  ],
  [
    1724569200000,
    0.788
  ],
  [
    1724572800000,
    0.78
  ],
  [
    1724576400000,
    0.766
  ],
  [
    1724580000000,
    0.772
  ],
  [
    1724583600000,
    0.771
  ],
  [
    1724587200000,
    0.766
  ],
  [
    1724590800000,
    0.766
  ],
  [
    1724594400000,
    0.773
  ],
  [
    1724598000000,
    0.777
  ],
  [
    1724601600000,
    0.78
  ],
  [
    1724605200000,
    0.786
  ],
  [
    1724608800000,
    0.788
  ],
  [
    1724612400000,
    0.796
  ],
  [
    1724616000000,
    0.799
  ],
  [
    1724619600000,
    0.8
  ],
  [
    1724623200000,
    0.8
  ],
  [
    1724626800000,
    0.807
  ],
  [
    1724630400000,
    0.81
  ],
  [
    1724634000000,
    0.81
  ],
  [
    1724637600000,
    0.807
  ],
  [
    1724641200000,
    0.81
  ],
  [
    1724644800000,
    0.81
  ],
  [
    1724648400000,
    0.806
  ],
  [
    1724652000000,
    0.789
  ],
  [
    1724655600000,
    0.78
  ],
  [
    1724659200000,
    0.766
  ],
  [
    1724662800000,
    0.777
  ],
  [
    1724666400000,
    0.773
  ],
  [
    1724670000000,
    0.777
  ],
  [
    1724673600000,
    0.76
  ],
  [
    1724677200000,
    0.777
  ],
  [
    1724680800000,
    0.78
  ],
  [
    1724684400000,
    0.788
  ],
  [
    1724688000000,
    0.799
  ],
  [
    1724691600000,
    0.799
  ],
  [
    1724695200000,
    0.8
  ],
  [
    1724698800000,
    0.8
  ],
  [
    1724702400000,
    0.804
  ],
  [
    1724706000000,
    0.81
  ],
  [
    1724709600000,
    0.81
  ],
  [
    1724713200000,
    0.81
  ],
  [
    1724716800000,
    0.81
  ],
  [
    1724720400000,
    0.81
  ],
  [
    1724724000000,
    0.81
  ],
  [
    1724727600000,
    0.81
  ],
  [
    1724731200000,
    0.81
  ],
  [
    1724734800000,
    0.8
  ],
  [
    1724738400000,
    0.805
  ],
  [
    1724742000000,
    0.799
  ],
  [
    1724745600000,
    0.78
  ],
  [
    1724749200000,
    0.794
  ],
  [
    1724752800000,
    0.793
  ],
  [
    1724756400000,
    0.787
  ],
  [
    1724760000000,
    0.781
  ],
  [
    1724763600000,
    0.793
  ],
  [
    1724767200000,
    0.792
  ],
  [
    1724770800000,
    0.793
  ],
  [
    1724774400000,
    0.8
  ],
  [
    1724778000000,
    0.804
  ],
  [
    1724781600000,
    0.804
  ],
  [
    1724785200000,
    0.804
  ],
  [
    1724788800000,
    0.807
  ],
  [
    1724792400000,
    0.815
  ],
  [
    1724796000000,
    0.82
  ],
  [
    1724799600000,
    0.82
  ],
  [
    1724803200000,
    0.8
  ],
  [
    1724806800000,
    0.8
  ],
  [
    1724810400000,
    0.794
  ],
  [
    1724814000000,
    0.793
  ],
  [
    1724817600000,
    0.794
  ],
  [
    1724821200000,
    0.772
  ],
  [
    1724824800000,
    0.758
  ],
  [
    1724828400000,
    0.737
  ],
  [
    1724832000000,
    0.72
  ],
  [
    1724835600000,
    0.726
  ],
  [
    1724839200000,
    0.72
  ],
  [
    1724842800000,
    0.719
  ],
  [
    1724846400000,
    0.72
  ],
  [
    1724850000000,
    0.716
  ],
  [
    1724853600000,
    0.72
  ],
  [
    1724857200000,
    0.72
  ],
  [
    1724860800000,
    0.726
  ],
  [
    1724864400000,
    0.723
  ],
  [
    1724868000000,
    0.706
  ],
  [
    1724871600000,
    0.701
  ],
  [
    1724875200000,
    0.71
  ],
  [
    1724878800000,
    0.73
  ],
  [
    1724882400000,
    0.745
  ],
  [
    1724886000000,
    0.76
  ],
  [
    1724889600000,
    0.77
  ],
  [
    1724893200000,
    0.77
  ],
  [
    1724896800000,
    0.78
  ],
  [
    1724900400000,
    0.78
  ],
  [
    1724904000000,
    0.78
  ],
  [
    1724907600000,
    0.771
  ],
  [
    1724911200000,
    0.767
  ],
  [
    1724914800000,
    0.76
  ],
  [
    1724918400000,
    0.752
  ],
  [
    1724922000000,
    0.733
  ],
  [
    1724925600000,
    0.73
  ],
  [
    1724929200000,
    0.716
  ],
  [
    1724932800000,
    0.722
  ],
  [
    1724936400000,
    0.722
  ],
  [
    1724940000000,
    0.722
  ],
  [
    1724943600000,
    0.754
  ],
  [
    1724947200000,
    0.778
  ],
  [
    1724950800000,
    0.77
  ],
  [
    1724954400000,
    0.76
  ],
  [
    1724958000000,
    0.763
  ],
  [
    1724961600000,
    0.76
  ],
  [
    1724965200000,
    0.77
  ],
  [
    1724968800000,
    0.78
  ],
  [
    1724972400000,
    0.78
  ],
  [
    1724976000000,
    0.793
  ],
  [
    1724979600000,
    0.793
  ],
  [
    1724983200000,
    0.799
  ],
  [
    1724986800000,
    0.8
  ],
  [
    1724990400000,
    0.8
  ],
  [
    1724994000000,
    0.8
  ],
  [
    1724997600000,
    0.795
  ],
  [
    1725001200000,
    0.787
  ],
  [
    1725004800000,
    0.77
  ],
  [
    1725008400000,
    0.769
  ],
  [
    1725012000000,
    0.773
  ],
  [
    1725015600000,
    0.78
  ],
  [
    1725019200000,
    0.78
  ],
  [
    1725022800000,
    0.775
  ],
  [
    1725026400000,
    0.78
  ],
  [
    1725030000000,
    0.786
  ],
  [
    1725033600000,
    0.78
  ],
  [
    1725037200000,
    0.797
  ],
  [
    1725040800000,
    0.797
  ],
  [
    1725044400000,
    0.8
  ],
  [
    1725048000000,
    0.8
  ],
  [
    1725051600000,
    0.801
  ],
  [
    1725055200000,
    0.807
  ],
  [
    1725058800000,
    0.807
  ],
  [
    1725062400000,
    0.81
  ],
  [
    1725066000000,
    0.81
  ],
  [
    1725069600000,
    0.81
  ],
  [
    1725073200000,
    0.811
  ],
  [
    1725076800000,
    0.811
  ],
  [
    1725080400000,
    0.81
  ],
  [
    1725084000000,
    0.805
  ],
  [
    1725087600000,
    0.8
  ],
  [
    1725091200000,
    0.785
  ],
  [
    1725094800000,
    0.796
  ],
  [
    1725098400000,
    0.795
  ],
  [
    1725102000000,
    0.784
  ],
  [
    1725105600000,
    0.785
  ],
  [
    1725109200000,
    0.785
  ],
  [
    1725112800000,
    0.792
  ],
  [
    1725116400000,
    0.788
  ],
  [
    1725120000000,
    0.797
  ],
  [
    1725123600000,
    0.801
  ],
  [
    1725127200000,
    0.807
  ],
  [
    1725130800000,
    0.81
  ],
  [
    1725134400000,
    0.814
  ],
  [
    1725138000000,
    0.814
  ],
  [
    1725141600000,
    0.82
  ],
  [
    1725145200000,
    0.82
  ],
  [
    1725148800000,
    0.82
  ],
  [
    1725152400000,
    0.82
  ],
  [
    1725156000000,
    0.82
  ],
  [
    1725159600000,
    0.826
  ],
  [
    1725163200000,
    0.822
  ],
  [
    1725166800000,
    0.82
  ],
  [
    1725170400000,
    0.817
  ],
  [
    1725174000000,
    0.81
  ],
  [
    1725177600000,
    0.801
  ],
  [
    1725181200000,
    0.801
  ],
  [
    1725184800000,
    0.791
  ],
  [
    1725188400000,
    0.784
  ],
  [
    1725192000000,
    0.777
  ],
  [
    1725195600000,
    0.8
  ],
  [
    1725199200000,
    0.8
  ],
  [
    1725202800000,
    0.807
  ],
  [
    1725206400000,
    0.81
  ],
  [
    1725210000000,
    0.807
  ],
  [
    1725213600000,
    0.814
  ],
  [
    1725217200000,
    0.814
  ],
  [
    1725220800000,
    0.82
  ],
  [
    1725224400000,
    0.824
  ],
  [
    1725228000000,
    0.83
  ],
  [
    1725231600000,
    0.84
  ],
  [
    1725235200000,
    0.836
  ],
  [
    1725238800000,
    0.84
  ],
  [
    1725242400000,
    0.84
  ],
  [
    1725246000000,
    0.838
  ],
  [
    1725249600000,
    0.84
  ],
  [
    1725253200000,
    0.84
  ],
  [
    1725256800000,
    0.834
  ],
  [
    1725260400000,
    0.83
  ],
  [
    1725264000000,
    0.828
  ],
  [
    1725267600000,
    0.826
  ],
  [
    1725271200000,
    0.814
  ],
  [
    1725274800000,
    0.814
  ],
  [
    1725278400000,
    0.807
  ],
  [
    1725282000000,
    0.813
  ],
  [
    1725285600000,
    0.824
  ],
  [
    1725289200000,
    0.83
  ],
  [
    1725292800000,
    0.839
  ],
  [
    1725296400000,
    0.84
  ],
  [
    1725300000000,
    0.839
  ],
  [
    1725303600000,
    0.84
  ],
  [
    1725307200000,
    0.85
  ],
  [
    1725310800000,
    0.85
  ],
  [
    1725314400000,
    0.85
  ],
  [
    1725318000000,
    0.85
  ],
  [
    1725321600000,
    0.85
  ],
  [
    1725325200000,
    0.85
  ],
  [
    1725328800000,
    0.85
  ],
  [
    1725332400000,
    0.85
  ],
  [
    1725336000000,
    0.85
  ],
  [
    1725339600000,
    0.844
  ],
  [
    1725343200000,
    0.83
  ],
  [
    1725346800000,
    0.84
  ],
  [
    1725350400000,
    0.841
  ],
  [
    1725354000000,
    0.82
  ],
  [
    1725357600000,
    0.83
  ],
  [
    1725361200000,
    0.825
  ],
  [
    1725364800000,
    0.818
  ],
  [
    1725368400000,
    0.827
  ],
  [
    1725372000000,
    0.829
  ],
  [
    1725375600000,
    0.84
  ],
  [
    1725379200000,
    0.841
  ],
  [
    1725382800000,
    0.841
  ],
  [
    1725386400000,
    0.841
  ],
  [
    1725390000000,
    0.851
  ],
  [
    1725393600000,
    0.851
  ],
  [
    1725397200000,
    0.853
  ],
  [
    1725400800000,
    0.86
  ],
  [
    1725404400000,
    0.86
  ],
  [
    1725408000000,
    0.85
  ],
  [
    1725411600000,
    0.84
  ],
  [
    1725415200000,
    0.83
  ],
  [
    1725418800000,
    0.82
  ],
  [
    1725422400000,
    0.82
  ],
  [
    1725426000000,
    0.81
  ],
  [
    1725429600000,
    0.81
  ],
  [
    1725433200000,
    0.794
  ],
  [
    1725436800000,
    0.784
  ],
  [
    1725440400000,
    0.785
  ],
  [
    1725444000000,
    0.772
  ],
  [
    1725447600000,
    0.765
  ],
  [
    1725451200000,
    0.74
  ],
  [
    1725454800000,
    0.74
  ],
  [
    1725458400000,
    0.744
  ],
  [
    1725462000000,
    0.75
  ],
  [
    1725465600000,
    0.75
  ],
  [
    1725469200000,
    0.74
  ],
  [
    1725472800000,
    0.748
  ],
  [
    1725476400000,
    0.74
  ],
  [
    1725480000000,
    0.76
  ],
  [
    1725483600000,
    0.773
  ],
  [
    1725487200000,
    0.78
  ],
  [
    1725490800000,
    0.8
  ],
  [
    1725494400000,
    0.8
  ],
  [
    1725498000000,
    0.81
  ],
  [
    1725501600000,
    0.81
  ],
  [
    1725505200000,
    0.81
  ],
  [
    1725508800000,
    0.818
  ],
  [
    1725512400000,
    0.81
  ],
  [
    1725516000000,
    0.807
  ],
  [
    1725519600000,
    0.785
  ],
  [
    1725523200000,
    0.78
  ],
  [
    1725526800000,
    0.782
  ],
  [
    1725530400000,
    0.78
  ],
  [
    1725534000000,
    0.77
  ],
  [
    1725537600000,
    0.773
  ],
  [
    1725541200000,
    0.77
  ],
  [
    1725544800000,
    0.77
  ],
  [
    1725548400000,
    0.773
  ],
  [
    1725552000000,
    0.773
  ],
  [
    1725555600000,
    0.773
  ],
  [
    1725559200000,
    0.773
  ],
  [
    1725562800000,
    0.776
  ],
  [
    1725566400000,
    0.789
  ],
  [
    1725570000000,
    0.8
  ],
  [
    1725573600000,
    0.81
  ],
  [
    1725577200000,
    0.82
  ],
  [
    1725580800000,
    0.82
  ],
  [
    1725584400000,
    0.82
  ],
  [
    1725588000000,
    0.82
  ],
  [
    1725591600000,
    0.825
  ],
  [
    1725595200000,
    0.821
  ],
  [
    1725598800000,
    0.821
  ],
  [
    1725602400000,
    0.81
  ],
  [
    1725606000000,
    0.809
  ],
  [
    1725609600000,
    0.802
  ],
  [
    1725613200000,
    0.8
  ],
  [
    1725616800000,
    0.798
  ],
  [
    1725620400000,
    0.794
  ],
  [
    1725624000000,
    0.789
  ],
  [
    1725627600000,
    0.787
  ],
  [
    1725631200000,
    0.798
  ],
  [
    1725634800000,
    0.803
  ],
  [
    1725638400000,
    0.803
  ],
  [
    1725642000000,
    0.816
  ],
  [
    1725645600000,
    0.82
  ],
  [
    1725649200000,
    0.816
  ],
  [
    1725652800000,
    0.82
  ],
  [
    1725656400000,
    0.829
  ],
  [
    1725660000000,
    0.831
  ],
  [
    1725663600000,
    0.84
  ],
  [
    1725667200000,
    0.831
  ],
  [
    1725670800000,
    0.83
  ],
  [
    1725674400000,
    0.84
  ],
  [
    1725678000000,
    0.84
  ],
  [
    1725681600000,
    0.84
  ],
  [
    1725685200000,
    0.84
  ],
  [
    1725688800000,
    0.818
  ],
  [
    1725692400000,
    0.813
  ],
  [
    1725696000000,
    0.801
  ],
  [
    1725699600000,
    0.787
  ],
  [
    1725703200000,
    0.8
  ],
  [
    1725706800000,
    0.798
  ],
  [
    1725710400000,
    0.8
  ],
  [
    1725714000000,
    0.79
  ],
  [
    1725717600000,
    0.81
  ],
  [
    1725721200000,
    0.818
  ],
  [
    1725724800000,
    0.812
  ],
  [
    1725728400000,
    0.829
  ],
  [
    1725732000000,
    0.825
  ],
  [
    1725735600000,
    0.838
  ],
  [
    1725739200000,
    0.842
  ],
  [
    1725742800000,
    0.85
  ],
  [
    1725746400000,
    0.85
  ],
  [
    1725750000000,
    0.86
  ],
  [
    1725753600000,
    0.86
  ],
  [
    1725757200000,
    0.85
  ],
  [
    1725760800000,
    0.84
  ],
  [
    1725764400000,
    0.85
  ],
  [
    1725768000000,
    0.85
  ],
  [
    1725771600000,
    0.849
  ],
  [
    1725775200000,
    0.85
  ],
  [
    1725778800000,
    0.831
  ],
  [
    1725782400000,
    0.817
  ],
  [
    1725786000000,
    0.808
  ],
  [
    1725789600000,
    0.816
  ],
  [
    1725793200000,
    0.807
  ],
  [
    1725796800000,
    0.825
  ],
  [
    1725800400000,
    0.816
  ],
  [
    1725804000000,
    0.83
  ],
  [
    1725807600000,
    0.831
  ],
  [
    1725811200000,
    0.842
  ],
  [
    1725814800000,
    0.85
  ],
  [
    1725818400000,
    0.842
  ],
  [
    1725822000000,
    0.86
  ],
  [
    1725825600000,
    0.853
  ],
  [
    1725829200000,
    0.86
  ],
  [
    1725832800000,
    0.864
  ],
  [
    1725836400000,
    0.86
  ],
  [
    1725840000000,
    0.86
  ],
  [
    1725843600000,
    0.86
  ],
  [
    1725847200000,
    0.86
  ],
  [
    1725850800000,
    0.86
  ],
  [
    1725854400000,
    0.86
  ],
  [
    1725858000000,
    0.86
  ],
  [
    1725861600000,
    0.858
  ],
  [
    1725865200000,
    0.85
  ],
  [
    1725868800000,
    0.855
  ],
  [
    1725872400000,
    0.85
  ],
  [
    1725876000000,
    0.852
  ],
  [
    1725879600000,
    0.842
  ],
  [
    1725883200000,
    0.842
  ],
  [
    1725886800000,
    0.842
  ],
  [
    1725890400000,
    0.853
  ],
  [
    1725894000000,
    0.855
  ],
  [
    1725897600000,
    0.854
  ],
  [
    1725901200000,
    0.86
  ],
  [
    1725904800000,
    0.86
  ],
  [
    1725908400000,
    0.85
  ],
  [
    1725912000000,
    0.86
  ],
  [
    1725915600000,
    0.87
  ],
  [
    1725919200000,
    0.87
  ],
  [
    1725922800000,
    0.86
  ],
  [
    1725926400000,
    0.86
  ],
  [
    1725930000000,
    0.86
  ],
  [
    1725933600000,
    0.867
  ],
  [
    1725937200000,
    0.87
  ],
  [
    1725940800000,
    0.87
  ],
  [
    1725944400000,
    0.862
  ],
  [
    1725948000000,
    0.853
  ],
  [
    1725951600000,
    0.861
  ],
  [
    1725955200000,
    0.851
  ],
  [
    1725958800000,
    0.85
  ],
  [
    1725962400000,
    0.842
  ],
  [
    1725966000000,
    0.84
  ],
  [
    1725969600000,
    0.839
  ],
  [
    1725973200000,
    0.839
  ],
  [
    1725976800000,
    0.839
  ],
  [
    1725980400000,
    0.85
  ],
  [
    1725984000000,
    0.852
  ],
  [
    1725987600000,
    0.85
  ],
  [
    1725991200000,
    0.85
  ],
  [
    1725994800000,
    0.86
  ],
  [
    1725998400000,
    0.85
  ],
  [
    1726002000000,
    0.86
  ],
  [
    1726005600000,
    0.86
  ],
  [
    1726009200000,
    0.87
  ],
  [
    1726012800000,
    0.843
  ],
  [
    1726016400000,
    0.838
  ],
  [
    1726020000000,
    0.84
  ],
  [
    1726023600000,
    0.84
  ],
  [
    1726027200000,
    0.83
  ],
  [
    1726030800000,
    0.815
  ],
  [
    1726034400000,
    0.801
  ],
  [
    1726038000000,
    0.81
  ],
  [
    1726041600000,
    0.791
  ],
  [
    1726045200000,
    0.782
  ],
  [
    1726048800000,
    0.778
  ],
  [
    1726052400000,
    0.771
  ],
  [
    1726056000000,
    0.77
  ],
  [
    1726059600000,
    0.77
  ],
  [
    1726063200000,
    0.772
  ],
  [
    1726066800000,
    0.771
  ],
  [
    1726070400000,
    0.772
  ],
  [
    1726074000000,
    0.772
  ],
  [
    1726077600000,
    0.772
  ],
  [
    1726081200000,
    0.77
  ],
  [
    1726084800000,
    0.78
  ],
  [
    1726088400000,
    0.782
  ],
  [
    1726092000000,
    0.804
  ],
  [
    1726095600000,
    0.815
  ],
  [
    1726099200000,
    0.822
  ],
  [
    1726102800000,
    0.82
  ],
  [
    1726106400000,
    0.826
  ],
  [
    1726110000000,
    0.83
  ],
  [
    1726113600000,
    0.826
  ],
  [
    1726117200000,
    0.839
  ],
  [
    1726120800000,
    0.82
  ],
  [
    1726124400000,
    0.82
  ],
  [
    1726128000000,
    0.804
  ],
  [
    1726131600000,
    0.796
  ],
  [
    1726135200000,
    0.793
  ],
  [
    1726138800000,
    0.784
  ],
  [
    1726142400000,
    0.774
  ],
  [
    1726146000000,
    0.78
  ],
  [
    1726149600000,
    0.782
  ],
  [
    1726153200000,
    0.779
  ],
  [
    1726156800000,
    0.771
  ],
  [
    1726160400000,
    0.779
  ],
  [
    1726164000000,
    0.77
  ],
  [
    1726167600000,
    0.783
  ],
  [
    1726171200000,
    0.79
  ],
  [
    1726174800000,
    0.815
  ],
  [
    1726178400000,
    0.823
  ],
  [
    1726182000000,
    0.838
  ],
  [
    1726185600000,
    0.84
  ],
  [
    1726189200000,
    0.839
  ],
  [
    1726192800000,
    0.84
  ],
  [
    1726196400000,
    0.83
  ],
  [
    1726200000000,
    0.839
  ],
  [
    1726203600000,
    0.839
  ],
  [
    1726207200000,
    0.83
  ],
  [
    1726210800000,
    0.825
  ],
  [
    1726214400000,
    0.81
  ],
  [
    1726218000000,
    0.81
  ],
  [
    1726221600000,
    0.827
  ],
  [
    1726225200000,
    0.827
  ]
]