[
  [
    1379631600000,
    0.641
  ],
  [
    1379718000000,
    0.327
  ],
  [
    1379804400000,
    0.185
  ],
  [
    1379890800000,
    0.164
  ],
  [
    1379977200000,
    0.15
  ],
  [
    1380063600000,
    0.177
  ],
  [
    1380150000000,
    0.194
  ],
  [
    1380236400000,
    0.174
  ],
  [
    1380322800000,
    0.15
  ],
  [
    1380409200000,
    0.132
  ],
  [
    1380495600000,
    0.138
  ],
  [
    1380582000000,
    0.135
  ],
  [
    1380668400000,
    0.11
  ],
  [
    1380754800000,
    0.143
  ],
  [
    1380841200000,
    0.132
  ],
  [
    1380927600000,
    0.115
  ],
  [
    1381014000000,
    0.09
  ],
  [
    1381100400000,
    0.083
  ],
  [
    1381186800000,
    0.076
  ],
  [
    1381273200000,
    0.091
  ],
  [
    1381359600000,
    0.08
  ],
  [
    1381446000000,
    0.071
  ],
  [
    1381532400000,
    0.077
  ],
  [
    1381618800000,
    0.087
  ],
  [
    1381705200000,
    0.08
  ],
  [
    1381791600000,
    0.066
  ],
  [
    1381878000000,
    0.069
  ],
  [
    1381964400000,
    0.073
  ],
  [
    1382050800000,
    0.057
  ],
  [
    1382137200000,
    0.067
  ],
  [
    1382223600000,
    0.054
  ],
  [
    1382310000000,
    0.058
  ],
  [
    1382396400000,
    0.056
  ],
  [
    1382482800000,
    0.067
  ],
  [
    1382569200000,
    0.068
  ],
  [
    1382655600000,
    0.063
  ],
  [
    1382742000000,
    0.066
  ],
  [
    1382828400000,
    0.071
  ],
  [
    1382918400000,
    0.053
  ],
  [
    1383004800000,
    0.06
  ],
  [
    1383091200000,
    0.048
  ],
  [
    1383177600000,
    0.057
  ],
  [
    1383264000000,
    0.06
  ],
  [
    1383350400000,
    0.039
  ],
  [
    1383436800000,
    0.046
  ],
  [
    1383523200000,
    0.054
  ],
  [
    1383609600000,
    0.053
  ],
  [
    1383696000000,
    0.04
  ],
  [
    1383782400000,
    0.044
  ],
  [
    1383868800000,
    0.036
  ],
  [
    1383955200000,
    0.109
  ],
  [
    1384041600000,
    0.044
  ],
  [
    1384128000000,
    0.036
  ],
  [
    1384214400000,
    0.031
  ],
  [
    1384300800000,
    0.041
  ],
  [
    1384387200000,
    0.038
  ],
  [
    1384473600000,
    0.043
  ],
  [
    1384560000000,
    0.049
  ],
  [
    1384646400000,
    0.048
  ],
  [
    1384732800000,
    0.047
  ],
  [
    1384819200000,
    0.033
  ],
  [
    1384905600000,
    0.046
  ],
  [
    1384992000000,
    0.039
  ],
  [
    1385078400000,
    0.044
  ],
  [
    1385164800000,
    0.038
  ],
  [
    1385251200000,
    0.047
  ],
  [
    1385337600000,
    0.044
  ],
  [
    1385424000000,
    0.059
  ],
  [
    1385510400000,
    0.045
  ],
  [
    1385596800000,
    0.04
  ],
  [
    1385683200000,
    0.045
  ],
  [
    1385769600000,
    0.031
  ],
  [
    1385856000000,
    0.042
  ],
  [
    1385942400000,
    0.038
  ],
  [
    1386028800000,
    0.041
  ],
  [
    1386115200000,
    0.045
  ],
  [
    1386201600000,
    0.037
  ],
  [
    1386288000000,
    0.048
  ],
  [
    1386374400000,
    0.051
  ],
  [
    1386460800000,
    0.054
  ],
  [
    1386547200000,
    0.051
  ],
  [
    1386633600000,
    0.039
  ],
  [
    1386720000000,
    0.031
  ],
  [
    1386806400000,
    0.03
  ],
  [
    1386892800000,
    0.038
  ],
  [
    1386979200000,
    0.033
  ],
  [
    1387065600000,
    0.035
  ],
  [
    1387152000000,
    0.041
  ],
  [
    1387238400000,
    0.034
  ],
  [
    1387324800000,
    0.034
  ],
  [
    1387411200000,
    0.03
  ],
  [
    1387497600000,
    0.03
  ],
  [
    1387584000000,
    0.033
  ],
  [
    1387670400000,
    0.03
  ],
  [
    1387756800000,
    0.03
  ],
  [
    1387843200000,
    0.036
  ],
  [
    1387929600000,
    0.032
  ],
  [
    1388016000000,
    0.03
  ],
  [
    1388102400000,
    0.03
  ],
  [
    1388188800000,
    0.03
  ],
  [
    1388275200000,
    0.03
  ],
  [
    1388361600000,
    0.03
  ],
  [
    1388448000000,
    0.036
  ],
  [
    1388534400000,
    0.196
  ],
  [
    1388620800000,
    0.03
  ],
  [
    1388707200000,
    0.032
  ],
  [
    1388793600000,
    0.031
  ],
  [
    1388880000000,
    0.035
  ],
  [
    1388966400000,
    0.03
  ],
  [
    1389052800000,
    0.032
  ],
  [
    1389139200000,
    0.033
  ],
  [
    1389225600000,
    0.03
  ],
  [
    1389312000000,
    0.039
  ],
  [
    1389398400000,
    0.03
  ],
  [
    1389484800000,
    0.032
  ],
  [
    1389571200000,
    0.03
  ],
  [
    1389657600000,
    0.03
  ],
  [
    1389744000000,
    0.03
  ],
  [
    1389830400000,
    0.03
  ],
  [
    1389916800000,
    0.03
  ],
  [
    1390003200000,
    0.03
  ],
  [
    1390089600000,
    0.03
  ],
  [
    1390176000000,
    0.032
  ],
  [
    1390262400000,
    0.03
  ],
  [
    1390348800000,
    0.03
  ],
  [
    1390435200000,
    0.03
  ],
  [
    1390521600000,
    0.03
  ],
  [
    1390608000000,
    0.03
  ],
  [
    1390694400000,
    0.03
  ],
  [
    1390780800000,
    0.03
  ],
  [
    1390867200000,
    0.03
  ],
  [
    1390953600000,
    0.03
  ],
  [
    1391040000000,
    0.03
  ],
  [
    1391126400000,
    0.03
  ],
  [
    1391212800000,
    0.031
  ],
  [
    1391299200000,
    0.03
  ],
  [
    1391385600000,
    0.03
  ],
  [
    1391472000000,
    0.031
  ],
  [
    1391558400000,
    0.03
  ],
  [
    1391644800000,
    0.03
  ],
  [
    1391731200000,
    0.03
  ],
  [
    1391817600000,
    0.03
  ],
  [
    1391904000000,
    0.03
  ],
  [
    1391990400000,
    0.248
  ],
  [
    1392076800000,
    0.03
  ],
  [
    1392163200000,
    0.031
  ],
  [
    1392249600000,
    0.03
  ],
  [
    1392336000000,
    0.065
  ],
  [
    1392422400000,
    0.033
  ],
  [
    1392508800000,
    0.03
  ],
  [
    1392595200000,
    0.031
  ],
  [
    1392681600000,
    0.03
  ],
  [
    1392768000000,
    0.033
  ],
  [
    1392854400000,
    0.03
  ],
  [
    1392940800000,
    0.03
  ],
  [
    1393027200000,
    0.03
  ],
  [
    1393113600000,
    0.03
  ],
  [
    1393200000000,
    0.03
  ],
  [
    1393286400000,
    0.03
  ],
  [
    1393372800000,
    0.032
  ],
  [
    1393459200000,
    0.03
  ],
  [
    1393545600000,
    0.03
  ],
  [
    1393632000000,
    0.03
  ],
  [
    1393718400000,
    0.03
  ],
  [
    1393804800000,
    0.061
  ],
  [
    1393891200000,
    0.037
  ],
  [
    1393977600000,
    0.03
  ],
  [
    1394064000000,
    0.03
  ],
  [
    1394150400000,
    0.03
  ],
  [
    1394236800000,
    0.03
  ],
  [
    1394323200000,
    0.03
  ],
  [
    1394409600000,
    0.03
  ],
  [
    1394496000000,
    0.03
  ],
  [
    1394582400000,
    0.03
  ],
  [
    1394668800000,
    0.03
  ],
  [
    1394755200000,
    0.03
  ],
  [
    1394841600000,
    0.03
  ],
  [
    1394928000000,
    0.03
  ],
  [
    1395014400000,
    0.03
  ],
  [
    1395100800000,
    0.03
  ],
  [
    1395187200000,
    0.03
  ],
  [
    1395273600000,
    0.03
  ],
  [
    1395360000000,
    0.03
  ],
  [
    1395446400000,
    0.03
  ],
  [
    1395532800000,
    0.03
  ],
  [
    1395619200000,
    0.03
  ],
  [
    1395705600000,
    0.033
  ],
  [
    1395792000000,
    0.03
  ],
  [
    1395878400000,
    0.03
  ],
  [
    1395964800000,
    0.03
  ],
  [
    1396051200000,
    0.03
  ],
  [
    1396137600000,
    0.03
  ],
  [
    1396220400000,
    0.03
  ],
  [
    1396306800000,
    0.035
  ],
  [
    1396393200000,
    0.03
  ],
  [
    1396479600000,
    0.03
  ],
  [
    1396566000000,
    0.03
  ],
  [
    1396652400000,
    0.03
  ],
  [
    1396738800000,
    0.03
  ],
  [
    1396825200000,
    0.03
  ],
  [
    1396911600000,
    0.031
  ],
  [
    1396998000000,
    0.032
  ],
  [
    1397084400000,
    0.03
  ],
  [
    1397170800000,
    0.03
  ],
  [
    1397257200000,
    0.03
  ],
  [
    1397343600000,
    0.03
  ],
  [
    1397430000000,
    0.03
  ],
  [
    1397516400000,
    0.03
  ],
  [
    1397602800000,
    0.03
  ],
  [
    1397689200000,
    0.03
  ],
  [
    1397775600000,
    0.03
  ],
  [
    1397862000000,
    0.03
  ],
  [
    1397948400000,
    0.03
  ],
  [
    1398034800000,
    0.03
  ],
  [
    1398121200000,
    0.03
  ],
  [
    1398207600000,
    0.03
  ],
  [
    1398294000000,
    0.03
  ],
  [
    1398380400000,
    0.03
  ],
  [
    1398466800000,
    0.03
  ],
  [
    1398553200000,
    0.03
  ],
  [
    1398639600000,
    0.034
  ],
  [
    1398726000000,
    0.03
  ],
  [
    1398812400000,
    0.031
  ],
  [
    1398898800000,
    0.03
  ],
  [
    1398985200000,
    0.03
  ],
  [
    1399071600000,
    0.034
  ],
  [
    1399158000000,
    0.03
  ],
  [
    1399244400000,
    0.03
  ],
  [
    1399330800000,
    0.03
  ],
  [
    1399417200000,
    0.03
  ],
  [
    1399503600000,
    0.032
  ],
  [
    1399590000000,
    0.03
  ],
  [
    1399676400000,
    0.03
  ],
  [
    1399762800000,
    0.03
  ],
  [
    1399849200000,
    0.03
  ],
  [
    1399935600000,
    0.03
  ],
  [
    1400022000000,
    0.03
  ],
  [
    1400108400000,
    0.033
  ],
  [
    1400194800000,
    0.03
  ],
  [
    1400281200000,
    0.034
  ],
  [
    1400367600000,
    0.035
  ],
  [
    1400454000000,
    0.036
  ],
  [
    1400540400000,
    0.035
  ],
  [
    1400626800000,
    0.04
  ],
  [
    1400713200000,
    0.1
  ],
  [
    1400799600000,
    0.032
  ],
  [
    1400886000000,
    0.032
  ],
  [
    1400972400000,
    0.031
  ],
  [
    1401058800000,
    0.033
  ],
  [
    1401145200000,
    0.036
  ],
  [
    1401231600000,
    0.03
  ],
  [
    1401318000000,
    0.04
  ],
  [
    1401404400000,
    0.041
  ],
  [
    1401490800000,
    0.044
  ],
  [
    1401577200000,
    0.037
  ],
  [
    1401663600000,
    0.032
  ],
  [
    1401750000000,
    0.039
  ],
  [
    1401836400000,
    0.03
  ],
  [
    1401922800000,
    0.03
  ],
  [
    1402009200000,
    0.036
  ],
  [
    1402095600000,
    0.042
  ],
  [
    1402182000000,
    0.03
  ],
  [
    1402268400000,
    0.03
  ],
  [
    1402354800000,
    0.04
  ],
  [
    1402441200000,
    0.034
  ],
  [
    1402527600000,
    0.442
  ],
  [
    1402614000000,
    0.034
  ],
  [
    1402700400000,
    0.033
  ],
  [
    1402786800000,
    0.04
  ],
  [
    1402873200000,
    0.04
  ],
  [
    1402959600000,
    0.035
  ],
  [
    1403046000000,
    0.03
  ],
  [
    1403132400000,
    0.035
  ],
  [
    1403218800000,
    0.03
  ],
  [
    1403305200000,
    0.03
  ],
  [
    1403391600000,
    0.03
  ],
  [
    1403478000000,
    0.039
  ],
  [
    1403564400000,
    0.03
  ],
  [
    1403650800000,
    0.107
  ],
  [
    1403737200000,
    0.03
  ],
  [
    1403823600000,
    0.03
  ],
  [
    1403910000000,
    0.032
  ],
  [
    1403996400000,
    0.03
  ],
  [
    1404082800000,
    0.032
  ],
  [
    1404169200000,
    0.04
  ],
  [
    1404255600000,
    0.032
  ],
  [
    1404342000000,
    0.03
  ],
  [
    1404428400000,
    0.031
  ],
  [
    1404514800000,
    0.041
  ],
  [
    1404601200000,
    0.043
  ],
  [
    1404687600000,
    0.035
  ],
  [
    1404774000000,
    0.034
  ],
  [
    1404860400000,
    0.034
  ],
  [
    1404946800000,
    0.815
  ],
  [
    1405033200000,
    0.037
  ],
  [
    1405119600000,
    0.03
  ],
  [
    1405206000000,
    0.03
  ],
  [
    1405292400000,
    0.046
  ],
  [
    1405378800000,
    0.033
  ],
  [
    1405465200000,
    0.041
  ],
  [
    1405551600000,
    0.03
  ],
  [
    1405638000000,
    0.039
  ],
  [
    1405724400000,
    0.045
  ],
  [
    1405810800000,
    0.041
  ],
  [
    1405897200000,
    0.034
  ],
  [
    1405983600000,
    0.047
  ],
  [
    1406070000000,
    0.033
  ],
  [
    1406156400000,
    0.043
  ],
  [
    1406242800000,
    0.031
  ],
  [
    1406329200000,
    0.037
  ],
  [
    1406415600000,
    0.034
  ],
  [
    1406502000000,
    0.03
  ],
  [
    1406588400000,
    0.031
  ],
  [
    1406674800000,
    0.033
  ],
  [
    1406761200000,
    0.042
  ],
  [
    1406847600000,
    0.037
  ],
  [
    1406934000000,
    0.041
  ],
  [
    1407020400000,
    0.031
  ],
  [
    1407106800000,
    0.035
  ],
  [
    1407193200000,
    0.03
  ],
  [
    1407279600000,
    0.032
  ],
  [
    1407366000000,
    0.033
  ],
  [
    1407452400000,
    0.033
  ],
  [
    1407538800000,
    0.03
  ],
  [
    1407625200000,
    0.041
  ],
  [
    1407711600000,
    0.036
  ],
  [
    1407798000000,
    0.036
  ],
  [
    1407884400000,
    0.047
  ],
  [
    1407970800000,
    0.043
  ],
  [
    1408057200000,
    0.04
  ],
  [
    1408143600000,
    0.311
  ],
  [
    1408230000000,
    0.03
  ],
  [
    1408316400000,
    0.033
  ],
  [
    1408402800000,
    0.03
  ],
  [
    1408489200000,
    0.036
  ],
  [
    1408575600000,
    0.038
  ],
  [
    1408662000000,
    0.209
  ],
  [
    1408748400000,
    0.038
  ],
  [
    1408834800000,
    0.044
  ],
  [
    1408921200000,
    0.059
  ],
  [
    1409007600000,
    0.041
  ],
  [
    1409094000000,
    0.048
  ],
  [
    1409180400000,
    0.039
  ],
  [
    1409266800000,
    0.039
  ],
  [
    1409353200000,
    0.036
  ],
  [
    1409439600000,
    0.031
  ],
  [
    1409526000000,
    0.038
  ],
  [
    1409612400000,
    0.044
  ],
  [
    1409698800000,
    0.055
  ],
  [
    1409785200000,
    0.044
  ],
  [
    1409871600000,
    0.05
  ],
  [
    1409958000000,
    0.045
  ],
  [
    1410044400000,
    0.046
  ],
  [
    1410130800000,
    0.048
  ],
  [
    1410217200000,
    0.037
  ],
  [
    1410303600000,
    0.044
  ],
  [
    1410390000000,
    0.038
  ],
  [
    1410476400000,
    0.052
  ],
  [
    1410562800000,
    0.043
  ],
  [
    1410649200000,
    0.047
  ],
  [
    1410735600000,
    0.046
  ],
  [
    1410822000000,
    0.047
  ],
  [
    1410908400000,
    0.043
  ],
  [
    1410994800000,
    0.03
  ],
  [
    1411081200000,
    0.052
  ],
  [
    1411167600000,
    0.047
  ],
  [
    1411254000000,
    0.057
  ],
  [
    1411340400000,
    0.05
  ],
  [
    1411426800000,
    0.036
  ],
  [
    1411513200000,
    0.048
  ],
  [
    1411599600000,
    0.045
  ],
  [
    1411686000000,
    0.081
  ],
  [
    1411772400000,
    0.054
  ],
  [
    1411858800000,
    0.046
  ],
  [
    1411945200000,
    0.039
  ],
  [
    1412031600000,
    0.062
  ],
  [
    1412118000000,
    0.065
  ],
  [
    1412204400000,
    0.054
  ],
  [
    1412290800000,
    0.063
  ],
  [
    1412377200000,
    0.061
  ],
  [
    1412463600000,
    0.059
  ],
  [
    1412550000000,
    0.075
  ],
  [
    1412636400000,
    0.05
  ],
  [
    1412722800000,
    0.065
  ],
  [
    1412809200000,
    0.07
  ],
  [
    1412895600000,
    0.058
  ],
  [
    1412982000000,
    0.068
  ],
  [
    1413068400000,
    0.067
  ],
  [
    1413154800000,
    0.057
  ],
  [
    1413241200000,
    0.062
  ],
  [
    1413327600000,
    0.063
  ],
  [
    1413414000000,
    0.056
  ],
  [
    1413500400000,
    0.06
  ],
  [
    1413586800000,
    0.063
  ],
  [
    1413673200000,
    0.054
  ],
  [
    1413759600000,
    0.076
  ],
  [
    1413846000000,
    0.063
  ],
  [
    1413932400000,
    0.046
  ],
  [
    1414018800000,
    0.054
  ],
  [
    1414105200000,
    0.067
  ],
  [
    1414191600000,
    0.042
  ],
  [
    1414278000000,
    0.048
  ],
  [
    1414368000000,
    0.06
  ],
  [
    1414454400000,
    0.057
  ],
  [
    1414540800000,
    0.043
  ],
  [
    1414627200000,
    0.06
  ],
  [
    1414713600000,
    0.048
  ],
  [
    1414800000000,
    0.056
  ],
  [
    1414886400000,
    0.049
  ],
  [
    1414972800000,
    0.05
  ],
  [
    1415059200000,
    0.049
  ],
  [
    1415145600000,
    0.056
  ],
  [
    1415232000000,
    0.057
  ],
  [
    1415318400000,
    0.046
  ],
  [
    1415404800000,
    0.052
  ],
  [
    1415491200000,
    0.053
  ],
  [
    1415577600000,
    0.055
  ],
  [
    1415664000000,
    0.059
  ],
  [
    1415750400000,
    0.053
  ],
  [
    1415836800000,
    0.05
  ],
  [
    1415923200000,
    0.055
  ],
  [
    1416009600000,
    0.045
  ],
  [
    1416096000000,
    0.043
  ],
  [
    1416182400000,
    0.057
  ],
  [
    1416268800000,
    0.049
  ],
  [
    1416355200000,
    0.065
  ],
  [
    1416441600000,
    0.055
  ],
  [
    1416528000000,
    0.04
  ],
  [
    1416614400000,
    0.031
  ],
  [
    1416700800000,
    0.043
  ],
  [
    1416787200000,
    0.039
  ],
  [
    1416873600000,
    0.067
  ],
  [
    1416960000000,
    0.044
  ],
  [
    1417046400000,
    0.037
  ],
  [
    1417132800000,
    0.035
  ],
  [
    1417219200000,
    0.051
  ],
  [
    1417305600000,
    0.041
  ],
  [
    1417392000000,
    0.038
  ],
  [
    1417478400000,
    0.036
  ],
  [
    1417564800000,
    0.042
  ],
  [
    1417651200000,
    0.03
  ],
  [
    1417737600000,
    0.044
  ],
  [
    1417824000000,
    0.049
  ],
  [
    1417910400000,
    0.06
  ],
  [
    1417996800000,
    0.051
  ],
  [
    1418083200000,
    0.05
  ],
  [
    1418169600000,
    0.053
  ],
  [
    1418256000000,
    0.049
  ],
  [
    1418342400000,
    0.044
  ],
  [
    1418428800000,
    0.044
  ],
  [
    1418515200000,
    0.046
  ],
  [
    1418601600000,
    0.047
  ],
  [
    1418688000000,
    0.036
  ],
  [
    1418774400000,
    0.049
  ],
  [
    1418860800000,
    0.05
  ],
  [
    1418947200000,
    0.059
  ],
  [
    1419033600000,
    0.116
  ],
  [
    1419120000000,
    0.051
  ],
  [
    1419206400000,
    0.039
  ],
  [
    1419292800000,
    0.056
  ],
  [
    1419379200000,
    0.065
  ],
  [
    1419465600000,
    0.065
  ],
  [
    1419552000000,
    0.057
  ],
  [
    1419638400000,
    0.064
  ],
  [
    1419724800000,
    0.062
  ],
  [
    1419811200000,
    0.581
  ],
  [
    1419897600000,
    0.061
  ],
  [
    1419984000000,
    0.052
  ],
  [
    1420070400000,
    0.067
  ],
  [
    1420156800000,
    0.071
  ],
  [
    1420243200000,
    0.065
  ],
  [
    1420329600000,
    0.062
  ],
  [
    1420416000000,
    0.056
  ],
  [
    1420502400000,
    0.069
  ],
  [
    1420588800000,
    0.067
  ],
  [
    1420675200000,
    0.065
  ],
  [
    1420761600000,
    0.057
  ],
  [
    1420848000000,
    0.072
  ],
  [
    1420934400000,
    0.066
  ],
  [
    1421020800000,
    0.057
  ],
  [
    1421107200000,
    0.061
  ],
  [
    1421193600000,
    0.062
  ],
  [
    1421280000000,
    0.046
  ],
  [
    1421366400000,
    0.068
  ],
  [
    1421452800000,
    0.066
  ],
  [
    1421539200000,
    0.07
  ],
  [
    1421625600000,
    0.063
  ],
  [
    1421712000000,
    0.065
  ],
  [
    1421798400000,
    0.069
  ],
  [
    1421884800000,
    0.072
  ],
  [
    1421971200000,
    0.077
  ],
  [
    1422057600000,
    0.069
  ],
  [
    1422144000000,
    0.069
  ],
  [
    1422230400000,
    0.059
  ],
  [
    1422316800000,
    0.06
  ],
  [
    1422403200000,
    0.057
  ],
  [
    1422489600000,
    0.056
  ],
  [
    1422576000000,
    0.07
  ],
  [
    1422662400000,
    0.076
  ],
  [
    1422748800000,
    0.066
  ],
  [
    1422835200000,
    0.071
  ],
  [
    1422921600000,
    0.069
  ],
  [
    1423008000000,
    0.063
  ],
  [
    1423094400000,
    0.086
  ],
  [
    1423180800000,
    0.077
  ],
  [
    1423267200000,
    0.075
  ],
  [
    1423353600000,
    0.066
  ],
  [
    1423440000000,
    0.068
  ],
  [
    1423526400000,
    0.082
  ],
  [
    1423612800000,
    0.084
  ],
  [
    1423699200000,
    0.088
  ],
  [
    1423785600000,
    0.089
  ],
  [
    1423872000000,
    13.032
  ],
  [
    1423958400000,
    0.092
  ],
  [
    1424044800000,
    0.135
  ],
  [
    1424131200000,
    0.104
  ],
  [
    1424217600000,
    0.133
  ],
  [
    1424304000000,
    0.082
  ],
  [
    1424390400000,
    0.114
  ],
  [
    1424476800000,
    0.087
  ],
  [
    1424563200000,
    0.098
  ],
  [
    1424649600000,
    0.08
  ],
  [
    1424736000000,
    0.081
  ],
  [
    1424822400000,
    0.081
  ],
  [
    1424908800000,
    0.101
  ],
  [
    1424995200000,
    0.081
  ],
  [
    1425081600000,
    0.107
  ],
  [
    1425168000000,
    0.092
  ],
  [
    1425254400000,
    0.094
  ],
  [
    1425340800000,
    0.091
  ],
  [
    1425427200000,
    0.102
  ],
  [
    1425513600000,
    0.088
  ],
  [
    1425600000000,
    0.1
  ],
  [
    1425686400000,
    0.092
  ],
  [
    1425772800000,
    0.084
  ],
  [
    1425859200000,
    0.103
  ],
  [
    1425945600000,
    0.098
  ],
  [
    1426032000000,
    0.088
  ],
  [
    1426118400000,
    0.094
  ],
  [
    1426204800000,
    0.095
  ],
  [
    1426291200000,
    0.07
  ],
  [
    1426377600000,
    0.062
  ],
  [
    1426464000000,
    0.063
  ],
  [
    1426550400000,
    0.06
  ],
  [
    1426636800000,
    0.071
  ],
  [
    1426723200000,
    0.074
  ],
  [
    1426809600000,
    0.085
  ],
  [
    1426896000000,
    0.098
  ],
  [
    1426982400000,
    0.1
  ],
  [
    1427068800000,
    0.075
  ],
  [
    1427155200000,
    0.094
  ],
  [
    1427241600000,
    0.083
  ],
  [
    1427328000000,
    0.099
  ],
  [
    1427414400000,
    0.083
  ],
  [
    1427500800000,
    0.094
  ],
  [
    1427587200000,
    0.085
  ],
  [
    1427670000000,
    0.077
  ],
  [
    1427756400000,
    0.094
  ],
  [
    1427842800000,
    0.105
  ],
  [
    1427929200000,
    0.106
  ],
  [
    1428015600000,
    0.109
  ],
  [
    1428102000000,
    0.102
  ],
  [
    1428188400000,
    0.093
  ],
  [
    1428274800000,
    0.12
  ],
  [
    1428361200000,
    0.118
  ],
  [
    1428447600000,
    0.113
  ],
  [
    1428534000000,
    0.108
  ],
  [
    1428620400000,
    0.153
  ],
  [
    1428706800000,
    0.192
  ],
  [
    1428879600000,
    0.124
  ],
  [
    1428966000000,
    0.142
  ],
  [
    1429052400000,
    0.149
  ],
  [
    1429138800000,
    0.182
  ],
  [
    1429225200000,
    0.116
  ],
  [
    1429311600000,
    0.121
  ],
  [
    1429398000000,
    0.133
  ],
  [
    1429484400000,
    0.125
  ],
  [
    1429570800000,
    0.102
  ],
  [
    1429657200000,
    0.111
  ],
  [
    1429743600000,
    0.112
  ],
  [
    1429830000000,
    0.102
  ],
  [
    1429916400000,
    0.114
  ],
  [
    1430002800000,
    0.104
  ],
  [
    1430089200000,
    0.113
  ],
  [
    1430175600000,
    0.134
  ],
  [
    1430262000000,
    0.118
  ],
  [
    1430348400000,
    0.137
  ],
  [
    1430434800000,
    0.123
  ],
  [
    1430521200000,
    0.106
  ],
  [
    1430607600000,
    0.11
  ],
  [
    1430694000000,
    0.121
  ],
  [
    1430780400000,
    0.285
  ],
  [
    1430866800000,
    0.145
  ],
  [
    1430953200000,
    0.097
  ],
  [
    1431039600000,
    0.123
  ],
  [
    1431126000000,
    0.131
  ],
  [
    1431212400000,
    0.118
  ],
  [
    1431298800000,
    0.136
  ],
  [
    1431385200000,
    0.143
  ],
  [
    1431471600000,
    0.153
  ],
  [
    1431558000000,
    0.235
  ],
  [
    1431644400000,
    0.171
  ],
  [
    1431730800000,
    0.13
  ],
  [
    1431817200000,
    0.177
  ],
  [
    1431903600000,
    0.138
  ],
  [
    1431990000000,
    0.146
  ],
  [
    1432076400000,
    0.111
  ],
  [
    1432162800000,
    2.171
  ],
  [
    1432249200000,
    0.32
  ],
  [
    1432335600000,
    0.334
  ],
  [
    1432422000000,
    0.197
  ],
  [
    1432594800000,
    18.752
  ],
  [
    1432681200000,
    0.211
  ],
  [
    1432767600000,
    11.533
  ],
  [
    1432854000000,
    30.369
  ],
  [
    1432940400000,
    2.732
  ],
  [
    1433026800000,
    0.258
  ],
  [
    1433113200000,
    8.724
  ],
  [
    1433199600000,
    0.416
  ],
  [
    1433286000000,
    0.329
  ],
  [
    1433458800000,
    1.318
  ],
  [
    1433545200000,
    0.167
  ],
  [
    1433631600000,
    0.219
  ],
  [
    1433718000000,
    0.163
  ],
  [
    1433804400000,
    0.18
  ],
  [
    1433890800000,
    0.212
  ],
  [
    1434063600000,
    0.118
  ],
  [
    1434150000000,
    0.091
  ],
  [
    1434236400000,
    0.107
  ],
  [
    1434322800000,
    0.134
  ],
  [
    1434409200000,
    0.213
  ],
  [
    1434582000000,
    0.107
  ],
  [
    1434754800000,
    0.131
  ],
  [
    1434841200000,
    0.134
  ],
  [
    1434927600000,
    0.144
  ],
  [
    1435014000000,
    0.144
  ],
  [
    1435100400000,
    0.165
  ],
  [
    1435273200000,
    0.17
  ],
  [
    1435359600000,
    0.148
  ],
  [
    1435446000000,
    0.157
  ],
  [
    1435532400000,
    0.207
  ],
  [
    1435618800000,
    0.509
  ],
  [
    1435705200000,
    0.453
  ],
  [
    1435791600000,
    0.495
  ],
  [
    1435964400000,
    0.284
  ],
  [
    1436050800000,
    0.255
  ],
  [
    1436137200000,
    0.218
  ],
  [
    1436223600000,
    0.203
  ],
  [
    1436310000000,
    0.181
  ],
  [
    1436396400000,
    0.164
  ],
  [
    1436482800000,
    0.166
  ],
  [
    1436569200000,
    0.157
  ],
  [
    1436655600000,
    0.184
  ],
  [
    1436742000000,
    0.633
  ],
  [
    1436828400000,
    0.403
  ],
  [
    1436914800000,
    0.349
  ],
  [
    1437001200000,
    0.3
  ],
  [
    1437087600000,
    0.247
  ],
  [
    1437174000000,
    0.191
  ],
  [
    1437260400000,
    0.222
  ],
  [
    1437346800000,
    0.213
  ],
  [
    1437433200000,
    0.249
  ],
  [
    1437519600000,
    0.186
  ],
  [
    1437606000000,
    0.182
  ],
  [
    1437692400000,
    0.193
  ],
  [
    1437778800000,
    0.16
  ],
  [
    1437865200000,
    0.209
  ],
  [
    1437951600000,
    0.173
  ],
  [
    1438038000000,
    0.155
  ],
  [
    1438124400000,
    0.198
  ],
  [
    1438210800000,
    0.181
  ],
  [
    1438297200000,
    0.198
  ],
  [
    1438383600000,
    0.17
  ],
  [
    1438470000000,
    0.186
  ],
  [
    1438556400000,
    0.212
  ],
  [
    1438642800000,
    0.144
  ],
  [
    1438729200000,
    0.215
  ],
  [
    1438815600000,
    0.19
  ],
  [
    1438902000000,
    0.19
  ],
  [
    1438988400000,
    0.189
  ],
  [
    1439074800000,
    0.186
  ],
  [
    1439161200000,
    0.223
  ],
  [
    1439247600000,
    0.167
  ],
  [
    1439334000000,
    0.189
  ],
  [
    1439420400000,
    0.195
  ],
  [
    1439506800000,
    0.105
  ],
  [
    1439593200000,
    0.215
  ],
  [
    1439679600000,
    0.442
  ],
  [
    1439766000000,
    0.185
  ],
  [
    1439852400000,
    0.172
  ],
  [
    1439938800000,
    9.241
  ],
  [
    1440025200000,
    2.499
  ],
  [
    1440111600000,
    0.137
  ],
  [
    1440198000000,
    0.135
  ],
  [
    1440284400000,
    0.104
  ],
  [
    1440370800000,
    0.093
  ],
  [
    1440457200000,
    0.131
  ],
  [
    1440543600000,
    0.145
  ],
  [
    1440630000000,
    0.124
  ],
  [
    1440716400000,
    0.144
  ],
  [
    1440802800000,
    0.156
  ],
  [
    1440889200000,
    0.143
  ],
  [
    1441062000000,
    0.2
  ],
  [
    1441148400000,
    0.175
  ],
  [
    1441234800000,
    0.146
  ],
  [
    1441321200000,
    0.163
  ],
  [
    1441407600000,
    0.2
  ],
  [
    1441494000000,
    0.169
  ],
  [
    1441580400000,
    0.154
  ],
  [
    1441666800000,
    0.179
  ],
  [
    1441753200000,
    0.158
  ],
  [
    1441839600000,
    2.915
  ],
  [
    1441926000000,
    0.229
  ],
  [
    1442012400000,
    0.188
  ],
  [
    1442098800000,
    0.165
  ],
  [
    1442185200000,
    0.158
  ],
  [
    1442271600000,
    0.191
  ],
  [
    1442358000000,
    0.13
  ],
  [
    1442444400000,
    0.172
  ],
  [
    1442530800000,
    0.168
  ],
  [
    1442617200000,
    0.174
  ],
  [
    1442703600000,
    0.146
  ],
  [
    1442790000000,
    0.155
  ],
  [
    1442876400000,
    0.15
  ],
  [
    1442962800000,
    0.155
  ],
  [
    1443049200000,
    3.361
  ],
  [
    1443135600000,
    0.384
  ],
  [
    1443222000000,
    1.971
  ],
  [
    1443308400000,
    0.148
  ],
  [
    1443394800000,
    0.173
  ],
  [
    1443481200000,
    0.149
  ],
  [
    1443567600000,
    0.159
  ],
  [
    1443654000000,
    0.108
  ],
  [
    1443740400000,
    4.199
  ],
  [
    1443826800000,
    4.366
  ],
  [
    1443913200000,
    0.429
  ],
  [
    1443999600000,
    0.471
  ],
  [
    1444086000000,
    0.481
  ],
  [
    1444172400000,
    0.393
  ],
  [
    1444258800000,
    0.412
  ],
  [
    1444431600000,
    0.285
  ],
  [
    1444518000000,
    0.287
  ],
  [
    1444604400000,
    0.267
  ],
  [
    1444690800000,
    0.28
  ],
  [
    1444777200000,
    0.237
  ],
  [
    1444863600000,
    0.251
  ],
  [
    1444950000000,
    0.26
  ],
  [
    1445036400000,
    0.21
  ],
  [
    1445122800000,
    0.21
  ],
  [
    1445209200000,
    0.231
  ],
  [
    1445295600000,
    0.238
  ],
  [
    1445468400000,
    0.181
  ],
  [
    1445554800000,
    0.243
  ],
  [
    1445641200000,
    0.266
  ],
  [
    1445817600000,
    0.21
  ],
  [
    1445904000000,
    0.229
  ],
  [
    1445990400000,
    0.212
  ],
  [
    1446076800000,
    0.219
  ],
  [
    1446163200000,
    0.136
  ],
  [
    1446249600000,
    0.164
  ],
  [
    1446336000000,
    0.108
  ],
  [
    1446422400000,
    0.118
  ],
  [
    1446508800000,
    0.117
  ],
  [
    1446595200000,
    3.594
  ],
  [
    1446681600000,
    0.253
  ],
  [
    1446768000000,
    0.268
  ],
  [
    1446854400000,
    0.258
  ],
  [
    1446940800000,
    0.307
  ],
  [
    1447027200000,
    0.289
  ],
  [
    1447113600000,
    0.254
  ],
  [
    1447200000000,
    0.193
  ],
  [
    1447286400000,
    0.236
  ],
  [
    1447372800000,
    0.225
  ],
  [
    1447459200000,
    0.193
  ],
  [
    1447545600000,
    0.213
  ],
  [
    1447632000000,
    0.566
  ],
  [
    1447718400000,
    0.495
  ],
  [
    1447804800000,
    0.366
  ],
  [
    1447891200000,
    0.189
  ],
  [
    1447977600000,
    0.175
  ],
  [
    1448064000000,
    0.248
  ],
  [
    1448150400000,
    0.342
  ],
  [
    1448409600000,
    0.231
  ],
  [
    1448496000000,
    0.212
  ],
  [
    1448582400000,
    0.197
  ],
  [
    1448668800000,
    0.184
  ],
  [
    1448755200000,
    0.148
  ],
  [
    1448841600000,
    0.144
  ],
  [
    1448928000000,
    0.15
  ],
  [
    1449014400000,
    0.153
  ],
  [
    1449100800000,
    0.157
  ],
  [
    1449187200000,
    0.165
  ],
  [
    1449273600000,
    0.153
  ],
  [
    1449360000000,
    0.183
  ],
  [
    1449446400000,
    0.42
  ],
  [
    1449532800000,
    0.328
  ],
  [
    1449619200000,
    0.277
  ],
  [
    1449705600000,
    0.302
  ],
  [
    1449792000000,
    0.268
  ],
  [
    1449878400000,
    0.239
  ],
  [
    1449964800000,
    0.2
  ],
  [
    1450051200000,
    0.217
  ],
  [
    1450137600000,
    0.214
  ],
  [
    1450224000000,
    0.216
  ],
  [
    1450310400000,
    0.211
  ],
  [
    1450396800000,
    0.205
  ],
  [
    1450483200000,
    0.17
  ],
  [
    1450569600000,
    0.204
  ],
  [
    1450656000000,
    0.184
  ],
  [
    1450742400000,
    0.506
  ],
  [
    1450828800000,
    1.792
  ],
  [
    1450915200000,
    0.42
  ],
  [
    1451001600000,
    0.385
  ],
  [
    1451088000000,
    4.551
  ],
  [
    1451174400000,
    0.226
  ],
  [
    1451260800000,
    0.231
  ],
  [
    1451347200000,
    0.181
  ],
  [
    1451433600000,
    0.181
  ],
  [
    1451520000000,
    0.173
  ],
  [
    1451606400000,
    0.182
  ],
  [
    1451692800000,
    0.357
  ],
  [
    1451779200000,
    0.248
  ],
  [
    1451865600000,
    0.253
  ],
  [
    1451952000000,
    0.269
  ],
  [
    1452038400000,
    0.226
  ],
  [
    1452124800000,
    0.235
  ],
  [
    1452211200000,
    0.23
  ],
  [
    1452297600000,
    0.249
  ],
  [
    1452384000000,
    0.22
  ],
  [
    1452470400000,
    0.282
  ],
  [
    1452556800000,
    0.232
  ],
  [
    1452643200000,
    0.222
  ],
  [
    1452729600000,
    0.228
  ],
  [
    1452816000000,
    0.268
  ],
  [
    1452902400000,
    0.268
  ],
  [
    1453075200000,
    0.322
  ],
  [
    1453161600000,
    0.34
  ],
  [
    1453334400000,
    0.342
  ],
  [
    1453507200000,
    0.171
  ],
  [
    1453593600000,
    0.255
  ],
  [
    1453680000000,
    0.234
  ],
  [
    1453766400000,
    0.238
  ],
  [
    1453852800000,
    0.23
  ],
  [
    1453939200000,
    0.241
  ],
  [
    1454025600000,
    0.235
  ],
  [
    1454112000000,
    0.229
  ],
  [
    1454198400000,
    0.202
  ],
  [
    1454284800000,
    0.214
  ],
  [
    1454371200000,
    0.21
  ],
  [
    1454457600000,
    0.208
  ],
  [
    1454544000000,
    0.21
  ],
  [
    1454630400000,
    0.229
  ],
  [
    1454716800000,
    0.223
  ],
  [
    1454803200000,
    0.218
  ],
  [
    1454889600000,
    0.189
  ],
  [
    1454976000000,
    0.203
  ],
  [
    1455062400000,
    2.662
  ],
  [
    1455148800000,
    0.273
  ],
  [
    1455235200000,
    0.34
  ],
  [
    1455321600000,
    0.536
  ],
  [
    1455408000000,
    0.417
  ],
  [
    1455494400000,
    0.416
  ],
  [
    1455580800000,
    0.364
  ],
  [
    1455667200000,
    0.415
  ],
  [
    1455753600000,
    0.301
  ],
  [
    1455840000000,
    0.366
  ],
  [
    1455926400000,
    0.388
  ],
  [
    1456012800000,
    0.324
  ],
  [
    1456099200000,
    0.277
  ],
  [
    1456185600000,
    0.308
  ],
  [
    1456272000000,
    0.267
  ],
  [
    1456358400000,
    0.284
  ],
  [
    1456444800000,
    0.319
  ],
  [
    1456531200000,
    0.286
  ],
  [
    1456617600000,
    0.3
  ],
  [
    1456704000000,
    0.312
  ],
  [
    1456790400000,
    0.291
  ],
  [
    1456876800000,
    0.244
  ],
  [
    1456963200000,
    0.251
  ],
  [
    1457049600000,
    0.271
  ],
  [
    1457136000000,
    0.307
  ],
  [
    1457222400000,
    0.309
  ],
  [
    1457308800000,
    0.331
  ],
  [
    1457395200000,
    0.372
  ],
  [
    1457481600000,
    0.31
  ],
  [
    1457654400000,
    0.355
  ],
  [
    1457740800000,
    0.323
  ],
  [
    1457913600000,
    0.392
  ],
  [
    1458000000000,
    0.277
  ],
  [
    1458086400000,
    0.344
  ],
  [
    1458172800000,
    0.31
  ],
  [
    1458345600000,
    0.424
  ],
  [
    1458432000000,
    0.4
  ],
  [
    1458518400000,
    0.44
  ],
  [
    1458691200000,
    1.165
  ],
  [
    1458777600000,
    60
  ],
  [
    1458864000000,
    18.261
  ],
  [
    1458950400000,
    33.07
  ],
  [
    1459119600000,
    4.479
  ],
  [
    1459292400000,
    1.62
  ],
  [
    1459378800000,
    70
  ],
  [
    1459465200000,
    3.421
  ],
  [
    1459551600000,
    2.619
  ],
  [
    1459638000000,
    2.157
  ],
  [
    1459724400000,
    1.799
  ],
  [
    1459810800000,
    1.788
  ],
  [
    1459897200000,
    1.794
  ],
  [
    1459983600000,
    1.84
  ],
  [
    1460156400000,
    1.5
  ],
  [
    1460242800000,
    1.327
  ],
  [
    1460329200000,
    1.423
  ],
  [
    1460502000000,
    1.335
  ],
  [
    1460588400000,
    1.009
  ],
  [
    1460674800000,
    0.915
  ],
  [
    1460847600000,
    0.65
  ],
  [
    1461020400000,
    1.535
  ],
  [
    1461193200000,
    1.578
  ],
  [
    1461279600000,
    0.795
  ],
  [
    1461366000000,
    1.297
  ],
  [
    1461452400000,
    0.795
  ],
  [
    1461711600000,
    0.86
  ],
  [
    1461798000000,
    0.796
  ],
  [
    1461884400000,
    0.648
  ],
  [
    1461970800000,
    0.342
  ],
  [
    1462057200000,
    30.171
  ],
  [
    1462143600000,
    25.953
  ],
  [
    1462230000000,
    0.707
  ],
  [
    1462316400000,
    0.241
  ],
  [
    1462402800000,
    0.627
  ],
  [
    1462489200000,
    0.84
  ],
  [
    1462575600000,
    1.025
  ],
  [
    1462662000000,
    0.683
  ],
  [
    1462748400000,
    1.019
  ],
  [
    1463007600000,
    0.945
  ],
  [
    1463180400000,
    0.585
  ],
  [
    1463266800000,
    0.847
  ],
  [
    1463353200000,
    0.78
  ],
  [
    1463439600000,
    0.48
  ],
  [
    1463526000000,
    0.96
  ],
  [
    1463785200000,
    0.861
  ],
  [
    1463871600000,
    0.541
  ],
  [
    1463958000000,
    0.654
  ],
  [
    1464044400000,
    0.72
  ],
  [
    1464130800000,
    0.507
  ],
  [
    1464303600000,
    0.557
  ],
  [
    1464390000000,
    0.544
  ],
  [
    1464562800000,
    0.478
  ],
  [
    1464649200000,
    0.481
  ],
  [
    1464735600000,
    0.513
  ],
  [
    1464994800000,
    0.386
  ],
  [
    1465081200000,
    0.39
  ],
  [
    1465167600000,
    0.386
  ],
  [
    1465254000000,
    0.384
  ],
  [
    1465340400000,
    0.318
  ],
  [
    1465426800000,
    0.352
  ],
  [
    1465513200000,
    0.288
  ],
  [
    1465686000000,
    0.36
  ],
  [
    1465772400000,
    0.365
  ],
  [
    1465858800000,
    0.342
  ],
  [
    1465945200000,
    0.388
  ],
  [
    1466031600000,
    0.447
  ],
  [
    1466118000000,
    0.529
  ],
  [
    1466204400000,
    0.427
  ],
  [
    1466290800000,
    0.43
  ],
  [
    1466377200000,
    0.451
  ],
  [
    1466722800000,
    0.706
  ],
  [
    1466982000000,
    0.703
  ],
  [
    1467241200000,
    0.542
  ],
  [
    1467327600000,
    0.5
  ],
  [
    1467414000000,
    0.55
  ],
  [
    1467500400000,
    0.577
  ],
  [
    1467586800000,
    0.55
  ],
  [
    1467759600000,
    0.54
  ],
  [
    1467846000000,
    0.517
  ],
  [
    1467932400000,
    0.573
  ],
  [
    1468191600000,
    0.452
  ],
  [
    1468278000000,
    0.781
  ],
  [
    1468537200000,
    0.66
  ],
  [
    1468623600000,
    0.66
  ],
  [
    1469142000000,
    0.659
  ],
  [
    1469401200000,
    0.43
  ],
  [
    1469487600000,
    0.455
  ],
  [
    1469574000000,
    0.44
  ],
  [
    1470178800000,
    0.447
  ],
  [
    1470265200000,
    0.375
  ],
  [
    1470351600000,
    0.456
  ],
  [
    1470438000000,
    0.678
  ],
  [
    1470783600000,
    0.621
  ],
  [
    1471215600000,
    0.279
  ],
  [
    1471302000000,
    0.285
  ],
  [
    1471388400000,
    0.425
  ],
  [
    1471993200000,
    0.392
  ],
  [
    1472079600000,
    0.54
  ],
  [
    1472166000000,
    0.549
  ],
  [
    1472252400000,
    0.4
  ],
  [
    1472338800000,
    0.69
  ],
  [
    1472425200000,
    0.464
  ],
  [
    1472511600000,
    0.563
  ],
  [
    1473202800000,
    0.435
  ],
  [
    1473375600000,
    0.576
  ],
  [
    1473807600000,
    0.514
  ],
  [
    1473980400000,
    0.6
  ],
  [
    1474066800000,
    0.46
  ],
  [
    1474153200000,
    0.614
  ],
  [
    1474412400000,
    0.648
  ],
  [
    1474758000000,
    0.639
  ],
  [
    1474930800000,
    0.6
  ],
  [
    1475190000000,
    0.466
  ],
  [
    1475362800000,
    0.36
  ],
  [
    1475449200000,
    0.476
  ],
  [
    1475535600000,
    0.53
  ],
  [
    1475622000000,
    0.464
  ],
  [
    1475881200000,
    0.569
  ],
  [
    1476226800000,
    0.394
  ],
  [
    1476399600000,
    0.37
  ],
  [
    1476572400000,
    0.495
  ],
  [
    1476745200000,
    0.522
  ],
  [
    1476831600000,
    0.68
  ],
  [
    1476918000000,
    0.603
  ],
  [
    1477004400000,
    0.684
  ],
  [
    1477263600000,
    0.744
  ],
  [
    1477522800000,
    0.575
  ],
  [
    1477609200000,
    0.49
  ],
  [
    1477872000000,
    0.533
  ],
  [
    1478304000000,
    0.508
  ],
  [
    1478390400000,
    0.475
  ],
  [
    1478476800000,
    0.486
  ],
  [
    1478736000000,
    0.508
  ],
  [
    1478822400000,
    0.505
  ],
  [
    1478908800000,
    0.598
  ],
  [
    1478995200000,
    0.598
  ],
  [
    1479427200000,
    0.629
  ],
  [
    1479686400000,
    0.615
  ],
  [
    1479772800000,
    0.09
  ],
  [
    1479945600000,
    0.385
  ],
  [
    1480377600000,
    0.41
  ],
  [
    1480464000000,
    0.488
  ],
  [
    1480550400000,
    0.488
  ],
  [
    1480636800000,
    0.71
  ],
  [
    1480723200000,
    1.217
  ],
  [
    1480896000000,
    1.23
  ],
  [
    1480982400000,
    1.148
  ],
  [
    1481155200000,
    1.826
  ],
  [
    1481241600000,
    3.546
  ],
  [
    1481328000000,
    1.1
  ],
  [
    1481414400000,
    0.739
  ],
  [
    1481500800000,
    0.792
  ],
  [
    1481587200000,
    0.555
  ],
  [
    1481673600000,
    0.568
  ],
  [
    1481760000000,
    0.616
  ],
  [
    1481846400000,
    0.435
  ],
  [
    1482019200000,
    0.32
  ],
  [
    1482105600000,
    0.417
  ],
  [
    1482192000000,
    0.598
  ],
  [
    1482278400000,
    0.642
  ],
  [
    1482364800000,
    0.65
  ],
  [
    1482451200000,
    0.742
  ],
  [
    1482537600000,
    0.734
  ],
  [
    1482796800000,
    0.701
  ],
  [
    1482969600000,
    0.555
  ],
  [
    1483056000000,
    0.731
  ],
  [
    1483228800000,
    0.932
  ],
  [
    1483488000000,
    1.469
  ],
  [
    1483574400000,
    1.247
  ],
  [
    1483747200000,
    1.212
  ],
  [
    1483833600000,
    0.96
  ],
  [
    1483920000000,
    1.056
  ],
  [
    1484092800000,
    1.1
  ],
  [
    1484265600000,
    0.85
  ],
  [
    1484352000000,
    0.2
  ],
  [
    1484438400000,
    0.849
  ],
  [
    1484524800000,
    0.444
  ],
  [
    1484870400000,
    0.134
  ],
  [
    1485216000000,
    0.401
  ],
  [
    1485302400000,
    0.641
  ],
  [
    1485388800000,
    0.633
  ],
  [
    1485648000000,
    0.5
  ],
  [
    1485734400000,
    0.492
  ],
  [
    1485820800000,
    0.218
  ],
  [
    1485993600000,
    0.47
  ],
  [
    1486080000000,
    0.462
  ],
  [
    1486684800000,
    0.315
  ],
  [
    1486771200000,
    0.32
  ],
  [
    1486857600000,
    0.329
  ],
  [
    1487116800000,
    0.403
  ],
  [
    1487203200000,
    0.429
  ],
  [
    1487462400000,
    0.265
  ],
  [
    1487548800000,
    0.34
  ],
  [
    1487721600000,
    0.344
  ],
  [
    1487808000000,
    0.33
  ],
  [
    1487894400000,
    0.338
  ],
  [
    1488067200000,
    0.304
  ],
  [
    1488240000000,
    0.19
  ],
  [
    1488326400000,
    0.267
  ],
  [
    1488499200000,
    0.22
  ],
  [
    1488672000000,
    0.286
  ],
  [
    1488758400000,
    0.3
  ],
  [
    1488844800000,
    0.309
  ],
  [
    1489017600000,
    0.327
  ],
  [
    1489104000000,
    0.191
  ],
  [
    1489363200000,
    0.292
  ],
  [
    1489536000000,
    0.293
  ],
  [
    1489622400000,
    0.304
  ],
  [
    1489708800000,
    0.316
  ],
  [
    1489795200000,
    0.278
  ],
  [
    1489881600000,
    0.306
  ],
  [
    1489968000000,
    0.309
  ],
  [
    1490140800000,
    0.27
  ],
  [
    1490227200000,
    0.285
  ],
  [
    1490313600000,
    0.299
  ],
  [
    1490400000000,
    0.291
  ],
  [
    1490486400000,
    0.363
  ],
  [
    1490569200000,
    0.416
  ],
  [
    1490655600000,
    0.462
  ],
  [
    1490742000000,
    0.32
  ],
  [
    1490914800000,
    0.321
  ],
  [
    1491001200000,
    0.366
  ],
  [
    1491087600000,
    0.373
  ],
  [
    1491174000000,
    0.31
  ],
  [
    1491346800000,
    0.446
  ],
  [
    1491519600000,
    0.426
  ],
  [
    1491606000000,
    0.449
  ],
  [
    1491865200000,
    0.423
  ],
  [
    1492038000000,
    0.377
  ],
  [
    1492124400000,
    0.363
  ],
  [
    1492210800000,
    0.354
  ],
  [
    1492470000000,
    0.355
  ],
  [
    1492642800000,
    0.35
  ],
  [
    1492729200000,
    0.396
  ],
  [
    1492902000000,
    0.429
  ],
  [
    1492988400000,
    0.372
  ],
  [
    1493334000000,
    0.43
  ],
  [
    1493593200000,
    0.363
  ],
  [
    1493852400000,
    0.39
  ],
  [
    1493938800000,
    0.393
  ],
  [
    1494198000000,
    0.353
  ],
  [
    1494284400000,
    0.352
  ],
  [
    1494370800000,
    0.356
  ],
  [
    1494543600000,
    0.386
  ],
  [
    1494802800000,
    0.347
  ],
  [
    1494889200000,
    0.38
  ],
  [
    1495148400000,
    0.388
  ],
  [
    1495234800000,
    0.427
  ],
  [
    1495407600000,
    0.461
  ],
  [
    1495494000000,
    0.483
  ],
  [
    1495580400000,
    0.437
  ],
  [
    1495666800000,
    0.696
  ],
  [
    1495753200000,
    0.83
  ],
  [
    1495926000000,
    0.692
  ],
  [
    1496098800000,
    0.468
  ],
  [
    1496271600000,
    0.56
  ],
  [
    1496358000000,
    0.616
  ],
  [
    1496444400000,
    0.702
  ],
  [
    1496530800000,
    0.59
  ],
  [
    1496876400000,
    0.959
  ],
  [
    1497049200000,
    0.4
  ],
  [
    1497135600000,
    0.4
  ],
  [
    1497222000000,
    0.43
  ],
  [
    1497308400000,
    0.448
  ],
  [
    1497654000000,
    0.689
  ],
  [
    1497999600000,
    1.013
  ],
  [
    1498086000000,
    1.321
  ],
  [
    1498172400000,
    9.607
  ],
  [
    1498431600000,
    55.814
  ],
  [
    1498518000000,
    20.054
  ],
  [
    1498604400000,
    28.151
  ],
  [
    1498690800000,
    30.8
  ],
  [
    1498777200000,
    33.706
  ],
  [
    1498863600000,
    16.098
  ],
  [
    1498950000000,
    2.36
  ],
  [
    1499036400000,
    22.063
  ],
  [
    1499122800000,
    13.162
  ],
  [
    1499209200000,
    33.81
  ],
  [
    1499295600000,
    3.06
  ],
  [
    1499382000000,
    34.133
  ],
  [
    1499468400000,
    11.652
  ],
  [
    1499641200000,
    17.416
  ],
  [
    1499727600000,
    17.611
  ],
  [
    1499814000000,
    1.382
  ],
  [
    1499900400000,
    17.299
  ],
  [
    1499986800000,
    16.423
  ],
  [
    1500073200000,
    36.415
  ],
  [
    1500159600000,
    2
  ],
  [
    1500246000000,
    18.631
  ],
  [
    1500332400000,
    36.117
  ],
  [
    1500418800000,
    24.727
  ],
  [
    1500505200000,
    35.584
  ],
  [
    1500591600000,
    35.415
  ],
  [
    1500678000000,
    14.39
  ],
  [
    1500764400000,
    10.408
  ],
  [
    1500850800000,
    30.773
  ],
  [
    1500937200000,
    33.312
  ],
  [
    1501023600000,
    5.03
  ],
  [
    1501196400000,
    3.33
  ],
  [
    1501369200000,
    3.547
  ],
  [
    1501714800000,
    3.819
  ],
  [
    1501801200000,
    20.068
  ],
  [
    1501887600000,
    20.83
  ],
  [
    1501974000000,
    26.075
  ],
  [
    1502060400000,
    27.153
  ],
  [
    1502146800000,
    4.048
  ],
  [
    1502406000000,
    4.69
  ],
  [
    1502492400000,
    4.69
  ],
  [
    1502578800000,
    4.69
  ],
  [
    1502751600000,
    4.537
  ],
  [
    1503097200000,
    2.758
  ],
  [
    1503183600000,
    5.289
  ],
  [
    1503270000000,
    18.805
  ],
  [
    1503356400000,
    31.795
  ],
  [
    1503442800000,
    4.838
  ],
  [
    1503788400000,
    29.107
  ],
  [
    1503874800000,
    4.45
  ],
  [
    1504047600000,
    4.723
  ],
  [
    1504134000000,
    5.041
  ],
  [
    1504220400000,
    19.879
  ],
  [
    1504306800000,
    19.092
  ],
  [
    1504393200000,
    34.712
  ],
  [
    1504479600000,
    4.585
  ],
  [
    1504652400000,
    34.69
  ],
  [
    1504738800000,
    34.406
  ],
  [
    1504825200000,
    35.175
  ],
  [
    1504911600000,
    13.573
  ],
  [
    1504998000000,
    25.252
  ],
  [
    1505084400000,
    7.349
  ],
  [
    1505170800000,
    34.924
  ],
  [
    1505257200000,
    5.908
  ],
  [
    1505343600000,
    21.162
  ],
  [
    1505516400000,
    7.135
  ],
  [
    1505602800000,
    7.721
  ],
  [
    1505689200000,
    5.802
  ],
  [
    1505775600000,
    6.135
  ],
  [
    1505862000000,
    5.15
  ],
  [
    1505948400000,
    6.35
  ],
  [
    1506294000000,
    5.005
  ],
  [
    1506985200000,
    34.5
  ],
  [
    1507071600000,
    4.642
  ],
  [
    1507244400000,
    4.09
  ],
  [
    1507417200000,
    4.02
  ],
  [
    1507849200000,
    3.703
  ],
  [
    1508022000000,
    3.12
  ],
  [
    1508108400000,
    3.808
  ],
  [
    1508454000000,
    2.96
  ],
  [
    1508540400000,
    2.96
  ],
  [
    1508799600000,
    2.748
  ],
  [
    1508886000000,
    2.139
  ],
  [
    1508972400000,
    2.3
  ],
  [
    1509058800000,
    2.104
  ],
  [
    1509231600000,
    2.218
  ],
  [
    1509408000000,
    1.697
  ],
  [
    1509494400000,
    1.744
  ],
  [
    1509580800000,
    1.974
  ],
  [
    1509926400000,
    1.801
  ],
  [
    1510099200000,
    1.875
  ],
  [
    1510272000000,
    2.027
  ],
  [
    1511136000000,
    1.702
  ],
  [
    1511308800000,
    1.598
  ],
  [
    1511654400000,
    1.672
  ],
  [
    1511740800000,
    1.656
  ],
  [
    1512172800000,
    0.925
  ],
  [
    1512259200000,
    1.755
  ],
  [
    1512518400000,
    1.423
  ],
  [
    1512604800000,
    1.95
  ],
  [
    1512950400000,
    1.581
  ],
  [
    1513209600000,
    1.213
  ],
  [
    1513382400000,
    1.503
  ],
  [
    1513468800000,
    1.828
  ],
  [
    1513555200000,
    1.572
  ],
  [
    1513728000000,
    1.587
  ],
  [
    1514073600000,
    1.539
  ],
  [
    1514160000000,
    1.837
  ],
  [
    1514246400000,
    1.851
  ],
  [
    1514332800000,
    1.805
  ],
  [
    1514419200000,
    1.367
  ],
  [
    1514505600000,
    1.894
  ],
  [
    1514592000000,
    1.305
  ],
  [
    1514764800000,
    1.673
  ],
  [
    1515024000000,
    1.817
  ],
  [
    1515110400000,
    1.839
  ],
  [
    1515196800000,
    1.811
  ],
  [
    1515369600000,
    1.817
  ],
  [
    1515456000000,
    1.793
  ],
  [
    1515542400000,
    1.929
  ],
  [
    1515628800000,
    1.944
  ],
  [
    1515715200000,
    1.983
  ],
  [
    1515974400000,
    1.94
  ],
  [
    1516147200000,
    1.75
  ],
  [
    1516579200000,
    2.018
  ],
  [
    1516838400000,
    1.754
  ],
  [
    1517529600000,
    1.668
  ],
  [
    1517702400000,
    1.394
  ],
  [
    1517788800000,
    1.86
  ],
  [
    1517961600000,
    1.149
  ],
  [
    1518393600000,
    1.478
  ],
  [
    1518566400000,
    1.321
  ],
  [
    1518825600000,
    1.295
  ],
  [
    1518998400000,
    1.4
  ],
  [
    1519171200000,
    0.78
  ],
  [
    1519344000000,
    1.274
  ],
  [
    1519430400000,
    1.13
  ],
  [
    1519603200000,
    0.742
  ],
  [
    1519689600000,
    1.277
  ],
  [
    1519862400000,
    0.781
  ],
  [
    1519948800000,
    0.716
  ],
  [
    1520035200000,
    1.2
  ],
  [
    1520121600000,
    1.012
  ],
  [
    1520294400000,
    0.788
  ],
  [
    1520467200000,
    0.936
  ],
  [
    1520553600000,
    0.777
  ],
  [
    1520640000000,
    0.967
  ],
  [
    1520812800000,
    0.76
  ],
  [
    1520899200000,
    0.956
  ],
  [
    1521072000000,
    0.848
  ],
  [
    1521244800000,
    0.975
  ],
  [
    1521331200000,
    0.985
  ],
  [
    1521417600000,
    0.862
  ],
  [
    1521590400000,
    1.099
  ],
  [
    1521763200000,
    0.906
  ],
  [
    1522018800000,
    1.115
  ],
  [
    1522623600000,
    0.909
  ],
  [
    1522796400000,
    1.016
  ],
  [
    1523314800000,
    0.55
  ],
  [
    1523487600000,
    0.884
  ],
  [
    1523574000000,
    0.898
  ],
  [
    1524783600000,
    0.687
  ],
  [
    1524870000000,
    0.41
  ],
  [
    1525215600000,
    0.639
  ],
  [
    1525388400000,
    0.826
  ],
  [
    1525561200000,
    0.806
  ],
  [
    1525734000000,
    0.54
  ],
  [
    1527116400000,
    0.608
  ],
  [
    1527202800000,
    0.609
  ],
  [
    1527375600000,
    0.425
  ],
  [
    1527462000000,
    0.402
  ],
  [
    1527634800000,
    0.596
  ],
  [
    1527894000000,
    0.358
  ],
  [
    1527980400000,
    0.56
  ],
  [
    1528153200000,
    0.538
  ],
  [
    1528239600000,
    0.59
  ],
  [
    1528498800000,
    0.55
  ],
  [
    1528585200000,
    0.588
  ],
  [
    1528758000000,
    0.407
  ],
  [
    1528844400000,
    0.405
  ],
  [
    1528930800000,
    0.59
  ],
  [
    1529017200000,
    0.443
  ],
  [
    1529190000000,
    0.382
  ],
  [
    1529276400000,
    0.404
  ],
  [
    1529362800000,
    0.406
  ],
  [
    1529449200000,
    0.425
  ],
  [
    1529535600000,
    0.448
  ],
  [
    1529622000000,
    0.447
  ],
  [
    1529708400000,
    0.378
  ],
  [
    1529794800000,
    0.414
  ],
  [
    1529881200000,
    0.448
  ],
  [
    1530054000000,
    0.43
  ],
  [
    1530226800000,
    0.35
  ],
  [
    1530313200000,
    0.332
  ],
  [
    1530399600000,
    0.26
  ],
  [
    1530486000000,
    0.328
  ],
  [
    1530572400000,
    0.343
  ],
  [
    1530658800000,
    0.281
  ],
  [
    1530745200000,
    0.341
  ],
  [
    1530831600000,
    0.363
  ],
  [
    1530918000000,
    0.261
  ],
  [
    1531004400000,
    0.237
  ],
  [
    1531177200000,
    0.359
  ],
  [
    1531263600000,
    0.443
  ],
  [
    1531522800000,
    0.395
  ],
  [
    1532127600000,
    0.277
  ],
  [
    1532214000000,
    0.321
  ],
  [
    1532300400000,
    0.314
  ],
  [
    1532559600000,
    0.312
  ],
  [
    1532646000000,
    0.337
  ],
  [
    1532732400000,
    0.394
  ],
  [
    1532905200000,
    0.302
  ],
  [
    1533078000000,
    0.238
  ],
  [
    1533164400000,
    0.29
  ],
  [
    1533337200000,
    0.259
  ],
  [
    1533423600000,
    0.21
  ],
  [
    1533510000000,
    0.448
  ],
  [
    1534028400000,
    0.4
  ],
  [
    1534114800000,
    0.443
  ],
  [
    1534460400000,
    0.361
  ],
  [
    1534806000000,
    0.426
  ],
  [
    1535238000000,
    0.4
  ],
  [
    1535410800000,
    0.249
  ],
  [
    1535756400000,
    0.418
  ],
  [
    1535842800000,
    0.41
  ],
  [
    1536015600000,
    0.226
  ],
  [
    1536102000000,
    0.392
  ],
  [
    1536793200000,
    0.38
  ],
  [
    1536879600000,
    0.383
  ],
  [
    1537052400000,
    0.387
  ],
  [
    1537311600000,
    0.393
  ],
  [
    1537398000000,
    0.37
  ],
  [
    1537484400000,
    0.276
  ],
  [
    1537657200000,
    0.256
  ],
  [
    1538002800000,
    0.32
  ],
  [
    1538089200000,
    0.321
  ],
  [
    1538175600000,
    0.297
  ],
  [
    1538262000000,
    0.35
  ],
  [
    1539385200000,
    0.37
  ],
  [
    1539990000000,
    0.401
  ],
  [
    1540944000000,
    0.351
  ],
  [
    1541203200000,
    0.385
  ],
  [
    1541376000000,
    0.431
  ],
  [
    1541462400000,
    0.501
  ],
  [
    1541548800000,
    0.662
  ],
  [
    1541635200000,
    0.731
  ],
  [
    1541721600000,
    0.803
  ],
  [
    1541894400000,
    0.782
  ],
  [
    1541980800000,
    0.339
  ],
  [
    1542326400000,
    0.779
  ],
  [
    1542499200000,
    0.367
  ],
  [
    1542844800000,
    0.49
  ],
  [
    1543104000000,
    0.529
  ],
  [
    1543190400000,
    0.717
  ],
  [
    1543276800000,
    0.734
  ],
  [
    1543363200000,
    0.836
  ],
  [
    1543622400000,
    0.919
  ],
  [
    1543708800000,
    0.964
  ],
  [
    1543968000000,
    0.429
  ],
  [
    1544140800000,
    0.842
  ],
  [
    1544227200000,
    0.978
  ],
  [
    1544313600000,
    1.06
  ],
  [
    1544486400000,
    1.136
  ],
  [
    1544572800000,
    1.296
  ],
  [
    1544659200000,
    1.48
  ],
  [
    1544745600000,
    1.603
  ],
  [
    1544832000000,
    1.712
  ],
  [
    1544918400000,
    1.644
  ],
  [
    1545350400000,
    1.738
  ],
  [
    1545436800000,
    0.947
  ],
  [
    1545523200000,
    1.141
  ],
  [
    1545696000000,
    0.61
  ],
  [
    1546041600000,
    1.014
  ],
  [
    1546128000000,
    0.82
  ],
  [
    1546300800000,
    0.989
  ],
  [
    1546473600000,
    0.993
  ],
  [
    1546646400000,
    1.004
  ],
  [
    1546905600000,
    0.908
  ],
  [
    1546992000000,
    0.909
  ],
  [
    1547164800000,
    0.861
  ],
  [
    1547251200000,
    0.84
  ],
  [
    1547510400000,
    0.6
  ],
  [
    1547769600000,
    0.667
  ],
  [
    1548028800000,
    0.687
  ],
  [
    1548633600000,
    0.75
  ],
  [
    1548892800000,
    0.73
  ],
  [
    1549152000000,
    0.776
  ],
  [
    1549324800000,
    0.743
  ],
  [
    1549411200000,
    0.77
  ],
  [
    1549497600000,
    0.768
  ],
  [
    1550275200000,
    0.714
  ],
  [
    1550880000000,
    0.668
  ],
  [
    1550966400000,
    0.622
  ],
  [
    1551484800000,
    0.567
  ],
  [
    1552003200000,
    0.599
  ],
  [
    1552089600000,
    0.51
  ],
  [
    1552521600000,
    0.403
  ],
  [
    1552694400000,
    0.511
  ],
  [
    1552780800000,
    0.455
  ],
  [
    1552953600000,
    0.598
  ],
  [
    1553990400000,
    0.451
  ],
  [
    1554159600000,
    0.437
  ],
  [
    1554332400000,
    0.409
  ],
  [
    1555196400000,
    0.452
  ],
  [
    1555801200000,
    0.614
  ],
  [
    1555974000000,
    0.477
  ],
  [
    1556060400000,
    0.468
  ],
  [
    1556146800000,
    0.481
  ],
  [
    1556492400000,
    0.29
  ],
  [
    1556578800000,
    0.897
  ],
  [
    1556665200000,
    0.46
  ],
  [
    1556924400000,
    0.2
  ],
  [
    1557097200000,
    0.413
  ],
  [
    1557442800000,
    0.425
  ],
  [
    1557788400000,
    0.405
  ],
  [
    1558047600000,
    0.365
  ],
  [
    1558220400000,
    0.414
  ],
  [
    1558566000000,
    0.385
  ],
  [
    1558652400000,
    0.406
  ],
  [
    1558738800000,
    0.4
  ],
  [
    1558825200000,
    0.391
  ],
  [
    1558998000000,
    0.38
  ],
  [
    1559170800000,
    0.347
  ],
  [
    1559257200000,
    0.399
  ],
  [
    1559343600000,
    0.414
  ],
  [
    1559430000000,
    0.41
  ],
  [
    1559775600000,
    0.3
  ],
  [
    1559862000000,
    0.359
  ],
  [
    1560207600000,
    0.388
  ],
  [
    1560294000000,
    0.436
  ],
  [
    1560380400000,
    0.433
  ],
  [
    1560812400000,
    0.386
  ],
  [
    1560985200000,
    0.11
  ],
  [
    1561071600000,
    0.437
  ],
  [
    1561244400000,
    0.44
  ],
  [
    1561330800000,
    0.449
  ],
  [
    1561417200000,
    0.363
  ],
  [
    1561676400000,
    0.428
  ],
  [
    1562281200000,
    0.453
  ],
  [
    1562367600000,
    0.351
  ],
  [
    1562626800000,
    0.413
  ],
  [
    1562713200000,
    0.513
  ],
  [
    1563145200000,
    0.449
  ],
  [
    1563231600000,
    0.48
  ],
  [
    1563318000000,
    0.4
  ],
  [
    1563750000000,
    0.38
  ],
  [
    1563836400000,
    0.46
  ],
  [
    1564182000000,
    0.455
  ],
  [
    1564441200000,
    0.422
  ],
  [
    1564614000000,
    0.457
  ],
  [
    1564786800000,
    0.368
  ],
  [
    1564959600000,
    0.352
  ],
  [
    1565046000000,
    0.36
  ],
  [
    1565218800000,
    0.334
  ],
  [
    1565305200000,
    0.317
  ],
  [
    1565478000000,
    0.37
  ],
  [
    1565823600000,
    0.384
  ],
  [
    1566082800000,
    0.305
  ],
  [
    1566169200000,
    0.411
  ],
  [
    1566255600000,
    0.435
  ],
  [
    1566342000000,
    0.46
  ],
  [
    1566687600000,
    0.414
  ],
  [
    1566860400000,
    0.458
  ],
  [
    1567119600000,
    0.42
  ],
  [
    1567465200000,
    0.425
  ],
  [
    1567724400000,
    0.44
  ],
  [
    1567983600000,
    0.494
  ],
  [
    1568070000000,
    0.519
  ],
  [
    1568588400000,
    0.446
  ],
  [
    1569020400000,
    0.539
  ],
  [
    1569279600000,
    0.526
  ],
  [
    1569538800000,
    0.57
  ],
  [
    1569970800000,
    0.39
  ],
  [
    1570489200000,
    0.461
  ],
  [
    1570921200000,
    0.596
  ],
  [
    1571094000000,
    0.61
  ],
  [
    1571266800000,
    0.5
  ],
  [
    1571526000000,
    0.6
  ],
  [
    1571612400000,
    0.449
  ],
  [
    1571698800000,
    0.5
  ],
  [
    1571871600000,
    0.555
  ],
  [
    1571958000000,
    0.563
  ],
  [
    1572044400000,
    0.604
  ],
  [
    1572130800000,
    0.632
  ],
  [
    1572307200000,
    0.579
  ],
  [
    1572998400000,
    0.632
  ],
  [
    1573084800000,
    0.54
  ],
  [
    1573689600000,
    0.605
  ],
  [
    1573862400000,
    0.495
  ],
  [
    1574035200000,
    0.531
  ],
  [
    1574121600000,
    0.517
  ],
  [
    1574294400000,
    0.533
  ],
  [
    1574553600000,
    0.568
  ],
  [
    1575072000000,
    0.532
  ],
  [
    1575676800000,
    0.546
  ],
  [
    1575936000000,
    0.506
  ],
  [
    1576108800000,
    0.634
  ],
  [
    1576713600000,
    0.577
  ],
  [
    1577750400000,
    0.67
  ],
  [
    1578441600000,
    8.49
  ],
  [
    1579046400000,
    0.529
  ],
  [
    1579996800000,
    0.485
  ],
  [
    1580083200000,
    0.553
  ],
  [
    1580428800000,
    0.504
  ],
  [
    1580688000000,
    0.506
  ],
  [
    1581033600000,
    0.396
  ],
  [
    1581465600000,
    0.464
  ],
  [
    1581638400000,
    0.548
  ],
  [
    1581724800000,
    0.549
  ],
  [
    1581897600000,
    0.558
  ],
  [
    1582675200000,
    0.594
  ],
  [
    1582934400000,
    0.552
  ],
  [
    1583452800000,
    0.298
  ],
  [
    1583798400000,
    0.534
  ],
  [
    1584057600000,
    0.38
  ],
  [
    1584230400000,
    0.538
  ],
  [
    1584316800000,
    0.55
  ],
  [
    1584403200000,
    0.456
  ],
  [
    1584835200000,
    0.448
  ],
  [
    1585180800000,
    0.479
  ],
  [
    1585440000000,
    0.378
  ],
  [
    1585609200000,
    0.411
  ],
  [
    1585782000000,
    0.416
  ],
  [
    1585868400000,
    0.34
  ],
  [
    1585954800000,
    0.378
  ],
  [
    1586041200000,
    0.358
  ],
  [
    1586127600000,
    0.372
  ],
  [
    1586386800000,
    0.474
  ],
  [
    1586473200000,
    0.368
  ],
  [
    1586559600000,
    0.448
  ],
  [
    1586991600000,
    0.407
  ],
  [
    1587078000000,
    0.38
  ],
  [
    1587164400000,
    0.372
  ],
  [
    1588028400000,
    0.42
  ],
  [
    1588114800000,
    0.381
  ],
  [
    1588374000000,
    0.37
  ],
  [
    1588806000000,
    0.399
  ],
  [
    1589065200000,
    0.408
  ],
  [
    1589238000000,
    0.373
  ],
  [
    1589497200000,
    0.431
  ],
  [
    1589670000000,
    0.348
  ],
  [
    1589929200000,
    0.314
  ],
  [
    1590188400000,
    0.393
  ],
  [
    1590274800000,
    0.356
  ],
  [
    1590361200000,
    0.29
  ],
  [
    1590447600000,
    0.261
  ],
  [
    1590534000000,
    0.271
  ],
  [
    1590620400000,
    0.28
  ],
  [
    1590706800000,
    0.258
  ],
  [
    1590793200000,
    0.172
  ],
  [
    1590879600000,
    0.162
  ],
  [
    1590966000000,
    0.195
  ],
  [
    1591052400000,
    0.234
  ],
  [
    1591138800000,
    0.253
  ],
  [
    1591225200000,
    0.212
  ],
  [
    1591311600000,
    0.28
  ],
  [
    1591398000000,
    0.264
  ],
  [
    1591484400000,
    0.823
  ],
  [
    1591570800000,
    0.253
  ],
  [
    1591657200000,
    0.215
  ],
  [
    1591743600000,
    0.261
  ],
  [
    1591830000000,
    0.314
  ],
  [
    1592002800000,
    0.293
  ],
  [
    1592089200000,
    0.361
  ],
  [
    1592175600000,
    0.29
  ],
  [
    1592262000000,
    0.241
  ],
  [
    1592434800000,
    0.326
  ],
  [
    1592521200000,
    0.265
  ],
  [
    1592607600000,
    0.326
  ],
  [
    1592694000000,
    0.314
  ],
  [
    1592780400000,
    0.303
  ],
  [
    1592866800000,
    0.323
  ],
  [
    1593039600000,
    0.341
  ],
  [
    1593126000000,
    0.27
  ],
  [
    1593212400000,
    0.27
  ],
  [
    1593298800000,
    0.248
  ],
  [
    1593385200000,
    0.3
  ],
  [
    1593471600000,
    0.323
  ],
  [
    1593558000000,
    0.326
  ],
  [
    1593644400000,
    0.31
  ],
  [
    1593903600000,
    0.325
  ],
  [
    1594076400000,
    0.348
  ],
  [
    1594335600000,
    0.352
  ],
  [
    1594422000000,
    0.374
  ],
  [
    1594681200000,
    0.368
  ],
  [
    1595026800000,
    0.384
  ],
  [
    1595286000000,
    0.402
  ],
  [
    1595372400000,
    0.361
  ],
  [
    1595804400000,
    0.371
  ],
  [
    1595890800000,
    0.436
  ],
  [
    1595977200000,
    0.435
  ],
  [
    1596063600000,
    0.432
  ],
  [
    1596236400000,
    0.115
  ],
  [
    1596495600000,
    0.48
  ],
  [
    1597014000000,
    0.437
  ],
  [
    1597359600000,
    0.355
  ],
  [
    1597532400000,
    0.372
  ],
  [
    1597791600000,
    0.37
  ],
  [
    1597964400000,
    0.377
  ],
  [
    1598137200000,
    0.395
  ],
  [
    1598396400000,
    0.473
  ],
  [
    1598482800000,
    0.394
  ],
  [
    1598828400000,
    0.414
  ],
  [
    1599001200000,
    0.467
  ],
  [
    1599174000000,
    0.399
  ],
  [
    1599346800000,
    0.457
  ],
  [
    1599433200000,
    0.472
  ],
  [
    1599692400000,
    0.442
  ],
  [
    1600124400000,
    0.456
  ],
  [
    1600383600000,
    0.44
  ],
  [
    1600729200000,
    0.414
  ],
  [
    1601420400000,
    0.469
  ],
  [
    1601766000000,
    0.467
  ],
  [
    1602457200000,
    0.428
  ],
  [
    1602630000000,
    0.399
  ],
  [
    1602716400000,
    0.434
  ],
  [
    1602889200000,
    0.436
  ],
  [
    1602975600000,
    0.383
  ],
  [
    1603494000000,
    0.43
  ],
  [
    1603580400000,
    0.47
  ],
  [
    1604188800000,
    0.39
  ],
  [
    1604361600000,
    0.46
  ],
  [
    1604620800000,
    0.489
  ],
  [
    1604880000000,
    0.54
  ],
  [
    1604966400000,
    0.369
  ],
  [
    1605052800000,
    0.43
  ],
  [
    1605139200000,
    0.449
  ],
  [
    1605657600000,
    0.438
  ],
  [
    1605916800000,
    0.459
  ],
  [
    1606089600000,
    0.436
  ],
  [
    1606176000000,
    0.517
  ],
  [
    1606262400000,
    0.604
  ],
  [
    1606348800000,
    0.46
  ],
  [
    1606780800000,
    0.456
  ],
  [
    1607040000000,
    0.389
  ],
  [
    1607385600000,
    0.234
  ],
  [
    1607472000000,
    0.507
  ],
  [
    1607644800000,
    0.46
  ],
  [
    1607731200000,
    0.485
  ],
  [
    1607817600000,
    0.455
  ],
  [
    1608076800000,
    0.32
  ],
  [
    1608249600000,
    0.495
  ],
  [
    1608336000000,
    0.453
  ],
  [
    1608595200000,
    0.342
  ],
  [
    1609027200000,
    0.393
  ],
  [
    1609286400000,
    0.449
  ],
  [
    1609977600000,
    0.467
  ],
  [
    1610323200000,
    0.479
  ],
  [
    1610409600000,
    0.498
  ],
  [
    1610668800000,
    0.391
  ],
  [
    1610928000000,
    0.459
  ],
  [
    1611532800000,
    0.42
  ],
  [
    1611619200000,
    0.512
  ],
  [
    1611705600000,
    0.453
  ],
  [
    1611878400000,
    0.367
  ],
  [
    1612742400000,
    0.587
  ],
  [
    1612915200000,
    0.596
  ],
  [
    1614211200000,
    0.618
  ],
  [
    1614470400000,
    0.448
  ],
  [
    1614643200000,
    0.541
  ],
  [
    1614902400000,
    0.481
  ],
  [
    1614988800000,
    0.37
  ],
  [
    1615075200000,
    0.482
  ],
  [
    1615248000000,
    0.537
  ],
  [
    1615420800000,
    0.493
  ],
  [
    1615680000000,
    0.407
  ],
  [
    1615766400000,
    0.47
  ],
  [
    1616284800000,
    0.628
  ],
  [
    1616457600000,
    0.588
  ],
  [
    1617058800000,
    0.598
  ],
  [
    1617404400000,
    0.39
  ],
  [
    1617490800000,
    0.457
  ],
  [
    1617577200000,
    0.596
  ],
  [
    1617663600000,
    0.456
  ],
  [
    1618009200000,
    0.449
  ],
  [
    1618441200000,
    0.475
  ],
  [
    1618786800000,
    0.449
  ],
  [
    1618873200000,
    0.61
  ],
  [
    1618959600000,
    0.533
  ],
  [
    1619046000000,
    0.464
  ],
  [
    1619823600000,
    0.42
  ],
  [
    1619910000000,
    0.62
  ],
  [
    1619996400000,
    0.49
  ],
  [
    1620082800000,
    0.479
  ],
  [
    1620514800000,
    0.616
  ],
  [
    1620601200000,
    0.645
  ],
  [
    1620687600000,
    0.63
  ],
  [
    1620774000000,
    0.553
  ],
  [
    1620860400000,
    0.542
  ],
  [
    1621033200000,
    0.609
  ],
  [
    1621119600000,
    0.629
  ],
  [
    1621206000000,
    0.643
  ],
  [
    1621378800000,
    0.61
  ],
  [
    1621465200000,
    0.696
  ],
  [
    1621551600000,
    0.561
  ],
  [
    1621638000000,
    0.643
  ],
  [
    1621724400000,
    0.585
  ],
  [
    1621810800000,
    0.569
  ],
  [
    1621897200000,
    0.786
  ],
  [
    1621983600000,
    0.759
  ],
  [
    1622156400000,
    0.857
  ],
  [
    1622329200000,
    0.631
  ],
  [
    1622415600000,
    1.103
  ],
  [
    1622502000000,
    0.668
  ],
  [
    1622847600000,
    0.997
  ],
  [
    1623538800000,
    1.147
  ],
  [
    1623884400000,
    1.071
  ],
  [
    1623970800000,
    1.089
  ],
  [
    1624057200000,
    1.092
  ],
  [
    1624230000000,
    0.858
  ],
  [
    1624402800000,
    0.684
  ],
  [
    1624489200000,
    0.726
  ],
  [
    1624575600000,
    0.954
  ],
  [
    1624748400000,
    0.976
  ],
  [
    1625526000000,
    0.781
  ],
  [
    1626044400000,
    0.731
  ],
  [
    1626390000000,
    0.716
  ],
  [
    1626476400000,
    0.632
  ],
  [
    1626562800000,
    0.77
  ],
  [
    1626649200000,
    0.721
  ],
  [
    1626822000000,
    0.837
  ],
  [
    1626908400000,
    0.75
  ],
  [
    1626994800000,
    0.696
  ],
  [
    1627254000000,
    0.615
  ],
  [
    1627426800000,
    0.554
  ],
  [
    1627686000000,
    0.851
  ],
  [
    1627772400000,
    0.86
  ],
  [
    1628031600000,
    0.899
  ],
  [
    1628377200000,
    0.807
  ],
  [
    1628636400000,
    0.731
  ],
  [
    1628809200000,
    0.856
  ],
  [
    1628895600000,
    0.868
  ],
  [
    1628982000000,
    0.917
  ],
  [
    1629154800000,
    0.962
  ],
  [
    1629414000000,
    0.925
  ],
  [
    1629673200000,
    0.964
  ],
  [
    1629846000000,
    0.859
  ],
  [
    1630278000000,
    0.808
  ],
  [
    1630796400000,
    0.78
  ],
  [
    1630882800000,
    0.898
  ],
  [
    1631142000000,
    0.693
  ],
  [
    1631228400000,
    0.691
  ],
  [
    1631660400000,
    0.77
  ],
  [
    1631746800000,
    0.76
  ],
  [
    1631919600000,
    0.74
  ],
  [
    1632351600000,
    0.622
  ],
  [
    1632438000000,
    0.769
  ],
  [
    1633302000000,
    0.352
  ],
  [
    1634079600000,
    0.656
  ],
  [
    1634166000000,
    0.685
  ],
  [
    1634252400000,
    0.723
  ],
  [
    1634511600000,
    0.703
  ],
  [
    1634943600000,
    0.489
  ],
  [
    1635116400000,
    0.52
  ],
  [
    1635375600000,
    0.469
  ],
  [
    1636156800000,
    0.36
  ],
  [
    1636243200000,
    0.559
  ],
  [
    1636329600000,
    0.404
  ],
  [
    1636848000000,
    0.552
  ],
  [
    1637452800000,
    0.559
  ],
  [
    1637712000000,
    0.41
  ],
  [
    1637798400000,
    0.446
  ],
  [
    1637971200000,
    0.533
  ],
  [
    1638316800000,
    0.557
  ],
  [
    1638748800000,
    0.486
  ],
  [
    1638921600000,
    0.463
  ],
  [
    1639094400000,
    0.469
  ],
  [
    1639180800000,
    0.334
  ],
  [
    1639353600000,
    0.541
  ],
  [
    1639612800000,
    0.538
  ],
  [
    1639699200000,
    0.367
  ],
  [
    1640131200000,
    0.467
  ],
  [
    1640217600000,
    0.541
  ],
  [
    1640304000000,
    0.544
  ],
  [
    1640390400000,
    0.488
  ],
  [
    1640476800000,
    0.545
  ],
  [
    1640563200000,
    0.588
  ],
  [
    1640736000000,
    0.4
  ],
  [
    1640908800000,
    0.529
  ],
  [
    1641168000000,
    0.531
  ],
  [
    1641254400000,
    0.539
  ],
  [
    1642032000000,
    0.61
  ],
  [
    1642291200000,
    0.603
  ],
  [
    1642809600000,
    0.615
  ],
  [
    1642896000000,
    0.514
  ],
  [
    1643068800000,
    0.572
  ],
  [
    1643155200000,
    0.572
  ],
  [
    1643241600000,
    0.688
  ],
  [
    1644019200000,
    1.154
  ],
  [
    1644192000000,
    0.817
  ],
  [
    1644537600000,
    0.723
  ],
  [
    1644710400000,
    0.879
  ],
  [
    1644969600000,
    0.893
  ],
  [
    1645401600000,
    0.588
  ],
  [
    1645833600000,
    0.7
  ],
  [
    1646611200000,
    0.453
  ],
  [
    1646956800000,
    0.606
  ],
  [
    1647302400000,
    0.471
  ],
  [
    1647388800000,
    0.554
  ],
  [
    1647734400000,
    0.691
  ],
  [
    1647993600000,
    0.642
  ],
  [
    1648166400000,
    0.547
  ],
  [
    1648767600000,
    0.621
  ],
  [
    1649026800000,
    0.351
  ],
  [
    1649199600000,
    0.655
  ],
  [
    1649286000000,
    0.599
  ],
  [
    1649372400000,
    0.662
  ],
  [
    1649458800000,
    0.771
  ],
  [
    1649545200000,
    0.74
  ],
  [
    1649631600000,
    0.55
  ],
  [
    1649804400000,
    0.58
  ],
  [
    1650236400000,
    0.78
  ],
  [
    1650668400000,
    0.72
  ],
  [
    1650841200000,
    0.962
  ],
  [
    1651273200000,
    0.532
  ],
  [
    1651618800000,
    0.84
  ],
  [
    1651705200000,
    0.85
  ],
  [
    1651791600000,
    0.97
  ],
  [
    1651964400000,
    1.114
  ],
  [
    1653001200000,
    0.88
  ],
  [
    1653260400000,
    1.028
  ],
  [
    1654210800000,
    0.801
  ],
  [
    1654297200000,
    0.626
  ],
  [
    1654729200000,
    1.214
  ],
  [
    1654815600000,
    1.217
  ],
  [
    1655766000000,
    0.928
  ],
  [
    1655852400000,
    0.547
  ],
  [
    1656284400000,
    0.303
  ],
  [
    1656630000000,
    1.197
  ],
  [
    1656889200000,
    1.12
  ],
  [
    1657234800000,
    0.89
  ],
  [
    1658530800000,
    0.72
  ],
  [
    1659740400000,
    0.801
  ],
  [
    1660431600000,
    0.832
  ],
  [
    1660518000000,
    0.748
  ],
  [
    1660604400000,
    0.759
  ],
  [
    1660863600000,
    0.85
  ],
  [
    1661295600000,
    0.915
  ],
  [
    1661814000000,
    1
  ],
  [
    1662332400000,
    1.144
  ],
  [
    1662505200000,
    0.895
  ],
  [
    1662764400000,
    1.194
  ],
  [
    1662937200000,
    1.256
  ],
  [
    1663023600000,
    0.92
  ],
  [
    1663110000000,
    0.7
  ],
  [
    1663282800000,
    0.727
  ],
  [
    1663455600000,
    0.83
  ],
  [
    1663542000000,
    1.069
  ],
  [
    1664838000000,
    1.013
  ],
  [
    1664924400000,
    0.76
  ],
  [
    1665010800000,
    0.8
  ],
  [
    1665097200000,
    0.96
  ],
  [
    1665270000000,
    0.805
  ],
  [
    1665615600000,
    0.976
  ],
  [
    1666134000000,
    0.85
  ],
  [
    1666220400000,
    0.81
  ],
  [
    1666393200000,
    0.87
  ],
  [
    1666652400000,
    0.805
  ],
  [
    1667865600000,
    0.72
  ],
  [
    1668038400000,
    0.64
  ],
  [
    1668124800000,
    0.63
  ],
  [
    1668556800000,
    0.598
  ],
  [
    1668643200000,
    0.608
  ],
  [
    1669075200000,
    0.641
  ],
  [
    1669420800000,
    0.735
  ],
  [
    1669507200000,
    0.541
  ],
  [
    1669593600000,
    0.715
  ],
  [
    1670457600000,
    0.714
  ],
  [
    1670716800000,
    0.589
  ],
  [
    1671235200000,
    0.746
  ],
  [
    1671667200000,
    0.733
  ],
  [
    1671840000000,
    0.624
  ],
  [
    1672617600000,
    0.661
  ],
  [
    1672790400000,
    0.59
  ],
  [
    1672876800000,
    0.555
  ],
  [
    1673049600000,
    0.607
  ],
  [
    1673136000000,
    0.621
  ],
  [
    1673222400000,
    0.52
  ],
  [
    1673308800000,
    0.5
  ],
  [
    1673395200000,
    0.621
  ],
  [
    1673481600000,
    0.667
  ],
  [
    1673568000000,
    0.827
  ],
  [
    1673827200000,
    1.08
  ],
  [
    1673913600000,
    1.128
  ],
  [
    1674172800000,
    0.89
  ],
  [
    1674259200000,
    0.875
  ],
  [
    1674345600000,
    0.874
  ],
  [
    1674518400000,
    1.104
  ],
  [
    1675036800000,
    0.795
  ],
  [
    1675123200000,
    0.657
  ],
  [
    1675468800000,
    0.649
  ],
  [
    1675555200000,
    1.006
  ],
  [
    1675728000000,
    0.985
  ],
  [
    1676160000000,
    0.83
  ],
  [
    1676419200000,
    1.197
  ],
  [
    1677024000000,
    1.359
  ],
  [
    1677110400000,
    1.546
  ],
  [
    1677196800000,
    1.012
  ],
  [
    1677283200000,
    1.225
  ],
  [
    1677369600000,
    1.12
  ],
  [
    1677542400000,
    1.336
  ],
  [
    1677628800000,
    1.342
  ],
  [
    1677715200000,
    0.929
  ],
  [
    1677888000000,
    1.484
  ],
  [
    1678233600000,
    1.22
  ],
  [
    1678320000000,
    1.38
  ],
  [
    1678406400000,
    1.377
  ],
  [
    1678492800000,
    1.313
  ],
  [
    1678579200000,
    1.468
  ],
  [
    1678665600000,
    1.596
  ],
  [
    1678752000000,
    1.779
  ],
  [
    1679184000000,
    1.141
  ],
  [
    1679270400000,
    1.075
  ],
  [
    1679356800000,
    1.34
  ],
  [
    1679443200000,
    1.35
  ],
  [
    1679616000000,
    1.345
  ],
  [
    1679702400000,
    1.35
  ],
  [
    1679788800000,
    1.35
  ],
  [
    1679871600000,
    0.939
  ],
  [
    1679958000000,
    1.327
  ],
  [
    1680130800000,
    1.369
  ],
  [
    1680303600000,
    1.29
  ],
  [
    1680390000000,
    1.2
  ],
  [
    1680822000000,
    1.295
  ],
  [
    1680908400000,
    1.363
  ],
  [
    1680994800000,
    1.15
  ],
  [
    1681426800000,
    1.19
  ],
  [
    1681599600000,
    1.191
  ],
  [
    1681686000000,
    1.12
  ],
  [
    1681858800000,
    1.168
  ],
  [
    1682031600000,
    1.207
  ],
  [
    1682118000000,
    1.342
  ],
  [
    1682204400000,
    1.413
  ],
  [
    1682290800000,
    1.479
  ],
  [
    1682377200000,
    1.431
  ],
  [
    1682463600000,
    2.179
  ],
  [
    1682550000000,
    1.2
  ],
  [
    1682722800000,
    1.35
  ],
  [
    1683068400000,
    1.27
  ],
  [
    1683241200000,
    1.207
  ],
  [
    1683327600000,
    1.1
  ],
  [
    1683414000000,
    1.185
  ],
  [
    1683500400000,
    1.085
  ],
  [
    1683586800000,
    1.211
  ],
  [
    1683673200000,
    1.43
  ],
  [
    1683846000000,
    1.743
  ],
  [
    1684278000000,
    1.455
  ],
  [
    1684450800000,
    1.49
  ],
  [
    1684623600000,
    1.557
  ],
  [
    1685228400000,
    1.496
  ],
  [
    1685401200000,
    1.109
  ],
  [
    1685487600000,
    1.61
  ],
  [
    1685574000000,
    1.62
  ],
  [
    1685660400000,
    1.643
  ],
  [
    1685746800000,
    1.663
  ],
  [
    1685833200000,
    1.65
  ],
  [
    1685919600000,
    1.874
  ],
  [
    1686006000000,
    1.72
  ],
  [
    1686092400000,
    1.77
  ],
  [
    1686610800000,
    1.712
  ],
  [
    1686697200000,
    1.827
  ],
  [
    1686783600000,
    1.76
  ],
  [
    1687302000000,
    1.771
  ],
  [
    1687388400000,
    1.525
  ],
  [
    1687474800000,
    1.516
  ],
  [
    1687561200000,
    1.52
  ],
  [
    1687647600000,
    1.761
  ],
  [
    1687820400000,
    1.778
  ],
  [
    1687906800000,
    1.46
  ],
  [
    1688079600000,
    1.53
  ],
  [
    1688252400000,
    1.42
  ],
  [
    1688338800000,
    1.4
  ],
  [
    1688425200000,
    1.211
  ],
  [
    1688684400000,
    1.142
  ],
  [
    1688943600000,
    1.023
  ],
  [
    1689289200000,
    1.166
  ],
  [
    1689462000000,
    1.069
  ],
  [
    1689548400000,
    1.12
  ],
  [
    1689807600000,
    1.12
  ],
  [
    1689894000000,
    1.15
  ],
  [
    1689980400000,
    1.09
  ],
  [
    1690066800000,
    1.09
  ],
  [
    1690239600000,
    1.238
  ],
  [
    1690758000000,
    1.353
  ],
  [
    1690844400000,
    1.231
  ],
  [
    1690930800000,
    1.42
  ],
  [
    1691276400000,
    1.427
  ],
  [
    1691362800000,
    1.073
  ],
  [
    1691794800000,
    1.173
  ],
  [
    1692140400000,
    1.102
  ],
  [
    1692226800000,
    1.308
  ],
  [
    1692745200000,
    1.226
  ],
  [
    1693004400000,
    1.008
  ],
  [
    1693350000000,
    0.906
  ],
  [
    1693522800000,
    0.968
  ],
  [
    1693695600000,
    0.685
  ],
  [
    1693782000000,
    0.843
  ],
  [
    1693868400000,
    1.157
  ],
  [
    1694127600000,
    1.332
  ],
  [
    1694386800000,
    1.22
  ],
  [
    1694559600000,
    1.109
  ],
  [
    1694818800000,
    1.311
  ],
  [
    1694905200000,
    1.321
  ],
  [
    1695164400000,
    1.17
  ],
  [
    1695423600000,
    1.09
  ],
  [
    1695596400000,
    5.262
  ],
  [
    1695942000000,
    1.1
  ],
  [
    1696028400000,
    0.919
  ],
  [
    1696201200000,
    1.373
  ],
  [
    1696287600000,
    1.47
  ],
  [
    1696633200000,
    1.42
  ],
  [
    1697065200000,
    1.33
  ],
  [
    1697410800000,
    1.465
  ],
  [
    1697670000000,
    1.453
  ],
  [
    1698015600000,
    1.232
  ],
  [
    1698102000000,
    1.558
  ],
  [
    1698361200000,
    1.46
  ],
  [
    1698883200000,
    1.485
  ],
  [
    1698969600000,
    1.695
  ],
  [
    1699056000000,
    1.77
  ],
  [
    1699142400000,
    1.829
  ],
  [
    1699228800000,
    1.807
  ],
  [
    1699574400000,
    2.04
  ],
  [
    1699920000000,
    2.263
  ],
  [
    1700006400000,
    2.33
  ],
  [
    1700265600000,
    2.21
  ],
  [
    1700438400000,
    1.75
  ],
  [
    1700784000000,
    1.622
  ],
  [
    1700870400000,
    1.531
  ],
  [
    1701302400000,
    1.34
  ],
  [
    1701475200000,
    1.35
  ],
  [
    1701561600000,
    1.61
  ],
  [
    1701734400000,
    1.626
  ],
  [
    1701907200000,
    2.47
  ],
  [
    1702080000000,
    2.43
  ],
  [
    1702252800000,
    2.54
  ],
  [
    1702425600000,
    2.7
  ],
  [
    1702512000000,
    3
  ],
  [
    1702771200000,
    3.12
  ],
  [
    1702944000000,
    3.19
  ],
  [
    1703116800000,
    3.162
  ],
  [
    1703376000000,
    3.83
  ],
  [
    1703548800000,
    4.15
  ],
  [
    1703635200000,
    5.068
  ],
  [
    1703721600000,
    3.94
  ],
  [
    1703894400000,
    3.94
  ],
  [
    1704153600000,
    5.175
  ],
  [
    1704326400000,
    6.263
  ],
  [
    1704672000000,
    5.241
  ],
  [
    1705104000000,
    6.084
  ],
  [
    1705190400000,
    6.24
  ],
  [
    1705363200000,
    6.3
  ],
  [
    1705449600000,
    6.13
  ],
  [
    1705622400000,
    5.61
  ],
  [
    1705881600000,
    5.341
  ],
  [
    1705968000000,
    4.67
  ],
  [
    1706313600000,
    4.685
  ],
  [
    1706400000000,
    4.77
  ],
  [
    1706486400000,
    4.8
  ],
  [
    1706572800000,
    4.65
  ],
  [
    1707177600000,
    4.7
  ],
  [
    1708041600000,
    2.49
  ],
  [
    1708300800000,
    1.95
  ],
  [
    1708387200000,
    1.964
  ],
  [
    1708473600000,
    2.604
  ],
  [
    1708560000000,
    3.013
  ],
  [
    1709337600000,
    2.646
  ],
  [
    1709596800000,
    2.129
  ],
  [
    1709683200000,
    2.359
  ],
  [
    1709856000000,
    2.1
  ],
  [
    1710028800000,
    1.88
  ],
  [
    1710201600000,
    2.601
  ],
  [
    1710892800000,
    1.78
  ],
  [
    1710979200000,
    1.793
  ],
  [
    1711152000000,
    1.955
  ],
  [
    1711324800000,
    1.96
  ],
  [
    1711411200000,
    2.082
  ],
  [
    1711584000000,
    2
  ],
  [
    1712098800000,
    1.745
  ],
  [
    1712271600000,
    1.96
  ],
  [
    1712358000000,
    2.14
  ],
  [
    1712444400000,
    2.03
  ],
  [
    1712790000000,
    2.147
  ],
  [
    1712876400000,
    2.208
  ],
  [
    1713049200000,
    2.208
  ],
  [
    1713135600000,
    2.08
  ],
  [
    1713222000000,
    2.158
  ],
  [
    1713308400000,
    2.807
  ],
  [
    1713394800000,
    4.25
  ],
  [
    1713567600000,
    2.73
  ],
  [
    1713740400000,
    3
  ],
  [
    1713826800000,
    3.57
  ],
  [
    1713913200000,
    3.14
  ],
  [
    1714086000000,
    3.163
  ],
  [
    1714172400000,
    3.37
  ],
  [
    1714431600000,
    3.47
  ],
  [
    1714604400000,
    3.667
  ],
  [
    1714690800000,
    3.77
  ],
  [
    1714777200000,
    3.83
  ],
  [
    1714863600000,
    3.867
  ],
  [
    1714950000000,
    3.87
  ],
  [
    1715036400000,
    3.93
  ],
  [
    1715295600000,
    3.82
  ],
  [
    1715382000000,
    3.785
  ],
  [
    1715468400000,
    3.54
  ],
  [
    1715554800000,
    3.5
  ],
  [
    1715727600000,
    3.295
  ],
  [
    1715900400000,
    3.27
  ],
  [
    1716159600000,
    2.902
  ],
  [
    1716246000000,
    2.55
  ],
  [
    1716400800000,
    2.518
  ],
  [
    1716447600000,
    2.375
  ],
  [
    1716548400000,
    2.2
  ],
  [
    1716796800000,
    2.48
  ],
  [
    1716879600000,
    2.3
  ],
  [
    1717030800000,
    2.5
  ],
  [
    1717063200000,
    2.54
  ],
  [
    1717164000000,
    2.78
  ],
  [
    1717383600000,
    2.43
  ],
  [
    1717477200000,
    2.325
  ],
  [
    1717480800000,
    2.241
  ],
  [
    1717498800000,
    2.174
  ],
  [
    1717606800000,
    2.23
  ],
  [
    1717704000000,
    2.23
  ],
  [
    1717768800000,
    2.25
  ],
  [
    1717938000000,
    2.282
  ],
  [
    1718010000000,
    2.16
  ],
  [
    1718028000000,
    2.214
  ],
  [
    1718186400000,
    2.364
  ],
  [
    1718305200000,
    1.98
  ],
  [
    1718492400000,
    2.478
  ],
  [
    1718560800000,
    3.329
  ],
  [
    1718820000000,
    2.68
  ],
  [
    1718989200000,
    2.76
  ],
  [
    1719003600000,
    2.45
  ]
]