[
  [
    1574121600000,
    0.035
  ],
  [
    1574208000000,
    0.031
  ],
  [
    1574294400000,
    0.03
  ],
  [
    1574380800000,
    0.034
  ],
  [
    1574467200000,
    0.034
  ],
  [
    1574553600000,
    0.032
  ],
  [
    1574640000000,
    0.03
  ],
  [
    1574726400000,
    0.031
  ],
  [
    1574812800000,
    0.031
  ],
  [
    1574899200000,
    0.031
  ],
  [
    1574985600000,
    1.638
  ],
  [
    1575072000000,
    0.038
  ],
  [
    1575158400000,
    0.036
  ],
  [
    1575244800000,
    0.275
  ],
  [
    1575331200000,
    0.036
  ],
  [
    1575417600000,
    0.034
  ],
  [
    1575504000000,
    0.037
  ],
  [
    1575590400000,
    0.03
  ],
  [
    1575676800000,
    0.031
  ],
  [
    1575763200000,
    0.032
  ],
  [
    1575849600000,
    0.03
  ],
  [
    1575936000000,
    0.03
  ],
  [
    1576022400000,
    0.031
  ],
  [
    1576108800000,
    0.031
  ],
  [
    1576195200000,
    0.831
  ],
  [
    1576281600000,
    0.031
  ],
  [
    1576368000000,
    0.031
  ],
  [
    1576454400000,
    0.032
  ],
  [
    1576540800000,
    0.036
  ],
  [
    1576627200000,
    0.03
  ],
  [
    1576713600000,
    0.032
  ],
  [
    1576800000000,
    0.03
  ],
  [
    1576886400000,
    0.03
  ],
  [
    1576972800000,
    0.03
  ],
  [
    1577059200000,
    0.03
  ],
  [
    1577145600000,
    0.066
  ],
  [
    1577232000000,
    0.03
  ],
  [
    1577318400000,
    0.03
  ],
  [
    1577404800000,
    0.038
  ],
  [
    1577491200000,
    0.03
  ],
  [
    1577577600000,
    0.036
  ],
  [
    1577664000000,
    0.178
  ],
  [
    1577750400000,
    0.032
  ],
  [
    1577836800000,
    0.03
  ],
  [
    1577923200000,
    0.897
  ],
  [
    1578009600000,
    0.03
  ],
  [
    1578096000000,
    0.03
  ],
  [
    1578182400000,
    0.03
  ],
  [
    1578268800000,
    0.03
  ],
  [
    1578355200000,
    4.939
  ],
  [
    1578441600000,
    0.03
  ],
  [
    1578528000000,
    0.03
  ],
  [
    1578614400000,
    0.03
  ],
  [
    1578700800000,
    0.03
  ],
  [
    1578787200000,
    0.03
  ],
  [
    1578873600000,
    0.03
  ],
  [
    1578960000000,
    0.03
  ],
  [
    1579046400000,
    0.03
  ],
  [
    1579132800000,
    0.032
  ],
  [
    1579219200000,
    0.03
  ],
  [
    1579305600000,
    0.03
  ],
  [
    1579392000000,
    1.079
  ],
  [
    1579478400000,
    0.03
  ],
  [
    1579564800000,
    0.032
  ],
  [
    1579651200000,
    0.031
  ],
  [
    1579737600000,
    12.192
  ],
  [
    1579824000000,
    2.548
  ],
  [
    1579910400000,
    0.14
  ],
  [
    1579996800000,
    0.03
  ],
  [
    1580083200000,
    0.03
  ],
  [
    1580169600000,
    0.323
  ],
  [
    1580256000000,
    0.03
  ],
  [
    1580342400000,
    0.03
  ],
  [
    1580428800000,
    0.031
  ],
  [
    1580515200000,
    0.065
  ],
  [
    1580601600000,
    0.033
  ],
  [
    1580688000000,
    0.038
  ],
  [
    1580774400000,
    0.366
  ],
  [
    1580860800000,
    0.064
  ],
  [
    1580947200000,
    0.056
  ],
  [
    1581033600000,
    0.052
  ],
  [
    1581120000000,
    0.047
  ],
  [
    1581206400000,
    0.037
  ],
  [
    1581292800000,
    0.039
  ],
  [
    1581379200000,
    0.05
  ],
  [
    1581465600000,
    0.037
  ],
  [
    1581552000000,
    0.037
  ],
  [
    1581638400000,
    0.038
  ],
  [
    1581724800000,
    6.205
  ],
  [
    1581811200000,
    0.038
  ],
  [
    1581897600000,
    0.039
  ],
  [
    1581984000000,
    0.037
  ],
  [
    1582070400000,
    0.039
  ],
  [
    1582156800000,
    0.035
  ],
  [
    1582243200000,
    0.039
  ],
  [
    1582329600000,
    5.867
  ],
  [
    1582416000000,
    0.044
  ],
  [
    1582502400000,
    0.054
  ],
  [
    1582588800000,
    0.05
  ],
  [
    1582675200000,
    0.046
  ],
  [
    1582761600000,
    0.044
  ],
  [
    1582848000000,
    0.049
  ],
  [
    1582934400000,
    0.053
  ],
  [
    1583020800000,
    0.053
  ],
  [
    1583107200000,
    0.05
  ],
  [
    1583193600000,
    0.052
  ],
  [
    1583280000000,
    0.046
  ],
  [
    1583366400000,
    0.045
  ],
  [
    1583452800000,
    0.045
  ],
  [
    1583539200000,
    0.045
  ],
  [
    1583625600000,
    0.046
  ],
  [
    1583712000000,
    0.043
  ],
  [
    1583798400000,
    0.04
  ],
  [
    1583884800000,
    0.042
  ],
  [
    1583971200000,
    0.043
  ],
  [
    1584057600000,
    0.042
  ],
  [
    1584144000000,
    0.043
  ],
  [
    1584230400000,
    0.043
  ],
  [
    1584316800000,
    0.043
  ],
  [
    1584403200000,
    0.041
  ],
  [
    1584489600000,
    0.041
  ],
  [
    1584576000000,
    0.039
  ],
  [
    1584662400000,
    0.044
  ],
  [
    1584748800000,
    0.044
  ],
  [
    1584835200000,
    0.044
  ],
  [
    1584921600000,
    0.042
  ],
  [
    1585008000000,
    0.043
  ],
  [
    1585094400000,
    0.046
  ],
  [
    1585180800000,
    0.045
  ],
  [
    1585267200000,
    0.048
  ],
  [
    1585353600000,
    0.048
  ],
  [
    1585440000000,
    0.049
  ],
  [
    1585522800000,
    0.047
  ],
  [
    1585609200000,
    0.043
  ],
  [
    1585695600000,
    0.045
  ],
  [
    1585782000000,
    0.047
  ],
  [
    1585868400000,
    0.046
  ],
  [
    1585954800000,
    0.953
  ],
  [
    1586041200000,
    0.044
  ],
  [
    1586127600000,
    0.044
  ],
  [
    1586214000000,
    0.042
  ],
  [
    1586300400000,
    0.046
  ],
  [
    1586386800000,
    0.045
  ],
  [
    1586473200000,
    0.046
  ],
  [
    1586559600000,
    0.046
  ],
  [
    1586646000000,
    0.045
  ],
  [
    1586732400000,
    0.047
  ],
  [
    1586818800000,
    0.049
  ],
  [
    1586905200000,
    0.046
  ],
  [
    1586991600000,
    0.047
  ],
  [
    1587078000000,
    0.048
  ],
  [
    1587164400000,
    0.048
  ],
  [
    1587250800000,
    0.047
  ],
  [
    1587337200000,
    0.048
  ],
  [
    1587423600000,
    0.051
  ],
  [
    1587510000000,
    0.052
  ],
  [
    1587596400000,
    0.05
  ],
  [
    1587682800000,
    0.049
  ],
  [
    1587769200000,
    0.056
  ],
  [
    1587855600000,
    0.053
  ],
  [
    1587942000000,
    0.046
  ],
  [
    1588028400000,
    0.053
  ],
  [
    1588114800000,
    0.224
  ],
  [
    1588201200000,
    0.063
  ],
  [
    1588287600000,
    0.054
  ],
  [
    1588374000000,
    0.06
  ],
  [
    1588460400000,
    0.061
  ],
  [
    1588546800000,
    0.065
  ],
  [
    1588633200000,
    0.074
  ],
  [
    1588719600000,
    0.083
  ],
  [
    1588806000000,
    0.079
  ],
  [
    1588892400000,
    0.444
  ],
  [
    1588978800000,
    0.086
  ],
  [
    1589065200000,
    0.088
  ],
  [
    1589151600000,
    0.08
  ],
  [
    1589238000000,
    0.704
  ],
  [
    1589324400000,
    0.082
  ],
  [
    1589410800000,
    0.079
  ],
  [
    1589497200000,
    0.084
  ],
  [
    1589583600000,
    0.083
  ],
  [
    1589670000000,
    0.087
  ],
  [
    1589756400000,
    0.092
  ],
  [
    1589842800000,
    0.103
  ],
  [
    1589929200000,
    0.095
  ],
  [
    1590015600000,
    1.995
  ],
  [
    1590102000000,
    0.103
  ],
  [
    1590188400000,
    0.097
  ],
  [
    1590274800000,
    0.097
  ],
  [
    1590361200000,
    0.089
  ],
  [
    1590447600000,
    4.69
  ],
  [
    1590534000000,
    0.094
  ],
  [
    1590620400000,
    0.093
  ],
  [
    1590706800000,
    0.088
  ],
  [
    1590793200000,
    0.091
  ],
  [
    1590879600000,
    0.094
  ],
  [
    1590966000000,
    0.09
  ],
  [
    1591052400000,
    0.09
  ],
  [
    1591138800000,
    0.09
  ],
  [
    1591225200000,
    0.087
  ],
  [
    1591311600000,
    0.092
  ],
  [
    1591398000000,
    0.087
  ],
  [
    1591484400000,
    0.08
  ],
  [
    1591570800000,
    0.091
  ],
  [
    1591657200000,
    0.092
  ],
  [
    1591743600000,
    0.087
  ],
  [
    1591830000000,
    0.095
  ],
  [
    1591916400000,
    0.086
  ],
  [
    1592002800000,
    0.09
  ],
  [
    1592089200000,
    0.093
  ],
  [
    1592175600000,
    0.084
  ],
  [
    1592262000000,
    0.093
  ],
  [
    1592348400000,
    0.084
  ],
  [
    1592434800000,
    0.084
  ],
  [
    1592521200000,
    0.084
  ],
  [
    1592607600000,
    0.086
  ],
  [
    1592694000000,
    1.926
  ],
  [
    1592780400000,
    0.088
  ],
  [
    1592866800000,
    0.08
  ],
  [
    1592953200000,
    0.079
  ],
  [
    1593039600000,
    0.082
  ],
  [
    1593126000000,
    0.072
  ],
  [
    1593212400000,
    0.078
  ],
  [
    1593298800000,
    0.074
  ],
  [
    1593385200000,
    0.068
  ],
  [
    1593471600000,
    0.07
  ],
  [
    1593558000000,
    0.072
  ],
  [
    1593644400000,
    0.297
  ],
  [
    1593730800000,
    0.074
  ],
  [
    1593817200000,
    0.076
  ],
  [
    1593903600000,
    0.075
  ],
  [
    1593990000000,
    0.085
  ],
  [
    1594076400000,
    0.085
  ],
  [
    1594162800000,
    0.081
  ],
  [
    1594249200000,
    0.076
  ],
  [
    1594335600000,
    0.083
  ],
  [
    1594422000000,
    0.085
  ],
  [
    1594508400000,
    0.087
  ],
  [
    1594594800000,
    0.094
  ],
  [
    1594681200000,
    0.097
  ],
  [
    1594767600000,
    0.099
  ],
  [
    1594854000000,
    0.089
  ],
  [
    1594940400000,
    0.094
  ],
  [
    1595026800000,
    0.104
  ],
  [
    1595113200000,
    0.111
  ],
  [
    1595199600000,
    0.095
  ],
  [
    1595286000000,
    0.098
  ],
  [
    1595372400000,
    0.098
  ],
  [
    1595458800000,
    0.096
  ],
  [
    1595545200000,
    0.104
  ],
  [
    1595631600000,
    0.095
  ],
  [
    1595718000000,
    0.105
  ],
  [
    1595804400000,
    0.104
  ],
  [
    1595890800000,
    0.107
  ],
  [
    1595977200000,
    0.12
  ],
  [
    1596063600000,
    0.117
  ],
  [
    1596150000000,
    0.12
  ],
  [
    1596236400000,
    0.119
  ],
  [
    1596322800000,
    0.12
  ],
  [
    1596409200000,
    0.116
  ],
  [
    1596495600000,
    0.117
  ],
  [
    1596582000000,
    0.119
  ],
  [
    1596668400000,
    0.123
  ],
  [
    1596754800000,
    0.11
  ],
  [
    1596841200000,
    7.264
  ],
  [
    1596927600000,
    0.117
  ],
  [
    1597014000000,
    0.121
  ],
  [
    1597100400000,
    0.11
  ],
  [
    1597186800000,
    0.111
  ],
  [
    1597273200000,
    0.116
  ],
  [
    1597359600000,
    0.111
  ],
  [
    1597446000000,
    0.116
  ],
  [
    1597532400000,
    0.104
  ],
  [
    1597618800000,
    0.106
  ],
  [
    1597705200000,
    0.109
  ],
  [
    1597791600000,
    0.103
  ],
  [
    1597878000000,
    0.109
  ],
  [
    1597964400000,
    0.111
  ],
  [
    1598050800000,
    0.107
  ],
  [
    1598137200000,
    0.111
  ],
  [
    1598223600000,
    0.111
  ],
  [
    1598310000000,
    0.103
  ],
  [
    1598396400000,
    0.098
  ],
  [
    1598482800000,
    0.111
  ],
  [
    1598569200000,
    0.104
  ],
  [
    1598655600000,
    0.105
  ],
  [
    1598742000000,
    4.641
  ],
  [
    1598828400000,
    0.101
  ],
  [
    1598914800000,
    0.095
  ],
  [
    1599001200000,
    0.103
  ],
  [
    1599087600000,
    0.101
  ],
  [
    1599174000000,
    0.1
  ],
  [
    1599260400000,
    0.105
  ],
  [
    1599346800000,
    0.11
  ],
  [
    1599433200000,
    0.106
  ],
  [
    1599519600000,
    0.096
  ],
  [
    1599606000000,
    0.155
  ],
  [
    1599692400000,
    0.102
  ],
  [
    1599778800000,
    0.106
  ],
  [
    1599865200000,
    0.107
  ],
  [
    1599951600000,
    0.107
  ],
  [
    1600038000000,
    0.103
  ],
  [
    1600124400000,
    0.101
  ],
  [
    1600210800000,
    0.101
  ],
  [
    1600297200000,
    0.101
  ],
  [
    1600383600000,
    0.102
  ],
  [
    1600470000000,
    0.095
  ],
  [
    1600556400000,
    0.103
  ],
  [
    1600642800000,
    0.098
  ],
  [
    1600729200000,
    0.112
  ],
  [
    1600815600000,
    0.106
  ],
  [
    1600902000000,
    0.096
  ],
  [
    1600988400000,
    0.095
  ],
  [
    1601074800000,
    0.097
  ],
  [
    1601161200000,
    0.097
  ],
  [
    1601247600000,
    0.098
  ],
  [
    1601334000000,
    0.096
  ],
  [
    1601420400000,
    0.093
  ],
  [
    1601506800000,
    0.103
  ],
  [
    1601593200000,
    15.658
  ],
  [
    1601679600000,
    0.111
  ],
  [
    1601766000000,
    0.109
  ],
  [
    1601852400000,
    0.104
  ],
  [
    1601938800000,
    0.096
  ],
  [
    1602025200000,
    0.107
  ],
  [
    1602111600000,
    0.111
  ],
  [
    1602198000000,
    0.126
  ],
  [
    1602284400000,
    0.12
  ],
  [
    1602370800000,
    0.125
  ],
  [
    1602457200000,
    0.118
  ],
  [
    1602543600000,
    0.125
  ],
  [
    1602630000000,
    0.125
  ],
  [
    1602716400000,
    0.122
  ],
  [
    1602802800000,
    0.125
  ],
  [
    1602889200000,
    0.128
  ],
  [
    1602975600000,
    1.472
  ],
  [
    1603062000000,
    0.126
  ],
  [
    1603148400000,
    0.124
  ],
  [
    1603234800000,
    0.127
  ],
  [
    1603321200000,
    0.128
  ],
  [
    1603407600000,
    0.143
  ],
  [
    1603494000000,
    25.217
  ],
  [
    1603580400000,
    0.138
  ],
  [
    1603670400000,
    0.129
  ],
  [
    1603756800000,
    0.121
  ],
  [
    1603843200000,
    0.131
  ],
  [
    1603929600000,
    0.125
  ],
  [
    1604016000000,
    0.116
  ],
  [
    1604102400000,
    0.127
  ],
  [
    1604188800000,
    0.125
  ],
  [
    1604275200000,
    0.121
  ],
  [
    1604361600000,
    0.13
  ],
  [
    1604448000000,
    0.125
  ],
  [
    1604534400000,
    0.124
  ],
  [
    1604620800000,
    0.127
  ],
  [
    1604707200000,
    0.116
  ],
  [
    1604793600000,
    0.121
  ],
  [
    1604880000000,
    0.109
  ],
  [
    1604966400000,
    0.125
  ],
  [
    1605052800000,
    0.125
  ],
  [
    1605139200000,
    0.114
  ],
  [
    1605225600000,
    0.124
  ],
  [
    1605312000000,
    0.115
  ],
  [
    1605398400000,
    0.11
  ],
  [
    1605484800000,
    0.12
  ],
  [
    1605571200000,
    0.11
  ],
  [
    1605657600000,
    0.115
  ],
  [
    1605744000000,
    0.113
  ],
  [
    1605830400000,
    0.117
  ],
  [
    1605916800000,
    0.104
  ],
  [
    1606003200000,
    0.12
  ],
  [
    1606089600000,
    0.12
  ],
  [
    1606176000000,
    0.119
  ],
  [
    1606262400000,
    0.123
  ],
  [
    1606348800000,
    2.345
  ],
  [
    1606435200000,
    0.115
  ],
  [
    1606521600000,
    0.11
  ],
  [
    1606608000000,
    0.12
  ],
  [
    1606694400000,
    0.118
  ],
  [
    1606780800000,
    0.092
  ],
  [
    1606867200000,
    0.119
  ],
  [
    1606953600000,
    0.115
  ],
  [
    1607040000000,
    0.718
  ],
  [
    1607126400000,
    0.097
  ],
  [
    1607212800000,
    0.106
  ],
  [
    1607299200000,
    0.096
  ],
  [
    1607385600000,
    0.094
  ],
  [
    1607472000000,
    0.091
  ],
  [
    1607558400000,
    0.094
  ],
  [
    1607644800000,
    0.09
  ],
  [
    1607731200000,
    0.098
  ],
  [
    1607817600000,
    0.083
  ],
  [
    1607904000000,
    0.104
  ],
  [
    1607990400000,
    0.095
  ],
  [
    1608076800000,
    0.098
  ],
  [
    1608163200000,
    0.101
  ],
  [
    1608249600000,
    0.092
  ],
  [
    1608336000000,
    0.097
  ],
  [
    1608422400000,
    0.109
  ],
  [
    1608508800000,
    0.097
  ],
  [
    1608595200000,
    0.104
  ],
  [
    1608681600000,
    0.093
  ],
  [
    1608768000000,
    0.092
  ],
  [
    1608854400000,
    0.096
  ],
  [
    1608940800000,
    0.098
  ],
  [
    1609027200000,
    0.086
  ],
  [
    1609113600000,
    0.093
  ],
  [
    1609200000000,
    0.103
  ],
  [
    1609286400000,
    0.125
  ],
  [
    1609372800000,
    0.123
  ],
  [
    1609459200000,
    0.141
  ],
  [
    1609545600000,
    0.136
  ],
  [
    1609632000000,
    0.149
  ],
  [
    1609718400000,
    0.151
  ],
  [
    1609804800000,
    0.155
  ],
  [
    1609891200000,
    0.164
  ],
  [
    1609977600000,
    0.161
  ],
  [
    1610064000000,
    0.171
  ],
  [
    1610150400000,
    0.164
  ],
  [
    1610236800000,
    0.193
  ],
  [
    1610323200000,
    0.184
  ],
  [
    1610409600000,
    0.175
  ],
  [
    1610496000000,
    0.169
  ],
  [
    1610582400000,
    0.169
  ],
  [
    1610668800000,
    0.15
  ],
  [
    1610755200000,
    0.19
  ],
  [
    1610841600000,
    0.181
  ],
  [
    1610928000000,
    0.19
  ],
  [
    1611014400000,
    0.177
  ],
  [
    1611100800000,
    0.179
  ],
  [
    1611187200000,
    0.187
  ],
  [
    1611273600000,
    0.172
  ],
  [
    1611360000000,
    0.168
  ],
  [
    1611446400000,
    0.17
  ],
  [
    1611532800000,
    0.152
  ],
  [
    1611619200000,
    0.171
  ],
  [
    1611705600000,
    0.173
  ],
  [
    1611792000000,
    0.155
  ],
  [
    1611878400000,
    0.154
  ],
  [
    1611964800000,
    0.172
  ],
  [
    1612051200000,
    0.147
  ],
  [
    1612137600000,
    0.168
  ],
  [
    1612224000000,
    0.182
  ],
  [
    1612310400000,
    0.181
  ],
  [
    1612396800000,
    0.207
  ],
  [
    1612483200000,
    0.199
  ],
  [
    1612569600000,
    0.203
  ],
  [
    1612656000000,
    0.187
  ],
  [
    1612742400000,
    0.209
  ],
  [
    1612828800000,
    0.188
  ],
  [
    1612915200000,
    0.194
  ],
  [
    1613001600000,
    0.204
  ],
  [
    1613088000000,
    0.202
  ],
  [
    1613174400000,
    0.199
  ],
  [
    1613260800000,
    0.222
  ],
  [
    1613347200000,
    0.249
  ],
  [
    1613433600000,
    0.264
  ],
  [
    1613520000000,
    0.262
  ],
  [
    1613606400000,
    0.234
  ],
  [
    1613692800000,
    0.211
  ],
  [
    1613779200000,
    0.187
  ],
  [
    1613865600000,
    0.219
  ],
  [
    1613952000000,
    0.206
  ],
  [
    1614038400000,
    0.21
  ],
  [
    1614124800000,
    0.218
  ],
  [
    1614211200000,
    0.201
  ],
  [
    1614297600000,
    0.211
  ],
  [
    1614384000000,
    0.219
  ],
  [
    1614470400000,
    46.212
  ],
  [
    1614556800000,
    0.202
  ],
  [
    1614643200000,
    0.812
  ],
  [
    1614729600000,
    0.22
  ],
  [
    1614816000000,
    0.22
  ],
  [
    1614902400000,
    0.227
  ],
  [
    1614988800000,
    0.23
  ],
  [
    1615075200000,
    0.247
  ],
  [
    1615161600000,
    0.229
  ],
  [
    1615248000000,
    0.243
  ],
  [
    1615334400000,
    0.248
  ],
  [
    1615420800000,
    0.229
  ],
  [
    1615507200000,
    0.247
  ],
  [
    1615593600000,
    0.244
  ],
  [
    1615680000000,
    0.231
  ],
  [
    1615766400000,
    0.246
  ],
  [
    1615852800000,
    0.236
  ],
  [
    1615939200000,
    0.214
  ],
  [
    1616025600000,
    0.225
  ],
  [
    1616112000000,
    0.233
  ],
  [
    1616198400000,
    0.236
  ],
  [
    1616284800000,
    0.259
  ],
  [
    1616371200000,
    0.298
  ],
  [
    1616457600000,
    0.326
  ],
  [
    1616544000000,
    0.34
  ],
  [
    1616630400000,
    0.383
  ],
  [
    1616716800000,
    0.355
  ],
  [
    1616803200000,
    0.381
  ],
  [
    1616889600000,
    0.352
  ],
  [
    1616972400000,
    0.358
  ],
  [
    1617058800000,
    0.368
  ],
  [
    1617145200000,
    0.349
  ],
  [
    1617231600000,
    0.348
  ],
  [
    1617318000000,
    0.365
  ],
  [
    1617404400000,
    0.337
  ],
  [
    1617490800000,
    0.359
  ],
  [
    1617577200000,
    0.339
  ],
  [
    1617663600000,
    0.329
  ],
  [
    1617750000000,
    0.3
  ],
  [
    1617836400000,
    0.775
  ],
  [
    1617922800000,
    0.243
  ],
  [
    1618009200000,
    0.247
  ],
  [
    1618095600000,
    0.287
  ],
  [
    1618182000000,
    0.268
  ],
  [
    1618268400000,
    0.258
  ],
  [
    1618354800000,
    0.285
  ],
  [
    1618441200000,
    0.291
  ],
  [
    1618527600000,
    0.327
  ],
  [
    1618614000000,
    0.314
  ],
  [
    1618700400000,
    0.333
  ],
  [
    1618786800000,
    0.362
  ],
  [
    1618873200000,
    0.333
  ],
  [
    1618959600000,
    0.345
  ],
  [
    1619046000000,
    0.335
  ],
  [
    1619132400000,
    0.327
  ],
  [
    1619218800000,
    0.382
  ],
  [
    1619305200000,
    0.352
  ],
  [
    1619391600000,
    0.382
  ],
  [
    1619478000000,
    0.357
  ],
  [
    1619564400000,
    0.358
  ],
  [
    1619650800000,
    0.366
  ],
  [
    1619737200000,
    0.383
  ],
  [
    1619823600000,
    0.394
  ],
  [
    1619910000000,
    0.38
  ],
  [
    1619996400000,
    0.39
  ],
  [
    1620082800000,
    0.408
  ],
  [
    1620169200000,
    0.416
  ],
  [
    1620255600000,
    0.451
  ],
  [
    1620342000000,
    0.437
  ],
  [
    1620428400000,
    0.428
  ],
  [
    1620514800000,
    0.421
  ],
  [
    1620601200000,
    0.46
  ],
  [
    1620687600000,
    0.489
  ],
  [
    1620774000000,
    0.532
  ],
  [
    1620860400000,
    0.502
  ],
  [
    1620946800000,
    0.509
  ],
  [
    1621033200000,
    0.459
  ],
  [
    1621119600000,
    0.465
  ],
  [
    1621206000000,
    0.468
  ],
  [
    1621292400000,
    0.511
  ],
  [
    1621378800000,
    0.482
  ],
  [
    1621465200000,
    0.423
  ],
  [
    1621551600000,
    0.482
  ],
  [
    1621638000000,
    0.597
  ],
  [
    1621724400000,
    0.656
  ],
  [
    1621810800000,
    0.732
  ],
  [
    1621897200000,
    0.834
  ],
  [
    1621983600000,
    1.012
  ],
  [
    1622070000000,
    0.991
  ],
  [
    1622156400000,
    1.058
  ],
  [
    1622242800000,
    0.938
  ],
  [
    1622329200000,
    0.91
  ],
  [
    1622415600000,
    0.808
  ],
  [
    1622502000000,
    0.872
  ],
  [
    1622588400000,
    0.922
  ],
  [
    1622674800000,
    1.018
  ],
  [
    1622761200000,
    1.106
  ],
  [
    1622847600000,
    1.045
  ],
  [
    1622934000000,
    1.094
  ],
  [
    1623020400000,
    1.101
  ],
  [
    1623106800000,
    1.127
  ],
  [
    1623193200000,
    1.117
  ],
  [
    1623279600000,
    1.224
  ],
  [
    1623366000000,
    1.159
  ],
  [
    1623452400000,
    1.097
  ],
  [
    1623538800000,
    1.096
  ],
  [
    1623625200000,
    1.135
  ],
  [
    1623711600000,
    1.155
  ],
  [
    1623798000000,
    1.1
  ],
  [
    1623884400000,
    1.141
  ],
  [
    1623970800000,
    1.111
  ],
  [
    1624057200000,
    1.14
  ],
  [
    1624143600000,
    1.054
  ],
  [
    1624230000000,
    1.056
  ],
  [
    1624316400000,
    1.055
  ],
  [
    1624402800000,
    1.05
  ],
  [
    1624489200000,
    0.987
  ],
  [
    1624575600000,
    0.909
  ],
  [
    1624662000000,
    0.939
  ],
  [
    1624748400000,
    0.848
  ],
  [
    1624834800000,
    0.887
  ],
  [
    1624921200000,
    0.855
  ],
  [
    1625007600000,
    0.853
  ],
  [
    1625094000000,
    0.816
  ],
  [
    1625180400000,
    0.797
  ],
  [
    1625266800000,
    0.858
  ],
  [
    1625353200000,
    0.856
  ],
  [
    1625439600000,
    0.876
  ],
  [
    1625526000000,
    0.841
  ],
  [
    1625612400000,
    0.824
  ],
  [
    1625698800000,
    0.768
  ],
  [
    1625785200000,
    0.77
  ],
  [
    1625871600000,
    0.746
  ],
  [
    1625958000000,
    0.818
  ],
  [
    1626044400000,
    0.67
  ],
  [
    1626130800000,
    0.768
  ],
  [
    1626217200000,
    0.77
  ],
  [
    1626303600000,
    0.746
  ],
  [
    1626390000000,
    0.745
  ],
  [
    1626476400000,
    0.748
  ],
  [
    1626562800000,
    0.764
  ],
  [
    1626649200000,
    0.725
  ],
  [
    1626735600000,
    0.756
  ],
  [
    1626822000000,
    0.709
  ],
  [
    1626908400000,
    0.732
  ],
  [
    1626994800000,
    0.725
  ],
  [
    1627081200000,
    0.734
  ],
  [
    1627167600000,
    0.784
  ],
  [
    1627254000000,
    0.792
  ],
  [
    1627340400000,
    0.771
  ],
  [
    1627426800000,
    0.75
  ],
  [
    1627513200000,
    0.789
  ],
  [
    1627599600000,
    0.777
  ],
  [
    1627686000000,
    0.65
  ],
  [
    1627772400000,
    0.749
  ],
  [
    1627858800000,
    0.766
  ],
  [
    1627945200000,
    0.81
  ],
  [
    1628031600000,
    0.761
  ],
  [
    1628118000000,
    0.786
  ],
  [
    1628204400000,
    0.536
  ],
  [
    1628290800000,
    0.713
  ],
  [
    1628377200000,
    0.744
  ],
  [
    1628463600000,
    0.793
  ],
  [
    1628550000000,
    0.695
  ],
  [
    1628636400000,
    0.694
  ],
  [
    1628722800000,
    0.808
  ],
  [
    1628809200000,
    0.756
  ],
  [
    1628895600000,
    0.746
  ],
  [
    1628982000000,
    0.701
  ],
  [
    1629068400000,
    0.712
  ],
  [
    1629154800000,
    0.665
  ],
  [
    1629241200000,
    0.668
  ],
  [
    1629327600000,
    0.665
  ],
  [
    1629414000000,
    0.705
  ],
  [
    1629500400000,
    0.655
  ],
  [
    1629586800000,
    0.631
  ],
  [
    1629673200000,
    0.636
  ],
  [
    1629759600000,
    0.675
  ],
  [
    1629846000000,
    0.716
  ],
  [
    1629932400000,
    0.72
  ],
  [
    1630018800000,
    0.667
  ],
  [
    1630105200000,
    0.613
  ],
  [
    1630191600000,
    0.676
  ],
  [
    1630278000000,
    0.729
  ],
  [
    1630364400000,
    0.708
  ],
  [
    1630450800000,
    0.724
  ],
  [
    1630537200000,
    0.758
  ],
  [
    1630623600000,
    0.659
  ],
  [
    1630710000000,
    0.706
  ],
  [
    1630796400000,
    0.719
  ],
  [
    1630882800000,
    0.715
  ],
  [
    1630969200000,
    0.748
  ],
  [
    1631055600000,
    0.722
  ],
  [
    1631142000000,
    0.721
  ],
  [
    1631228400000,
    0.734
  ],
  [
    1631314800000,
    0.719
  ],
  [
    1631401200000,
    0.718
  ],
  [
    1631487600000,
    0.721
  ],
  [
    1631574000000,
    0.74
  ],
  [
    1631660400000,
    0.712
  ],
  [
    1631746800000,
    0.72
  ],
  [
    1631833200000,
    0.72
  ],
  [
    1631919600000,
    0.725
  ],
  [
    1632006000000,
    0.714
  ],
  [
    1632092400000,
    0.641
  ],
  [
    1632178800000,
    0.584
  ],
  [
    1632265200000,
    0.636
  ],
  [
    1632351600000,
    0.594
  ],
  [
    1632438000000,
    0.513
  ],
  [
    1632524400000,
    0.538
  ],
  [
    1632610800000,
    0.505
  ],
  [
    1632697200000,
    0.546
  ],
  [
    1632783600000,
    0.531
  ],
  [
    1632870000000,
    0.486
  ],
  [
    1632956400000,
    0.497
  ],
  [
    1633042800000,
    0.577
  ],
  [
    1633129200000,
    0.474
  ],
  [
    1633215600000,
    0.554
  ],
  [
    1633302000000,
    0.528
  ],
  [
    1633388400000,
    0.51
  ],
  [
    1633474800000,
    0.539
  ],
  [
    1633561200000,
    0.509
  ],
  [
    1633647600000,
    0.52
  ],
  [
    1633734000000,
    0.478
  ],
  [
    1633820400000,
    0.538
  ],
  [
    1633906800000,
    0.515
  ],
  [
    1633993200000,
    0.572
  ],
  [
    1634079600000,
    0.527
  ],
  [
    1634166000000,
    0.423
  ],
  [
    1634252400000,
    0.561
  ],
  [
    1634338800000,
    0.517
  ],
  [
    1634425200000,
    0.546
  ],
  [
    1634511600000,
    0.504
  ],
  [
    1634598000000,
    0.568
  ],
  [
    1634684400000,
    0.565
  ],
  [
    1634770800000,
    0.476
  ],
  [
    1634857200000,
    0.489
  ],
  [
    1634943600000,
    0.493
  ],
  [
    1635030000000,
    0.494
  ],
  [
    1635116400000,
    0.497
  ],
  [
    1635289200000,
    0.483
  ],
  [
    1635375600000,
    0.454
  ],
  [
    1635462000000,
    0.474
  ],
  [
    1635548400000,
    0.476
  ],
  [
    1635634800000,
    0.468
  ],
  [
    1635724800000,
    0.483
  ],
  [
    1635811200000,
    0.456
  ],
  [
    1635897600000,
    0.481
  ],
  [
    1635984000000,
    0.521
  ],
  [
    1636070400000,
    0.485
  ],
  [
    1636156800000,
    0.555
  ],
  [
    1636243200000,
    0.566
  ],
  [
    1636329600000,
    0.526
  ],
  [
    1636416000000,
    0.552
  ],
  [
    1636502400000,
    0.504
  ],
  [
    1636588800000,
    0.496
  ],
  [
    1636675200000,
    0.508
  ],
  [
    1636761600000,
    0.54
  ],
  [
    1636848000000,
    0.512
  ],
  [
    1636934400000,
    0.529
  ],
  [
    1637020800000,
    0.565
  ],
  [
    1637107200000,
    0.509
  ],
  [
    1637193600000,
    0.523
  ],
  [
    1637366400000,
    0.562
  ],
  [
    1637452800000,
    0.558
  ],
  [
    1637539200000,
    0.554
  ],
  [
    1637625600000,
    0.582
  ],
  [
    1637712000000,
    0.586
  ],
  [
    1637798400000,
    0.562
  ],
  [
    1637884800000,
    0.552
  ],
  [
    1637971200000,
    0.559
  ],
  [
    1638057600000,
    0.463
  ],
  [
    1638144000000,
    0.636
  ],
  [
    1638230400000,
    0.639
  ],
  [
    1638316800000,
    0.647
  ],
  [
    1638403200000,
    0.65
  ],
  [
    1638489600000,
    0.554
  ],
  [
    1638576000000,
    0.659
  ],
  [
    1638662400000,
    0.686
  ],
  [
    1638748800000,
    0.673
  ],
  [
    1638835200000,
    0.737
  ],
  [
    1638921600000,
    0.71
  ],
  [
    1639008000000,
    0.747
  ],
  [
    1639094400000,
    0.729
  ],
  [
    1639180800000,
    0.751
  ],
  [
    1639267200000,
    0.783
  ],
  [
    1639440000000,
    0.778
  ],
  [
    1639526400000,
    0.78
  ],
  [
    1639612800000,
    0.786
  ],
  [
    1639699200000,
    0.816
  ],
  [
    1639785600000,
    0.788
  ],
  [
    1639872000000,
    0.788
  ],
  [
    1639958400000,
    0.796
  ],
  [
    1640044800000,
    0.832
  ],
  [
    1640131200000,
    0.837
  ],
  [
    1640217600000,
    0.836
  ],
  [
    1640304000000,
    0.746
  ],
  [
    1640390400000,
    0.824
  ],
  [
    1640476800000,
    0.847
  ],
  [
    1640563200000,
    0.777
  ],
  [
    1640649600000,
    0.767
  ],
  [
    1640736000000,
    0.694
  ],
  [
    1640822400000,
    0.792
  ],
  [
    1640908800000,
    0.81
  ],
  [
    1640995200000,
    0.803
  ],
  [
    1641081600000,
    0.809
  ],
  [
    1641168000000,
    0.829
  ],
  [
    1641254400000,
    0.774
  ],
  [
    1641340800000,
    0.833
  ],
  [
    1641427200000,
    0.852
  ],
  [
    1641513600000,
    0.817
  ],
  [
    1641600000000,
    0.911
  ],
  [
    1641686400000,
    0.869
  ],
  [
    1641772800000,
    0.896
  ],
  [
    1641859200000,
    0.835
  ],
  [
    1641945600000,
    0.908
  ],
  [
    1642032000000,
    0.856
  ],
  [
    1642118400000,
    0.881
  ],
  [
    1642204800000,
    0.913
  ],
  [
    1642291200000,
    0.884
  ],
  [
    1642377600000,
    0.986
  ],
  [
    1642464000000,
    0.895
  ],
  [
    1642550400000,
    0.864
  ],
  [
    1642636800000,
    0.925
  ],
  [
    1642723200000,
    0.919
  ],
  [
    1642809600000,
    0.929
  ],
  [
    1642896000000,
    0.872
  ],
  [
    1642982400000,
    0.82
  ],
  [
    1643068800000,
    0.925
  ],
  [
    1643155200000,
    0.87
  ],
  [
    1643241600000,
    0.922
  ],
  [
    1643328000000,
    0.866
  ],
  [
    1643414400000,
    0.846
  ],
  [
    1643500800000,
    0.882
  ],
  [
    1643587200000,
    0.818
  ],
  [
    1643673600000,
    0.818
  ],
  [
    1643760000000,
    0.885
  ],
  [
    1643846400000,
    0.795
  ],
  [
    1643932800000,
    0.833
  ],
  [
    1644019200000,
    0.764
  ],
  [
    1644105600000,
    0.887
  ],
  [
    1644192000000,
    0.89
  ],
  [
    1644278400000,
    0.743
  ],
  [
    1644364800000,
    0.89
  ],
  [
    1644451200000,
    0.79
  ],
  [
    1644537600000,
    0.861
  ],
  [
    1644624000000,
    0.861
  ],
  [
    1644710400000,
    0.78
  ],
  [
    1644796800000,
    0.881
  ],
  [
    1644883200000,
    0.81
  ],
  [
    1644969600000,
    0.881
  ],
  [
    1645056000000,
    0.801
  ],
  [
    1645142400000,
    0.882
  ],
  [
    1645228800000,
    0.888
  ],
  [
    1645315200000,
    0.889
  ],
  [
    1645401600000,
    0.875
  ],
  [
    1645488000000,
    0.861
  ],
  [
    1645574400000,
    0.883
  ],
  [
    1645660800000,
    0.838
  ],
  [
    1645747200000,
    0.903
  ],
  [
    1645833600000,
    0.845
  ],
  [
    1645920000000,
    0.876
  ],
  [
    1646006400000,
    0.902
  ],
  [
    1646092800000,
    0.891
  ],
  [
    1646179200000,
    0.916
  ],
  [
    1646265600000,
    0.863
  ],
  [
    1646352000000,
    0.843
  ],
  [
    1646438400000,
    0.906
  ],
  [
    1646524800000,
    0.859
  ],
  [
    1646611200000,
    0.911
  ],
  [
    1646697600000,
    0.89
  ],
  [
    1646784000000,
    0.908
  ],
  [
    1646870400000,
    0.787
  ],
  [
    1646956800000,
    0.907
  ],
  [
    1647043200000,
    0.936
  ],
  [
    1647129600000,
    0.914
  ],
  [
    1647216000000,
    0.803
  ],
  [
    1647302400000,
    0.861
  ],
  [
    1647388800000,
    0.89
  ],
  [
    1647475200000,
    0.941
  ],
  [
    1647561600000,
    0.958
  ],
  [
    1647648000000,
    0.946
  ],
  [
    1647734400000,
    0.891
  ],
  [
    1647820800000,
    0.961
  ],
  [
    1647907200000,
    0.983
  ],
  [
    1647993600000,
    1.01
  ],
  [
    1648080000000,
    0.968
  ],
  [
    1648166400000,
    1.209
  ],
  [
    1648252800000,
    0.815
  ],
  [
    1648339200000,
    1.483
  ],
  [
    1648422000000,
    0.986
  ],
  [
    1648508400000,
    1.072
  ],
  [
    1648594800000,
    0.994
  ],
  [
    1648681200000,
    1.015
  ],
  [
    1648767600000,
    1.032
  ],
  [
    1648854000000,
    1.029
  ],
  [
    1648940400000,
    1.11
  ],
  [
    1649026800000,
    1.033
  ],
  [
    1649113200000,
    1.11
  ],
  [
    1649199600000,
    1.12
  ],
  [
    1649286000000,
    1.301
  ],
  [
    1649372400000,
    1.189
  ],
  [
    1649458800000,
    1.423
  ],
  [
    1649545200000,
    1.227
  ],
  [
    1649631600000,
    1.275
  ],
  [
    1649718000000,
    1.134
  ],
  [
    1649804400000,
    1.274
  ],
  [
    1649890800000,
    1.157
  ],
  [
    1649977200000,
    1.299
  ],
  [
    1650063600000,
    1.141
  ],
  [
    1650150000000,
    1.243
  ],
  [
    1650236400000,
    0.915
  ],
  [
    1650409200000,
    1.288
  ],
  [
    1650495600000,
    1.11
  ],
  [
    1650582000000,
    1.3
  ],
  [
    1650668400000,
    1.228
  ],
  [
    1650754800000,
    1.909
  ],
  [
    1650841200000,
    1.12
  ],
  [
    1650927600000,
    1.035
  ],
  [
    1651014000000,
    1.38
  ],
  [
    1651100400000,
    1.09
  ],
  [
    1651186800000,
    1.152
  ],
  [
    1651273200000,
    1.17
  ],
  [
    1651359600000,
    1.18
  ],
  [
    1651446000000,
    1.17
  ],
  [
    1651532400000,
    1.156
  ],
  [
    1651618800000,
    1.109
  ],
  [
    1651705200000,
    1.084
  ],
  [
    1651791600000,
    1.135
  ],
  [
    1651878000000,
    1.158
  ],
  [
    1651964400000,
    1.178
  ],
  [
    1652050800000,
    1.15
  ],
  [
    1652137200000,
    1.041
  ],
  [
    1652223600000,
    1.113
  ],
  [
    1652310000000,
    1.082
  ],
  [
    1652396400000,
    1.172
  ],
  [
    1652482800000,
    1.05
  ],
  [
    1652569200000,
    1.04
  ],
  [
    1652655600000,
    1.171
  ],
  [
    1652742000000,
    1.105
  ],
  [
    1652828400000,
    1.06
  ],
  [
    1652914800000,
    1.24
  ],
  [
    1653174000000,
    1.04
  ],
  [
    1653260400000,
    1.015
  ],
  [
    1653346800000,
    1.093
  ],
  [
    1653433200000,
    1.19
  ],
  [
    1653519600000,
    1.193
  ],
  [
    1653606000000,
    1.049
  ],
  [
    1653692400000,
    1.045
  ],
  [
    1653778800000,
    0.931
  ],
  [
    1653865200000,
    1.095
  ],
  [
    1653951600000,
    1.01
  ],
  [
    1654038000000,
    0.945
  ],
  [
    1654124400000,
    0.901
  ],
  [
    1654210800000,
    0.984
  ],
  [
    1654297200000,
    1.06
  ],
  [
    1654383600000,
    1
  ],
  [
    1654470000000,
    0.984
  ],
  [
    1654556400000,
    0.998
  ],
  [
    1654642800000,
    1.133
  ],
  [
    1654729200000,
    0.82
  ],
  [
    1654815600000,
    0.969
  ],
  [
    1654902000000,
    0.939
  ],
  [
    1654988400000,
    0.933
  ],
  [
    1655074800000,
    0.948
  ],
  [
    1655161200000,
    1.011
  ],
  [
    1655247600000,
    0.75
  ],
  [
    1655334000000,
    0.813
  ],
  [
    1655420400000,
    1
  ],
  [
    1655506800000,
    0.978
  ],
  [
    1655593200000,
    0.911
  ],
  [
    1655766000000,
    0.955
  ],
  [
    1655938800000,
    0.928
  ],
  [
    1656025200000,
    0.89
  ],
  [
    1656111600000,
    0.93
  ],
  [
    1656198000000,
    0.81
  ],
  [
    1656284400000,
    0.948
  ],
  [
    1656370800000,
    0.85
  ],
  [
    1656457200000,
    0.95
  ],
  [
    1656543600000,
    0.919
  ],
  [
    1656630000000,
    0.979
  ],
  [
    1656716400000,
    0.898
  ],
  [
    1656802800000,
    0.888
  ],
  [
    1656975600000,
    0.9
  ],
  [
    1657062000000,
    0.942
  ],
  [
    1657148400000,
    0.967
  ],
  [
    1657234800000,
    0.95
  ],
  [
    1657321200000,
    0.892
  ],
  [
    1657407600000,
    0.867
  ],
  [
    1657580400000,
    0.77
  ],
  [
    1657666800000,
    0.815
  ],
  [
    1657753200000,
    0.909
  ],
  [
    1657839600000,
    0.882
  ],
  [
    1657926000000,
    0.897
  ],
  [
    1658012400000,
    0.83
  ],
  [
    1658098800000,
    0.817
  ],
  [
    1658271600000,
    0.797
  ],
  [
    1658358000000,
    0.863
  ],
  [
    1658444400000,
    0.789
  ],
  [
    1658530800000,
    0.875
  ],
  [
    1658617200000,
    0.847
  ],
  [
    1658703600000,
    0.865
  ],
  [
    1658790000000,
    0.881
  ],
  [
    1658876400000,
    0.892
  ],
  [
    1658962800000,
    0.863
  ],
  [
    1659049200000,
    0.702
  ],
  [
    1659135600000,
    0.919
  ],
  [
    1659222000000,
    0.862
  ],
  [
    1659308400000,
    0.889
  ],
  [
    1659394800000,
    1.08
  ],
  [
    1659481200000,
    0.821
  ],
  [
    1659567600000,
    0.89
  ],
  [
    1659740400000,
    0.228
  ],
  [
    1659826800000,
    0.985
  ],
  [
    1659913200000,
    0.883
  ],
  [
    1659999600000,
    1.035
  ],
  [
    1660086000000,
    0.974
  ],
  [
    1660172400000,
    0.94
  ],
  [
    1660258800000,
    0.94
  ],
  [
    1660345200000,
    0.914
  ],
  [
    1660431600000,
    0.972
  ],
  [
    1660518000000,
    1.018
  ],
  [
    1660863600000,
    1.008
  ],
  [
    1660950000000,
    0.88
  ],
  [
    1661036400000,
    0.99
  ],
  [
    1661122800000,
    0.966
  ],
  [
    1661209200000,
    0.886
  ],
  [
    1661295600000,
    0.808
  ],
  [
    1661382000000,
    0.887
  ],
  [
    1661468400000,
    0.72
  ],
  [
    1661554800000,
    0.968
  ],
  [
    1661641200000,
    1.01
  ],
  [
    1661727600000,
    1.02
  ],
  [
    1661814000000,
    0.982
  ],
  [
    1661900400000,
    1.068
  ],
  [
    1661986800000,
    1.056
  ],
  [
    1662073200000,
    1.025
  ],
  [
    1662159600000,
    1.036
  ],
  [
    1662246000000,
    1.061
  ],
  [
    1662332400000,
    1.179
  ],
  [
    1662418800000,
    1.131
  ],
  [
    1662591600000,
    1.129
  ],
  [
    1662678000000,
    1.139
  ],
  [
    1662764400000,
    1.017
  ],
  [
    1662850800000,
    0.665
  ],
  [
    1662937200000,
    0.648
  ],
  [
    1663023600000,
    1.18
  ],
  [
    1663110000000,
    1.18
  ],
  [
    1663196400000,
    1.18
  ],
  [
    1663282800000,
    1.153
  ],
  [
    1663369200000,
    1.079
  ],
  [
    1663455600000,
    1.255
  ],
  [
    1663542000000,
    1.12
  ],
  [
    1663628400000,
    1.263
  ],
  [
    1663714800000,
    1.136
  ],
  [
    1663801200000,
    1.194
  ],
  [
    1663887600000,
    1.249
  ],
  [
    1663974000000,
    1.273
  ],
  [
    1664060400000,
    1.191
  ],
  [
    1664146800000,
    1.115
  ],
  [
    1664233200000,
    1.168
  ],
  [
    1664319600000,
    1.11
  ],
  [
    1664406000000,
    1.03
  ],
  [
    1664492400000,
    1.154
  ],
  [
    1664578800000,
    1.065
  ],
  [
    1664665200000,
    1.04
  ],
  [
    1664751600000,
    1
  ],
  [
    1664838000000,
    1.053
  ],
  [
    1664924400000,
    0.79
  ],
  [
    1665010800000,
    1.164
  ],
  [
    1665097200000,
    1.178
  ],
  [
    1665183600000,
    1.12
  ],
  [
    1665270000000,
    1.08
  ],
  [
    1665356400000,
    1.072
  ],
  [
    1665442800000,
    1.16
  ],
  [
    1665529200000,
    1.133
  ],
  [
    1665615600000,
    1.235
  ],
  [
    1665702000000,
    1.261
  ],
  [
    1665788400000,
    1.255
  ],
  [
    1665874800000,
    1.21
  ],
  [
    1666047600000,
    1.092
  ],
  [
    1666134000000,
    1.336
  ],
  [
    1666220400000,
    0.951
  ],
  [
    1666306800000,
    1.178
  ],
  [
    1666393200000,
    1.345
  ],
  [
    1666479600000,
    1.21
  ],
  [
    1666566000000,
    1.2
  ],
  [
    1666652400000,
    1.301
  ],
  [
    1666738800000,
    1.248
  ],
  [
    1666825200000,
    1.255
  ],
  [
    1666911600000,
    1.22
  ],
  [
    1666998000000,
    1.344
  ],
  [
    1667084400000,
    1.382
  ],
  [
    1667174400000,
    1.201
  ],
  [
    1667260800000,
    1.335
  ],
  [
    1667347200000,
    1.385
  ],
  [
    1667433600000,
    1.35
  ],
  [
    1667520000000,
    1.483
  ],
  [
    1667606400000,
    1.509
  ],
  [
    1667692800000,
    1.32
  ],
  [
    1667779200000,
    1.555
  ],
  [
    1667865600000,
    1.634
  ],
  [
    1667952000000,
    1.55
  ],
  [
    1668038400000,
    1.487
  ],
  [
    1668124800000,
    1.345
  ],
  [
    1668211200000,
    1.507
  ],
  [
    1668297600000,
    1.712
  ],
  [
    1668384000000,
    1.55
  ],
  [
    1668470400000,
    1.387
  ],
  [
    1668556800000,
    1.225
  ],
  [
    1668643200000,
    1.377
  ],
  [
    1668729600000,
    1.496
  ],
  [
    1668816000000,
    1.282
  ],
  [
    1668902400000,
    1.401
  ],
  [
    1668988800000,
    1.306
  ],
  [
    1669075200000,
    1
  ],
  [
    1669161600000,
    1.41
  ],
  [
    1669248000000,
    1.352
  ],
  [
    1669334400000,
    1.411
  ],
  [
    1669507200000,
    1.18
  ],
  [
    1669593600000,
    1.42
  ],
  [
    1669766400000,
    1.729
  ],
  [
    1669852800000,
    1.596
  ],
  [
    1669939200000,
    1.714
  ],
  [
    1670025600000,
    1.582
  ],
  [
    1670112000000,
    1.525
  ],
  [
    1670198400000,
    1.606
  ],
  [
    1670284800000,
    1.58
  ],
  [
    1670371200000,
    1.65
  ],
  [
    1670457600000,
    1.575
  ],
  [
    1670544000000,
    1.7
  ],
  [
    1670630400000,
    1.709
  ],
  [
    1670716800000,
    1.57
  ],
  [
    1670889600000,
    1.7
  ],
  [
    1670976000000,
    1.657
  ],
  [
    1671062400000,
    1.749
  ],
  [
    1671148800000,
    1.567
  ],
  [
    1671235200000,
    1.66
  ],
  [
    1671321600000,
    1.757
  ],
  [
    1671408000000,
    1.67
  ],
  [
    1671494400000,
    1.702
  ],
  [
    1671667200000,
    1.69
  ],
  [
    1671753600000,
    1.64
  ],
  [
    1671840000000,
    1.631
  ],
  [
    1671926400000,
    1.544
  ],
  [
    1672012800000,
    1.59
  ],
  [
    1672099200000,
    1.5
  ],
  [
    1672185600000,
    1.44
  ],
  [
    1672272000000,
    1.515
  ],
  [
    1672358400000,
    1.359
  ],
  [
    1672444800000,
    1.46
  ],
  [
    1672531200000,
    1.553
  ],
  [
    1672617600000,
    1.433
  ],
  [
    1672704000000,
    1.388
  ],
  [
    1672790400000,
    1.461
  ],
  [
    1672876800000,
    1.248
  ],
  [
    1672963200000,
    1.3
  ],
  [
    1673136000000,
    1.35
  ],
  [
    1673222400000,
    1.401
  ],
  [
    1673308800000,
    1.506
  ],
  [
    1673481600000,
    1.3
  ],
  [
    1673568000000,
    1.3
  ],
  [
    1673654400000,
    1.307
  ],
  [
    1673740800000,
    1.509
  ],
  [
    1673827200000,
    1.248
  ],
  [
    1673913600000,
    1.466
  ],
  [
    1674000000000,
    1.497
  ],
  [
    1674086400000,
    1.62
  ],
  [
    1674172800000,
    1.427
  ],
  [
    1674259200000,
    1.566
  ],
  [
    1674345600000,
    1.637
  ],
  [
    1674432000000,
    1.403
  ],
  [
    1674518400000,
    1.47
  ],
  [
    1674604800000,
    1.48
  ],
  [
    1674691200000,
    1.602
  ],
  [
    1674777600000,
    1.596
  ],
  [
    1674864000000,
    1.601
  ],
  [
    1674950400000,
    1.643
  ],
  [
    1675036800000,
    1.749
  ],
  [
    1675123200000,
    1.833
  ],
  [
    1675209600000,
    1.717
  ],
  [
    1675296000000,
    1.905
  ],
  [
    1675382400000,
    1.685
  ],
  [
    1675468800000,
    1.952
  ],
  [
    1675555200000,
    2.04
  ],
  [
    1675641600000,
    1.89
  ],
  [
    1675728000000,
    2.044
  ],
  [
    1675814400000,
    1.998
  ],
  [
    1675900800000,
    1.987
  ],
  [
    1675987200000,
    2
  ],
  [
    1676073600000,
    1.68
  ],
  [
    1676160000000,
    2.005
  ],
  [
    1676246400000,
    1.663
  ],
  [
    1676332800000,
    1.561
  ],
  [
    1676419200000,
    1.869
  ],
  [
    1676505600000,
    1.67
  ],
  [
    1676592000000,
    1.867
  ],
  [
    1676678400000,
    1.5
  ],
  [
    1676764800000,
    1.762
  ],
  [
    1676851200000,
    1.433
  ],
  [
    1676937600000,
    1.626
  ],
  [
    1677024000000,
    1.898
  ],
  [
    1677110400000,
    1.537
  ],
  [
    1677196800000,
    1.766
  ],
  [
    1677283200000,
    1.85
  ],
  [
    1677369600000,
    1.689
  ],
  [
    1677456000000,
    1.957
  ],
  [
    1677542400000,
    1.985
  ],
  [
    1677628800000,
    2.032
  ],
  [
    1677715200000,
    1.88
  ],
  [
    1677801600000,
    1.647
  ],
  [
    1677888000000,
    1.544
  ],
  [
    1677974400000,
    1.719
  ],
  [
    1678060800000,
    1.86
  ],
  [
    1678147200000,
    1.725
  ],
  [
    1678233600000,
    1.69
  ],
  [
    1678406400000,
    1.427
  ],
  [
    1678492800000,
    1.536
  ],
  [
    1678579200000,
    1.469
  ],
  [
    1678665600000,
    1.493
  ],
  [
    1678752000000,
    1.794
  ],
  [
    1678838400000,
    1.663
  ],
  [
    1678924800000,
    1.744
  ],
  [
    1679011200000,
    1.777
  ],
  [
    1679097600000,
    1.867
  ],
  [
    1679184000000,
    1.76
  ],
  [
    1679270400000,
    1.463
  ],
  [
    1679356800000,
    1.608
  ],
  [
    1679443200000,
    1.621
  ],
  [
    1679529600000,
    1.728
  ],
  [
    1679616000000,
    1.543
  ],
  [
    1679702400000,
    1.729
  ],
  [
    1679788800000,
    1.593
  ],
  [
    1679871600000,
    1.468
  ],
  [
    1679958000000,
    1.432
  ],
  [
    1680044400000,
    1.17
  ],
  [
    1680130800000,
    1.271
  ],
  [
    1680217200000,
    1.527
  ],
  [
    1680303600000,
    1.573
  ],
  [
    1680390000000,
    1.447
  ],
  [
    1680476400000,
    1.424
  ],
  [
    1680562800000,
    1.358
  ],
  [
    1680649200000,
    1.367
  ],
  [
    1680735600000,
    1.53
  ],
  [
    1680822000000,
    1.523
  ],
  [
    1680908400000,
    1.328
  ],
  [
    1680994800000,
    1.488
  ],
  [
    1681081200000,
    1.424
  ],
  [
    1681167600000,
    1.634
  ],
  [
    1681254000000,
    1.472
  ],
  [
    1681340400000,
    1.605
  ],
  [
    1681426800000,
    1.266
  ],
  [
    1681513200000,
    1.567
  ],
  [
    1681599600000,
    1.34
  ],
  [
    1681686000000,
    1.228
  ],
  [
    1681772400000,
    1.653
  ],
  [
    1681858800000,
    1.58
  ],
  [
    1681945200000,
    1.623
  ],
  [
    1682031600000,
    1.6
  ],
  [
    1682118000000,
    1.76
  ],
  [
    1682204400000,
    1.603
  ],
  [
    1682290800000,
    1.565
  ],
  [
    1682377200000,
    1.85
  ],
  [
    1682463600000,
    1.664
  ],
  [
    1682550000000,
    1.732
  ],
  [
    1682636400000,
    1.9
  ],
  [
    1682722800000,
    1.304
  ],
  [
    1682809200000,
    1.429
  ],
  [
    1682895600000,
    1.455
  ],
  [
    1682982000000,
    1.13
  ],
  [
    1683068400000,
    1.702
  ],
  [
    1683154800000,
    1.359
  ],
  [
    1683241200000,
    1.534
  ],
  [
    1683327600000,
    1.568
  ],
  [
    1683414000000,
    1.415
  ],
  [
    1683500400000,
    1.468
  ],
  [
    1683586800000,
    1.052
  ],
  [
    1683673200000,
    1.154
  ],
  [
    1683759600000,
    1.496
  ],
  [
    1683846000000,
    1.644
  ],
  [
    1683932400000,
    1.683
  ],
  [
    1684018800000,
    1.824
  ],
  [
    1684105200000,
    1.817
  ],
  [
    1684191600000,
    1.714
  ],
  [
    1684278000000,
    1.883
  ],
  [
    1684364400000,
    1.007
  ],
  [
    1684450800000,
    1.728
  ],
  [
    1684537200000,
    1.932
  ],
  [
    1684623600000,
    1.63
  ],
  [
    1684710000000,
    1.381
  ],
  [
    1684796400000,
    1.503
  ],
  [
    1684882800000,
    1.173
  ],
  [
    1684969200000,
    1.567
  ],
  [
    1685055600000,
    1.396
  ],
  [
    1685142000000,
    1.421
  ],
  [
    1685228400000,
    1.362
  ],
  [
    1685314800000,
    1.423
  ],
  [
    1685401200000,
    1.684
  ],
  [
    1685487600000,
    1.846
  ],
  [
    1685574000000,
    1.547
  ],
  [
    1685660400000,
    2.005
  ],
  [
    1685746800000,
    2.09
  ],
  [
    1685833200000,
    1.999
  ],
  [
    1685919600000,
    1.666
  ],
  [
    1686006000000,
    2.032
  ],
  [
    1686092400000,
    2.078
  ],
  [
    1686178800000,
    0.998
  ],
  [
    1686265200000,
    1.581
  ],
  [
    1686351600000,
    2.049
  ],
  [
    1686438000000,
    1.69
  ],
  [
    1686524400000,
    2.169
  ],
  [
    1686610800000,
    2.012
  ],
  [
    1686697200000,
    1.543
  ],
  [
    1686783600000,
    1.583
  ],
  [
    1686870000000,
    2.146
  ],
  [
    1687042800000,
    2.438
  ],
  [
    1687129200000,
    1.11
  ],
  [
    1687215600000,
    1.446
  ],
  [
    1687302000000,
    2.413
  ],
  [
    1687388400000,
    2.656
  ],
  [
    1687474800000,
    2.525
  ],
  [
    1687561200000,
    2.241
  ],
  [
    1687647600000,
    2.265
  ],
  [
    1687734000000,
    2.186
  ],
  [
    1687820400000,
    2.164
  ],
  [
    1687906800000,
    2.325
  ],
  [
    1687993200000,
    2.362
  ],
  [
    1688079600000,
    2.434
  ],
  [
    1688166000000,
    1.57
  ],
  [
    1688338800000,
    2.009
  ],
  [
    1688425200000,
    0.99
  ],
  [
    1688511600000,
    1.509
  ],
  [
    1688598000000,
    2.206
  ],
  [
    1688684400000,
    1.381
  ],
  [
    1688770800000,
    1.673
  ],
  [
    1688857200000,
    2.135
  ],
  [
    1689030000000,
    1.396
  ],
  [
    1689116400000,
    1.792
  ],
  [
    1689289200000,
    1.354
  ],
  [
    1689462000000,
    1.707
  ],
  [
    1689548400000,
    0.843
  ],
  [
    1689634800000,
    1.64
  ],
  [
    1689721200000,
    1.345
  ],
  [
    1689807600000,
    2.039
  ],
  [
    1689894000000,
    1.861
  ],
  [
    1689980400000,
    1.598
  ],
  [
    1690066800000,
    2.069
  ],
  [
    1690153200000,
    2.07
  ],
  [
    1690239600000,
    2.027
  ],
  [
    1690326000000,
    2.162
  ],
  [
    1690412400000,
    0.981
  ],
  [
    1690498800000,
    2.095
  ],
  [
    1690585200000,
    1.08
  ],
  [
    1690671600000,
    2.173
  ],
  [
    1690758000000,
    1.768
  ],
  [
    1690844400000,
    1.752
  ],
  [
    1690930800000,
    2.08
  ],
  [
    1691017200000,
    1.713
  ],
  [
    1691103600000,
    1.849
  ],
  [
    1691190000000,
    1.689
  ],
  [
    1691276400000,
    1.568
  ],
  [
    1691362800000,
    1.448
  ],
  [
    1691535600000,
    2.064
  ],
  [
    1691622000000,
    1.11
  ],
  [
    1691708400000,
    2.084
  ],
  [
    1691794800000,
    2.012
  ],
  [
    1691881200000,
    2.025
  ],
  [
    1691967600000,
    2.127
  ],
  [
    1692054000000,
    2.16
  ],
  [
    1692140400000,
    1.883
  ],
  [
    1692226800000,
    2.287
  ],
  [
    1692313200000,
    2.322
  ],
  [
    1692399600000,
    1.703
  ],
  [
    1692486000000,
    2.308
  ],
  [
    1692572400000,
    1.781
  ],
  [
    1692658800000,
    1.862
  ],
  [
    1692745200000,
    2.309
  ],
  [
    1692918000000,
    2.185
  ],
  [
    1693004400000,
    1.714
  ],
  [
    1693090800000,
    1.083
  ],
  [
    1693177200000,
    2.134
  ],
  [
    1693350000000,
    1.56
  ],
  [
    1693436400000,
    1.965
  ],
  [
    1693522800000,
    1.395
  ],
  [
    1693609200000,
    2.099
  ],
  [
    1693695600000,
    2.156
  ],
  [
    1693782000000,
    2.174
  ],
  [
    1693868400000,
    1.843
  ],
  [
    1693954800000,
    2.017
  ],
  [
    1694041200000,
    2.358
  ],
  [
    1694127600000,
    1.915
  ],
  [
    1694214000000,
    2.3
  ],
  [
    1694300400000,
    1.679
  ],
  [
    1694386800000,
    2.219
  ],
  [
    1694473200000,
    2.498
  ],
  [
    1694559600000,
    2.534
  ],
  [
    1694646000000,
    2.535
  ],
  [
    1694818800000,
    2.35
  ],
  [
    1694905200000,
    2.003
  ],
  [
    1694991600000,
    1.938
  ],
  [
    1695078000000,
    2.24
  ],
  [
    1695164400000,
    2.31
  ],
  [
    1695250800000,
    2.449
  ],
  [
    1695337200000,
    2.477
  ],
  [
    1695423600000,
    2.56
  ],
  [
    1695510000000,
    1.989
  ],
  [
    1695596400000,
    2.497
  ],
  [
    1695682800000,
    2.435
  ],
  [
    1695769200000,
    2.246
  ],
  [
    1695855600000,
    2.22
  ],
  [
    1695942000000,
    1.944
  ],
  [
    1696028400000,
    2.32
  ],
  [
    1696114800000,
    1.68
  ],
  [
    1696287600000,
    1.462
  ],
  [
    1696374000000,
    2.33
  ],
  [
    1696460400000,
    2.365
  ],
  [
    1696546800000,
    2.3
  ],
  [
    1696633200000,
    2.36
  ],
  [
    1696719600000,
    2.4
  ],
  [
    1696806000000,
    1.885
  ],
  [
    1696892400000,
    2.36
  ],
  [
    1696978800000,
    2.499
  ],
  [
    1697065200000,
    1.647
  ],
  [
    1697151600000,
    2.522
  ],
  [
    1697238000000,
    1.841
  ],
  [
    1697324400000,
    2.6
  ],
  [
    1697410800000,
    2.45
  ],
  [
    1697497200000,
    2.535
  ],
  [
    1697583600000,
    2.767
  ],
  [
    1697670000000,
    2.683
  ],
  [
    1697756400000,
    2.713
  ],
  [
    1697842800000,
    2.326
  ],
  [
    1697929200000,
    2.348
  ],
  [
    1698102000000,
    2.722
  ],
  [
    1698274800000,
    2.744
  ],
  [
    1698361200000,
    2.695
  ],
  [
    1698534000000,
    2.643
  ],
  [
    1698624000000,
    2.059
  ],
  [
    1698710400000,
    2.451
  ],
  [
    1698796800000,
    2.524
  ],
  [
    1698883200000,
    2.565
  ],
  [
    1698969600000,
    2.67
  ],
  [
    1699056000000,
    2.595
  ],
  [
    1699142400000,
    2.707
  ],
  [
    1699228800000,
    2.8
  ],
  [
    1699315200000,
    1.796
  ],
  [
    1699401600000,
    2.795
  ],
  [
    1699488000000,
    2.219
  ],
  [
    1699574400000,
    2.525
  ],
  [
    1699660800000,
    1.989
  ],
  [
    1699747200000,
    1.807
  ],
  [
    1699833600000,
    2.21
  ],
  [
    1699920000000,
    2.83
  ],
  [
    1700006400000,
    1.849
  ],
  [
    1700092800000,
    2.773
  ],
  [
    1700179200000,
    2.716
  ],
  [
    1700265600000,
    2.21
  ],
  [
    1700352000000,
    2.595
  ],
  [
    1700438400000,
    2.554
  ],
  [
    1700524800000,
    2.5
  ],
  [
    1700611200000,
    2.515
  ],
  [
    1700697600000,
    1.898
  ],
  [
    1700784000000,
    2.365
  ],
  [
    1700870400000,
    2.542
  ],
  [
    1700956800000,
    2.08
  ],
  [
    1701043200000,
    2.45
  ],
  [
    1701129600000,
    2.482
  ],
  [
    1701216000000,
    1.772
  ],
  [
    1701302400000,
    2.6
  ],
  [
    1701388800000,
    2.95
  ],
  [
    1701475200000,
    2.148
  ],
  [
    1701561600000,
    1.828
  ],
  [
    1701648000000,
    1.837
  ],
  [
    1701820800000,
    2.69
  ],
  [
    1701907200000,
    1.033
  ],
  [
    1702080000000,
    1.912
  ],
  [
    1702166400000,
    2.977
  ],
  [
    1702252800000,
    2.978
  ],
  [
    1702339200000,
    3.034
  ],
  [
    1702425600000,
    2.35
  ],
  [
    1702512000000,
    2.312
  ],
  [
    1702598400000,
    3.03
  ],
  [
    1702684800000,
    3.112
  ],
  [
    1702771200000,
    3.07
  ],
  [
    1702944000000,
    2.91
  ],
  [
    1703030400000,
    2.937
  ],
  [
    1703116800000,
    3.09
  ],
  [
    1703376000000,
    2.524
  ],
  [
    1703548800000,
    1.569
  ],
  [
    1703635200000,
    1.035
  ],
  [
    1703721600000,
    2.4
  ],
  [
    1703808000000,
    2.54
  ],
  [
    1703894400000,
    2.605
  ],
  [
    1703980800000,
    1.548
  ],
  [
    1704067200000,
    1.872
  ],
  [
    1704153600000,
    1.93
  ],
  [
    1704240000000,
    2.672
  ],
  [
    1704326400000,
    2.73
  ],
  [
    1704412800000,
    2.878
  ],
  [
    1704499200000,
    2.301
  ],
  [
    1704585600000,
    1.809
  ],
  [
    1704758400000,
    3.014
  ],
  [
    1704844800000,
    3.073
  ],
  [
    1705017600000,
    2.807
  ],
  [
    1705104000000,
    1.996
  ],
  [
    1705190400000,
    3.09
  ],
  [
    1705276800000,
    2.023
  ],
  [
    1705363200000,
    2.507
  ],
  [
    1705449600000,
    2.7
  ],
  [
    1705536000000,
    2.433
  ],
  [
    1705622400000,
    2.897
  ],
  [
    1705708800000,
    2.996
  ],
  [
    1705881600000,
    2.92
  ],
  [
    1705968000000,
    1.086
  ],
  [
    1706140800000,
    2.493
  ],
  [
    1706227200000,
    1.087
  ],
  [
    1706313600000,
    2.695
  ],
  [
    1706400000000,
    1.088
  ],
  [
    1706486400000,
    2.114
  ],
  [
    1706572800000,
    3.06
  ],
  [
    1706659200000,
    3.005
  ],
  [
    1706745600000,
    3.01
  ],
  [
    1706918400000,
    1.712
  ],
  [
    1707004800000,
    2.76
  ],
  [
    1707177600000,
    2.251
  ],
  [
    1707264000000,
    2.314
  ],
  [
    1707436800000,
    1.088
  ],
  [
    1707523200000,
    2.597
  ],
  [
    1707609600000,
    2.924
  ],
  [
    1707696000000,
    2.57
  ],
  [
    1707782400000,
    3.131
  ],
  [
    1707868800000,
    3.173
  ],
  [
    1707955200000,
    2.176
  ],
  [
    1708041600000,
    3.623
  ],
  [
    1708128000000,
    2.997
  ],
  [
    1708387200000,
    4.11
  ],
  [
    1708560000000,
    3.59
  ],
  [
    1708646400000,
    2.326
  ],
  [
    1708732800000,
    1.39
  ],
  [
    1708819200000,
    1.114
  ],
  [
    1708905600000,
    3.8
  ],
  [
    1709078400000,
    3.747
  ],
  [
    1709164800000,
    3.864
  ],
  [
    1709251200000,
    2.948
  ],
  [
    1709337600000,
    3.948
  ],
  [
    1709424000000,
    3.895
  ],
  [
    1709510400000,
    4.149
  ],
  [
    1709596800000,
    3.199
  ],
  [
    1709683200000,
    3.61
  ],
  [
    1709769600000,
    4.255
  ],
  [
    1710028800000,
    3.966
  ],
  [
    1710115200000,
    2.955
  ],
  [
    1710201600000,
    3.82
  ],
  [
    1710288000000,
    3.126
  ],
  [
    1710374400000,
    3.126
  ],
  [
    1710547200000,
    3.7
  ],
  [
    1710633600000,
    3.496
  ],
  [
    1710806400000,
    1.121
  ],
  [
    1710892800000,
    2.142
  ],
  [
    1710979200000,
    3.628
  ],
  [
    1711065600000,
    3.76
  ],
  [
    1711152000000,
    3.7
  ],
  [
    1711238400000,
    3.67
  ],
  [
    1711324800000,
    3.46
  ],
  [
    1711411200000,
    3.688
  ],
  [
    1711497600000,
    3.475
  ],
  [
    1711584000000,
    3.806
  ],
  [
    1711670400000,
    3.77
  ],
  [
    1711756800000,
    3.855
  ],
  [
    1711843200000,
    3.7
  ],
  [
    1711926000000,
    3.997
  ],
  [
    1712012400000,
    3.91
  ],
  [
    1712098800000,
    3.87
  ],
  [
    1712271600000,
    4.06
  ],
  [
    1712358000000,
    4.071
  ],
  [
    1712444400000,
    3.344
  ],
  [
    1712530800000,
    4.253
  ],
  [
    1712617200000,
    4.13
  ],
  [
    1712790000000,
    4.333
  ],
  [
    1712876400000,
    4.45
  ],
  [
    1712962800000,
    4.587
  ],
  [
    1713394800000,
    4.473
  ],
  [
    1713481200000,
    4.327
  ],
  [
    1713567600000,
    4.2
  ],
  [
    1713654000000,
    4.13
  ],
  [
    1713826800000,
    3.725
  ],
  [
    1713913200000,
    4.266
  ],
  [
    1713999600000,
    4.107
  ],
  [
    1714086000000,
    3.993
  ],
  [
    1714258800000,
    4.146
  ],
  [
    1714518000000,
    4.05
  ],
  [
    1714777200000,
    4.16
  ],
  [
    1714863600000,
    3.833
  ],
  [
    1714950000000,
    3.54
  ],
  [
    1715036400000,
    4.03
  ],
  [
    1715122800000,
    4.064
  ],
  [
    1715209200000,
    4.417
  ],
  [
    1715295600000,
    4.22
  ],
  [
    1715382000000,
    4.185
  ],
  [
    1715468400000,
    4.383
  ],
  [
    1715554800000,
    4.507
  ],
  [
    1715641200000,
    4.488
  ],
  [
    1715814000000,
    4.45
  ],
  [
    1715900400000,
    4.773
  ],
  [
    1715986800000,
    4.29
  ],
  [
    1716073200000,
    4.76
  ],
  [
    1716159600000,
    4.63
  ],
  [
    1716246000000,
    4.911
  ],
  [
    1716411600000,
    4.89
  ],
  [
    1716447600000,
    5
  ],
  [
    1716552000000,
    5.03
  ],
  [
    1716577200000,
    4.97
  ],
  [
    1716652800000,
    4.04
  ],
  [
    1716660000000,
    4.435
  ],
  [
    1717059600000,
    4.61
  ],
  [
    1717088400000,
    5.059
  ],
  [
    1717099200000,
    4.92
  ],
  [
    1717135200000,
    4.987
  ],
  [
    1717149600000,
    4.98
  ],
  [
    1717156800000,
    5.05
  ],
  [
    1717160400000,
    5.1
  ],
  [
    1717171200000,
    5.4
  ],
  [
    1717207200000,
    5.205
  ],
  [
    1717225200000,
    5.14
  ],
  [
    1717243200000,
    5.14
  ],
  [
    1717275600000,
    5.43
  ],
  [
    1717336800000,
    5.425
  ],
  [
    1717354800000,
    5.55
  ],
  [
    1717408800000,
    5.38
  ],
  [
    1717498800000,
    5.52
  ],
  [
    1717520400000,
    5.58
  ],
  [
    1717542000000,
    5.55
  ],
  [
    1717574400000,
    5.23
  ],
  [
    1717606800000,
    5.37
  ],
  [
    1717610400000,
    5.68
  ],
  [
    1717628400000,
    5.71
  ],
  [
    1717642800000,
    5.55
  ],
  [
    1717678800000,
    5.66
  ],
  [
    1717693200000,
    5.72
  ],
  [
    1717729200000,
    5.78
  ],
  [
    1717916400000,
    5.25
  ],
  [
    1718020800000,
    5.25
  ],
  [
    1718035200000,
    4.97
  ],
  [
    1718150400000,
    5
  ],
  [
    1718546400000,
    4.62
  ],
  [
    1718589600000,
    4.5
  ],
  [
    1718622000000,
    4.69
  ],
  [
    1718643600000,
    4.62
  ],
  [
    1718650800000,
    4.715
  ],
  [
    1718798400000,
    4.693
  ],
  [
    1718802000000,
    3.64
  ],
  [
    1718953200000,
    4
  ],
  [
    1718971200000,
    4.426
  ],
  [
    1719018000000,
    4.43
  ]
]