[
  [
    1574121600000,
    0.033
  ],
  [
    1574208000000,
    0.032
  ],
  [
    1574294400000,
    0.03
  ],
  [
    1574380800000,
    0.031
  ],
  [
    1574467200000,
    0.03
  ],
  [
    1574553600000,
    0.03
  ],
  [
    1574640000000,
    0.03
  ],
  [
    1574726400000,
    0.03
  ],
  [
    1574812800000,
    0.03
  ],
  [
    1574899200000,
    0.034
  ],
  [
    1574985600000,
    0.438
  ],
  [
    1575072000000,
    0.038
  ],
  [
    1575158400000,
    8.711
  ],
  [
    1575244800000,
    0.04
  ],
  [
    1575331200000,
    0.039
  ],
  [
    1575417600000,
    0.035
  ],
  [
    1575504000000,
    0.032
  ],
  [
    1575590400000,
    1.101
  ],
  [
    1575676800000,
    0.032
  ],
  [
    1575763200000,
    0.03
  ],
  [
    1575849600000,
    0.03
  ],
  [
    1575936000000,
    0.031
  ],
  [
    1576022400000,
    0.03
  ],
  [
    1576108800000,
    0.17
  ],
  [
    1576195200000,
    0.031
  ],
  [
    1576281600000,
    0.032
  ],
  [
    1576368000000,
    0.039
  ],
  [
    1576454400000,
    0.031
  ],
  [
    1576540800000,
    3.342
  ],
  [
    1576627200000,
    0.03
  ],
  [
    1576713600000,
    0.03
  ],
  [
    1576800000000,
    0.03
  ],
  [
    1576886400000,
    0.03
  ],
  [
    1576972800000,
    0.03
  ],
  [
    1577059200000,
    0.03
  ],
  [
    1577145600000,
    0.03
  ],
  [
    1577232000000,
    0.093
  ],
  [
    1577318400000,
    1.258
  ],
  [
    1577404800000,
    0.032
  ],
  [
    1577491200000,
    0.03
  ],
  [
    1577577600000,
    0.163
  ],
  [
    1577664000000,
    0.03
  ],
  [
    1577750400000,
    0.032
  ],
  [
    1577836800000,
    0.03
  ],
  [
    1577923200000,
    0.03
  ],
  [
    1578009600000,
    0.03
  ],
  [
    1578096000000,
    0.03
  ],
  [
    1578182400000,
    0.03
  ],
  [
    1578268800000,
    0.03
  ],
  [
    1578355200000,
    0.03
  ],
  [
    1578441600000,
    0.03
  ],
  [
    1578528000000,
    0.03
  ],
  [
    1578614400000,
    0.035
  ],
  [
    1578700800000,
    0.03
  ],
  [
    1578787200000,
    0.03
  ],
  [
    1578873600000,
    0.03
  ],
  [
    1578960000000,
    0.03
  ],
  [
    1579046400000,
    0.03
  ],
  [
    1579132800000,
    0.031
  ],
  [
    1579219200000,
    0.03
  ],
  [
    1579305600000,
    0.03
  ],
  [
    1579392000000,
    0.092
  ],
  [
    1579478400000,
    0.03
  ],
  [
    1579564800000,
    0.03
  ],
  [
    1579651200000,
    0.042
  ],
  [
    1579737600000,
    0.03
  ],
  [
    1579824000000,
    0.031
  ],
  [
    1579910400000,
    0.03
  ],
  [
    1579996800000,
    0.03
  ],
  [
    1580083200000,
    0.03
  ],
  [
    1580169600000,
    0.03
  ],
  [
    1580256000000,
    0.032
  ],
  [
    1580342400000,
    0.03
  ],
  [
    1580428800000,
    0.034
  ],
  [
    1580515200000,
    0.034
  ],
  [
    1580601600000,
    0.037
  ],
  [
    1580688000000,
    0.042
  ],
  [
    1580774400000,
    0.064
  ],
  [
    1580860800000,
    0.067
  ],
  [
    1580947200000,
    0.064
  ],
  [
    1581033600000,
    4.399
  ],
  [
    1581120000000,
    0.043
  ],
  [
    1581206400000,
    0.038
  ],
  [
    1581292800000,
    0.037
  ],
  [
    1581379200000,
    0.035
  ],
  [
    1581465600000,
    0.035
  ],
  [
    1581552000000,
    0.039
  ],
  [
    1581638400000,
    0.037
  ],
  [
    1581724800000,
    0.036
  ],
  [
    1581811200000,
    0.037
  ],
  [
    1581897600000,
    0.039
  ],
  [
    1581984000000,
    0.04
  ],
  [
    1582070400000,
    0.037
  ],
  [
    1582156800000,
    0.034
  ],
  [
    1582243200000,
    0.038
  ],
  [
    1582329600000,
    0.039
  ],
  [
    1582416000000,
    0.041
  ],
  [
    1582502400000,
    0.05
  ],
  [
    1582588800000,
    0.048
  ],
  [
    1582675200000,
    0.044
  ],
  [
    1582761600000,
    0.043
  ],
  [
    1582848000000,
    0.045
  ],
  [
    1582934400000,
    0.051
  ],
  [
    1583020800000,
    0.05
  ],
  [
    1583107200000,
    0.051
  ],
  [
    1583193600000,
    0.049
  ],
  [
    1583280000000,
    0.057
  ],
  [
    1583366400000,
    0.714
  ],
  [
    1583452800000,
    0.046
  ],
  [
    1583539200000,
    0.043
  ],
  [
    1583625600000,
    0.043
  ],
  [
    1583712000000,
    0.041
  ],
  [
    1583798400000,
    0.04
  ],
  [
    1583884800000,
    0.042
  ],
  [
    1583971200000,
    0.04
  ],
  [
    1584057600000,
    0.039
  ],
  [
    1584144000000,
    0.041
  ],
  [
    1584230400000,
    0.042
  ],
  [
    1584316800000,
    0.039
  ],
  [
    1584403200000,
    0.039
  ],
  [
    1584489600000,
    0.039
  ],
  [
    1584576000000,
    0.04
  ],
  [
    1584662400000,
    0.042
  ],
  [
    1584748800000,
    0.046
  ],
  [
    1584835200000,
    0.044
  ],
  [
    1584921600000,
    0.045
  ],
  [
    1585008000000,
    0.042
  ],
  [
    1585094400000,
    0.043
  ],
  [
    1585180800000,
    0.044
  ],
  [
    1585267200000,
    0.045
  ],
  [
    1585353600000,
    0.048
  ],
  [
    1585440000000,
    0.05
  ],
  [
    1585522800000,
    0.045
  ],
  [
    1585609200000,
    0.043
  ],
  [
    1585695600000,
    0.045
  ],
  [
    1585782000000,
    0.043
  ],
  [
    1585868400000,
    0.044
  ],
  [
    1585954800000,
    0.043
  ],
  [
    1586041200000,
    0.041
  ],
  [
    1586127600000,
    1.148
  ],
  [
    1586214000000,
    0.042
  ],
  [
    1586300400000,
    0.045
  ],
  [
    1586386800000,
    0.043
  ],
  [
    1586473200000,
    0.042
  ],
  [
    1586559600000,
    0.043
  ],
  [
    1586646000000,
    0.044
  ],
  [
    1586732400000,
    0.044
  ],
  [
    1586818800000,
    0.043
  ],
  [
    1586905200000,
    0.042
  ],
  [
    1586991600000,
    0.042
  ],
  [
    1587078000000,
    0.047
  ],
  [
    1587164400000,
    0.046
  ],
  [
    1587250800000,
    0.045
  ],
  [
    1587337200000,
    0.047
  ],
  [
    1587423600000,
    0.049
  ],
  [
    1587510000000,
    0.049
  ],
  [
    1587596400000,
    0.044
  ],
  [
    1587682800000,
    0.047
  ],
  [
    1587769200000,
    0.051
  ],
  [
    1587855600000,
    0.048
  ],
  [
    1587942000000,
    0.052
  ],
  [
    1588028400000,
    0.051
  ],
  [
    1588114800000,
    0.052
  ],
  [
    1588201200000,
    0.057
  ],
  [
    1588287600000,
    0.057
  ],
  [
    1588374000000,
    0.055
  ],
  [
    1588460400000,
    0.061
  ],
  [
    1588546800000,
    0.066
  ],
  [
    1588633200000,
    2.451
  ],
  [
    1588719600000,
    0.08
  ],
  [
    1588806000000,
    0.073
  ],
  [
    1588892400000,
    0.077
  ],
  [
    1588978800000,
    0.078
  ],
  [
    1589065200000,
    0.079
  ],
  [
    1589151600000,
    0.081
  ],
  [
    1589238000000,
    0.071
  ],
  [
    1589324400000,
    0.081
  ],
  [
    1589410800000,
    0.077
  ],
  [
    1589497200000,
    0.078
  ],
  [
    1589583600000,
    0.084
  ],
  [
    1589670000000,
    0.084
  ],
  [
    1589756400000,
    0.089
  ],
  [
    1589842800000,
    0.095
  ],
  [
    1589929200000,
    0.093
  ],
  [
    1590015600000,
    0.1
  ],
  [
    1590102000000,
    0.099
  ],
  [
    1590188400000,
    0.096
  ],
  [
    1590274800000,
    0.098
  ],
  [
    1590361200000,
    0.092
  ],
  [
    1590447600000,
    0.093
  ],
  [
    1590534000000,
    0.092
  ],
  [
    1590620400000,
    0.085
  ],
  [
    1590706800000,
    0.09
  ],
  [
    1590793200000,
    0.087
  ],
  [
    1590879600000,
    0.086
  ],
  [
    1590966000000,
    0.087
  ],
  [
    1591052400000,
    0.715
  ],
  [
    1591138800000,
    0.081
  ],
  [
    1591225200000,
    0.083
  ],
  [
    1591311600000,
    0.083
  ],
  [
    1591398000000,
    0.086
  ],
  [
    1591484400000,
    0.082
  ],
  [
    1591570800000,
    4.997
  ],
  [
    1591657200000,
    0.08
  ],
  [
    1591743600000,
    0.084
  ],
  [
    1591830000000,
    0.085
  ],
  [
    1591916400000,
    0.09
  ],
  [
    1592002800000,
    0.085
  ],
  [
    1592089200000,
    0.08
  ],
  [
    1592175600000,
    0.082
  ],
  [
    1592262000000,
    0.084
  ],
  [
    1592348400000,
    0.076
  ],
  [
    1592434800000,
    0.218
  ],
  [
    1592521200000,
    0.078
  ],
  [
    1592607600000,
    0.083
  ],
  [
    1592694000000,
    0.082
  ],
  [
    1592780400000,
    0.081
  ],
  [
    1592866800000,
    0.079
  ],
  [
    1592953200000,
    0.076
  ],
  [
    1593039600000,
    0.076
  ],
  [
    1593126000000,
    0.072
  ],
  [
    1593212400000,
    0.07
  ],
  [
    1593298800000,
    0.074
  ],
  [
    1593385200000,
    0.067
  ],
  [
    1593471600000,
    0.07
  ],
  [
    1593558000000,
    0.062
  ],
  [
    1593644400000,
    0.07
  ],
  [
    1593730800000,
    0.069
  ],
  [
    1593817200000,
    0.127
  ],
  [
    1593903600000,
    0.076
  ],
  [
    1593990000000,
    0.073
  ],
  [
    1594076400000,
    0.07
  ],
  [
    1594162800000,
    0.074
  ],
  [
    1594249200000,
    0.078
  ],
  [
    1594335600000,
    0.081
  ],
  [
    1594422000000,
    0.09
  ],
  [
    1594508400000,
    0.08
  ],
  [
    1594594800000,
    0.225
  ],
  [
    1594681200000,
    0.089
  ],
  [
    1594767600000,
    0.08
  ],
  [
    1594854000000,
    0.095
  ],
  [
    1594940400000,
    0.097
  ],
  [
    1595026800000,
    0.092
  ],
  [
    1595113200000,
    0.271
  ],
  [
    1595199600000,
    0.093
  ],
  [
    1595286000000,
    0.087
  ],
  [
    1595372400000,
    0.263
  ],
  [
    1595458800000,
    0.097
  ],
  [
    1595545200000,
    0.094
  ],
  [
    1595631600000,
    0.092
  ],
  [
    1595718000000,
    0.096
  ],
  [
    1595804400000,
    0.1
  ],
  [
    1595890800000,
    0.103
  ],
  [
    1595977200000,
    0.107
  ],
  [
    1596063600000,
    0.113
  ],
  [
    1596150000000,
    0.122
  ],
  [
    1596236400000,
    0.108
  ],
  [
    1596322800000,
    0.116
  ],
  [
    1596409200000,
    0.113
  ],
  [
    1596495600000,
    0.115
  ],
  [
    1596582000000,
    0.118
  ],
  [
    1596668400000,
    2.474
  ],
  [
    1596754800000,
    0.117
  ],
  [
    1596841200000,
    0.107
  ],
  [
    1596927600000,
    0.111
  ],
  [
    1597014000000,
    0.204
  ],
  [
    1597100400000,
    0.105
  ],
  [
    1597186800000,
    0.109
  ],
  [
    1597273200000,
    0.192
  ],
  [
    1597359600000,
    0.105
  ],
  [
    1597446000000,
    0.108
  ],
  [
    1597532400000,
    0.105
  ],
  [
    1597618800000,
    0.395
  ],
  [
    1597705200000,
    0.107
  ],
  [
    1597791600000,
    0.11
  ],
  [
    1597878000000,
    0.106
  ],
  [
    1597964400000,
    0.103
  ],
  [
    1598050800000,
    0.098
  ],
  [
    1598137200000,
    0.099
  ],
  [
    1598223600000,
    0.107
  ],
  [
    1598310000000,
    0.104
  ],
  [
    1598396400000,
    0.106
  ],
  [
    1598482800000,
    0.106
  ],
  [
    1598569200000,
    0.097
  ],
  [
    1598655600000,
    0.095
  ],
  [
    1598742000000,
    0.096
  ],
  [
    1598828400000,
    0.093
  ],
  [
    1598914800000,
    0.094
  ],
  [
    1599001200000,
    0.308
  ],
  [
    1599087600000,
    0.098
  ],
  [
    1599174000000,
    0.105
  ],
  [
    1599260400000,
    0.096
  ],
  [
    1599346800000,
    0.179
  ],
  [
    1599433200000,
    0.096
  ],
  [
    1599519600000,
    0.102
  ],
  [
    1599606000000,
    5.479
  ],
  [
    1599692400000,
    0.097
  ],
  [
    1599778800000,
    0.094
  ],
  [
    1599865200000,
    0.101
  ],
  [
    1599951600000,
    0.097
  ],
  [
    1600038000000,
    0.101
  ],
  [
    1600124400000,
    11.73
  ],
  [
    1600210800000,
    0.098
  ],
  [
    1600297200000,
    0.097
  ],
  [
    1600383600000,
    0.095
  ],
  [
    1600470000000,
    0.326
  ],
  [
    1600556400000,
    0.093
  ],
  [
    1600642800000,
    0.099
  ],
  [
    1600729200000,
    0.105
  ],
  [
    1600815600000,
    0.125
  ],
  [
    1600902000000,
    0.093
  ],
  [
    1600988400000,
    0.099
  ],
  [
    1601074800000,
    0.092
  ],
  [
    1601161200000,
    0.23
  ],
  [
    1601247600000,
    0.106
  ],
  [
    1601334000000,
    0.095
  ],
  [
    1601420400000,
    0.095
  ],
  [
    1601506800000,
    0.099
  ],
  [
    1601593200000,
    0.097
  ],
  [
    1601679600000,
    0.099
  ],
  [
    1601766000000,
    0.329
  ],
  [
    1601852400000,
    0.097
  ],
  [
    1601938800000,
    0.102
  ],
  [
    1602025200000,
    26.085
  ],
  [
    1602111600000,
    0.111
  ],
  [
    1602198000000,
    0.236
  ],
  [
    1602284400000,
    0.126
  ],
  [
    1602370800000,
    0.124
  ],
  [
    1602457200000,
    0.112
  ],
  [
    1602543600000,
    0.112
  ],
  [
    1602630000000,
    0.119
  ],
  [
    1602716400000,
    0.115
  ],
  [
    1602802800000,
    0.114
  ],
  [
    1602889200000,
    0.126
  ],
  [
    1602975600000,
    0.125
  ],
  [
    1603062000000,
    5.462
  ],
  [
    1603148400000,
    0.132
  ],
  [
    1603234800000,
    0.121
  ],
  [
    1603321200000,
    0.129
  ],
  [
    1603407600000,
    0.126
  ],
  [
    1603494000000,
    0.131
  ],
  [
    1603580400000,
    15.448
  ],
  [
    1603670400000,
    0.129
  ],
  [
    1603756800000,
    0.117
  ],
  [
    1603843200000,
    0.128
  ],
  [
    1603929600000,
    0.362
  ],
  [
    1604016000000,
    0.115
  ],
  [
    1604102400000,
    0.128
  ],
  [
    1604188800000,
    0.122
  ],
  [
    1604275200000,
    0.112
  ],
  [
    1604361600000,
    0.117
  ],
  [
    1604448000000,
    0.13
  ],
  [
    1604534400000,
    0.127
  ],
  [
    1604620800000,
    1.276
  ],
  [
    1604707200000,
    0.194
  ],
  [
    1604793600000,
    0.126
  ],
  [
    1604880000000,
    0.127
  ],
  [
    1604966400000,
    0.118
  ],
  [
    1605052800000,
    0.306
  ],
  [
    1605139200000,
    1.17
  ],
  [
    1605225600000,
    0.118
  ],
  [
    1605312000000,
    0.119
  ],
  [
    1605398400000,
    0.579
  ],
  [
    1605484800000,
    0.295
  ],
  [
    1605571200000,
    0.115
  ],
  [
    1605657600000,
    0.117
  ],
  [
    1605744000000,
    10.9
  ],
  [
    1605830400000,
    0.119
  ],
  [
    1605916800000,
    0.116
  ],
  [
    1606003200000,
    0.115
  ],
  [
    1606089600000,
    0.114
  ],
  [
    1606176000000,
    0.121
  ],
  [
    1606262400000,
    0.116
  ],
  [
    1606348800000,
    0.114
  ],
  [
    1606435200000,
    0.112
  ],
  [
    1606521600000,
    0.119
  ],
  [
    1606608000000,
    0.113
  ],
  [
    1606694400000,
    0.111
  ],
  [
    1606780800000,
    0.11
  ],
  [
    1606867200000,
    0.125
  ],
  [
    1606953600000,
    0.115
  ],
  [
    1607040000000,
    0.585
  ],
  [
    1607126400000,
    0.096
  ],
  [
    1607212800000,
    0.099
  ],
  [
    1607299200000,
    0.099
  ],
  [
    1607385600000,
    0.097
  ],
  [
    1607472000000,
    1.49
  ],
  [
    1607558400000,
    0.088
  ],
  [
    1607644800000,
    0.08
  ],
  [
    1607731200000,
    0.12
  ],
  [
    1607817600000,
    0.099
  ],
  [
    1607904000000,
    0.091
  ],
  [
    1607990400000,
    0.093
  ],
  [
    1608076800000,
    0.09
  ],
  [
    1608163200000,
    0.093
  ],
  [
    1608249600000,
    0.096
  ],
  [
    1608336000000,
    0.106
  ],
  [
    1608422400000,
    0.104
  ],
  [
    1608508800000,
    0.102
  ],
  [
    1608595200000,
    0.094
  ],
  [
    1608681600000,
    0.086
  ],
  [
    1608768000000,
    0.097
  ],
  [
    1608854400000,
    0.095
  ],
  [
    1608940800000,
    0.095
  ],
  [
    1609027200000,
    0.091
  ],
  [
    1609113600000,
    0.096
  ],
  [
    1609200000000,
    0.095
  ],
  [
    1609286400000,
    0.109
  ],
  [
    1609372800000,
    0.115
  ],
  [
    1609459200000,
    0.115
  ],
  [
    1609545600000,
    0.125
  ],
  [
    1609632000000,
    0.148
  ],
  [
    1609718400000,
    0.152
  ],
  [
    1609804800000,
    0.146
  ],
  [
    1609891200000,
    0.144
  ],
  [
    1609977600000,
    0.155
  ],
  [
    1610064000000,
    0.162
  ],
  [
    1610150400000,
    0.167
  ],
  [
    1610236800000,
    0.17
  ],
  [
    1610323200000,
    0.156
  ],
  [
    1610409600000,
    0.145
  ],
  [
    1610496000000,
    0.166
  ],
  [
    1610582400000,
    0.164
  ],
  [
    1610668800000,
    0.182
  ],
  [
    1610755200000,
    0.161
  ],
  [
    1610841600000,
    0.156
  ],
  [
    1610928000000,
    0.166
  ],
  [
    1611014400000,
    0.167
  ],
  [
    1611100800000,
    0.184
  ],
  [
    1611187200000,
    0.159
  ],
  [
    1611273600000,
    0.173
  ],
  [
    1611360000000,
    0.149
  ],
  [
    1611446400000,
    0.174
  ],
  [
    1611532800000,
    0.166
  ],
  [
    1611619200000,
    0.16
  ],
  [
    1611705600000,
    0.173
  ],
  [
    1611792000000,
    0.16
  ],
  [
    1611878400000,
    0.151
  ],
  [
    1611964800000,
    0.152
  ],
  [
    1612051200000,
    0.178
  ],
  [
    1612137600000,
    0.176
  ],
  [
    1612224000000,
    0.184
  ],
  [
    1612310400000,
    0.186
  ],
  [
    1612396800000,
    0.201
  ],
  [
    1612483200000,
    0.198
  ],
  [
    1612569600000,
    0.212
  ],
  [
    1612656000000,
    0.207
  ],
  [
    1612742400000,
    0.211
  ],
  [
    1612828800000,
    0.19
  ],
  [
    1612915200000,
    0.187
  ],
  [
    1613001600000,
    0.197
  ],
  [
    1613088000000,
    0.191
  ],
  [
    1613174400000,
    17.66
  ],
  [
    1613260800000,
    0.249
  ],
  [
    1613347200000,
    0.274
  ],
  [
    1613433600000,
    0.257
  ],
  [
    1613520000000,
    0.265
  ],
  [
    1613606400000,
    0.232
  ],
  [
    1613692800000,
    0.261
  ],
  [
    1613779200000,
    0.257
  ],
  [
    1613865600000,
    0.252
  ],
  [
    1613952000000,
    0.224
  ],
  [
    1614038400000,
    0.238
  ],
  [
    1614124800000,
    0.241
  ],
  [
    1614211200000,
    0.225
  ],
  [
    1614297600000,
    0.208
  ],
  [
    1614384000000,
    0.212
  ],
  [
    1614470400000,
    0.219
  ],
  [
    1614556800000,
    0.229
  ],
  [
    1614643200000,
    0.214
  ],
  [
    1614729600000,
    0.216
  ],
  [
    1614816000000,
    0.218
  ],
  [
    1614902400000,
    0.227
  ],
  [
    1614988800000,
    0.24
  ],
  [
    1615075200000,
    0.24
  ],
  [
    1615161600000,
    0.239
  ],
  [
    1615248000000,
    0.243
  ],
  [
    1615334400000,
    0.231
  ],
  [
    1615420800000,
    0.248
  ],
  [
    1615507200000,
    0.247
  ],
  [
    1615593600000,
    0.237
  ],
  [
    1615680000000,
    0.23
  ],
  [
    1615766400000,
    0.242
  ],
  [
    1615852800000,
    0.237
  ],
  [
    1615939200000,
    0.238
  ],
  [
    1616025600000,
    0.241
  ],
  [
    1616112000000,
    0.232
  ],
  [
    1616198400000,
    0.235
  ],
  [
    1616284800000,
    0.235
  ],
  [
    1616371200000,
    0.285
  ],
  [
    1616457600000,
    3.663
  ],
  [
    1616544000000,
    0.342
  ],
  [
    1616630400000,
    0.358
  ],
  [
    1616716800000,
    0.366
  ],
  [
    1616803200000,
    0.367
  ],
  [
    1616889600000,
    0.374
  ],
  [
    1616972400000,
    0.377
  ],
  [
    1617058800000,
    0.369
  ],
  [
    1617145200000,
    0.372
  ],
  [
    1617231600000,
    0.39
  ],
  [
    1617318000000,
    0.35
  ],
  [
    1617404400000,
    0.343
  ],
  [
    1617490800000,
    0.332
  ],
  [
    1617577200000,
    0.34
  ],
  [
    1617663600000,
    0.297
  ],
  [
    1617750000000,
    0.861
  ],
  [
    1617836400000,
    0.31
  ],
  [
    1617922800000,
    0.295
  ],
  [
    1618009200000,
    0.284
  ],
  [
    1618095600000,
    0.27
  ],
  [
    1618182000000,
    0.269
  ],
  [
    1618268400000,
    0.263
  ],
  [
    1618354800000,
    0.287
  ],
  [
    1618441200000,
    0.299
  ],
  [
    1618527600000,
    0.317
  ],
  [
    1618614000000,
    0.308
  ],
  [
    1618700400000,
    0.331
  ],
  [
    1618786800000,
    0.348
  ],
  [
    1618873200000,
    0.351
  ],
  [
    1618959600000,
    0.346
  ],
  [
    1619046000000,
    0.374
  ],
  [
    1619132400000,
    0.356
  ],
  [
    1619218800000,
    0.371
  ],
  [
    1619305200000,
    0.354
  ],
  [
    1619391600000,
    7.106
  ],
  [
    1619478000000,
    0.361
  ],
  [
    1619564400000,
    0.354
  ],
  [
    1619650800000,
    0.359
  ],
  [
    1619737200000,
    0.36
  ],
  [
    1619823600000,
    0.395
  ],
  [
    1619910000000,
    0.372
  ],
  [
    1619996400000,
    0.398
  ],
  [
    1620082800000,
    0.431
  ],
  [
    1620169200000,
    0.423
  ],
  [
    1620255600000,
    0.409
  ],
  [
    1620342000000,
    0.43
  ],
  [
    1620428400000,
    0.462
  ],
  [
    1620514800000,
    0.461
  ],
  [
    1620601200000,
    0.478
  ],
  [
    1620687600000,
    0.475
  ],
  [
    1620774000000,
    0.481
  ],
  [
    1620860400000,
    0.489
  ],
  [
    1620946800000,
    0.525
  ],
  [
    1621033200000,
    0.504
  ],
  [
    1621119600000,
    0.497
  ],
  [
    1621206000000,
    0.488
  ],
  [
    1621292400000,
    0.493
  ],
  [
    1621378800000,
    0.483
  ],
  [
    1621465200000,
    0.512
  ],
  [
    1621551600000,
    0.539
  ],
  [
    1621638000000,
    0.58
  ],
  [
    1621724400000,
    0.671
  ],
  [
    1621810800000,
    0.687
  ],
  [
    1621897200000,
    0.841
  ],
  [
    1621983600000,
    0.895
  ],
  [
    1622070000000,
    0.988
  ],
  [
    1622156400000,
    1.77
  ],
  [
    1622242800000,
    0.911
  ],
  [
    1622329200000,
    0.886
  ],
  [
    1622415600000,
    0.877
  ],
  [
    1622502000000,
    0.841
  ],
  [
    1622588400000,
    0.887
  ],
  [
    1622674800000,
    1.005
  ],
  [
    1622761200000,
    1.035
  ],
  [
    1622847600000,
    1.05
  ],
  [
    1622934000000,
    1.065
  ],
  [
    1623020400000,
    1.925
  ],
  [
    1623106800000,
    1.063
  ],
  [
    1623193200000,
    1.141
  ],
  [
    1623279600000,
    1.219
  ],
  [
    1623366000000,
    1.104
  ],
  [
    1623452400000,
    1.09
  ],
  [
    1623538800000,
    1.124
  ],
  [
    1623625200000,
    1.111
  ],
  [
    1623711600000,
    1.088
  ],
  [
    1623798000000,
    1.09
  ],
  [
    1623884400000,
    1.109
  ],
  [
    1623970800000,
    1.086
  ],
  [
    1624057200000,
    1.086
  ],
  [
    1624143600000,
    1.066
  ],
  [
    1624230000000,
    1.078
  ],
  [
    1624316400000,
    1.154
  ],
  [
    1624402800000,
    1.01
  ],
  [
    1624489200000,
    0.941
  ],
  [
    1624575600000,
    0.821
  ],
  [
    1624662000000,
    0.836
  ],
  [
    1624748400000,
    0.876
  ],
  [
    1624834800000,
    0.876
  ],
  [
    1624921200000,
    0.846
  ],
  [
    1625007600000,
    0.834
  ],
  [
    1625094000000,
    0.812
  ],
  [
    1625180400000,
    0.821
  ],
  [
    1625266800000,
    0.778
  ],
  [
    1625353200000,
    0.858
  ],
  [
    1625439600000,
    0.844
  ],
  [
    1625526000000,
    0.825
  ],
  [
    1625612400000,
    0.842
  ],
  [
    1625698800000,
    0.78
  ],
  [
    1625785200000,
    0.784
  ],
  [
    1625871600000,
    0.791
  ],
  [
    1625958000000,
    0.6
  ],
  [
    1626044400000,
    0.672
  ],
  [
    1626130800000,
    0.668
  ],
  [
    1626217200000,
    0.726
  ],
  [
    1626303600000,
    0.808
  ],
  [
    1626390000000,
    0.688
  ],
  [
    1626476400000,
    0.711
  ],
  [
    1626562800000,
    1.376
  ],
  [
    1626649200000,
    0.721
  ],
  [
    1626735600000,
    0.713
  ],
  [
    1626822000000,
    0.704
  ],
  [
    1626908400000,
    0.754
  ],
  [
    1626994800000,
    0.71
  ],
  [
    1627081200000,
    0.783
  ],
  [
    1627167600000,
    0.717
  ],
  [
    1627254000000,
    0.766
  ],
  [
    1627340400000,
    0.76
  ],
  [
    1627426800000,
    0.759
  ],
  [
    1627513200000,
    0.77
  ],
  [
    1627599600000,
    0.778
  ],
  [
    1627686000000,
    0.754
  ],
  [
    1627772400000,
    0.788
  ],
  [
    1627858800000,
    0.717
  ],
  [
    1627945200000,
    0.748
  ],
  [
    1628031600000,
    0.712
  ],
  [
    1628118000000,
    0.782
  ],
  [
    1628204400000,
    0.751
  ],
  [
    1628290800000,
    0.75
  ],
  [
    1628377200000,
    0.747
  ],
  [
    1628463600000,
    0.894
  ],
  [
    1628550000000,
    0.78
  ],
  [
    1628636400000,
    0.739
  ],
  [
    1628722800000,
    0.712
  ],
  [
    1628809200000,
    0.696
  ],
  [
    1628895600000,
    0.737
  ],
  [
    1628982000000,
    0.692
  ],
  [
    1629068400000,
    0.697
  ],
  [
    1629154800000,
    0.755
  ],
  [
    1629241200000,
    0.679
  ],
  [
    1629327600000,
    0.717
  ],
  [
    1629414000000,
    0.708
  ],
  [
    1629500400000,
    0.645
  ],
  [
    1629586800000,
    0.657
  ],
  [
    1629673200000,
    0.566
  ],
  [
    1629759600000,
    6.849
  ],
  [
    1629846000000,
    0.719
  ],
  [
    1629932400000,
    0.665
  ],
  [
    1630018800000,
    0.708
  ],
  [
    1630105200000,
    0.709
  ],
  [
    1630191600000,
    0.7
  ],
  [
    1630278000000,
    0.711
  ],
  [
    1630364400000,
    0.702
  ],
  [
    1630450800000,
    0.719
  ],
  [
    1630537200000,
    0.646
  ],
  [
    1630623600000,
    0.695
  ],
  [
    1630710000000,
    0.67
  ],
  [
    1630796400000,
    0.672
  ],
  [
    1630882800000,
    0.707
  ],
  [
    1630969200000,
    0.71
  ],
  [
    1631055600000,
    0.689
  ],
  [
    1631142000000,
    0.689
  ],
  [
    1631228400000,
    0.651
  ],
  [
    1631314800000,
    0.692
  ],
  [
    1631401200000,
    0.713
  ],
  [
    1631487600000,
    0.748
  ],
  [
    1631574000000,
    0.732
  ],
  [
    1631660400000,
    0.733
  ],
  [
    1631746800000,
    0.724
  ],
  [
    1631833200000,
    0.691
  ],
  [
    1631919600000,
    0.654
  ],
  [
    1632006000000,
    0.73
  ],
  [
    1632092400000,
    0.712
  ],
  [
    1632178800000,
    0.679
  ],
  [
    1632265200000,
    0.581
  ],
  [
    1632351600000,
    0.528
  ],
  [
    1632438000000,
    0.517
  ],
  [
    1632524400000,
    0.534
  ],
  [
    1632610800000,
    0.531
  ],
  [
    1632697200000,
    0.541
  ],
  [
    1632783600000,
    0.523
  ],
  [
    1632870000000,
    0.551
  ],
  [
    1632956400000,
    0.514
  ],
  [
    1633042800000,
    0.529
  ],
  [
    1633129200000,
    0.469
  ],
  [
    1633215600000,
    0.55
  ],
  [
    1633302000000,
    0.539
  ],
  [
    1633388400000,
    0.534
  ],
  [
    1633474800000,
    0.545
  ],
  [
    1633561200000,
    0.545
  ],
  [
    1633647600000,
    0.543
  ],
  [
    1633734000000,
    0.493
  ],
  [
    1633820400000,
    0.526
  ],
  [
    1633906800000,
    0.524
  ],
  [
    1633993200000,
    0.518
  ],
  [
    1634079600000,
    0.497
  ],
  [
    1634166000000,
    0.472
  ],
  [
    1634252400000,
    0.531
  ],
  [
    1634338800000,
    0.512
  ],
  [
    1634425200000,
    0.535
  ],
  [
    1634511600000,
    0.509
  ],
  [
    1634598000000,
    0.505
  ],
  [
    1634684400000,
    0.52
  ],
  [
    1634770800000,
    0.494
  ],
  [
    1634857200000,
    0.469
  ],
  [
    1634943600000,
    0.479
  ],
  [
    1635030000000,
    0.496
  ],
  [
    1635116400000,
    0.476
  ],
  [
    1635202800000,
    0.48
  ],
  [
    1635289200000,
    0.46
  ],
  [
    1635375600000,
    0.483
  ],
  [
    1635462000000,
    0.403
  ],
  [
    1635548400000,
    2.172
  ],
  [
    1635634800000,
    0.459
  ],
  [
    1635724800000,
    0.477
  ],
  [
    1635811200000,
    0.462
  ],
  [
    1635897600000,
    0.466
  ],
  [
    1635984000000,
    0.481
  ],
  [
    1636070400000,
    0.527
  ],
  [
    1636156800000,
    0.523
  ],
  [
    1636243200000,
    0.525
  ],
  [
    1636329600000,
    0.557
  ],
  [
    1636416000000,
    0.524
  ],
  [
    1636502400000,
    0.454
  ],
  [
    1636588800000,
    0.59
  ],
  [
    1636675200000,
    0.464
  ],
  [
    1636761600000,
    0.489
  ],
  [
    1636848000000,
    0.544
  ],
  [
    1636934400000,
    0.512
  ],
  [
    1637020800000,
    0.521
  ],
  [
    1637107200000,
    0.524
  ],
  [
    1637193600000,
    0.531
  ],
  [
    1637280000000,
    0.531
  ],
  [
    1637366400000,
    0.552
  ],
  [
    1637452800000,
    0.537
  ],
  [
    1637539200000,
    0.553
  ],
  [
    1637625600000,
    0.559
  ],
  [
    1637712000000,
    0.595
  ],
  [
    1637798400000,
    0.541
  ],
  [
    1637884800000,
    0.598
  ],
  [
    1637971200000,
    0.626
  ],
  [
    1638057600000,
    0.61
  ],
  [
    1638144000000,
    0.611
  ],
  [
    1638230400000,
    0.629
  ],
  [
    1638316800000,
    0.557
  ],
  [
    1638403200000,
    0.573
  ],
  [
    1638489600000,
    0.554
  ],
  [
    1638576000000,
    0.597
  ],
  [
    1638662400000,
    0.579
  ],
  [
    1638748800000,
    0.661
  ],
  [
    1638835200000,
    0.715
  ],
  [
    1638921600000,
    0.703
  ],
  [
    1639008000000,
    0.75
  ],
  [
    1639094400000,
    0.781
  ],
  [
    1639180800000,
    0.72
  ],
  [
    1639267200000,
    0.75
  ],
  [
    1639353600000,
    0.796
  ],
  [
    1639440000000,
    0.745
  ],
  [
    1639526400000,
    0.716
  ],
  [
    1639612800000,
    0.727
  ],
  [
    1639699200000,
    0.766
  ],
  [
    1639785600000,
    0.789
  ],
  [
    1639872000000,
    0.793
  ],
  [
    1639958400000,
    0.724
  ],
  [
    1640044800000,
    0.785
  ],
  [
    1640131200000,
    0.843
  ],
  [
    1640217600000,
    0.823
  ],
  [
    1640304000000,
    0.762
  ],
  [
    1640390400000,
    0.768
  ],
  [
    1640476800000,
    0.781
  ],
  [
    1640563200000,
    0.741
  ],
  [
    1640649600000,
    0.763
  ],
  [
    1640736000000,
    0.767
  ],
  [
    1640822400000,
    0.753
  ],
  [
    1640908800000,
    0.753
  ],
  [
    1640995200000,
    0.796
  ],
  [
    1641081600000,
    0.825
  ],
  [
    1641168000000,
    0.792
  ],
  [
    1641254400000,
    0.853
  ],
  [
    1641340800000,
    0.789
  ],
  [
    1641427200000,
    0.848
  ],
  [
    1641513600000,
    0.854
  ],
  [
    1641600000000,
    0.861
  ],
  [
    1641686400000,
    0.869
  ],
  [
    1641772800000,
    0.868
  ],
  [
    1641859200000,
    0.777
  ],
  [
    1641945600000,
    0.894
  ],
  [
    1642032000000,
    0.867
  ],
  [
    1642118400000,
    0.873
  ],
  [
    1642204800000,
    0.828
  ],
  [
    1642291200000,
    0.85
  ],
  [
    1642377600000,
    0.891
  ],
  [
    1642464000000,
    0.909
  ],
  [
    1642550400000,
    0.848
  ],
  [
    1642636800000,
    0.863
  ],
  [
    1642723200000,
    0.953
  ],
  [
    1642809600000,
    0.896
  ],
  [
    1642896000000,
    0.842
  ],
  [
    1642982400000,
    0.813
  ],
  [
    1643068800000,
    0.924
  ],
  [
    1643155200000,
    0.93
  ],
  [
    1643241600000,
    0.903
  ],
  [
    1643328000000,
    0.831
  ],
  [
    1643414400000,
    0.801
  ],
  [
    1643500800000,
    0.88
  ],
  [
    1643587200000,
    0.789
  ],
  [
    1643673600000,
    0.827
  ],
  [
    1643760000000,
    0.733
  ],
  [
    1643846400000,
    0.788
  ],
  [
    1643932800000,
    0.806
  ],
  [
    1644019200000,
    0.863
  ],
  [
    1644105600000,
    0.799
  ],
  [
    1644192000000,
    0.871
  ],
  [
    1644278400000,
    0.854
  ],
  [
    1644364800000,
    0.734
  ],
  [
    1644451200000,
    0.707
  ],
  [
    1644537600000,
    0.819
  ],
  [
    1644624000000,
    0.783
  ],
  [
    1644710400000,
    0.795
  ],
  [
    1644796800000,
    0.798
  ],
  [
    1644883200000,
    0.808
  ],
  [
    1644969600000,
    0.957
  ],
  [
    1645056000000,
    0.734
  ],
  [
    1645142400000,
    0.889
  ],
  [
    1645228800000,
    0.897
  ],
  [
    1645315200000,
    0.864
  ],
  [
    1645401600000,
    0.829
  ],
  [
    1645488000000,
    0.832
  ],
  [
    1645574400000,
    0.919
  ],
  [
    1645660800000,
    0.839
  ],
  [
    1645747200000,
    0.909
  ],
  [
    1645833600000,
    0.856
  ],
  [
    1645920000000,
    0.863
  ],
  [
    1646006400000,
    0.908
  ],
  [
    1646092800000,
    0.85
  ],
  [
    1646179200000,
    0.832
  ],
  [
    1646265600000,
    0.806
  ],
  [
    1646352000000,
    0.848
  ],
  [
    1646438400000,
    0.87
  ],
  [
    1646524800000,
    0.874
  ],
  [
    1646611200000,
    0.887
  ],
  [
    1646697600000,
    0.874
  ],
  [
    1646784000000,
    0.82
  ],
  [
    1646870400000,
    0.857
  ],
  [
    1646956800000,
    0.802
  ],
  [
    1647043200000,
    0.917
  ],
  [
    1647129600000,
    0.908
  ],
  [
    1647216000000,
    0.683
  ],
  [
    1647302400000,
    0.846
  ],
  [
    1647388800000,
    0.887
  ],
  [
    1647475200000,
    0.928
  ],
  [
    1647561600000,
    0.84
  ],
  [
    1647648000000,
    0.927
  ],
  [
    1647734400000,
    0.913
  ],
  [
    1647820800000,
    0.947
  ],
  [
    1647907200000,
    1.004
  ],
  [
    1647993600000,
    1.012
  ],
  [
    1648080000000,
    1.015
  ],
  [
    1648166400000,
    0.897
  ],
  [
    1648252800000,
    0.949
  ],
  [
    1648339200000,
    1.016
  ],
  [
    1648422000000,
    0.987
  ],
  [
    1648508400000,
    1.02
  ],
  [
    1648594800000,
    0.979
  ],
  [
    1648681200000,
    0.982
  ],
  [
    1648767600000,
    1.064
  ],
  [
    1648854000000,
    1.087
  ],
  [
    1648940400000,
    1.059
  ],
  [
    1649113200000,
    1.046
  ],
  [
    1649199600000,
    1.107
  ],
  [
    1649286000000,
    1.041
  ],
  [
    1649372400000,
    1.3
  ],
  [
    1649458800000,
    1.141
  ],
  [
    1649545200000,
    1.23
  ],
  [
    1649631600000,
    1.123
  ],
  [
    1649718000000,
    1.16
  ],
  [
    1649804400000,
    1.139
  ],
  [
    1649890800000,
    1.139
  ],
  [
    1649977200000,
    1.132
  ],
  [
    1650063600000,
    0.957
  ],
  [
    1650150000000,
    1.037
  ],
  [
    1650236400000,
    1.016
  ],
  [
    1650322800000,
    1.095
  ],
  [
    1650409200000,
    1.051
  ],
  [
    1650495600000,
    0.959
  ],
  [
    1650582000000,
    1.062
  ],
  [
    1650668400000,
    1.098
  ],
  [
    1650754800000,
    1.145
  ],
  [
    1650841200000,
    1.18
  ],
  [
    1650927600000,
    1.078
  ],
  [
    1651014000000,
    1.165
  ],
  [
    1651100400000,
    1.19
  ],
  [
    1651186800000,
    1.172
  ],
  [
    1651273200000,
    1.218
  ],
  [
    1651359600000,
    1.181
  ],
  [
    1651446000000,
    1.102
  ],
  [
    1651532400000,
    1.24
  ],
  [
    1651618800000,
    0.988
  ],
  [
    1651705200000,
    1.112
  ],
  [
    1651791600000,
    1.105
  ],
  [
    1651878000000,
    1.075
  ],
  [
    1651964400000,
    1.19
  ],
  [
    1652050800000,
    1.074
  ],
  [
    1652137200000,
    1.142
  ],
  [
    1652223600000,
    1.066
  ],
  [
    1652310000000,
    1.073
  ],
  [
    1652396400000,
    1.088
  ],
  [
    1652482800000,
    1.015
  ],
  [
    1652569200000,
    1.174
  ],
  [
    1652655600000,
    1.115
  ],
  [
    1652742000000,
    1.136
  ],
  [
    1652828400000,
    1.062
  ],
  [
    1652914800000,
    1.096
  ],
  [
    1653001200000,
    1.23
  ],
  [
    1653087600000,
    1.113
  ],
  [
    1653174000000,
    1.135
  ],
  [
    1653260400000,
    1.102
  ],
  [
    1653346800000,
    1.076
  ],
  [
    1653433200000,
    1.01
  ],
  [
    1653519600000,
    1.093
  ],
  [
    1653606000000,
    1.11
  ],
  [
    1653692400000,
    1.024
  ],
  [
    1653778800000,
    0.911
  ],
  [
    1653865200000,
    1.017
  ],
  [
    1653951600000,
    1.038
  ],
  [
    1654038000000,
    1.029
  ],
  [
    1654124400000,
    1.04
  ],
  [
    1654210800000,
    0.981
  ],
  [
    1654297200000,
    1.021
  ],
  [
    1654383600000,
    1.005
  ],
  [
    1654470000000,
    1.005
  ],
  [
    1654642800000,
    1.037
  ],
  [
    1654729200000,
    1.003
  ],
  [
    1654815600000,
    1.034
  ],
  [
    1654902000000,
    0.986
  ],
  [
    1654988400000,
    1.019
  ],
  [
    1655074800000,
    0.971
  ],
  [
    1655161200000,
    0.998
  ],
  [
    1655247600000,
    0.976
  ],
  [
    1655334000000,
    0.935
  ],
  [
    1655420400000,
    1.013
  ],
  [
    1655506800000,
    0.943
  ],
  [
    1655593200000,
    1.012
  ],
  [
    1655679600000,
    0.93
  ],
  [
    1655766000000,
    0.906
  ],
  [
    1655852400000,
    0.977
  ],
  [
    1655938800000,
    0.888
  ],
  [
    1656025200000,
    0.705
  ],
  [
    1656111600000,
    0.78
  ],
  [
    1656198000000,
    0.863
  ],
  [
    1656284400000,
    0.9
  ],
  [
    1656370800000,
    0.905
  ],
  [
    1656457200000,
    0.936
  ],
  [
    1656543600000,
    0.954
  ],
  [
    1656630000000,
    0.901
  ],
  [
    1656716400000,
    0.95
  ],
  [
    1656802800000,
    0.877
  ],
  [
    1656889200000,
    0.95
  ],
  [
    1656975600000,
    0.867
  ],
  [
    1657062000000,
    0.823
  ],
  [
    1657148400000,
    0.842
  ],
  [
    1657234800000,
    0.848
  ],
  [
    1657321200000,
    0.827
  ],
  [
    1657407600000,
    0.801
  ],
  [
    1657494000000,
    0.755
  ],
  [
    1657580400000,
    0.871
  ],
  [
    1657666800000,
    0.86
  ],
  [
    1657753200000,
    0.888
  ],
  [
    1657839600000,
    0.76
  ],
  [
    1657926000000,
    0.87
  ],
  [
    1658012400000,
    0.838
  ],
  [
    1658098800000,
    0.835
  ],
  [
    1658185200000,
    0.86
  ],
  [
    1658271600000,
    0.819
  ],
  [
    1658358000000,
    0.88
  ],
  [
    1658444400000,
    0.912
  ],
  [
    1658530800000,
    0.875
  ],
  [
    1658617200000,
    0.84
  ],
  [
    1658703600000,
    0.794
  ],
  [
    1658790000000,
    0.753
  ],
  [
    1658962800000,
    0.87
  ],
  [
    1659049200000,
    0.893
  ],
  [
    1659135600000,
    0.796
  ],
  [
    1659222000000,
    0.912
  ],
  [
    1659308400000,
    1.188
  ],
  [
    1659394800000,
    0.876
  ],
  [
    1659481200000,
    0.892
  ],
  [
    1659567600000,
    0.951
  ],
  [
    1659654000000,
    0.93
  ],
  [
    1659740400000,
    0.927
  ],
  [
    1659826800000,
    0.907
  ],
  [
    1659913200000,
    0.93
  ],
  [
    1659999600000,
    0.986
  ],
  [
    1660086000000,
    0.878
  ],
  [
    1660172400000,
    0.913
  ],
  [
    1660258800000,
    0.989
  ],
  [
    1660345200000,
    0.988
  ],
  [
    1660431600000,
    0.917
  ],
  [
    1660518000000,
    0.997
  ],
  [
    1660604400000,
    1.01
  ],
  [
    1660690800000,
    0.997
  ],
  [
    1660777200000,
    0.821
  ],
  [
    1660863600000,
    0.905
  ],
  [
    1660950000000,
    0.885
  ],
  [
    1661036400000,
    0.98
  ],
  [
    1661122800000,
    0.895
  ],
  [
    1661209200000,
    0.931
  ],
  [
    1661295600000,
    1.004
  ],
  [
    1661382000000,
    0.89
  ],
  [
    1661468400000,
    1.003
  ],
  [
    1661554800000,
    0.961
  ],
  [
    1661641200000,
    0.941
  ],
  [
    1661727600000,
    0.984
  ],
  [
    1661814000000,
    1.024
  ],
  [
    1661900400000,
    0.918
  ],
  [
    1661986800000,
    0.985
  ],
  [
    1662073200000,
    1.059
  ],
  [
    1662159600000,
    1.072
  ],
  [
    1662246000000,
    0.985
  ],
  [
    1662332400000,
    1.115
  ],
  [
    1662418800000,
    1.083
  ],
  [
    1662505200000,
    1.11
  ],
  [
    1662591600000,
    1.1
  ],
  [
    1662678000000,
    1.131
  ],
  [
    1662764400000,
    1.109
  ],
  [
    1662850800000,
    1.024
  ],
  [
    1662937200000,
    1.06
  ],
  [
    1663023600000,
    1.156
  ],
  [
    1663110000000,
    1.119
  ],
  [
    1663196400000,
    1.045
  ],
  [
    1663282800000,
    1.196
  ],
  [
    1663369200000,
    1.097
  ],
  [
    1663455600000,
    1.196
  ],
  [
    1663542000000,
    1.212
  ],
  [
    1663628400000,
    1.071
  ],
  [
    1663714800000,
    1.226
  ],
  [
    1663801200000,
    1.149
  ],
  [
    1663887600000,
    1.195
  ],
  [
    1663974000000,
    1.268
  ],
  [
    1664060400000,
    1.173
  ],
  [
    1664146800000,
    1.233
  ],
  [
    1664233200000,
    1.198
  ],
  [
    1664319600000,
    1.17
  ],
  [
    1664406000000,
    1.185
  ],
  [
    1664492400000,
    1.085
  ],
  [
    1664578800000,
    1.035
  ],
  [
    1664665200000,
    1.142
  ],
  [
    1664751600000,
    1.099
  ],
  [
    1664838000000,
    1.044
  ],
  [
    1664924400000,
    0.998
  ],
  [
    1665010800000,
    1.156
  ],
  [
    1665097200000,
    1.119
  ],
  [
    1665183600000,
    1.172
  ],
  [
    1665270000000,
    1.158
  ],
  [
    1665356400000,
    1.176
  ],
  [
    1665442800000,
    1.145
  ],
  [
    1665529200000,
    1.147
  ],
  [
    1665615600000,
    1.186
  ],
  [
    1665702000000,
    1.127
  ],
  [
    1665788400000,
    1.565
  ],
  [
    1665874800000,
    1.268
  ],
  [
    1665961200000,
    1.232
  ],
  [
    1666047600000,
    1.268
  ],
  [
    1666134000000,
    1.217
  ],
  [
    1666220400000,
    1.229
  ],
  [
    1666306800000,
    1.319
  ],
  [
    1666393200000,
    1.104
  ],
  [
    1666479600000,
    1.18
  ],
  [
    1666566000000,
    1.265
  ],
  [
    1666652400000,
    1.23
  ],
  [
    1666738800000,
    1.262
  ],
  [
    1666825200000,
    1.294
  ],
  [
    1666911600000,
    1.303
  ],
  [
    1666998000000,
    1.285
  ],
  [
    1667084400000,
    1.408
  ],
  [
    1667174400000,
    1.268
  ],
  [
    1667260800000,
    1.31
  ],
  [
    1667347200000,
    1.397
  ],
  [
    1667433600000,
    1.407
  ],
  [
    1667520000000,
    1.596
  ],
  [
    1667606400000,
    1.394
  ],
  [
    1667692800000,
    1.143
  ],
  [
    1667779200000,
    1.57
  ],
  [
    1667865600000,
    1.54
  ],
  [
    1667952000000,
    1.207
  ],
  [
    1668038400000,
    1.54
  ],
  [
    1668124800000,
    1.514
  ],
  [
    1668211200000,
    1.343
  ],
  [
    1668297600000,
    1.257
  ],
  [
    1668384000000,
    1.48
  ],
  [
    1668470400000,
    1.47
  ],
  [
    1668556800000,
    2.425
  ],
  [
    1668643200000,
    1.298
  ],
  [
    1668729600000,
    0.97
  ],
  [
    1668816000000,
    1.43
  ],
  [
    1668902400000,
    1.05
  ],
  [
    1668988800000,
    1.344
  ],
  [
    1669075200000,
    1.439
  ],
  [
    1669161600000,
    1.457
  ],
  [
    1669248000000,
    1.39
  ],
  [
    1669334400000,
    1.428
  ],
  [
    1669420800000,
    1.365
  ],
  [
    1669507200000,
    1.354
  ],
  [
    1669593600000,
    1.197
  ],
  [
    1669680000000,
    1.335
  ],
  [
    1669766400000,
    1.506
  ],
  [
    1669852800000,
    1.486
  ],
  [
    1669939200000,
    1.478
  ],
  [
    1670025600000,
    1.429
  ],
  [
    1670112000000,
    1.642
  ],
  [
    1670198400000,
    1.808
  ],
  [
    1670284800000,
    1.584
  ],
  [
    1670371200000,
    1.66
  ],
  [
    1670457600000,
    1.723
  ],
  [
    1670544000000,
    1.522
  ],
  [
    1670630400000,
    1.439
  ],
  [
    1670716800000,
    1.81
  ],
  [
    1670803200000,
    1.665
  ],
  [
    1670889600000,
    1.68
  ],
  [
    1670976000000,
    1.205
  ],
  [
    1671062400000,
    1.5
  ],
  [
    1671148800000,
    1.663
  ],
  [
    1671235200000,
    1.594
  ],
  [
    1671321600000,
    1.46
  ],
  [
    1671408000000,
    1.632
  ],
  [
    1671494400000,
    1.452
  ],
  [
    1671580800000,
    1.568
  ],
  [
    1671667200000,
    1.62
  ],
  [
    1671753600000,
    1.577
  ],
  [
    1671840000000,
    1.656
  ],
  [
    1671926400000,
    1.57
  ],
  [
    1672012800000,
    1.532
  ],
  [
    1672099200000,
    1.583
  ],
  [
    1672185600000,
    1.47
  ],
  [
    1672272000000,
    1.451
  ],
  [
    1672358400000,
    1.41
  ],
  [
    1672444800000,
    1.44
  ],
  [
    1672531200000,
    1.35
  ],
  [
    1672617600000,
    1.426
  ],
  [
    1672704000000,
    1.46
  ],
  [
    1672790400000,
    1.326
  ],
  [
    1672876800000,
    1.305
  ],
  [
    1672963200000,
    1.266
  ],
  [
    1673049600000,
    1.26
  ],
  [
    1673136000000,
    1.312
  ],
  [
    1673395200000,
    1.342
  ],
  [
    1673481600000,
    1.41
  ],
  [
    1673568000000,
    1.504
  ],
  [
    1673654400000,
    1.502
  ],
  [
    1673740800000,
    1.475
  ],
  [
    1673827200000,
    1.386
  ],
  [
    1673913600000,
    1.561
  ],
  [
    1674000000000,
    1.51
  ],
  [
    1674086400000,
    1.439
  ],
  [
    1674172800000,
    1.51
  ],
  [
    1674259200000,
    1.59
  ],
  [
    1674345600000,
    1.622
  ],
  [
    1674432000000,
    1.472
  ],
  [
    1674518400000,
    1.605
  ],
  [
    1674604800000,
    1.604
  ],
  [
    1674691200000,
    1.635
  ],
  [
    1674777600000,
    1.634
  ],
  [
    1674864000000,
    1.502
  ],
  [
    1674950400000,
    1.606
  ],
  [
    1675036800000,
    1.79
  ],
  [
    1675123200000,
    1.752
  ],
  [
    1675209600000,
    1.808
  ],
  [
    1675296000000,
    1.847
  ],
  [
    1675382400000,
    1.936
  ],
  [
    1675468800000,
    1.918
  ],
  [
    1675555200000,
    1.774
  ],
  [
    1675641600000,
    1.81
  ],
  [
    1675728000000,
    1.945
  ],
  [
    1675814400000,
    1.931
  ],
  [
    1675900800000,
    1.997
  ],
  [
    1675987200000,
    1.922
  ],
  [
    1676073600000,
    1.926
  ],
  [
    1676160000000,
    1.909
  ],
  [
    1676246400000,
    1.725
  ],
  [
    1676332800000,
    1.78
  ],
  [
    1676419200000,
    1.613
  ],
  [
    1676505600000,
    1.751
  ],
  [
    1676592000000,
    1.694
  ],
  [
    1676678400000,
    1.502
  ],
  [
    1676764800000,
    1.714
  ],
  [
    1676851200000,
    1.72
  ],
  [
    1676937600000,
    1.705
  ],
  [
    1677024000000,
    1.817
  ],
  [
    1677110400000,
    1.884
  ],
  [
    1677196800000,
    1.704
  ],
  [
    1677283200000,
    1.584
  ],
  [
    1677369600000,
    1.691
  ],
  [
    1677456000000,
    1.961
  ],
  [
    1677542400000,
    1.978
  ],
  [
    1677628800000,
    1.982
  ],
  [
    1677715200000,
    1.513
  ],
  [
    1677801600000,
    1.803
  ],
  [
    1677888000000,
    1.936
  ],
  [
    1677974400000,
    1.724
  ],
  [
    1678060800000,
    1.622
  ],
  [
    1678147200000,
    1.42
  ],
  [
    1678233600000,
    1.264
  ],
  [
    1678320000000,
    1.401
  ],
  [
    1678406400000,
    1.494
  ],
  [
    1678492800000,
    1.561
  ],
  [
    1678579200000,
    1.521
  ],
  [
    1678665600000,
    1.505
  ],
  [
    1678752000000,
    1.469
  ],
  [
    1678838400000,
    1.633
  ],
  [
    1678924800000,
    1.654
  ],
  [
    1679011200000,
    1.519
  ],
  [
    1679097600000,
    1.532
  ],
  [
    1679184000000,
    1.324
  ],
  [
    1679270400000,
    1.431
  ],
  [
    1679356800000,
    1.611
  ],
  [
    1679443200000,
    1.732
  ],
  [
    1679529600000,
    1.547
  ],
  [
    1679616000000,
    1.488
  ],
  [
    1679702400000,
    1.275
  ],
  [
    1679788800000,
    1.501
  ],
  [
    1679871600000,
    1.424
  ],
  [
    1679958000000,
    1.487
  ],
  [
    1680044400000,
    1.383
  ],
  [
    1680130800000,
    1.366
  ],
  [
    1680217200000,
    1.341
  ],
  [
    1680303600000,
    1.437
  ],
  [
    1680390000000,
    1.564
  ],
  [
    1680476400000,
    10.624
  ],
  [
    1680562800000,
    1.606
  ],
  [
    1680649200000,
    1.581
  ],
  [
    1680735600000,
    1.516
  ],
  [
    1680822000000,
    1.523
  ],
  [
    1680908400000,
    1.33
  ],
  [
    1680994800000,
    1.323
  ],
  [
    1681081200000,
    1.582
  ],
  [
    1681167600000,
    1.569
  ],
  [
    1681254000000,
    1.489
  ],
  [
    1681340400000,
    1.661
  ],
  [
    1681426800000,
    1.6
  ],
  [
    1681513200000,
    1.459
  ],
  [
    1681599600000,
    1.259
  ],
  [
    1681686000000,
    1.336
  ],
  [
    1681772400000,
    0.702
  ],
  [
    1681858800000,
    1.53
  ],
  [
    1681945200000,
    1.632
  ],
  [
    1682031600000,
    1.583
  ],
  [
    1682118000000,
    1.749
  ],
  [
    1682204400000,
    1.751
  ],
  [
    1682290800000,
    1.802
  ],
  [
    1682377200000,
    1.945
  ],
  [
    1682463600000,
    1.219
  ],
  [
    1682550000000,
    1.666
  ],
  [
    1682636400000,
    1.452
  ],
  [
    1682722800000,
    1.72
  ],
  [
    1682809200000,
    1.941
  ],
  [
    1682895600000,
    1.162
  ],
  [
    1682982000000,
    1.585
  ],
  [
    1683068400000,
    1.569
  ],
  [
    1683154800000,
    1.68
  ],
  [
    1683241200000,
    1.375
  ],
  [
    1683327600000,
    1.334
  ],
  [
    1683414000000,
    1.381
  ],
  [
    1683500400000,
    1.435
  ],
  [
    1683586800000,
    1.443
  ],
  [
    1683673200000,
    1.382
  ],
  [
    1683759600000,
    1.583
  ],
  [
    1683846000000,
    1.653
  ],
  [
    1683932400000,
    1.629
  ],
  [
    1684018800000,
    1.661
  ],
  [
    1684105200000,
    1.578
  ],
  [
    1684191600000,
    1.631
  ],
  [
    1684278000000,
    1.542
  ],
  [
    1684364400000,
    1.824
  ],
  [
    1684450800000,
    1.792
  ],
  [
    1684537200000,
    1.839
  ],
  [
    1684623600000,
    1.595
  ],
  [
    1684710000000,
    1.367
  ],
  [
    1684796400000,
    1.467
  ],
  [
    1684882800000,
    1.455
  ],
  [
    1684969200000,
    1.425
  ],
  [
    1685055600000,
    1.448
  ],
  [
    1685142000000,
    1.489
  ],
  [
    1685228400000,
    1.458
  ],
  [
    1685314800000,
    1.24
  ],
  [
    1685401200000,
    1.655
  ],
  [
    1685487600000,
    1.959
  ],
  [
    1685574000000,
    1.663
  ],
  [
    1685660400000,
    1.807
  ],
  [
    1685746800000,
    1.12
  ],
  [
    1685833200000,
    1.152
  ],
  [
    1685919600000,
    1.953
  ],
  [
    1686006000000,
    1.361
  ],
  [
    1686092400000,
    1.791
  ],
  [
    1686178800000,
    1.795
  ],
  [
    1686265200000,
    2.022
  ],
  [
    1686351600000,
    1.678
  ],
  [
    1686438000000,
    1.508
  ],
  [
    1686524400000,
    1.224
  ],
  [
    1686610800000,
    2.014
  ],
  [
    1686697200000,
    1.862
  ],
  [
    1686783600000,
    1.493
  ],
  [
    1686870000000,
    1.628
  ],
  [
    1686956400000,
    1.943
  ],
  [
    1687042800000,
    2.166
  ],
  [
    1687129200000,
    2.291
  ],
  [
    1687215600000,
    2.023
  ],
  [
    1687302000000,
    2.669
  ],
  [
    1687388400000,
    1.761
  ],
  [
    1687474800000,
    2.522
  ],
  [
    1687561200000,
    2.118
  ],
  [
    1687647600000,
    2.585
  ],
  [
    1687734000000,
    2.297
  ],
  [
    1687820400000,
    2.74
  ],
  [
    1687906800000,
    2.15
  ],
  [
    1687993200000,
    2.056
  ],
  [
    1688079600000,
    2.112
  ],
  [
    1688166000000,
    1.994
  ],
  [
    1688252400000,
    1.873
  ],
  [
    1688338800000,
    2.052
  ],
  [
    1688425200000,
    1.922
  ],
  [
    1688511600000,
    1.837
  ],
  [
    1688598000000,
    2
  ],
  [
    1688684400000,
    1.393
  ],
  [
    1688770800000,
    1.75
  ],
  [
    1688857200000,
    1.007
  ],
  [
    1688943600000,
    1.025
  ],
  [
    1689030000000,
    1.817
  ],
  [
    1689116400000,
    1.577
  ],
  [
    1689202800000,
    1.565
  ],
  [
    1689289200000,
    2.016
  ],
  [
    1689375600000,
    1.77
  ],
  [
    1689462000000,
    1.836
  ],
  [
    1689548400000,
    1.183
  ],
  [
    1689634800000,
    1.505
  ],
  [
    1689721200000,
    1.686
  ],
  [
    1689807600000,
    1.493
  ],
  [
    1689894000000,
    2.009
  ],
  [
    1689980400000,
    2.021
  ],
  [
    1690066800000,
    2.073
  ],
  [
    1690153200000,
    1.446
  ],
  [
    1690239600000,
    1.936
  ],
  [
    1690326000000,
    2.14
  ],
  [
    1690412400000,
    1.865
  ],
  [
    1690498800000,
    1.242
  ],
  [
    1690585200000,
    2.208
  ],
  [
    1690671600000,
    1.818
  ],
  [
    1690758000000,
    1.723
  ],
  [
    1690844400000,
    1.486
  ],
  [
    1690930800000,
    2.24
  ],
  [
    1691017200000,
    1.843
  ],
  [
    1691103600000,
    1.899
  ],
  [
    1691190000000,
    1.591
  ],
  [
    1691276400000,
    2.046
  ],
  [
    1691362800000,
    1.525
  ],
  [
    1691535600000,
    1.05
  ],
  [
    1691622000000,
    1.296
  ],
  [
    1691708400000,
    1.857
  ],
  [
    1691794800000,
    2.09
  ],
  [
    1691881200000,
    1.919
  ],
  [
    1691967600000,
    1.998
  ],
  [
    1692054000000,
    1.581
  ],
  [
    1692140400000,
    1.099
  ],
  [
    1692226800000,
    1.897
  ],
  [
    1692313200000,
    2.086
  ],
  [
    1692399600000,
    1.543
  ],
  [
    1692486000000,
    1.841
  ],
  [
    1692572400000,
    2.273
  ],
  [
    1692745200000,
    1.995
  ],
  [
    1692831600000,
    1.666
  ],
  [
    1692918000000,
    1.902
  ],
  [
    1693004400000,
    1.229
  ],
  [
    1693090800000,
    2.206
  ],
  [
    1693177200000,
    2.25
  ],
  [
    1693263600000,
    1.836
  ],
  [
    1693350000000,
    1.726
  ],
  [
    1693436400000,
    2.041
  ],
  [
    1693522800000,
    0.983
  ],
  [
    1693609200000,
    2.17
  ],
  [
    1693695600000,
    2.185
  ],
  [
    1693782000000,
    2.25
  ],
  [
    1693868400000,
    2.15
  ],
  [
    1693954800000,
    2.264
  ],
  [
    1694041200000,
    2.162
  ],
  [
    1694127600000,
    2.158
  ],
  [
    1694214000000,
    2.357
  ],
  [
    1694300400000,
    1.504
  ],
  [
    1694386800000,
    2.243
  ],
  [
    1694473200000,
    1.841
  ],
  [
    1694559600000,
    2.067
  ],
  [
    1694646000000,
    1.74
  ],
  [
    1694732400000,
    2.176
  ],
  [
    1694818800000,
    2.293
  ],
  [
    1694905200000,
    2.446
  ],
  [
    1694991600000,
    2.058
  ],
  [
    1695078000000,
    2.419
  ],
  [
    1695164400000,
    2.378
  ],
  [
    1695250800000,
    1.858
  ],
  [
    1695337200000,
    2.44
  ],
  [
    1695423600000,
    2.453
  ],
  [
    1695510000000,
    4.97
  ],
  [
    1695596400000,
    2.55
  ],
  [
    1695682800000,
    2.555
  ],
  [
    1695769200000,
    2.48
  ],
  [
    1695855600000,
    2.13
  ],
  [
    1695942000000,
    1.963
  ],
  [
    1696028400000,
    2.13
  ],
  [
    1696114800000,
    2.36
  ],
  [
    1696201200000,
    2.186
  ],
  [
    1696287600000,
    1.971
  ],
  [
    1696374000000,
    1.682
  ],
  [
    1696460400000,
    1.935
  ],
  [
    1696546800000,
    2.127
  ],
  [
    1696633200000,
    2.34
  ],
  [
    1696719600000,
    1.541
  ],
  [
    1696806000000,
    2.395
  ],
  [
    1696892400000,
    2.423
  ],
  [
    1696978800000,
    2.371
  ],
  [
    1697065200000,
    2.18
  ],
  [
    1697151600000,
    2.228
  ],
  [
    1697238000000,
    2.613
  ],
  [
    1697324400000,
    2.174
  ],
  [
    1697410800000,
    2.422
  ],
  [
    1697497200000,
    2.665
  ],
  [
    1697583600000,
    2.553
  ],
  [
    1697670000000,
    2.727
  ],
  [
    1697756400000,
    2.314
  ],
  [
    1697842800000,
    2.709
  ],
  [
    1697929200000,
    1.902
  ],
  [
    1698015600000,
    2.59
  ],
  [
    1698102000000,
    2.663
  ],
  [
    1698188400000,
    2.662
  ],
  [
    1698274800000,
    2.608
  ],
  [
    1698361200000,
    2.195
  ],
  [
    1698447600000,
    2.633
  ],
  [
    1698534000000,
    2.44
  ],
  [
    1698624000000,
    2.475
  ],
  [
    1698710400000,
    1.891
  ],
  [
    1698796800000,
    2.495
  ],
  [
    1698883200000,
    2.553
  ],
  [
    1698969600000,
    2.585
  ],
  [
    1699056000000,
    2.685
  ],
  [
    1699142400000,
    2.555
  ],
  [
    1699228800000,
    2.453
  ],
  [
    1699315200000,
    1.898
  ],
  [
    1699401600000,
    2.681
  ],
  [
    1699488000000,
    2.694
  ],
  [
    1699574400000,
    2.497
  ],
  [
    1699660800000,
    2.82
  ],
  [
    1699747200000,
    2.635
  ],
  [
    1699833600000,
    2.515
  ],
  [
    1699920000000,
    2.603
  ],
  [
    1700006400000,
    2.312
  ],
  [
    1700092800000,
    2.593
  ],
  [
    1700179200000,
    2.49
  ],
  [
    1700265600000,
    2.483
  ],
  [
    1700352000000,
    2.467
  ],
  [
    1700438400000,
    2.406
  ],
  [
    1700524800000,
    2.13
  ],
  [
    1700611200000,
    2.565
  ],
  [
    1700697600000,
    2.372
  ],
  [
    1700784000000,
    2.44
  ],
  [
    1700870400000,
    2.498
  ],
  [
    1700956800000,
    2.463
  ],
  [
    1701043200000,
    1.726
  ],
  [
    1701129600000,
    2.577
  ],
  [
    1701216000000,
    2.602
  ],
  [
    1701302400000,
    2.409
  ],
  [
    1701388800000,
    2.199
  ],
  [
    1701475200000,
    2.78
  ],
  [
    1701561600000,
    1.475
  ],
  [
    1701648000000,
    1.911
  ],
  [
    1701734400000,
    2.7
  ],
  [
    1701820800000,
    2.5
  ],
  [
    1701907200000,
    2.718
  ],
  [
    1701993600000,
    2.181
  ],
  [
    1702080000000,
    1.699
  ],
  [
    1702166400000,
    2.705
  ],
  [
    1702252800000,
    2.265
  ],
  [
    1702339200000,
    2.803
  ],
  [
    1702425600000,
    2.591
  ],
  [
    1702512000000,
    3.007
  ],
  [
    1702598400000,
    2.019
  ],
  [
    1702684800000,
    2.994
  ],
  [
    1702771200000,
    3.08
  ],
  [
    1702857600000,
    3.168
  ],
  [
    1703030400000,
    2.379
  ],
  [
    1703116800000,
    2.945
  ],
  [
    1703203200000,
    2.501
  ],
  [
    1703289600000,
    2.883
  ],
  [
    1703376000000,
    2.85
  ],
  [
    1703462400000,
    2.633
  ],
  [
    1703548800000,
    0.981
  ],
  [
    1703635200000,
    2.211
  ],
  [
    1703721600000,
    2.238
  ],
  [
    1703808000000,
    1.482
  ],
  [
    1703894400000,
    2.535
  ],
  [
    1703980800000,
    1.764
  ],
  [
    1704067200000,
    2.56
  ],
  [
    1704153600000,
    2.505
  ],
  [
    1704240000000,
    2.582
  ],
  [
    1704326400000,
    2.396
  ],
  [
    1704412800000,
    2.792
  ],
  [
    1704499200000,
    1.964
  ],
  [
    1704585600000,
    2.34
  ],
  [
    1704672000000,
    2.945
  ],
  [
    1704758400000,
    2.441
  ],
  [
    1704844800000,
    3.155
  ],
  [
    1704931200000,
    3.083
  ],
  [
    1705104000000,
    1.032
  ],
  [
    1705190400000,
    2.92
  ],
  [
    1705363200000,
    1.804
  ],
  [
    1705449600000,
    2.971
  ],
  [
    1705536000000,
    1.053
  ],
  [
    1705622400000,
    3.112
  ],
  [
    1705795200000,
    2.525
  ],
  [
    1705881600000,
    2.83
  ],
  [
    1705968000000,
    1.734
  ],
  [
    1706054400000,
    2.66
  ],
  [
    1706140800000,
    2.558
  ],
  [
    1706227200000,
    2.77
  ],
  [
    1706313600000,
    2.373
  ],
  [
    1706486400000,
    2.55
  ],
  [
    1706572800000,
    1.043
  ],
  [
    1706659200000,
    3.085
  ],
  [
    1706745600000,
    2.564
  ],
  [
    1706832000000,
    3.13
  ],
  [
    1706918400000,
    1.086
  ],
  [
    1707004800000,
    1.713
  ],
  [
    1707091200000,
    1.086
  ],
  [
    1707177600000,
    2.885
  ],
  [
    1707264000000,
    2.88
  ],
  [
    1707350400000,
    1.085
  ],
  [
    1707436800000,
    2.99
  ],
  [
    1707523200000,
    2.998
  ],
  [
    1707609600000,
    3.1
  ],
  [
    1707696000000,
    2.48
  ],
  [
    1707782400000,
    3.189
  ],
  [
    1707868800000,
    2.499
  ],
  [
    1707955200000,
    3.393
  ],
  [
    1708041600000,
    3.598
  ],
  [
    1708128000000,
    2.753
  ],
  [
    1708214400000,
    4.092
  ],
  [
    1708300800000,
    2.04
  ],
  [
    1708387200000,
    1.988
  ],
  [
    1708560000000,
    3.865
  ],
  [
    1708646400000,
    2.897
  ],
  [
    1708732800000,
    1.679
  ],
  [
    1708819200000,
    2.633
  ],
  [
    1708905600000,
    3.755
  ],
  [
    1708992000000,
    2.717
  ],
  [
    1709078400000,
    1.804
  ],
  [
    1709164800000,
    3.889
  ],
  [
    1709251200000,
    3.971
  ],
  [
    1709337600000,
    2.422
  ],
  [
    1709424000000,
    3.523
  ],
  [
    1709510400000,
    2.609
  ],
  [
    1709596800000,
    2.86
  ],
  [
    1709769600000,
    4.11
  ],
  [
    1709856000000,
    2.237
  ],
  [
    1709942400000,
    2.922
  ],
  [
    1710028800000,
    3.123
  ],
  [
    1710115200000,
    3.995
  ],
  [
    1710201600000,
    2.58
  ],
  [
    1710288000000,
    4.1
  ],
  [
    1710374400000,
    1.076
  ],
  [
    1710460800000,
    3.347
  ],
  [
    1710547200000,
    3.428
  ],
  [
    1710633600000,
    3.37
  ],
  [
    1710720000000,
    3.74
  ],
  [
    1710806400000,
    2.949
  ],
  [
    1710892800000,
    3.079
  ],
  [
    1710979200000,
    3.37
  ],
  [
    1711065600000,
    3.664
  ],
  [
    1711152000000,
    3.595
  ],
  [
    1711238400000,
    3.72
  ],
  [
    1711324800000,
    3.725
  ],
  [
    1711411200000,
    3.683
  ],
  [
    1711497600000,
    3.769
  ],
  [
    1711584000000,
    3.877
  ],
  [
    1711670400000,
    3.835
  ],
  [
    1711756800000,
    3.77
  ],
  [
    1711843200000,
    3.858
  ],
  [
    1711926000000,
    3.97
  ],
  [
    1712098800000,
    2.849
  ],
  [
    1712185200000,
    3.96
  ],
  [
    1712271600000,
    4.05
  ],
  [
    1712358000000,
    3.914
  ],
  [
    1712444400000,
    4.155
  ],
  [
    1712530800000,
    4.07
  ],
  [
    1712617200000,
    4.061
  ],
  [
    1712703600000,
    3.641
  ],
  [
    1712790000000,
    4.154
  ],
  [
    1712876400000,
    3.816
  ],
  [
    1712962800000,
    4.372
  ],
  [
    1713049200000,
    4.46
  ],
  [
    1713135600000,
    4.605
  ],
  [
    1713308400000,
    3.76
  ],
  [
    1713394800000,
    4.208
  ],
  [
    1713481200000,
    3.757
  ],
  [
    1713654000000,
    4.083
  ],
  [
    1713740400000,
    4.23
  ],
  [
    1713826800000,
    4.23
  ],
  [
    1713913200000,
    4.157
  ],
  [
    1713999600000,
    4.173
  ],
  [
    1714086000000,
    4.279
  ],
  [
    1714172400000,
    4.305
  ],
  [
    1714258800000,
    4.29
  ],
  [
    1714345200000,
    4.263
  ],
  [
    1714604400000,
    3.944
  ],
  [
    1714690800000,
    4.141
  ],
  [
    1714777200000,
    3.946
  ],
  [
    1714863600000,
    3.956
  ],
  [
    1714950000000,
    3.793
  ],
  [
    1715036400000,
    4.168
  ],
  [
    1715122800000,
    4.303
  ],
  [
    1715209200000,
    4.295
  ],
  [
    1715295600000,
    4.291
  ],
  [
    1715382000000,
    4.3
  ],
  [
    1715468400000,
    4.33
  ],
  [
    1715641200000,
    4.41
  ],
  [
    1715727600000,
    4.382
  ],
  [
    1715814000000,
    4.65
  ],
  [
    1715900400000,
    4.582
  ],
  [
    1715986800000,
    4.698
  ],
  [
    1716073200000,
    4.755
  ],
  [
    1716159600000,
    4.766
  ],
  [
    1716246000000,
    4.664
  ],
  [
    1716332400000,
    4.655
  ],
  [
    1716454800000,
    4.69
  ],
  [
    1716469200000,
    4.71
  ],
  [
    1716476400000,
    3.8
  ],
  [
    1716534000000,
    4.75
  ],
  [
    1716613200000,
    4.819
  ],
  [
    1716642000000,
    4.75
  ],
  [
    1716660000000,
    4.83
  ],
  [
    1716663600000,
    4.78
  ],
  [
    1716728400000,
    4.8
  ],
  [
    1716789600000,
    4.819
  ],
  [
    1716825600000,
    4.76
  ],
  [
    1716865200000,
    4.83
  ],
  [
    1716912000000,
    4.96
  ],
  [
    1716998400000,
    4.48
  ],
  [
    1717074000000,
    4.71
  ],
  [
    1717088400000,
    4.86
  ],
  [
    1717146000000,
    4.42
  ],
  [
    1717167600000,
    5.06
  ],
  [
    1717171200000,
    5.26
  ],
  [
    1717290000000,
    5.24
  ],
  [
    1717354800000,
    5.44
  ],
  [
    1717387200000,
    5.583
  ],
  [
    1717412400000,
    5.46
  ],
  [
    1717430400000,
    5.443
  ],
  [
    1717502400000,
    2.012
  ],
  [
    1717520400000,
    5.565
  ],
  [
    1717534800000,
    5.49
  ],
  [
    1717556400000,
    5.08
  ],
  [
    1717585200000,
    5.43
  ],
  [
    1717588800000,
    5.47
  ],
  [
    1717596000000,
    5.49
  ],
  [
    1717786800000,
    5.635
  ],
  [
    1717797600000,
    5.44
  ],
  [
    1717812000000,
    5.23
  ],
  [
    1717862400000,
    4.38
  ],
  [
    1717880400000,
    4.33
  ],
  [
    1717894800000,
    5.11
  ],
  [
    1718146800000,
    4.89
  ],
  [
    1718208000000,
    5.372
  ],
  [
    1718272800000,
    3.99
  ],
  [
    1718337600000,
    3.54
  ],
  [
    1718348400000,
    3.49
  ],
  [
    1718370000000,
    4.531
  ],
  [
    1718373600000,
    4.537
  ],
  [
    1718524800000,
    4.53
  ],
  [
    1718542800000,
    4.43
  ],
  [
    1718550000000,
    4.54
  ],
  [
    1718575200000,
    4.586
  ],
  [
    1718604000000,
    4.56
  ],
  [
    1718622000000,
    4.69
  ],
  [
    1718640000000,
    4.56
  ],
  [
    1718701200000,
    4.575
  ],
  [
    1718899200000,
    4.2
  ],
  [
    1718902800000,
    4.2
  ],
  [
    1718913600000,
    4.315
  ],
  [
    1718942400000,
    4.265
  ],
  [
    1718992800000,
    3.22
  ],
  [
    1719018000000,
    4.28
  ],
  [
    1719046800000,
    4.31
  ]
]