[
  [
    1379631600000,
    0.952
  ],
  [
    1379718000000,
    0.291
  ],
  [
    1379804400000,
    0.164
  ],
  [
    1379890800000,
    0.185
  ],
  [
    1379977200000,
    0.17
  ],
  [
    1380063600000,
    0.178
  ],
  [
    1380150000000,
    0.156
  ],
  [
    1380236400000,
    0.188
  ],
  [
    1380322800000,
    0.163
  ],
  [
    1380409200000,
    0.126
  ],
  [
    1380495600000,
    0.133
  ],
  [
    1380582000000,
    0.131
  ],
  [
    1380668400000,
    0.114
  ],
  [
    1380754800000,
    0.126
  ],
  [
    1380841200000,
    0.096
  ],
  [
    1380927600000,
    0.092
  ],
  [
    1381014000000,
    0.089
  ],
  [
    1381100400000,
    0.07
  ],
  [
    1381186800000,
    0.066
  ],
  [
    1381273200000,
    0.077
  ],
  [
    1381359600000,
    0.063
  ],
  [
    1381446000000,
    0.079
  ],
  [
    1381532400000,
    0.073
  ],
  [
    1381618800000,
    0.074
  ],
  [
    1381705200000,
    0.064
  ],
  [
    1381791600000,
    0.059
  ],
  [
    1381878000000,
    0.05
  ],
  [
    1381964400000,
    0.062
  ],
  [
    1382050800000,
    0.058
  ],
  [
    1382137200000,
    0.066
  ],
  [
    1382223600000,
    0.056
  ],
  [
    1382310000000,
    0.051
  ],
  [
    1382396400000,
    0.082
  ],
  [
    1382482800000,
    0.052
  ],
  [
    1382569200000,
    0.059
  ],
  [
    1382655600000,
    0.044
  ],
  [
    1382742000000,
    0.045
  ],
  [
    1382828400000,
    0.052
  ],
  [
    1382918400000,
    0.05
  ],
  [
    1383004800000,
    0.052
  ],
  [
    1383091200000,
    0.048
  ],
  [
    1383177600000,
    0.046
  ],
  [
    1383264000000,
    0.032
  ],
  [
    1383350400000,
    0.042
  ],
  [
    1383436800000,
    0.045
  ],
  [
    1383523200000,
    0.035
  ],
  [
    1383609600000,
    0.048
  ],
  [
    1383696000000,
    0.039
  ],
  [
    1383782400000,
    0.039
  ],
  [
    1383868800000,
    0.033
  ],
  [
    1383955200000,
    0.032
  ],
  [
    1384041600000,
    0.035
  ],
  [
    1384128000000,
    0.03
  ],
  [
    1384214400000,
    0.034
  ],
  [
    1384300800000,
    0.03
  ],
  [
    1384387200000,
    0.03
  ],
  [
    1384473600000,
    0.032
  ],
  [
    1384560000000,
    0.042
  ],
  [
    1384646400000,
    0.039
  ],
  [
    1384732800000,
    0.036
  ],
  [
    1384819200000,
    0.03
  ],
  [
    1384905600000,
    0.03
  ],
  [
    1384992000000,
    0.034
  ],
  [
    1385078400000,
    0.03
  ],
  [
    1385164800000,
    0.03
  ],
  [
    1385251200000,
    0.03
  ],
  [
    1385337600000,
    0.031
  ],
  [
    1385424000000,
    0.03
  ],
  [
    1385510400000,
    0.034
  ],
  [
    1385596800000,
    0.03
  ],
  [
    1385683200000,
    0.032
  ],
  [
    1385769600000,
    0.166
  ],
  [
    1385856000000,
    0.034
  ],
  [
    1385942400000,
    0.032
  ],
  [
    1386028800000,
    0.03
  ],
  [
    1386115200000,
    0.04
  ],
  [
    1386201600000,
    0.035
  ],
  [
    1386288000000,
    0.031
  ],
  [
    1386374400000,
    0.038
  ],
  [
    1386460800000,
    0.036
  ],
  [
    1386547200000,
    0.03
  ],
  [
    1386633600000,
    0.03
  ],
  [
    1386720000000,
    0.03
  ],
  [
    1386806400000,
    0.03
  ],
  [
    1386892800000,
    0.03
  ],
  [
    1386979200000,
    0.03
  ],
  [
    1387065600000,
    0.03
  ],
  [
    1387152000000,
    0.187
  ],
  [
    1387238400000,
    0.033
  ],
  [
    1387324800000,
    0.03
  ],
  [
    1387411200000,
    0.03
  ],
  [
    1387497600000,
    0.03
  ],
  [
    1387584000000,
    0.03
  ],
  [
    1387670400000,
    0.032
  ],
  [
    1387756800000,
    0.03
  ],
  [
    1387843200000,
    0.03
  ],
  [
    1387929600000,
    0.033
  ],
  [
    1388016000000,
    0.032
  ],
  [
    1388102400000,
    0.031
  ],
  [
    1388188800000,
    0.034
  ],
  [
    1388275200000,
    0.03
  ],
  [
    1388361600000,
    0.032
  ],
  [
    1388448000000,
    0.032
  ],
  [
    1388534400000,
    0.032
  ],
  [
    1388620800000,
    0.031
  ],
  [
    1388707200000,
    0.03
  ],
  [
    1388793600000,
    0.03
  ],
  [
    1388880000000,
    0.034
  ],
  [
    1388966400000,
    0.031
  ],
  [
    1389052800000,
    0.03
  ],
  [
    1389139200000,
    0.03
  ],
  [
    1389225600000,
    0.033
  ],
  [
    1389312000000,
    0.03
  ],
  [
    1389398400000,
    0.03
  ],
  [
    1389484800000,
    0.03
  ],
  [
    1389571200000,
    0.03
  ],
  [
    1389657600000,
    0.03
  ],
  [
    1389744000000,
    0.03
  ],
  [
    1389830400000,
    0.032
  ],
  [
    1389916800000,
    0.03
  ],
  [
    1390003200000,
    0.031
  ],
  [
    1390089600000,
    0.03
  ],
  [
    1390176000000,
    0.03
  ],
  [
    1390262400000,
    0.03
  ],
  [
    1390348800000,
    0.03
  ],
  [
    1390435200000,
    0.03
  ],
  [
    1390521600000,
    0.03
  ],
  [
    1390608000000,
    0.03
  ],
  [
    1390694400000,
    0.03
  ],
  [
    1390780800000,
    0.03
  ],
  [
    1390867200000,
    0.032
  ],
  [
    1390953600000,
    0.03
  ],
  [
    1391040000000,
    0.03
  ],
  [
    1391126400000,
    0.03
  ],
  [
    1391212800000,
    0.03
  ],
  [
    1391299200000,
    0.031
  ],
  [
    1391385600000,
    0.03
  ],
  [
    1391472000000,
    0.03
  ],
  [
    1391558400000,
    0.03
  ],
  [
    1391644800000,
    0.03
  ],
  [
    1391731200000,
    0.03
  ],
  [
    1391817600000,
    0.03
  ],
  [
    1391904000000,
    0.03
  ],
  [
    1391990400000,
    0.03
  ],
  [
    1392076800000,
    0.03
  ],
  [
    1392163200000,
    0.03
  ],
  [
    1392249600000,
    0.03
  ],
  [
    1392336000000,
    0.03
  ],
  [
    1392422400000,
    0.054
  ],
  [
    1392508800000,
    0.03
  ],
  [
    1392595200000,
    0.037
  ],
  [
    1392681600000,
    0.03
  ],
  [
    1392768000000,
    0.03
  ],
  [
    1392854400000,
    0.03
  ],
  [
    1392940800000,
    0.03
  ],
  [
    1393027200000,
    0.046
  ],
  [
    1393113600000,
    0.03
  ],
  [
    1393200000000,
    0.03
  ],
  [
    1393286400000,
    0.03
  ],
  [
    1393372800000,
    0.03
  ],
  [
    1393459200000,
    0.03
  ],
  [
    1393545600000,
    0.03
  ],
  [
    1393632000000,
    0.03
  ],
  [
    1393718400000,
    0.03
  ],
  [
    1393804800000,
    0.03
  ],
  [
    1393891200000,
    0.03
  ],
  [
    1393977600000,
    0.03
  ],
  [
    1394064000000,
    0.03
  ],
  [
    1394150400000,
    0.03
  ],
  [
    1394236800000,
    0.03
  ],
  [
    1394323200000,
    0.03
  ],
  [
    1394409600000,
    0.03
  ],
  [
    1394496000000,
    0.076
  ],
  [
    1394582400000,
    0.03
  ],
  [
    1394668800000,
    0.03
  ],
  [
    1394755200000,
    0.03
  ],
  [
    1394841600000,
    0.03
  ],
  [
    1394928000000,
    0.03
  ],
  [
    1395014400000,
    0.03
  ],
  [
    1395100800000,
    0.03
  ],
  [
    1395187200000,
    0.03
  ],
  [
    1395273600000,
    0.03
  ],
  [
    1395360000000,
    0.03
  ],
  [
    1395446400000,
    0.03
  ],
  [
    1395532800000,
    0.03
  ],
  [
    1395619200000,
    0.03
  ],
  [
    1395705600000,
    0.03
  ],
  [
    1395792000000,
    0.03
  ],
  [
    1395878400000,
    0.03
  ],
  [
    1395964800000,
    0.03
  ],
  [
    1396051200000,
    0.03
  ],
  [
    1396137600000,
    0.03
  ],
  [
    1396220400000,
    0.03
  ],
  [
    1396306800000,
    0.03
  ],
  [
    1396393200000,
    0.03
  ],
  [
    1396479600000,
    0.03
  ],
  [
    1396566000000,
    0.03
  ],
  [
    1396652400000,
    0.03
  ],
  [
    1396738800000,
    0.03
  ],
  [
    1396825200000,
    0.03
  ],
  [
    1396911600000,
    0.03
  ],
  [
    1396998000000,
    0.03
  ],
  [
    1397084400000,
    0.03
  ],
  [
    1397170800000,
    0.03
  ],
  [
    1397257200000,
    0.03
  ],
  [
    1397343600000,
    0.03
  ],
  [
    1397430000000,
    0.03
  ],
  [
    1397516400000,
    0.03
  ],
  [
    1397602800000,
    0.032
  ],
  [
    1397689200000,
    0.03
  ],
  [
    1397775600000,
    0.03
  ],
  [
    1397862000000,
    0.03
  ],
  [
    1397948400000,
    0.033
  ],
  [
    1398034800000,
    0.03
  ],
  [
    1398121200000,
    0.03
  ],
  [
    1398207600000,
    0.03
  ],
  [
    1398294000000,
    0.03
  ],
  [
    1398380400000,
    0.03
  ],
  [
    1398466800000,
    0.03
  ],
  [
    1398553200000,
    0.03
  ],
  [
    1398639600000,
    0.03
  ],
  [
    1398726000000,
    0.03
  ],
  [
    1398812400000,
    0.03
  ],
  [
    1398898800000,
    0.03
  ],
  [
    1398985200000,
    0.03
  ],
  [
    1399071600000,
    0.03
  ],
  [
    1399158000000,
    0.03
  ],
  [
    1399244400000,
    0.03
  ],
  [
    1399330800000,
    0.03
  ],
  [
    1399417200000,
    0.03
  ],
  [
    1399503600000,
    0.03
  ],
  [
    1399590000000,
    0.03
  ],
  [
    1399676400000,
    0.03
  ],
  [
    1399762800000,
    0.03
  ],
  [
    1399849200000,
    0.03
  ],
  [
    1399935600000,
    0.03
  ],
  [
    1400022000000,
    0.03
  ],
  [
    1400108400000,
    0.032
  ],
  [
    1400194800000,
    0.03
  ],
  [
    1400281200000,
    0.035
  ],
  [
    1400367600000,
    0.032
  ],
  [
    1400454000000,
    0.032
  ],
  [
    1400540400000,
    0.033
  ],
  [
    1400626800000,
    0.03
  ],
  [
    1400713200000,
    0.032
  ],
  [
    1400799600000,
    0.03
  ],
  [
    1400886000000,
    0.03
  ],
  [
    1400972400000,
    0.041
  ],
  [
    1401058800000,
    0.031
  ],
  [
    1401145200000,
    0.03
  ],
  [
    1401231600000,
    0.045
  ],
  [
    1401318000000,
    0.03
  ],
  [
    1401404400000,
    0.034
  ],
  [
    1401490800000,
    0.038
  ],
  [
    1401577200000,
    0.044
  ],
  [
    1401663600000,
    0.03
  ],
  [
    1401750000000,
    0.03
  ],
  [
    1401836400000,
    0.033
  ],
  [
    1401922800000,
    0.03
  ],
  [
    1402009200000,
    0.038
  ],
  [
    1402095600000,
    0.031
  ],
  [
    1402182000000,
    0.038
  ],
  [
    1402268400000,
    0.03
  ],
  [
    1402354800000,
    0.035
  ],
  [
    1402441200000,
    0.038
  ],
  [
    1402527600000,
    0.032
  ],
  [
    1402614000000,
    0.035
  ],
  [
    1402700400000,
    0.035
  ],
  [
    1402786800000,
    0.035
  ],
  [
    1402873200000,
    0.035
  ],
  [
    1402959600000,
    0.033
  ],
  [
    1403046000000,
    0.03
  ],
  [
    1403132400000,
    0.034
  ],
  [
    1403218800000,
    0.03
  ],
  [
    1403305200000,
    0.03
  ],
  [
    1403391600000,
    0.036
  ],
  [
    1403478000000,
    0.03
  ],
  [
    1403564400000,
    0.03
  ],
  [
    1403650800000,
    0.03
  ],
  [
    1403737200000,
    0.03
  ],
  [
    1403823600000,
    0.281
  ],
  [
    1403910000000,
    0.03
  ],
  [
    1403996400000,
    0.038
  ],
  [
    1404082800000,
    0.03
  ],
  [
    1404169200000,
    0.03
  ],
  [
    1404255600000,
    0.034
  ],
  [
    1404342000000,
    0.03
  ],
  [
    1404428400000,
    0.03
  ],
  [
    1404514800000,
    0.03
  ],
  [
    1404601200000,
    0.032
  ],
  [
    1404687600000,
    0.03
  ],
  [
    1404774000000,
    0.03
  ],
  [
    1404860400000,
    0.03
  ],
  [
    1404946800000,
    0.031
  ],
  [
    1405033200000,
    0.035
  ],
  [
    1405119600000,
    0.032
  ],
  [
    1405206000000,
    0.03
  ],
  [
    1405292400000,
    0.03
  ],
  [
    1405378800000,
    0.034
  ],
  [
    1405465200000,
    0.03
  ],
  [
    1405551600000,
    0.036
  ],
  [
    1405638000000,
    0.032
  ],
  [
    1405724400000,
    0.03
  ],
  [
    1405810800000,
    0.033
  ],
  [
    1405897200000,
    0.03
  ],
  [
    1405983600000,
    0.031
  ],
  [
    1406070000000,
    0.03
  ],
  [
    1406156400000,
    0.03
  ],
  [
    1406242800000,
    0.03
  ],
  [
    1406329200000,
    0.033
  ],
  [
    1406415600000,
    0.03
  ],
  [
    1406502000000,
    0.03
  ],
  [
    1406588400000,
    0.032
  ],
  [
    1406674800000,
    0.038
  ],
  [
    1406761200000,
    0.03
  ],
  [
    1406847600000,
    0.031
  ],
  [
    1406934000000,
    0.061
  ],
  [
    1407020400000,
    0.035
  ],
  [
    1407106800000,
    0.045
  ],
  [
    1407193200000,
    0.031
  ],
  [
    1407279600000,
    0.03
  ],
  [
    1407366000000,
    0.038
  ],
  [
    1407452400000,
    0.041
  ],
  [
    1407538800000,
    0.037
  ],
  [
    1407625200000,
    0.033
  ],
  [
    1407711600000,
    0.034
  ],
  [
    1407798000000,
    0.03
  ],
  [
    1407884400000,
    0.032
  ],
  [
    1407970800000,
    0.03
  ],
  [
    1408057200000,
    0.031
  ],
  [
    1408143600000,
    0.033
  ],
  [
    1408230000000,
    12.524
  ],
  [
    1408316400000,
    0.03
  ],
  [
    1408402800000,
    12.14
  ],
  [
    1408489200000,
    0.03
  ],
  [
    1408575600000,
    0.035
  ],
  [
    1408662000000,
    0.034
  ],
  [
    1408748400000,
    0.043
  ],
  [
    1408834800000,
    0.063
  ],
  [
    1408921200000,
    0.03
  ],
  [
    1409007600000,
    0.039
  ],
  [
    1409094000000,
    0.039
  ],
  [
    1409180400000,
    0.036
  ],
  [
    1409266800000,
    0.034
  ],
  [
    1409353200000,
    0.044
  ],
  [
    1409439600000,
    0.031
  ],
  [
    1409526000000,
    0.039
  ],
  [
    1409612400000,
    0.03
  ],
  [
    1409698800000,
    0.03
  ],
  [
    1409785200000,
    0.03
  ],
  [
    1409871600000,
    0.038
  ],
  [
    1409958000000,
    0.03
  ],
  [
    1410044400000,
    0.04
  ],
  [
    1410130800000,
    0.035
  ],
  [
    1410217200000,
    0.032
  ],
  [
    1410303600000,
    0.033
  ],
  [
    1410390000000,
    0.034
  ],
  [
    1410476400000,
    0.03
  ],
  [
    1410562800000,
    0.035
  ],
  [
    1410649200000,
    0.038
  ],
  [
    1410735600000,
    0.033
  ],
  [
    1410822000000,
    0.043
  ],
  [
    1410908400000,
    0.045
  ],
  [
    1410994800000,
    0.038
  ],
  [
    1411081200000,
    0.03
  ],
  [
    1411167600000,
    0.043
  ],
  [
    1411254000000,
    0.035
  ],
  [
    1411340400000,
    0.03
  ],
  [
    1411426800000,
    0.129
  ],
  [
    1411513200000,
    0.031
  ],
  [
    1411599600000,
    0.041
  ],
  [
    1411686000000,
    0.035
  ],
  [
    1411772400000,
    0.042
  ],
  [
    1411858800000,
    0.043
  ],
  [
    1411945200000,
    0.034
  ],
  [
    1412031600000,
    0.031
  ],
  [
    1412118000000,
    0.039
  ],
  [
    1412204400000,
    0.034
  ],
  [
    1412290800000,
    0.046
  ],
  [
    1412377200000,
    0.03
  ],
  [
    1412463600000,
    0.038
  ],
  [
    1412550000000,
    0.036
  ],
  [
    1412636400000,
    0.042
  ],
  [
    1412722800000,
    0.037
  ],
  [
    1412809200000,
    0.032
  ],
  [
    1412895600000,
    0.036
  ],
  [
    1412982000000,
    0.045
  ],
  [
    1413068400000,
    0.041
  ],
  [
    1413154800000,
    0.036
  ],
  [
    1413241200000,
    0.044
  ],
  [
    1413327600000,
    0.039
  ],
  [
    1413414000000,
    0.038
  ],
  [
    1413500400000,
    0.03
  ],
  [
    1413586800000,
    0.039
  ],
  [
    1413673200000,
    0.042
  ],
  [
    1413759600000,
    0.05
  ],
  [
    1413846000000,
    0.046
  ],
  [
    1413932400000,
    0.037
  ],
  [
    1414018800000,
    0.045
  ],
  [
    1414105200000,
    0.056
  ],
  [
    1414191600000,
    0.045
  ],
  [
    1414278000000,
    0.041
  ],
  [
    1414368000000,
    0.037
  ],
  [
    1414454400000,
    0.053
  ],
  [
    1414540800000,
    0.043
  ],
  [
    1414627200000,
    0.044
  ],
  [
    1414713600000,
    0.041
  ],
  [
    1414800000000,
    0.051
  ],
  [
    1414886400000,
    0.035
  ],
  [
    1414972800000,
    0.044
  ],
  [
    1415059200000,
    0.042
  ],
  [
    1415145600000,
    0.047
  ],
  [
    1415232000000,
    0.034
  ],
  [
    1415318400000,
    0.039
  ],
  [
    1415404800000,
    0.046
  ],
  [
    1415491200000,
    0.049
  ],
  [
    1415577600000,
    0.048
  ],
  [
    1415664000000,
    0.033
  ],
  [
    1415750400000,
    0.032
  ],
  [
    1415836800000,
    0.03
  ],
  [
    1415923200000,
    0.035
  ],
  [
    1416009600000,
    0.048
  ],
  [
    1416096000000,
    0.046
  ],
  [
    1416182400000,
    0.045
  ],
  [
    1416268800000,
    0.03
  ],
  [
    1416355200000,
    0.032
  ],
  [
    1416441600000,
    0.041
  ],
  [
    1416528000000,
    0.03
  ],
  [
    1416614400000,
    0.052
  ],
  [
    1416700800000,
    0.043
  ],
  [
    1416787200000,
    0.04
  ],
  [
    1416873600000,
    0.038
  ],
  [
    1416960000000,
    0.059
  ],
  [
    1417046400000,
    0.032
  ],
  [
    1417132800000,
    0.036
  ],
  [
    1417219200000,
    0.048
  ],
  [
    1417305600000,
    0.036
  ],
  [
    1417392000000,
    0.037
  ],
  [
    1417478400000,
    0.034
  ],
  [
    1417564800000,
    0.03
  ],
  [
    1417651200000,
    0.036
  ],
  [
    1417737600000,
    0.048
  ],
  [
    1417824000000,
    0.054
  ],
  [
    1417910400000,
    0.036
  ],
  [
    1417996800000,
    0.045
  ],
  [
    1418083200000,
    0.044
  ],
  [
    1418169600000,
    0.044
  ],
  [
    1418256000000,
    0.04
  ],
  [
    1418342400000,
    0.044
  ],
  [
    1418428800000,
    0.037
  ],
  [
    1418515200000,
    0.04
  ],
  [
    1418601600000,
    0.035
  ],
  [
    1418688000000,
    0.038
  ],
  [
    1418774400000,
    0.037
  ],
  [
    1418860800000,
    0.053
  ],
  [
    1418947200000,
    0.046
  ],
  [
    1419033600000,
    0.035
  ],
  [
    1419120000000,
    0.047
  ],
  [
    1419206400000,
    0.041
  ],
  [
    1419292800000,
    0.045
  ],
  [
    1419379200000,
    0.03
  ],
  [
    1419465600000,
    0.032
  ],
  [
    1419552000000,
    0.049
  ],
  [
    1419638400000,
    0.046
  ],
  [
    1419724800000,
    0.057
  ],
  [
    1419811200000,
    0.031
  ],
  [
    1419897600000,
    0.045
  ],
  [
    1419984000000,
    0.034
  ],
  [
    1420070400000,
    0.05
  ],
  [
    1420156800000,
    1.708
  ],
  [
    1420243200000,
    0.05
  ],
  [
    1420329600000,
    0.056
  ],
  [
    1420416000000,
    0.048
  ],
  [
    1420502400000,
    0.057
  ],
  [
    1420588800000,
    0.059
  ],
  [
    1420675200000,
    0.05
  ],
  [
    1420761600000,
    0.049
  ],
  [
    1420848000000,
    0.049
  ],
  [
    1420934400000,
    0.064
  ],
  [
    1421020800000,
    0.057
  ],
  [
    1421107200000,
    0.061
  ],
  [
    1421193600000,
    0.052
  ],
  [
    1421280000000,
    0.057
  ],
  [
    1421366400000,
    0.048
  ],
  [
    1421452800000,
    0.057
  ],
  [
    1421539200000,
    0.056
  ],
  [
    1421625600000,
    0.055
  ],
  [
    1421712000000,
    0.065
  ],
  [
    1421798400000,
    0.039
  ],
  [
    1421884800000,
    0.065
  ],
  [
    1421971200000,
    0.053
  ],
  [
    1422057600000,
    0.056
  ],
  [
    1422144000000,
    0.062
  ],
  [
    1422230400000,
    0.057
  ],
  [
    1422316800000,
    0.055
  ],
  [
    1422403200000,
    0.056
  ],
  [
    1422489600000,
    0.057
  ],
  [
    1422576000000,
    0.061
  ],
  [
    1422662400000,
    0.072
  ],
  [
    1422748800000,
    0.068
  ],
  [
    1422835200000,
    0.065
  ],
  [
    1422921600000,
    0.077
  ],
  [
    1423008000000,
    0.076
  ],
  [
    1423094400000,
    0.118
  ],
  [
    1423180800000,
    0.122
  ],
  [
    1423267200000,
    0.09
  ],
  [
    1423353600000,
    0.074
  ],
  [
    1423440000000,
    0.076
  ],
  [
    1423526400000,
    0.094
  ],
  [
    1423612800000,
    0.237
  ],
  [
    1423699200000,
    0.34
  ],
  [
    1423785600000,
    0.111
  ],
  [
    1423872000000,
    0.101
  ],
  [
    1423958400000,
    0.117
  ],
  [
    1424044800000,
    0.094
  ],
  [
    1424131200000,
    0.064
  ],
  [
    1424217600000,
    0.222
  ],
  [
    1424304000000,
    0.111
  ],
  [
    1424390400000,
    0.071
  ],
  [
    1424476800000,
    0.073
  ],
  [
    1424563200000,
    0.069
  ],
  [
    1424649600000,
    0.757
  ],
  [
    1424736000000,
    28.955
  ],
  [
    1424822400000,
    0.121
  ],
  [
    1424908800000,
    0.104
  ],
  [
    1424995200000,
    0.102
  ],
  [
    1425081600000,
    0.063
  ],
  [
    1425168000000,
    0.084
  ],
  [
    1425254400000,
    0.088
  ],
  [
    1425340800000,
    0.065
  ],
  [
    1425427200000,
    0.083
  ],
  [
    1425513600000,
    0.072
  ],
  [
    1425600000000,
    0.122
  ],
  [
    1425686400000,
    0.131
  ],
  [
    1425772800000,
    0.096
  ],
  [
    1425859200000,
    0.088
  ],
  [
    1425945600000,
    0.096
  ],
  [
    1426032000000,
    0.089
  ],
  [
    1426118400000,
    0.19
  ],
  [
    1426204800000,
    0.325
  ],
  [
    1426291200000,
    0.184
  ],
  [
    1426377600000,
    0.106
  ],
  [
    1426464000000,
    0.108
  ],
  [
    1426550400000,
    0.086
  ],
  [
    1426636800000,
    0.062
  ],
  [
    1426723200000,
    0.079
  ],
  [
    1426809600000,
    0.083
  ],
  [
    1426896000000,
    0.133
  ],
  [
    1426982400000,
    1.066
  ],
  [
    1427068800000,
    0.13
  ],
  [
    1427155200000,
    0.124
  ],
  [
    1427241600000,
    0.252
  ],
  [
    1427328000000,
    0.096
  ],
  [
    1427414400000,
    0.087
  ],
  [
    1427500800000,
    0.1
  ],
  [
    1427587200000,
    0.088
  ],
  [
    1427670000000,
    0.099
  ],
  [
    1427756400000,
    0.071
  ],
  [
    1427842800000,
    0.249
  ],
  [
    1427929200000,
    0.157
  ],
  [
    1428015600000,
    0.141
  ],
  [
    1428102000000,
    0.117
  ],
  [
    1428188400000,
    0.089
  ],
  [
    1428274800000,
    0.111
  ],
  [
    1428361200000,
    0.443
  ],
  [
    1428447600000,
    0.111
  ],
  [
    1428534000000,
    0.115
  ],
  [
    1428620400000,
    0.111
  ],
  [
    1428706800000,
    0.118
  ],
  [
    1428793200000,
    0.117
  ],
  [
    1428879600000,
    0.109
  ],
  [
    1428966000000,
    2.25
  ],
  [
    1429052400000,
    0.125
  ],
  [
    1429138800000,
    0.113
  ],
  [
    1429225200000,
    0.055
  ],
  [
    1429311600000,
    0.108
  ],
  [
    1429398000000,
    0.099
  ],
  [
    1429484400000,
    0.083
  ],
  [
    1429570800000,
    0.086
  ],
  [
    1429657200000,
    0.09
  ],
  [
    1429743600000,
    0.439
  ],
  [
    1429830000000,
    0.083
  ],
  [
    1429916400000,
    0.094
  ],
  [
    1430002800000,
    0.089
  ],
  [
    1430089200000,
    0.086
  ],
  [
    1430175600000,
    0.095
  ],
  [
    1430262000000,
    0.1
  ],
  [
    1430348400000,
    0.127
  ],
  [
    1430434800000,
    0.098
  ],
  [
    1430521200000,
    0.101
  ],
  [
    1430607600000,
    0.103
  ],
  [
    1430694000000,
    0.906
  ],
  [
    1430780400000,
    0.095
  ],
  [
    1430866800000,
    0.086
  ],
  [
    1430953200000,
    0.077
  ],
  [
    1431039600000,
    0.093
  ],
  [
    1431126000000,
    0.105
  ],
  [
    1431212400000,
    0.123
  ],
  [
    1431298800000,
    0.075
  ],
  [
    1431385200000,
    0.121
  ],
  [
    1431471600000,
    0.1
  ],
  [
    1431558000000,
    0.111
  ],
  [
    1431644400000,
    0.113
  ],
  [
    1431730800000,
    0.078
  ],
  [
    1431817200000,
    0.091
  ],
  [
    1431903600000,
    0.114
  ],
  [
    1431990000000,
    0.092
  ],
  [
    1432076400000,
    0.119
  ],
  [
    1432162800000,
    0.097
  ],
  [
    1432249200000,
    0.126
  ],
  [
    1432335600000,
    0.11
  ],
  [
    1432422000000,
    0.124
  ],
  [
    1432508400000,
    0.069
  ],
  [
    1432594800000,
    1.042
  ],
  [
    1432681200000,
    0.701
  ],
  [
    1432767600000,
    0.513
  ],
  [
    1432854000000,
    0.391
  ],
  [
    1432940400000,
    0.247
  ],
  [
    1433026800000,
    0.209
  ],
  [
    1433113200000,
    0.225
  ],
  [
    1433199600000,
    11.92
  ],
  [
    1433286000000,
    0.112
  ],
  [
    1433372400000,
    0.158
  ],
  [
    1433458800000,
    0.126
  ],
  [
    1433545200000,
    0.107
  ],
  [
    1433631600000,
    0.124
  ],
  [
    1433718000000,
    0.138
  ],
  [
    1433804400000,
    0.142
  ],
  [
    1433890800000,
    0.134
  ],
  [
    1433977200000,
    0.137
  ],
  [
    1434063600000,
    0.113
  ],
  [
    1434150000000,
    0.102
  ],
  [
    1434236400000,
    0.1
  ],
  [
    1434322800000,
    0.12
  ],
  [
    1434409200000,
    0.101
  ],
  [
    1434495600000,
    0.12
  ],
  [
    1434582000000,
    0.096
  ],
  [
    1434668400000,
    0.229
  ],
  [
    1434754800000,
    0.218
  ],
  [
    1434841200000,
    0.197
  ],
  [
    1434927600000,
    0.39
  ],
  [
    1435014000000,
    0.204
  ],
  [
    1435100400000,
    0.166
  ],
  [
    1435186800000,
    0.24
  ],
  [
    1435273200000,
    0.231
  ],
  [
    1435446000000,
    0.223
  ],
  [
    1435532400000,
    0.166
  ],
  [
    1435618800000,
    0.168
  ],
  [
    1435705200000,
    0.149
  ],
  [
    1435791600000,
    0.112
  ],
  [
    1435878000000,
    0.104
  ],
  [
    1435964400000,
    0.133
  ],
  [
    1436050800000,
    0.121
  ],
  [
    1436137200000,
    0.113
  ],
  [
    1436223600000,
    0.162
  ],
  [
    1436310000000,
    0.118
  ],
  [
    1436396400000,
    0.172
  ],
  [
    1436482800000,
    0.123
  ],
  [
    1436569200000,
    0.12
  ],
  [
    1436655600000,
    0.13
  ],
  [
    1436742000000,
    0.118
  ],
  [
    1436828400000,
    0.108
  ],
  [
    1436914800000,
    0.109
  ],
  [
    1437001200000,
    0.13
  ],
  [
    1437087600000,
    0.17
  ],
  [
    1437174000000,
    0.245
  ],
  [
    1437260400000,
    0.215
  ],
  [
    1437346800000,
    0.2
  ],
  [
    1437433200000,
    0.154
  ],
  [
    1437519600000,
    0.142
  ],
  [
    1437606000000,
    0.111
  ],
  [
    1437692400000,
    0.136
  ],
  [
    1437778800000,
    0.152
  ],
  [
    1437865200000,
    0.133
  ],
  [
    1437951600000,
    0.124
  ],
  [
    1438038000000,
    0.138
  ],
  [
    1438124400000,
    0.159
  ],
  [
    1438210800000,
    0.137
  ],
  [
    1438297200000,
    0.12
  ],
  [
    1438383600000,
    0.134
  ],
  [
    1438470000000,
    0.144
  ],
  [
    1438556400000,
    0.119
  ],
  [
    1438642800000,
    0.133
  ],
  [
    1438729200000,
    0.121
  ],
  [
    1438815600000,
    9.17
  ],
  [
    1438902000000,
    0.465
  ],
  [
    1438988400000,
    0.458
  ],
  [
    1439161200000,
    0.26
  ],
  [
    1439247600000,
    0.258
  ],
  [
    1439334000000,
    0.208
  ],
  [
    1439420400000,
    0.165
  ],
  [
    1439506800000,
    16.784
  ],
  [
    1439593200000,
    0.178
  ],
  [
    1439679600000,
    0.238
  ],
  [
    1439766000000,
    0.165
  ],
  [
    1439852400000,
    0.176
  ],
  [
    1439938800000,
    0.12
  ],
  [
    1440025200000,
    0.146
  ],
  [
    1440111600000,
    0.106
  ],
  [
    1440284400000,
    0.249
  ],
  [
    1440370800000,
    0.103
  ],
  [
    1440457200000,
    0.086
  ],
  [
    1440543600000,
    0.092
  ],
  [
    1440630000000,
    0.113
  ],
  [
    1440716400000,
    0.115
  ],
  [
    1440889200000,
    0.131
  ],
  [
    1440975600000,
    0.139
  ],
  [
    1441062000000,
    0.133
  ],
  [
    1441148400000,
    0.168
  ],
  [
    1441234800000,
    0.125
  ],
  [
    1441321200000,
    0.114
  ],
  [
    1441407600000,
    0.139
  ],
  [
    1441494000000,
    0.132
  ],
  [
    1441580400000,
    3.569
  ],
  [
    1441666800000,
    0.165
  ],
  [
    1441753200000,
    0.219
  ],
  [
    1441839600000,
    0.15
  ],
  [
    1441926000000,
    0.184
  ],
  [
    1442012400000,
    0.171
  ],
  [
    1442098800000,
    2.899
  ],
  [
    1442271600000,
    2.498
  ],
  [
    1442358000000,
    0.231
  ],
  [
    1442444400000,
    0.26
  ],
  [
    1442530800000,
    0.201
  ],
  [
    1442617200000,
    0.221
  ],
  [
    1442703600000,
    3.092
  ],
  [
    1442790000000,
    5.612
  ],
  [
    1442876400000,
    1.979
  ],
  [
    1442962800000,
    0.224
  ],
  [
    1443049200000,
    0.197
  ],
  [
    1443135600000,
    0.23
  ],
  [
    1443222000000,
    0.203
  ],
  [
    1443308400000,
    2.615
  ],
  [
    1443394800000,
    0.163
  ],
  [
    1443481200000,
    0.142
  ],
  [
    1443567600000,
    0.156
  ],
  [
    1443654000000,
    0.168
  ],
  [
    1443740400000,
    0.16
  ],
  [
    1443826800000,
    2.432
  ],
  [
    1443913200000,
    0.829
  ],
  [
    1443999600000,
    0.156
  ],
  [
    1444086000000,
    0.174
  ],
  [
    1444172400000,
    1.888
  ],
  [
    1444258800000,
    0.526
  ],
  [
    1444345200000,
    0.577
  ],
  [
    1444518000000,
    0.386
  ],
  [
    1444690800000,
    0.254
  ],
  [
    1444777200000,
    0.207
  ],
  [
    1444863600000,
    0.165
  ],
  [
    1444950000000,
    0.132
  ],
  [
    1445036400000,
    0.193
  ],
  [
    1445122800000,
    0.183
  ],
  [
    1445209200000,
    0.215
  ],
  [
    1445295600000,
    0.193
  ],
  [
    1445382000000,
    0.154
  ],
  [
    1445468400000,
    0.175
  ],
  [
    1445554800000,
    0.16
  ],
  [
    1445641200000,
    0.181
  ],
  [
    1445727600000,
    0.145
  ],
  [
    1445817600000,
    0.133
  ],
  [
    1445904000000,
    0.147
  ],
  [
    1445990400000,
    0.129
  ],
  [
    1446076800000,
    0.142
  ],
  [
    1446163200000,
    0.19
  ],
  [
    1446249600000,
    0.175
  ],
  [
    1446336000000,
    0.693
  ],
  [
    1446422400000,
    0.106
  ],
  [
    1446508800000,
    0.122
  ],
  [
    1446595200000,
    0.096
  ],
  [
    1446681600000,
    0.141
  ],
  [
    1446768000000,
    0.142
  ],
  [
    1446854400000,
    0.143
  ],
  [
    1446940800000,
    0.156
  ],
  [
    1447027200000,
    0.148
  ],
  [
    1447113600000,
    0.943
  ],
  [
    1447200000000,
    0.161
  ],
  [
    1447286400000,
    0.148
  ],
  [
    1447372800000,
    0.144
  ],
  [
    1447459200000,
    0.168
  ],
  [
    1447545600000,
    0.163
  ],
  [
    1447632000000,
    0.205
  ],
  [
    1447718400000,
    0.654
  ],
  [
    1447804800000,
    0.425
  ],
  [
    1447891200000,
    0.195
  ],
  [
    1447977600000,
    0.201
  ],
  [
    1448064000000,
    0.193
  ],
  [
    1448150400000,
    0.159
  ],
  [
    1448236800000,
    0.151
  ],
  [
    1448323200000,
    0.155
  ],
  [
    1448409600000,
    0.162
  ],
  [
    1448496000000,
    0.143
  ],
  [
    1448582400000,
    0.143
  ],
  [
    1448668800000,
    0.122
  ],
  [
    1448755200000,
    0.136
  ],
  [
    1448841600000,
    0.118
  ],
  [
    1448928000000,
    0.121
  ],
  [
    1449014400000,
    0.211
  ],
  [
    1449100800000,
    0.236
  ],
  [
    1449187200000,
    0.189
  ],
  [
    1449273600000,
    0.226
  ],
  [
    1449360000000,
    0.19
  ],
  [
    1449446400000,
    0.17
  ],
  [
    1449532800000,
    0.188
  ],
  [
    1449619200000,
    0.179
  ],
  [
    1449705600000,
    0.167
  ],
  [
    1449792000000,
    4.269
  ],
  [
    1449878400000,
    0.21
  ],
  [
    1449964800000,
    0.21
  ],
  [
    1450051200000,
    0.127
  ],
  [
    1450137600000,
    0.204
  ],
  [
    1450224000000,
    0.209
  ],
  [
    1450310400000,
    0.213
  ],
  [
    1450396800000,
    0.196
  ],
  [
    1450483200000,
    0.17
  ],
  [
    1450569600000,
    0.215
  ],
  [
    1450656000000,
    0.182
  ],
  [
    1450742400000,
    0.254
  ],
  [
    1450828800000,
    3.4
  ],
  [
    1450915200000,
    0.119
  ],
  [
    1451001600000,
    0.137
  ],
  [
    1451088000000,
    0.125
  ],
  [
    1451174400000,
    6.558
  ],
  [
    1451260800000,
    2.106
  ],
  [
    1451347200000,
    0.175
  ],
  [
    1451433600000,
    0.602
  ],
  [
    1451520000000,
    0.197
  ],
  [
    1451606400000,
    0.215
  ],
  [
    1451692800000,
    0.199
  ],
  [
    1451779200000,
    0.191
  ],
  [
    1451865600000,
    0.18
  ],
  [
    1451952000000,
    0.163
  ],
  [
    1452038400000,
    0.17
  ],
  [
    1452124800000,
    0.164
  ],
  [
    1452211200000,
    0.17
  ],
  [
    1452297600000,
    0.17
  ],
  [
    1452384000000,
    0.241
  ],
  [
    1452470400000,
    0.244
  ],
  [
    1452643200000,
    0.223
  ],
  [
    1452729600000,
    0.218
  ],
  [
    1452816000000,
    0.195
  ],
  [
    1452902400000,
    4.366
  ],
  [
    1452988800000,
    2.621
  ],
  [
    1453075200000,
    0.219
  ],
  [
    1453161600000,
    0.212
  ],
  [
    1453248000000,
    0.212
  ],
  [
    1453334400000,
    0.169
  ],
  [
    1453420800000,
    0.194
  ],
  [
    1453507200000,
    0.873
  ],
  [
    1453593600000,
    0.205
  ],
  [
    1453680000000,
    0.161
  ],
  [
    1453766400000,
    1.041
  ],
  [
    1453852800000,
    0.212
  ],
  [
    1453939200000,
    0.185
  ],
  [
    1454025600000,
    0.226
  ],
  [
    1454112000000,
    0.212
  ],
  [
    1454198400000,
    0.172
  ],
  [
    1454284800000,
    0.221
  ],
  [
    1454371200000,
    0.196
  ],
  [
    1454457600000,
    0.218
  ],
  [
    1454544000000,
    0.222
  ],
  [
    1454630400000,
    0.199
  ],
  [
    1454716800000,
    0.24
  ],
  [
    1454803200000,
    0.218
  ],
  [
    1454889600000,
    0.183
  ],
  [
    1454976000000,
    0.214
  ],
  [
    1455062400000,
    0.163
  ],
  [
    1455148800000,
    0.21
  ],
  [
    1455235200000,
    0.161
  ],
  [
    1455321600000,
    0.201
  ],
  [
    1455408000000,
    0.22
  ],
  [
    1455494400000,
    0.226
  ],
  [
    1455580800000,
    0.21
  ],
  [
    1455667200000,
    0.218
  ],
  [
    1455753600000,
    0.202
  ],
  [
    1455840000000,
    0.165
  ],
  [
    1455926400000,
    0.178
  ],
  [
    1456012800000,
    0.192
  ],
  [
    1456099200000,
    0.161
  ],
  [
    1456185600000,
    0.206
  ],
  [
    1456272000000,
    0.161
  ],
  [
    1456358400000,
    0.169
  ],
  [
    1456444800000,
    0.203
  ],
  [
    1456531200000,
    0.214
  ],
  [
    1456617600000,
    0.241
  ],
  [
    1456704000000,
    0.222
  ],
  [
    1456790400000,
    0.193
  ],
  [
    1456876800000,
    0.258
  ],
  [
    1456963200000,
    0.282
  ],
  [
    1457049600000,
    0.262
  ],
  [
    1457136000000,
    0.229
  ],
  [
    1457222400000,
    0.206
  ],
  [
    1457308800000,
    0.218
  ],
  [
    1457395200000,
    0.21
  ],
  [
    1457481600000,
    0.207
  ],
  [
    1457568000000,
    0.217
  ],
  [
    1457654400000,
    0.21
  ],
  [
    1457740800000,
    0.244
  ],
  [
    1457827200000,
    0.263
  ],
  [
    1458000000000,
    0.448
  ],
  [
    1458172800000,
    0.502
  ],
  [
    1458259200000,
    1.442
  ],
  [
    1458345600000,
    1.698
  ],
  [
    1458432000000,
    1.177
  ],
  [
    1458950400000,
    46.098
  ],
  [
    1459036800000,
    19.541
  ],
  [
    1459119600000,
    6.182
  ],
  [
    1459206000000,
    5.387
  ],
  [
    1459292400000,
    3.765
  ],
  [
    1459465200000,
    2.437
  ],
  [
    1459551600000,
    2.011
  ],
  [
    1459638000000,
    1.77
  ],
  [
    1459724400000,
    1.784
  ],
  [
    1459810800000,
    1.393
  ],
  [
    1459897200000,
    1.205
  ],
  [
    1460070000000,
    0.675
  ],
  [
    1460156400000,
    1.05
  ],
  [
    1460242800000,
    0.77
  ],
  [
    1460329200000,
    0.76
  ],
  [
    1460415600000,
    0.695
  ],
  [
    1460502000000,
    0.566
  ],
  [
    1460588400000,
    0.682
  ],
  [
    1460674800000,
    0.07
  ],
  [
    1460761200000,
    0.633
  ],
  [
    1460847600000,
    0.7
  ],
  [
    1460934000000,
    0.647
  ],
  [
    1461020400000,
    0.712
  ],
  [
    1461106800000,
    0.683
  ],
  [
    1461193200000,
    0.919
  ],
  [
    1461279600000,
    0.861
  ],
  [
    1461452400000,
    0.729
  ],
  [
    1461538800000,
    0.608
  ],
  [
    1461625200000,
    0.635
  ],
  [
    1461711600000,
    0.636
  ],
  [
    1461798000000,
    0.742
  ],
  [
    1461884400000,
    0.701
  ],
  [
    1462057200000,
    0.638
  ],
  [
    1462143600000,
    0.686
  ],
  [
    1462230000000,
    0.694
  ],
  [
    1462402800000,
    0.612
  ],
  [
    1462489200000,
    0.605
  ],
  [
    1462575600000,
    0.574
  ],
  [
    1462662000000,
    0.595
  ],
  [
    1462748400000,
    0.537
  ],
  [
    1462921200000,
    0.565
  ],
  [
    1463007600000,
    0.582
  ],
  [
    1463094000000,
    1.128
  ],
  [
    1463180400000,
    0.563
  ],
  [
    1463266800000,
    0.636
  ],
  [
    1463353200000,
    0.65
  ],
  [
    1463526000000,
    0.7
  ],
  [
    1463698800000,
    0.51
  ],
  [
    1463871600000,
    0.425
  ],
  [
    1463958000000,
    0.445
  ],
  [
    1464044400000,
    0.223
  ],
  [
    1464130800000,
    0.342
  ],
  [
    1464217200000,
    0.27
  ],
  [
    1464303600000,
    0.218
  ],
  [
    1464390000000,
    0.255
  ],
  [
    1464476400000,
    0.252
  ],
  [
    1464562800000,
    0.274
  ],
  [
    1464649200000,
    0.289
  ],
  [
    1464735600000,
    0.258
  ],
  [
    1464822000000,
    0.266
  ],
  [
    1464908400000,
    0.237
  ],
  [
    1464994800000,
    0.287
  ],
  [
    1465081200000,
    0.344
  ],
  [
    1465167600000,
    0.338
  ],
  [
    1465254000000,
    0.363
  ],
  [
    1465340400000,
    0.34
  ],
  [
    1465426800000,
    0.275
  ],
  [
    1465599600000,
    0.321
  ],
  [
    1465686000000,
    0.335
  ],
  [
    1465772400000,
    0.359
  ],
  [
    1465858800000,
    0.318
  ],
  [
    1465945200000,
    0.225
  ],
  [
    1466031600000,
    0.46
  ],
  [
    1466118000000,
    0.448
  ],
  [
    1466204400000,
    0.377
  ],
  [
    1466377200000,
    1.015
  ],
  [
    1466463600000,
    0.426
  ],
  [
    1466550000000,
    0.43
  ],
  [
    1466636400000,
    0.451
  ],
  [
    1466722800000,
    0.344
  ],
  [
    1466809200000,
    0.391
  ],
  [
    1466895600000,
    0.398
  ],
  [
    1466982000000,
    0.364
  ],
  [
    1467068400000,
    0.333
  ],
  [
    1467154800000,
    0.312
  ],
  [
    1467241200000,
    0.332
  ],
  [
    1467327600000,
    0.351
  ],
  [
    1467414000000,
    0.378
  ],
  [
    1467500400000,
    0.372
  ],
  [
    1467586800000,
    0.37
  ],
  [
    1467673200000,
    0.332
  ],
  [
    1467759600000,
    0.414
  ],
  [
    1468105200000,
    0.385
  ],
  [
    1468191600000,
    0.341
  ],
  [
    1468278000000,
    0.48
  ],
  [
    1468450800000,
    0.332
  ],
  [
    1468537200000,
    0.344
  ],
  [
    1468623600000,
    0.344
  ],
  [
    1468710000000,
    0.3
  ],
  [
    1468882800000,
    0.251
  ],
  [
    1469142000000,
    0.286
  ],
  [
    1469228400000,
    0.266
  ],
  [
    1469314800000,
    0.278
  ],
  [
    1469401200000,
    0.295
  ],
  [
    1469487600000,
    0.278
  ],
  [
    1469574000000,
    0.238
  ],
  [
    1469746800000,
    0.281
  ],
  [
    1469833200000,
    0.169
  ],
  [
    1469919600000,
    0.27
  ],
  [
    1470006000000,
    0.29
  ],
  [
    1470178800000,
    0.274
  ],
  [
    1470265200000,
    0.28
  ],
  [
    1470351600000,
    0.206
  ],
  [
    1470438000000,
    0.312
  ],
  [
    1470524400000,
    0.3
  ],
  [
    1470610800000,
    0.28
  ],
  [
    1470783600000,
    0.244
  ],
  [
    1471129200000,
    0.223
  ],
  [
    1471302000000,
    0.24
  ],
  [
    1471561200000,
    0.226
  ],
  [
    1471647600000,
    0.237
  ],
  [
    1471820400000,
    0.209
  ],
  [
    1471906800000,
    0.24
  ],
  [
    1472079600000,
    0.225
  ],
  [
    1472252400000,
    0.225
  ],
  [
    1472338800000,
    0.241
  ],
  [
    1472425200000,
    0.25
  ],
  [
    1472511600000,
    0.268
  ],
  [
    1472684400000,
    0.234
  ],
  [
    1472770800000,
    0.25
  ],
  [
    1472857200000,
    0.246
  ],
  [
    1472943600000,
    0.257
  ],
  [
    1473116400000,
    0.178
  ],
  [
    1473202800000,
    0.26
  ],
  [
    1473548400000,
    0.247
  ],
  [
    1473634800000,
    0.269
  ],
  [
    1473721200000,
    0.275
  ],
  [
    1473807600000,
    0.388
  ],
  [
    1474153200000,
    0.424
  ],
  [
    1474239600000,
    0.54
  ],
  [
    1474412400000,
    0.542
  ],
  [
    1474844400000,
    0.236
  ],
  [
    1475362800000,
    0.317
  ],
  [
    1475535600000,
    0.367
  ],
  [
    1475708400000,
    0.37
  ],
  [
    1475967600000,
    0.36
  ],
  [
    1476140400000,
    0.324
  ],
  [
    1476313200000,
    0.332
  ],
  [
    1476486000000,
    0.308
  ],
  [
    1476658800000,
    0.397
  ],
  [
    1476745200000,
    0.439
  ],
  [
    1476918000000,
    0.581
  ],
  [
    1477004400000,
    0.564
  ],
  [
    1477177200000,
    0.554
  ],
  [
    1477263600000,
    0.58
  ],
  [
    1477436400000,
    0.477
  ],
  [
    1477522800000,
    0.546
  ],
  [
    1477609200000,
    0.644
  ],
  [
    1477782000000,
    0.469
  ],
  [
    1477872000000,
    0.6
  ],
  [
    1477958400000,
    0.554
  ],
  [
    1478044800000,
    0.599
  ],
  [
    1478217600000,
    0.465
  ],
  [
    1478476800000,
    0.62
  ],
  [
    1478563200000,
    0.613
  ],
  [
    1478649600000,
    0.603
  ],
  [
    1478908800000,
    0.613
  ],
  [
    1478995200000,
    0.552
  ],
  [
    1479081600000,
    0.566
  ],
  [
    1479168000000,
    0.23
  ],
  [
    1479254400000,
    0.611
  ],
  [
    1479340800000,
    0.621
  ],
  [
    1479513600000,
    0.498
  ],
  [
    1479600000000,
    0.435
  ],
  [
    1479772800000,
    0.43
  ],
  [
    1479945600000,
    0.694
  ],
  [
    1480032000000,
    0.826
  ],
  [
    1480118400000,
    0.53
  ],
  [
    1480291200000,
    0.54
  ],
  [
    1480377600000,
    0.51
  ],
  [
    1480636800000,
    0.78
  ],
  [
    1480723200000,
    2.79
  ],
  [
    1480809600000,
    2.76
  ],
  [
    1480896000000,
    4.5
  ],
  [
    1480982400000,
    5.32
  ],
  [
    1481068800000,
    6.53
  ],
  [
    1481155200000,
    2.876
  ],
  [
    1481241600000,
    3.984
  ],
  [
    1481328000000,
    1.28
  ],
  [
    1481414400000,
    0.569
  ],
  [
    1481500800000,
    0.589
  ],
  [
    1481587200000,
    0.657
  ],
  [
    1481846400000,
    0.717
  ],
  [
    1481932800000,
    1.011
  ],
  [
    1482105600000,
    0.875
  ],
  [
    1482278400000,
    0.845
  ],
  [
    1482451200000,
    0.48
  ],
  [
    1482537600000,
    0.803
  ],
  [
    1482624000000,
    0.96
  ],
  [
    1482710400000,
    0.86
  ],
  [
    1482796800000,
    0.788
  ],
  [
    1482883200000,
    0.697
  ],
  [
    1482969600000,
    0.557
  ],
  [
    1483142400000,
    0.387
  ],
  [
    1483228800000,
    0.567
  ],
  [
    1483315200000,
    0.674
  ],
  [
    1483401600000,
    0.513
  ],
  [
    1483488000000,
    0.759
  ],
  [
    1483660800000,
    0.77
  ],
  [
    1483833600000,
    0.64
  ],
  [
    1484870400000,
    0.61
  ],
  [
    1484956800000,
    0.53
  ],
  [
    1485043200000,
    0.553
  ],
  [
    1485129600000,
    0.502
  ],
  [
    1485216000000,
    0.448
  ],
  [
    1485302400000,
    0.518
  ],
  [
    1485388800000,
    0.537
  ],
  [
    1485475200000,
    0.534
  ],
  [
    1485648000000,
    0.502
  ],
  [
    1485734400000,
    0.472
  ],
  [
    1485820800000,
    0.5
  ],
  [
    1485907200000,
    0.542
  ],
  [
    1486166400000,
    0.442
  ],
  [
    1486339200000,
    0.495
  ],
  [
    1486425600000,
    0.503
  ],
  [
    1486512000000,
    0.472
  ],
  [
    1486684800000,
    0.443
  ],
  [
    1486771200000,
    0.476
  ],
  [
    1486944000000,
    0.413
  ],
  [
    1487548800000,
    0.379
  ],
  [
    1487635200000,
    0.315
  ],
  [
    1487894400000,
    0.29
  ],
  [
    1487980800000,
    0.28
  ],
  [
    1488067200000,
    0.357
  ],
  [
    1488153600000,
    0.474
  ],
  [
    1488240000000,
    0.475
  ],
  [
    1488585600000,
    0.398
  ],
  [
    1488672000000,
    0.343
  ],
  [
    1488758400000,
    0.355
  ],
  [
    1489104000000,
    0.19
  ],
  [
    1489190400000,
    0.374
  ],
  [
    1489276800000,
    0.299
  ],
  [
    1489363200000,
    0.276
  ],
  [
    1489536000000,
    0.371
  ],
  [
    1489622400000,
    0.393
  ],
  [
    1489708800000,
    0.397
  ],
  [
    1489795200000,
    0.332
  ],
  [
    1489881600000,
    0.397
  ],
  [
    1489968000000,
    0.379
  ],
  [
    1490054400000,
    0.357
  ],
  [
    1490140800000,
    0.367
  ],
  [
    1490227200000,
    0.266
  ],
  [
    1490313600000,
    0.356
  ],
  [
    1490400000000,
    0.324
  ],
  [
    1490569200000,
    0.33
  ],
  [
    1490655600000,
    0.337
  ],
  [
    1490742000000,
    0.36
  ],
  [
    1490828400000,
    0.343
  ],
  [
    1490914800000,
    0.426
  ],
  [
    1491001200000,
    0.383
  ],
  [
    1491087600000,
    0.394
  ],
  [
    1491174000000,
    0.4
  ],
  [
    1491260400000,
    0.357
  ],
  [
    1491346800000,
    0.322
  ],
  [
    1491433200000,
    0.298
  ],
  [
    1491519600000,
    0.405
  ],
  [
    1491606000000,
    0.371
  ],
  [
    1491692400000,
    0.235
  ],
  [
    1491778800000,
    0.3
  ],
  [
    1491951600000,
    0.313
  ],
  [
    1492038000000,
    0.275
  ],
  [
    1492124400000,
    0.275
  ],
  [
    1492210800000,
    0.413
  ],
  [
    1492470000000,
    0.393
  ],
  [
    1492642800000,
    0.279
  ],
  [
    1492729200000,
    0.315
  ],
  [
    1492815600000,
    0.24
  ],
  [
    1492902000000,
    0.358
  ],
  [
    1492988400000,
    0.374
  ],
  [
    1493161200000,
    0.348
  ],
  [
    1493334000000,
    0.372
  ],
  [
    1493420400000,
    0.36
  ],
  [
    1493506800000,
    0.401
  ],
  [
    1493593200000,
    0.349
  ],
  [
    1493679600000,
    0.363
  ],
  [
    1493766000000,
    0.367
  ],
  [
    1494025200000,
    0.342
  ],
  [
    1494111600000,
    0.321
  ],
  [
    1494198000000,
    0.346
  ],
  [
    1494284400000,
    0.386
  ],
  [
    1494543600000,
    0.471
  ],
  [
    1494630000000,
    0.545
  ],
  [
    1494716400000,
    0.534
  ],
  [
    1494802800000,
    0.465
  ],
  [
    1494889200000,
    0.493
  ],
  [
    1495062000000,
    0.436
  ],
  [
    1495148400000,
    0.477
  ],
  [
    1495234800000,
    0.487
  ],
  [
    1495321200000,
    0.362
  ],
  [
    1495407600000,
    0.532
  ],
  [
    1495494000000,
    0.478
  ],
  [
    1495580400000,
    3.74
  ],
  [
    1495839600000,
    0.774
  ],
  [
    1495926000000,
    0.558
  ],
  [
    1496012400000,
    0.771
  ],
  [
    1496098800000,
    0.782
  ],
  [
    1496185200000,
    0.698
  ],
  [
    1496271600000,
    0.645
  ],
  [
    1496358000000,
    0.721
  ],
  [
    1496444400000,
    0.728
  ],
  [
    1496530800000,
    0.923
  ],
  [
    1496617200000,
    0.68
  ],
  [
    1496703600000,
    0.734
  ],
  [
    1496790000000,
    0.89
  ],
  [
    1496876400000,
    0.841
  ],
  [
    1496962800000,
    0.673
  ],
  [
    1497049200000,
    0.903
  ],
  [
    1497222000000,
    0.897
  ],
  [
    1497308400000,
    0.703
  ],
  [
    1497394800000,
    0.795
  ],
  [
    1497481200000,
    0.911
  ],
  [
    1497567600000,
    0.753
  ],
  [
    1497740400000,
    0.993
  ],
  [
    1497826800000,
    0.809
  ],
  [
    1497913200000,
    0.905
  ],
  [
    1497999600000,
    0.952
  ],
  [
    1498086000000,
    0.99
  ],
  [
    1498172400000,
    0.937
  ],
  [
    1498258800000,
    0.921
  ],
  [
    1498431600000,
    0.954
  ],
  [
    1498518000000,
    0.943
  ],
  [
    1498604400000,
    0.991
  ],
  [
    1498777200000,
    0.969
  ],
  [
    1498950000000,
    0.78
  ],
  [
    1499036400000,
    0.98
  ],
  [
    1499209200000,
    0.948
  ],
  [
    1499295600000,
    1.108
  ],
  [
    1499382000000,
    0.936
  ],
  [
    1499468400000,
    1.151
  ],
  [
    1499554800000,
    0.83
  ],
  [
    1499641200000,
    0.431
  ],
  [
    1499727600000,
    0.933
  ],
  [
    1499814000000,
    0.974
  ],
  [
    1499986800000,
    0.985
  ],
  [
    1500073200000,
    0.95
  ],
  [
    1500159600000,
    1.33
  ],
  [
    1500246000000,
    1.145
  ],
  [
    1500332400000,
    1.42
  ],
  [
    1500505200000,
    1.065
  ],
  [
    1500591600000,
    1.207
  ],
  [
    1500678000000,
    0.977
  ],
  [
    1500764400000,
    1.063
  ],
  [
    1500850800000,
    0.97
  ],
  [
    1500937200000,
    1.048
  ],
  [
    1501023600000,
    1.13
  ],
  [
    1501196400000,
    1.238
  ],
  [
    1501282800000,
    1.3
  ],
  [
    1501369200000,
    1
  ],
  [
    1501542000000,
    1.081
  ],
  [
    1501714800000,
    0.902
  ],
  [
    1501801200000,
    1.058
  ],
  [
    1501887600000,
    1.016
  ],
  [
    1502060400000,
    1.187
  ],
  [
    1502146800000,
    1.767
  ],
  [
    1502233200000,
    1.758
  ],
  [
    1502406000000,
    1.86
  ],
  [
    1502492400000,
    1.23
  ],
  [
    1502578800000,
    1.809
  ],
  [
    1502924400000,
    2.069
  ],
  [
    1503010800000,
    2.314
  ],
  [
    1503097200000,
    1.758
  ],
  [
    1503183600000,
    2.827
  ],
  [
    1503270000000,
    1.787
  ],
  [
    1503356400000,
    2.254
  ],
  [
    1503529200000,
    2.784
  ],
  [
    1503702000000,
    2.76
  ],
  [
    1503788400000,
    2.264
  ],
  [
    1503874800000,
    2.872
  ],
  [
    1503961200000,
    2.981
  ],
  [
    1504911600000,
    1.87
  ],
  [
    1504998000000,
    1.93
  ],
  [
    1505084400000,
    2.623
  ],
  [
    1505170800000,
    3.664
  ],
  [
    1505257200000,
    3.637
  ],
  [
    1505343600000,
    4.051
  ],
  [
    1505430000000,
    2.844
  ],
  [
    1505516400000,
    1.984
  ],
  [
    1505602800000,
    2.46
  ],
  [
    1505775600000,
    1.81
  ],
  [
    1505862000000,
    1.77
  ],
  [
    1506121200000,
    2.03
  ],
  [
    1506294000000,
    1.148
  ],
  [
    1506639600000,
    1.153
  ],
  [
    1506726000000,
    1.702
  ],
  [
    1506812400000,
    1.509
  ],
  [
    1506985200000,
    1.561
  ],
  [
    1507330800000,
    1.2
  ],
  [
    1507762800000,
    1.15
  ],
  [
    1508194800000,
    1.254
  ],
  [
    1508281200000,
    1.22
  ],
  [
    1508367600000,
    1.22
  ],
  [
    1508626800000,
    1.191
  ],
  [
    1508713200000,
    1.05
  ],
  [
    1509145200000,
    0.804
  ],
  [
    1509408000000,
    0.807
  ],
  [
    1509494400000,
    0.835
  ],
  [
    1509667200000,
    0.954
  ],
  [
    1510099200000,
    0.765
  ],
  [
    1510358400000,
    0.804
  ],
  [
    1510531200000,
    0.774
  ],
  [
    1511222400000,
    0.702
  ],
  [
    1511654400000,
    0.5
  ],
  [
    1511913600000,
    0.57
  ],
  [
    1512172800000,
    0.334
  ],
  [
    1512259200000,
    0.544
  ],
  [
    1512518400000,
    0.54
  ],
  [
    1512864000000,
    0.536
  ],
  [
    1513382400000,
    0.553
  ],
  [
    1513555200000,
    0.458
  ],
  [
    1513641600000,
    0.318
  ],
  [
    1513728000000,
    0.613
  ],
  [
    1513814400000,
    0.616
  ],
  [
    1514246400000,
    0.557
  ],
  [
    1514592000000,
    0.589
  ],
  [
    1514764800000,
    0.551
  ],
  [
    1514851200000,
    0.509
  ],
  [
    1514937600000,
    0.54
  ],
  [
    1515110400000,
    0.49
  ],
  [
    1515283200000,
    0.535
  ],
  [
    1515456000000,
    0.47
  ],
  [
    1515628800000,
    0.491
  ],
  [
    1515888000000,
    0.5
  ],
  [
    1516406400000,
    0.53
  ],
  [
    1516492800000,
    0.503
  ],
  [
    1516665600000,
    0.591
  ],
  [
    1516752000000,
    0.586
  ],
  [
    1516924800000,
    0.425
  ],
  [
    1517011200000,
    0.502
  ],
  [
    1517270400000,
    0.43
  ],
  [
    1517356800000,
    0.407
  ],
  [
    1517529600000,
    0.345
  ],
  [
    1517616000000,
    0.494
  ],
  [
    1517788800000,
    0.29
  ],
  [
    1517875200000,
    0.467
  ],
  [
    1518048000000,
    0.516
  ],
  [
    1518134400000,
    0.516
  ],
  [
    1518566400000,
    0.42
  ],
  [
    1518652800000,
    0.436
  ],
  [
    1518912000000,
    0.507
  ],
  [
    1518998400000,
    0.499
  ],
  [
    1519171200000,
    0.495
  ],
  [
    1519257600000,
    0.507
  ],
  [
    1519344000000,
    0.48
  ],
  [
    1519430400000,
    0.4
  ],
  [
    1519516800000,
    0.508
  ],
  [
    1519948800000,
    0.52
  ],
  [
    1520035200000,
    0.492
  ],
  [
    1520208000000,
    0.412
  ],
  [
    1520294400000,
    0.316
  ],
  [
    1520467200000,
    0.459
  ],
  [
    1520553600000,
    0.994
  ],
  [
    1520812800000,
    1.012
  ],
  [
    1520899200000,
    0.995
  ],
  [
    1520985600000,
    1.011
  ],
  [
    1521072000000,
    0.938
  ],
  [
    1521158400000,
    0.481
  ],
  [
    1521244800000,
    0.961
  ],
  [
    1521417600000,
    0.453
  ],
  [
    1521936000000,
    0.577
  ],
  [
    1522018800000,
    0.689
  ],
  [
    1522105200000,
    0.937
  ],
  [
    1522364400000,
    0.563
  ],
  [
    1522537200000,
    0.575
  ],
  [
    1522710000000,
    0.547
  ],
  [
    1523228400000,
    0.35
  ],
  [
    1523574000000,
    0.32
  ],
  [
    1523833200000,
    0.517
  ],
  [
    1524351600000,
    0.498
  ],
  [
    1524524400000,
    0.511
  ],
  [
    1524956400000,
    0.429
  ],
  [
    1525042800000,
    0.386
  ],
  [
    1525129200000,
    0.384
  ],
  [
    1525388400000,
    0.361
  ],
  [
    1525474800000,
    0.369
  ],
  [
    1525734000000,
    0.42
  ],
  [
    1525820400000,
    0.3
  ],
  [
    1525906800000,
    0.357
  ],
  [
    1526252400000,
    0.304
  ],
  [
    1526338800000,
    0.305
  ],
  [
    1526425200000,
    0.356
  ],
  [
    1526511600000,
    0.18
  ],
  [
    1526598000000,
    0.435
  ],
  [
    1526684400000,
    0.325
  ],
  [
    1526857200000,
    0.306
  ],
  [
    1527030000000,
    0.2
  ],
  [
    1527116400000,
    0.355
  ],
  [
    1527289200000,
    0.354
  ],
  [
    1527634800000,
    0.231
  ],
  [
    1527807600000,
    0.26
  ],
  [
    1527894000000,
    0.291
  ],
  [
    1527980400000,
    0.35
  ],
  [
    1528066800000,
    0.31
  ],
  [
    1528844400000,
    0.305
  ],
  [
    1529017200000,
    0.303
  ],
  [
    1529103600000,
    0.302
  ],
  [
    1529190000000,
    0.3
  ],
  [
    1529276400000,
    0.266
  ],
  [
    1529362800000,
    0.301
  ],
  [
    1529535600000,
    0.319
  ],
  [
    1529622000000,
    0.31
  ],
  [
    1529708400000,
    0.321
  ],
  [
    1529967600000,
    0.38
  ],
  [
    1530140400000,
    0.332
  ],
  [
    1530399600000,
    0.368
  ],
  [
    1530572400000,
    0.301
  ],
  [
    1530658800000,
    0.37
  ],
  [
    1530831600000,
    0.253
  ],
  [
    1531090800000,
    0.37
  ],
  [
    1531609200000,
    0.34
  ],
  [
    1531782000000,
    0.379
  ],
  [
    1532127600000,
    0.499
  ],
  [
    1532732400000,
    0.401
  ],
  [
    1532905200000,
    0.373
  ],
  [
    1533250800000,
    0.27
  ],
  [
    1533596400000,
    0.37
  ],
  [
    1533769200000,
    0.37
  ],
  [
    1533942000000,
    0.368
  ],
  [
    1534374000000,
    0.32
  ],
  [
    1534806000000,
    0.289
  ],
  [
    1534978800000,
    0.313
  ],
  [
    1535151600000,
    0.296
  ],
  [
    1535238000000,
    0.266
  ],
  [
    1535410800000,
    0.257
  ],
  [
    1535497200000,
    0.256
  ],
  [
    1536534000000,
    0.314
  ],
  [
    1536966000000,
    0.31
  ],
  [
    1537052400000,
    0.267
  ],
  [
    1537225200000,
    0.255
  ],
  [
    1537570800000,
    0.265
  ],
  [
    1537830000000,
    0.31
  ],
  [
    1538262000000,
    0.287
  ],
  [
    1538348400000,
    0.333
  ],
  [
    1538434800000,
    0.339
  ],
  [
    1538607600000,
    0.292
  ],
  [
    1538780400000,
    0.364
  ],
  [
    1539212400000,
    0.263
  ],
  [
    1539471600000,
    0.23
  ],
  [
    1541980800000,
    0.303
  ],
  [
    1542412800000,
    0.21
  ],
  [
    1542499200000,
    0.304
  ],
  [
    1542585600000,
    0.31
  ],
  [
    1543017600000,
    0.181
  ],
  [
    1543449600000,
    0.266
  ],
  [
    1543622400000,
    0.243
  ],
  [
    1544227200000,
    0.262
  ],
  [
    1544572800000,
    0.261
  ],
  [
    1544745600000,
    0.27
  ],
  [
    1544832000000,
    0.263
  ],
  [
    1544918400000,
    0.265
  ],
  [
    1545004800000,
    0.26
  ],
  [
    1545091200000,
    0.238
  ],
  [
    1545264000000,
    0.265
  ],
  [
    1545436800000,
    0.269
  ],
  [
    1545696000000,
    0.308
  ],
  [
    1545868800000,
    0.262
  ],
  [
    1546041600000,
    0.259
  ],
  [
    1546300800000,
    0.208
  ],
  [
    1546646400000,
    0.367
  ],
  [
    1547078400000,
    0.198
  ],
  [
    1547164800000,
    0.266
  ],
  [
    1547251200000,
    0.285
  ],
  [
    1547337600000,
    0.3
  ],
  [
    1547510400000,
    0.322
  ],
  [
    1547596800000,
    0.322
  ],
  [
    1547683200000,
    0.338
  ],
  [
    1548028800000,
    0.339
  ],
  [
    1548633600000,
    0.318
  ],
  [
    1548979200000,
    0.34
  ],
  [
    1549152000000,
    0.287
  ],
  [
    1549584000000,
    0.355
  ],
  [
    1549756800000,
    0.222
  ],
  [
    1550016000000,
    0.282
  ],
  [
    1550275200000,
    0.347
  ],
  [
    1550448000000,
    0.338
  ],
  [
    1550534400000,
    0.346
  ],
  [
    1550620800000,
    0.337
  ],
  [
    1550793600000,
    0.356
  ],
  [
    1551139200000,
    0.35
  ],
  [
    1551484800000,
    0.432
  ],
  [
    1551657600000,
    0.489
  ],
  [
    1552176000000,
    0.24
  ],
  [
    1552348800000,
    0.333
  ],
  [
    1552608000000,
    0.234
  ],
  [
    1552694400000,
    0.302
  ],
  [
    1552780800000,
    0.319
  ],
  [
    1552867200000,
    0.319
  ],
  [
    1552953600000,
    0.428
  ],
  [
    1553040000000,
    0.236
  ],
  [
    1553385600000,
    0.32
  ],
  [
    1553472000000,
    0.407
  ],
  [
    1553644800000,
    0.299
  ],
  [
    1553731200000,
    0.284
  ],
  [
    1553817600000,
    0.271
  ],
  [
    1553904000000,
    0.217
  ],
  [
    1553990400000,
    0.253
  ],
  [
    1554418800000,
    0.275
  ],
  [
    1554505200000,
    0.285
  ],
  [
    1554591600000,
    0.303
  ],
  [
    1554678000000,
    0.38
  ],
  [
    1555110000000,
    0.269
  ],
  [
    1555196400000,
    0.325
  ],
  [
    1555801200000,
    0.339
  ],
  [
    1556146800000,
    0.334
  ],
  [
    1556233200000,
    0.34
  ],
  [
    1556578800000,
    0.332
  ],
  [
    1556665200000,
    0.34
  ],
  [
    1556838000000,
    0.264
  ],
  [
    1557010800000,
    0.32
  ],
  [
    1557270000000,
    0.368
  ],
  [
    1558306800000,
    0.302
  ],
  [
    1558393200000,
    0.242
  ],
  [
    1558479600000,
    0.295
  ],
  [
    1558566000000,
    0.3
  ],
  [
    1558652400000,
    0.31
  ],
  [
    1558825200000,
    0.35
  ],
  [
    1559257200000,
    0.324
  ],
  [
    1559689200000,
    0.253
  ],
  [
    1559775600000,
    0.3
  ],
  [
    1559862000000,
    0.367
  ],
  [
    1559948400000,
    0.331
  ],
  [
    1560380400000,
    0.175
  ],
  [
    1560898800000,
    0.3
  ],
  [
    1561158000000,
    0.406
  ],
  [
    1561330800000,
    0.441
  ],
  [
    1561676400000,
    0.241
  ],
  [
    1562022000000,
    0.261
  ],
  [
    1562108400000,
    0.26
  ],
  [
    1562194800000,
    0.259
  ],
  [
    1562281200000,
    0.333
  ],
  [
    1562540400000,
    0.276
  ],
  [
    1562626800000,
    0.387
  ],
  [
    1562886000000,
    0.433
  ],
  [
    1563231600000,
    0.43
  ],
  [
    1563404400000,
    0.28
  ],
  [
    1563836400000,
    0.38
  ],
  [
    1564095600000,
    0.122
  ],
  [
    1564441200000,
    0.363
  ],
  [
    1564614000000,
    0.38
  ],
  [
    1564700400000,
    0.306
  ],
  [
    1564786800000,
    0.229
  ],
  [
    1565046000000,
    0.363
  ],
  [
    1565218800000,
    0.41
  ],
  [
    1565305200000,
    0.43
  ],
  [
    1565650800000,
    0.368
  ],
  [
    1565823600000,
    0.279
  ],
  [
    1565910000000,
    0.303
  ],
  [
    1565996400000,
    0.299
  ],
  [
    1566169200000,
    0.352
  ],
  [
    1566774000000,
    0.422
  ],
  [
    1566946800000,
    0.422
  ],
  [
    1567206000000,
    0.41
  ],
  [
    1567292400000,
    0.427
  ],
  [
    1567638000000,
    0.476
  ],
  [
    1567724400000,
    0.333
  ],
  [
    1567810800000,
    0.333
  ],
  [
    1568502000000,
    0.344
  ],
  [
    1568934000000,
    0.458
  ],
  [
    1569020400000,
    0.504
  ],
  [
    1569452400000,
    0.497
  ],
  [
    1569625200000,
    0.5
  ],
  [
    1569884400000,
    0.484
  ],
  [
    1570143600000,
    0.351
  ],
  [
    1570316400000,
    0.471
  ],
  [
    1570402800000,
    0.496
  ],
  [
    1570575600000,
    0.379
  ],
  [
    1570662000000,
    0.543
  ],
  [
    1570748400000,
    0.408
  ],
  [
    1571526000000,
    0.48
  ],
  [
    1571612400000,
    0.354
  ],
  [
    1571785200000,
    0.345
  ],
  [
    1572220800000,
    0.357
  ],
  [
    1572566400000,
    0.453
  ],
  [
    1572652800000,
    0.236
  ],
  [
    1572825600000,
    0.461
  ],
  [
    1572998400000,
    0.443
  ],
  [
    1573084800000,
    0.46
  ],
  [
    1573171200000,
    0.209
  ],
  [
    1573257600000,
    0.388
  ],
  [
    1573344000000,
    0.545
  ],
  [
    1573516800000,
    0.463
  ],
  [
    1573862400000,
    0.576
  ],
  [
    1574121600000,
    0.609
  ],
  [
    1574208000000,
    0.57
  ],
  [
    1574294400000,
    0.431
  ],
  [
    1574467200000,
    0.343
  ],
  [
    1575244800000,
    0.427
  ],
  [
    1575504000000,
    0.405
  ],
  [
    1575676800000,
    0.451
  ],
  [
    1575763200000,
    0.436
  ],
  [
    1575849600000,
    0.478
  ],
  [
    1576368000000,
    0.522
  ],
  [
    1576540800000,
    0.449
  ],
  [
    1576886400000,
    0.52
  ],
  [
    1577404800000,
    0.43
  ],
  [
    1577491200000,
    0.47
  ],
  [
    1578268800000,
    0.461
  ],
  [
    1578355200000,
    0.444
  ],
  [
    1578528000000,
    0.31
  ],
  [
    1578614400000,
    0.46
  ],
  [
    1579046400000,
    0.469
  ],
  [
    1579132800000,
    0.463
  ],
  [
    1579219200000,
    0.464
  ],
  [
    1579392000000,
    0.475
  ],
  [
    1579564800000,
    0.32
  ],
  [
    1579824000000,
    0.315
  ],
  [
    1580169600000,
    0.45
  ],
  [
    1580256000000,
    0.263
  ],
  [
    1580428800000,
    0.453
  ],
  [
    1581206400000,
    0.47
  ],
  [
    1581638400000,
    0.459
  ],
  [
    1581811200000,
    0.449
  ],
  [
    1582156800000,
    0.32
  ],
  [
    1582588800000,
    0.415
  ],
  [
    1582934400000,
    0.389
  ],
  [
    1583193600000,
    0.381
  ],
  [
    1583366400000,
    0.384
  ],
  [
    1583539200000,
    0.414
  ],
  [
    1583884800000,
    0.31
  ],
  [
    1584316800000,
    0.356
  ],
  [
    1584403200000,
    0.345
  ],
  [
    1584662400000,
    0.38
  ],
  [
    1584748800000,
    0.362
  ],
  [
    1584921600000,
    0.31
  ],
  [
    1585008000000,
    0.31
  ],
  [
    1585180800000,
    0.383
  ],
  [
    1585267200000,
    0.317
  ],
  [
    1585695600000,
    0.328
  ],
  [
    1585868400000,
    0.319
  ],
  [
    1585954800000,
    0.392
  ],
  [
    1586041200000,
    0.358
  ],
  [
    1586127600000,
    0.283
  ],
  [
    1586214000000,
    2.386
  ],
  [
    1586300400000,
    0.384
  ],
  [
    1586473200000,
    0.392
  ],
  [
    1586559600000,
    0.412
  ],
  [
    1586646000000,
    0.312
  ],
  [
    1586732400000,
    0.4
  ],
  [
    1586818800000,
    0.391
  ],
  [
    1586905200000,
    0.615
  ],
  [
    1586991600000,
    2.123
  ],
  [
    1587078000000,
    0.387
  ],
  [
    1587164400000,
    0.42
  ],
  [
    1587423600000,
    0.46
  ],
  [
    1587510000000,
    0.311
  ],
  [
    1587596400000,
    0.322
  ],
  [
    1587682800000,
    0.273
  ],
  [
    1587855600000,
    0.426
  ],
  [
    1588201200000,
    0.414
  ],
  [
    1588374000000,
    0.327
  ],
  [
    1588460400000,
    0.327
  ],
  [
    1588546800000,
    0.332
  ],
  [
    1588633200000,
    0.354
  ],
  [
    1588719600000,
    0.468
  ],
  [
    1589238000000,
    0.447
  ],
  [
    1589324400000,
    0.35
  ],
  [
    1589410800000,
    0.951
  ],
  [
    1589497200000,
    0.333
  ],
  [
    1589670000000,
    0.328
  ],
  [
    1589842800000,
    0.357
  ],
  [
    1590015600000,
    0.315
  ],
  [
    1590102000000,
    0.397
  ],
  [
    1590274800000,
    0.438
  ],
  [
    1590447600000,
    0.416
  ],
  [
    1590620400000,
    0.3
  ],
  [
    1591225200000,
    0.428
  ],
  [
    1591398000000,
    0.418
  ],
  [
    1591484400000,
    0.418
  ],
  [
    1591657200000,
    0.411
  ],
  [
    1591830000000,
    0.42
  ],
  [
    1591916400000,
    0.341
  ],
  [
    1592348400000,
    0.415
  ],
  [
    1592521200000,
    0.458
  ],
  [
    1592694000000,
    0.527
  ],
  [
    1592780400000,
    0.381
  ],
  [
    1593126000000,
    0.419
  ],
  [
    1593212400000,
    0.43
  ],
  [
    1593298800000,
    0.502
  ],
  [
    1593385200000,
    0.392
  ],
  [
    1593471600000,
    0.43
  ],
  [
    1593558000000,
    0.43
  ],
  [
    1593730800000,
    0.42
  ],
  [
    1594249200000,
    0.407
  ],
  [
    1595458800000,
    0.463
  ],
  [
    1595631600000,
    0.533
  ],
  [
    1595890800000,
    0.539
  ],
  [
    1596063600000,
    0.434
  ],
  [
    1596409200000,
    0.405
  ],
  [
    1596668400000,
    0.43
  ],
  [
    1596841200000,
    0.5
  ],
  [
    1597014000000,
    0.43
  ],
  [
    1597186800000,
    0.497
  ],
  [
    1597446000000,
    0.579
  ],
  [
    1597705200000,
    0.536
  ],
  [
    1598137200000,
    0.562
  ],
  [
    1598569200000,
    0.437
  ],
  [
    1598914800000,
    0.507
  ],
  [
    1600038000000,
    0.447
  ],
  [
    1600124400000,
    0.506
  ],
  [
    1600383600000,
    0.42
  ],
  [
    1600556400000,
    0.422
  ],
  [
    1600729200000,
    0.5
  ],
  [
    1600815600000,
    0.35
  ],
  [
    1600902000000,
    0.491
  ],
  [
    1600988400000,
    0.477
  ],
  [
    1601074800000,
    0.497
  ],
  [
    1601161200000,
    0.428
  ],
  [
    1601334000000,
    0.425
  ],
  [
    1602025200000,
    0.483
  ],
  [
    1602198000000,
    0.437
  ],
  [
    1602284400000,
    0.448
  ],
  [
    1602457200000,
    0.458
  ],
  [
    1602630000000,
    0.458
  ],
  [
    1603494000000,
    0.485
  ],
  [
    1603670400000,
    0.458
  ],
  [
    1604016000000,
    0.42
  ],
  [
    1604620800000,
    0.512
  ],
  [
    1604707200000,
    0.506
  ],
  [
    1604880000000,
    0.508
  ],
  [
    1605139200000,
    0.449
  ],
  [
    1605744000000,
    0.44
  ],
  [
    1605830400000,
    0.39
  ],
  [
    1605916800000,
    0.39
  ],
  [
    1606176000000,
    0.53
  ],
  [
    1606262400000,
    0.459
  ],
  [
    1606953600000,
    0.472
  ],
  [
    1607212800000,
    0.486
  ],
  [
    1607299200000,
    0.365
  ],
  [
    1607385600000,
    0.376
  ],
  [
    1607472000000,
    0.415
  ],
  [
    1607558400000,
    0.472
  ],
  [
    1607904000000,
    0.372
  ],
  [
    1608076800000,
    0.408
  ],
  [
    1608163200000,
    0.32
  ],
  [
    1608249600000,
    0.346
  ],
  [
    1608336000000,
    0.404
  ],
  [
    1608595200000,
    0.32
  ],
  [
    1608681600000,
    1.209
  ],
  [
    1608854400000,
    0.459
  ],
  [
    1608940800000,
    0.448
  ],
  [
    1609286400000,
    0.323
  ],
  [
    1609459200000,
    0.355
  ],
  [
    1609804800000,
    0.452
  ],
  [
    1609891200000,
    0.46
  ],
  [
    1609977600000,
    0.455
  ],
  [
    1610323200000,
    0.506
  ],
  [
    1610496000000,
    0.571
  ],
  [
    1610582400000,
    0.523
  ],
  [
    1610755200000,
    0.394
  ],
  [
    1611187200000,
    0.535
  ],
  [
    1611446400000,
    0.449
  ],
  [
    1611705600000,
    0.528
  ],
  [
    1611792000000,
    0.493
  ],
  [
    1611878400000,
    0.48
  ],
  [
    1612137600000,
    0.54
  ],
  [
    1612224000000,
    0.517
  ],
  [
    1612396800000,
    0.404
  ],
  [
    1612569600000,
    0.505
  ],
  [
    1612742400000,
    0.388
  ],
  [
    1612828800000,
    0.463
  ],
  [
    1612915200000,
    0.563
  ],
  [
    1613088000000,
    0.43
  ],
  [
    1613174400000,
    0.563
  ],
  [
    1613347200000,
    0.37
  ],
  [
    1613433600000,
    0.454
  ],
  [
    1613520000000,
    0.482
  ],
  [
    1613692800000,
    0.444
  ],
  [
    1613779200000,
    0.416
  ],
  [
    1613865600000,
    0.422
  ],
  [
    1613952000000,
    0.418
  ],
  [
    1614038400000,
    0.431
  ],
  [
    1614124800000,
    0.42
  ],
  [
    1614211200000,
    0.43
  ],
  [
    1614297600000,
    0.398
  ],
  [
    1614384000000,
    0.405
  ],
  [
    1614470400000,
    0.397
  ],
  [
    1614729600000,
    0.388
  ],
  [
    1614816000000,
    0.39
  ],
  [
    1614902400000,
    0.413
  ],
  [
    1614988800000,
    0.461
  ],
  [
    1615334400000,
    0.41
  ],
  [
    1615420800000,
    0.442
  ],
  [
    1615593600000,
    0.473
  ],
  [
    1615680000000,
    0.462
  ],
  [
    1615766400000,
    0.433
  ],
  [
    1615852800000,
    0.481
  ],
  [
    1615939200000,
    0.474
  ],
  [
    1616025600000,
    0.481
  ],
  [
    1616112000000,
    0.476
  ],
  [
    1616198400000,
    0.438
  ],
  [
    1616457600000,
    0.477
  ],
  [
    1616544000000,
    0.605
  ],
  [
    1616630400000,
    0.578
  ],
  [
    1616716800000,
    0.57
  ],
  [
    1617058800000,
    0.516
  ],
  [
    1617404400000,
    0.492
  ],
  [
    1617490800000,
    0.506
  ],
  [
    1617577200000,
    0.581
  ],
  [
    1618095600000,
    0.569
  ],
  [
    1618527600000,
    0.471
  ],
  [
    1618700400000,
    0.48
  ],
  [
    1619046000000,
    0.527
  ],
  [
    1619132400000,
    0.488
  ],
  [
    1619218800000,
    0.523
  ],
  [
    1619305200000,
    0.525
  ],
  [
    1619478000000,
    0.429
  ],
  [
    1619737200000,
    0.524
  ],
  [
    1619996400000,
    0.445
  ],
  [
    1620082800000,
    0.53
  ],
  [
    1620169200000,
    0.543
  ],
  [
    1620342000000,
    0.51
  ],
  [
    1620601200000,
    0.541
  ],
  [
    1620687600000,
    0.486
  ],
  [
    1620774000000,
    0.483
  ],
  [
    1620946800000,
    0.725
  ],
  [
    1621033200000,
    0.572
  ],
  [
    1621206000000,
    1.655
  ],
  [
    1621292400000,
    0.544
  ],
  [
    1621465200000,
    0.454
  ],
  [
    1621551600000,
    0.624
  ],
  [
    1621897200000,
    0.711
  ],
  [
    1621983600000,
    0.709
  ],
  [
    1622070000000,
    0.759
  ],
  [
    1622415600000,
    0.66
  ],
  [
    1622502000000,
    0.653
  ],
  [
    1622588400000,
    0.64
  ],
  [
    1622761200000,
    0.69
  ],
  [
    1622847600000,
    0.715
  ],
  [
    1622934000000,
    0.691
  ],
  [
    1623020400000,
    0.673
  ],
  [
    1623106800000,
    0.692
  ],
  [
    1623193200000,
    0.552
  ],
  [
    1623279600000,
    0.723
  ],
  [
    1623452400000,
    0.72
  ],
  [
    1623538800000,
    0.701
  ],
  [
    1623798000000,
    0.775
  ],
  [
    1624402800000,
    0.542
  ],
  [
    1624575600000,
    0.788
  ],
  [
    1624662000000,
    0.714
  ],
  [
    1625007600000,
    0.722
  ],
  [
    1625266800000,
    0.644
  ],
  [
    1625439600000,
    0.617
  ],
  [
    1625785200000,
    0.613
  ],
  [
    1625958000000,
    0.708
  ],
  [
    1626044400000,
    0.643
  ],
  [
    1626217200000,
    0.697
  ],
  [
    1626303600000,
    0.62
  ],
  [
    1626390000000,
    0.543
  ],
  [
    1626908400000,
    0.607
  ],
  [
    1627426800000,
    0.62
  ],
  [
    1628031600000,
    0.59
  ],
  [
    1628204400000,
    0.641
  ],
  [
    1628636400000,
    0.61
  ],
  [
    1628722800000,
    0.648
  ],
  [
    1628809200000,
    0.575
  ],
  [
    1629241200000,
    0.575
  ],
  [
    1629586800000,
    0.563
  ],
  [
    1629673200000,
    0.587
  ],
  [
    1629759600000,
    0.65
  ],
  [
    1630018800000,
    0.54
  ],
  [
    1630364400000,
    0.506
  ],
  [
    1630710000000,
    0.585
  ],
  [
    1630882800000,
    0.644
  ],
  [
    1631055600000,
    0.702
  ],
  [
    1631142000000,
    0.705
  ],
  [
    1631401200000,
    0.54
  ],
  [
    1631487600000,
    0.84
  ],
  [
    1632351600000,
    0.63
  ],
  [
    1632524400000,
    0.521
  ],
  [
    1632610800000,
    0.534
  ],
  [
    1632697200000,
    0.551
  ],
  [
    1632870000000,
    0.757
  ],
  [
    1632956400000,
    0.548
  ],
  [
    1633474800000,
    0.48
  ],
  [
    1633993200000,
    0.61
  ],
  [
    1634252400000,
    0.5
  ],
  [
    1634425200000,
    0.45
  ],
  [
    1634684400000,
    0.541
  ],
  [
    1634857200000,
    0.62
  ],
  [
    1634943600000,
    0.64
  ],
  [
    1636070400000,
    0.469
  ],
  [
    1636243200000,
    0.43
  ],
  [
    1636329600000,
    0.436
  ],
  [
    1636416000000,
    0.496
  ],
  [
    1636502400000,
    0.434
  ],
  [
    1636588800000,
    0.462
  ],
  [
    1636761600000,
    0.42
  ],
  [
    1637107200000,
    0.425
  ],
  [
    1637193600000,
    0.531
  ],
  [
    1637366400000,
    0.408
  ],
  [
    1637452800000,
    0.542
  ],
  [
    1637539200000,
    0.542
  ],
  [
    1637625600000,
    0.532
  ],
  [
    1637712000000,
    0.463
  ],
  [
    1637798400000,
    0.521
  ],
  [
    1637884800000,
    0.56
  ],
  [
    1638144000000,
    0.45
  ],
  [
    1638230400000,
    0.403
  ],
  [
    1638316800000,
    0.448
  ],
  [
    1638921600000,
    0.403
  ],
  [
    1639180800000,
    0.577
  ],
  [
    1639612800000,
    0.467
  ],
  [
    1639872000000,
    0.505
  ],
  [
    1639958400000,
    0.528
  ],
  [
    1640476800000,
    0.638
  ],
  [
    1640822400000,
    0.649
  ],
  [
    1641254400000,
    0.335
  ],
  [
    1641340800000,
    0.48
  ],
  [
    1642118400000,
    0.515
  ],
  [
    1642204800000,
    4.246
  ],
  [
    1642464000000,
    0.656
  ],
  [
    1642896000000,
    0.653
  ],
  [
    1643068800000,
    0.641
  ],
  [
    1643155200000,
    0.652
  ],
  [
    1643673600000,
    0.51
  ],
  [
    1643760000000,
    0.644
  ],
  [
    1643932800000,
    0.662
  ],
  [
    1644019200000,
    0.486
  ],
  [
    1644278400000,
    0.662
  ],
  [
    1644451200000,
    0.534
  ],
  [
    1644969600000,
    0.676
  ],
  [
    1645056000000,
    0.507
  ],
  [
    1645228800000,
    0.676
  ],
  [
    1645315200000,
    0.673
  ],
  [
    1645574400000,
    0.499
  ],
  [
    1645833600000,
    0.673
  ],
  [
    1646006400000,
    0.64
  ],
  [
    1646179200000,
    0.658
  ],
  [
    1646265600000,
    0.495
  ],
  [
    1646352000000,
    0.586
  ],
  [
    1646611200000,
    0.48
  ],
  [
    1647216000000,
    0.619
  ],
  [
    1647302400000,
    0.666
  ],
  [
    1647388800000,
    0.53
  ],
  [
    1647734400000,
    0.67
  ],
  [
    1647820800000,
    0.693
  ],
  [
    1647993600000,
    0.582
  ],
  [
    1648166400000,
    0.631
  ],
  [
    1648252800000,
    0.585
  ],
  [
    1648767600000,
    0.642
  ],
  [
    1648854000000,
    0.664
  ],
  [
    1648940400000,
    0.736
  ],
  [
    1649286000000,
    0.738
  ],
  [
    1649372400000,
    0.721
  ],
  [
    1649458800000,
    0.723
  ],
  [
    1649545200000,
    0.57
  ],
  [
    1649718000000,
    0.726
  ],
  [
    1649804400000,
    0.577
  ],
  [
    1650150000000,
    0.609
  ],
  [
    1650582000000,
    0.43
  ],
  [
    1650754800000,
    0.69
  ],
  [
    1651014000000,
    0.694
  ],
  [
    1651100400000,
    0.579
  ],
  [
    1651273200000,
    0.545
  ],
  [
    1651446000000,
    0.684
  ],
  [
    1651618800000,
    0.57
  ],
  [
    1651791600000,
    0.633
  ],
  [
    1651878000000,
    0.69
  ],
  [
    1652655600000,
    0.533
  ],
  [
    1652742000000,
    0.53
  ],
  [
    1653174000000,
    0.532
  ],
  [
    1653260400000,
    0.66
  ],
  [
    1653519600000,
    0.689
  ],
  [
    1653606000000,
    0.689
  ],
  [
    1653692400000,
    0.7
  ],
  [
    1653778800000,
    0.653
  ],
  [
    1654124400000,
    0.692
  ],
  [
    1654556400000,
    0.55
  ],
  [
    1654642800000,
    0.622
  ],
  [
    1654988400000,
    0.57
  ],
  [
    1655247600000,
    0.627
  ],
  [
    1655334000000,
    0.67
  ],
  [
    1655420400000,
    0.674
  ],
  [
    1655593200000,
    0.66
  ],
  [
    1656111600000,
    0.664
  ],
  [
    1656457200000,
    0.57
  ],
  [
    1656630000000,
    0.51
  ],
  [
    1656889200000,
    0.655
  ],
  [
    1657234800000,
    0.654
  ],
  [
    1657321200000,
    0.591
  ],
  [
    1657839600000,
    0.644
  ],
  [
    1658098800000,
    0.549
  ],
  [
    1658185200000,
    0.644
  ],
  [
    1658444400000,
    0.645
  ],
  [
    1658617200000,
    0.63
  ],
  [
    1658790000000,
    0.639
  ],
  [
    1658876400000,
    0.579
  ],
  [
    1658962800000,
    0.963
  ],
  [
    1659049200000,
    0.654
  ],
  [
    1659222000000,
    0.608
  ],
  [
    1659308400000,
    0.626
  ],
  [
    1659394800000,
    0.654
  ],
  [
    1659567600000,
    0.655
  ],
  [
    1659740400000,
    0.671
  ],
  [
    1660086000000,
    0.545
  ],
  [
    1660172400000,
    0.629
  ],
  [
    1660345200000,
    0.661
  ],
  [
    1660518000000,
    0.801
  ],
  [
    1660690800000,
    0.65
  ],
  [
    1660777200000,
    0.661
  ],
  [
    1660863600000,
    0.651
  ],
  [
    1660950000000,
    0.594
  ],
  [
    1661036400000,
    0.569
  ],
  [
    1661122800000,
    0.607
  ],
  [
    1661295600000,
    0.59
  ],
  [
    1661382000000,
    0.637
  ],
  [
    1661468400000,
    0.642
  ],
  [
    1661641200000,
    0.648
  ],
  [
    1661814000000,
    0.65
  ],
  [
    1661900400000,
    0.525
  ],
  [
    1662073200000,
    0.642
  ],
  [
    1662246000000,
    0.743
  ],
  [
    1662332400000,
    0.684
  ],
  [
    1662505200000,
    0.64
  ],
  [
    1662764400000,
    0.653
  ],
  [
    1662937200000,
    0.654
  ],
  [
    1663196400000,
    0.585
  ],
  [
    1663282800000,
    0.573
  ],
  [
    1663455600000,
    0.612
  ],
  [
    1663628400000,
    0.549
  ],
  [
    1663714800000,
    0.625
  ],
  [
    1663801200000,
    0.49
  ],
  [
    1663887600000,
    0.61
  ],
  [
    1663974000000,
    0.464
  ],
  [
    1664146800000,
    0.603
  ],
  [
    1664233200000,
    0.498
  ],
  [
    1664492400000,
    0.556
  ],
  [
    1664838000000,
    0.607
  ],
  [
    1665097200000,
    0.644
  ],
  [
    1665183600000,
    0.53
  ],
  [
    1665442800000,
    0.64
  ],
  [
    1665615600000,
    0.648
  ],
  [
    1665788400000,
    1.24
  ],
  [
    1666134000000,
    0.679
  ],
  [
    1666220400000,
    0.66
  ],
  [
    1666393200000,
    0.558
  ],
  [
    1666566000000,
    0.664
  ],
  [
    1667084400000,
    0.47
  ],
  [
    1667347200000,
    0.702
  ],
  [
    1667865600000,
    0.63
  ],
  [
    1668038400000,
    0.81
  ],
  [
    1668729600000,
    0.795
  ],
  [
    1668816000000,
    0.783
  ],
  [
    1669075200000,
    0.69
  ],
  [
    1669161600000,
    0.69
  ],
  [
    1669334400000,
    0.55
  ],
  [
    1669507200000,
    0.55
  ],
  [
    1669593600000,
    0.54
  ],
  [
    1669680000000,
    0.651
  ],
  [
    1669766400000,
    0.55
  ],
  [
    1670025600000,
    0.566
  ],
  [
    1670112000000,
    0.412
  ],
  [
    1670198400000,
    0.608
  ],
  [
    1670716800000,
    0.798
  ],
  [
    1671148800000,
    0.55
  ],
  [
    1671235200000,
    0.703
  ],
  [
    1671840000000,
    0.492
  ],
  [
    1671926400000,
    0.54
  ],
  [
    1672099200000,
    0.71
  ],
  [
    1672185600000,
    0.73
  ],
  [
    1672704000000,
    0.8
  ],
  [
    1672876800000,
    0.744
  ],
  [
    1673308800000,
    0.612
  ],
  [
    1673568000000,
    0.848
  ],
  [
    1673654400000,
    0.665
  ],
  [
    1673827200000,
    1.019
  ],
  [
    1674086400000,
    0.86
  ],
  [
    1674345600000,
    0.97
  ],
  [
    1674518400000,
    1.028
  ],
  [
    1674691200000,
    0.65
  ],
  [
    1674864000000,
    0.88
  ],
  [
    1675296000000,
    1.108
  ],
  [
    1675382400000,
    1.099
  ],
  [
    1675555200000,
    1.1
  ],
  [
    1675728000000,
    1.034
  ],
  [
    1676073600000,
    0.877
  ],
  [
    1676160000000,
    0.94
  ],
  [
    1676419200000,
    0.8
  ],
  [
    1676592000000,
    0.855
  ],
  [
    1676764800000,
    1.078
  ],
  [
    1676937600000,
    0.87
  ],
  [
    1677024000000,
    1.073
  ],
  [
    1677456000000,
    0.7
  ],
  [
    1677542400000,
    0.849
  ],
  [
    1677628800000,
    0.736
  ],
  [
    1677715200000,
    1.08
  ],
  [
    1677888000000,
    1.161
  ],
  [
    1677974400000,
    1.458
  ],
  [
    1678147200000,
    2.242
  ],
  [
    1678406400000,
    1.733
  ],
  [
    1678752000000,
    1.343
  ],
  [
    1678838400000,
    1.99
  ],
  [
    1679097600000,
    8.267
  ],
  [
    1679356800000,
    2.041
  ],
  [
    1679443200000,
    1.522
  ],
  [
    1679958000000,
    2.102
  ],
  [
    1680044400000,
    1.946
  ],
  [
    1680217200000,
    1.488
  ],
  [
    1680994800000,
    1.307
  ],
  [
    1681254000000,
    1.483
  ],
  [
    1681340400000,
    1.16
  ],
  [
    1681426800000,
    1.453
  ],
  [
    1681599600000,
    1.55
  ],
  [
    1681945200000,
    0.979
  ],
  [
    1682118000000,
    1.516
  ],
  [
    1682463600000,
    1.679
  ],
  [
    1682982000000,
    1.631
  ],
  [
    1683327600000,
    1.42
  ],
  [
    1683414000000,
    1.68
  ],
  [
    1683586800000,
    1.417
  ],
  [
    1683673200000,
    1.875
  ],
  [
    1683846000000,
    1.81
  ],
  [
    1683932400000,
    2.143
  ],
  [
    1684537200000,
    1.876
  ],
  [
    1684882800000,
    1.082
  ],
  [
    1684969200000,
    1.499
  ],
  [
    1685055600000,
    1.499
  ],
  [
    1685142000000,
    1.555
  ],
  [
    1685574000000,
    1.35
  ],
  [
    1685660400000,
    1.155
  ],
  [
    1686092400000,
    1.31
  ],
  [
    1686351600000,
    1.388
  ],
  [
    1686610800000,
    1.515
  ],
  [
    1686697200000,
    1.535
  ],
  [
    1686783600000,
    1.185
  ],
  [
    1687129200000,
    1.564
  ],
  [
    1687302000000,
    1.53
  ],
  [
    1687388400000,
    1.803
  ],
  [
    1687561200000,
    1.28
  ],
  [
    1688166000000,
    1.29
  ],
  [
    1688252400000,
    1.35
  ],
  [
    1688338800000,
    1.491
  ],
  [
    1688770800000,
    1.012
  ],
  [
    1689116400000,
    1.174
  ],
  [
    1689202800000,
    1.562
  ],
  [
    1689721200000,
    1.19
  ],
  [
    1689894000000,
    1.027
  ],
  [
    1690326000000,
    1.2
  ],
  [
    1690671600000,
    1.028
  ],
  [
    1690758000000,
    1.162
  ],
  [
    1690930800000,
    1.173
  ],
  [
    1691017200000,
    1.164
  ],
  [
    1691190000000,
    1.15
  ],
  [
    1691276400000,
    1.324
  ],
  [
    1691362800000,
    1.025
  ],
  [
    1691449200000,
    1.137
  ],
  [
    1691708400000,
    1.143
  ],
  [
    1691967600000,
    1.134
  ],
  [
    1692140400000,
    1.016
  ],
  [
    1692399600000,
    0.962
  ],
  [
    1692486000000,
    0.97
  ],
  [
    1692572400000,
    1.086
  ],
  [
    1692745200000,
    1.101
  ],
  [
    1693177200000,
    0.935
  ],
  [
    1693350000000,
    1.051
  ],
  [
    1693522800000,
    0.865
  ],
  [
    1693609200000,
    1.021
  ],
  [
    1693695600000,
    0.73
  ],
  [
    1693782000000,
    0.865
  ],
  [
    1693868400000,
    1.052
  ],
  [
    1693954800000,
    1.177
  ],
  [
    1694041200000,
    1.224
  ],
  [
    1694214000000,
    1.069
  ],
  [
    1694300400000,
    1.246
  ],
  [
    1694473200000,
    1.17
  ],
  [
    1694559600000,
    1.253
  ],
  [
    1694646000000,
    1.255
  ],
  [
    1694818800000,
    1.017
  ],
  [
    1694991600000,
    1.395
  ],
  [
    1695423600000,
    1.478
  ],
  [
    1695682800000,
    1.12
  ],
  [
    1695855600000,
    1.078
  ],
  [
    1696114800000,
    0.935
  ],
  [
    1696201200000,
    1.105
  ],
  [
    1696287600000,
    1.201
  ],
  [
    1696546800000,
    0.956
  ],
  [
    1696719600000,
    1.01
  ],
  [
    1696806000000,
    1.165
  ],
  [
    1696978800000,
    1.12
  ],
  [
    1697151600000,
    1.06
  ],
  [
    1697324400000,
    1.325
  ],
  [
    1697410800000,
    1.076
  ],
  [
    1697497200000,
    1.299
  ],
  [
    1697583600000,
    1.329
  ],
  [
    1697670000000,
    0.97
  ],
  [
    1697842800000,
    1.277
  ],
  [
    1697929200000,
    1.467
  ],
  [
    1698015600000,
    1.508
  ],
  [
    1698102000000,
    8.015
  ],
  [
    1698361200000,
    1.429
  ],
  [
    1698624000000,
    1.2
  ],
  [
    1698710400000,
    1.216
  ],
  [
    1698969600000,
    1.39
  ],
  [
    1699056000000,
    1.45
  ],
  [
    1699142400000,
    0.839
  ],
  [
    1699315200000,
    1.388
  ],
  [
    1699401600000,
    1.385
  ],
  [
    1699488000000,
    1.295
  ],
  [
    1699660800000,
    1.144
  ],
  [
    1699747200000,
    1.188
  ],
  [
    1699833600000,
    1.29
  ],
  [
    1699920000000,
    1.333
  ],
  [
    1700006400000,
    1.34
  ],
  [
    1700092800000,
    1.308
  ],
  [
    1700179200000,
    1.221
  ],
  [
    1700265600000,
    1.391
  ],
  [
    1700352000000,
    1.361
  ],
  [
    1700438400000,
    1.38
  ],
  [
    1700524800000,
    1.406
  ],
  [
    1700697600000,
    1.35
  ],
  [
    1700784000000,
    1.35
  ],
  [
    1700956800000,
    1.572
  ],
  [
    1701043200000,
    1.34
  ],
  [
    1701216000000,
    1.495
  ],
  [
    1701302400000,
    1.519
  ],
  [
    1701388800000,
    1.595
  ],
  [
    1701475200000,
    1.68
  ],
  [
    1701561600000,
    1.635
  ],
  [
    1701648000000,
    1.54
  ],
  [
    1701734400000,
    1.764
  ],
  [
    1701820800000,
    1.7
  ],
  [
    1701993600000,
    1.72
  ],
  [
    1702080000000,
    1.76
  ],
  [
    1702339200000,
    1.195
  ],
  [
    1702425600000,
    1.46
  ],
  [
    1702684800000,
    1.7
  ],
  [
    1702857600000,
    1.527
  ],
  [
    1703203200000,
    1.79
  ],
  [
    1703376000000,
    1.76
  ],
  [
    1703462400000,
    1.71
  ],
  [
    1703548800000,
    1.686
  ],
  [
    1703635200000,
    1.62
  ],
  [
    1703721600000,
    1.949
  ],
  [
    1703808000000,
    1.77
  ],
  [
    1704067200000,
    1.766
  ],
  [
    1704240000000,
    1.72
  ],
  [
    1704326400000,
    1.82
  ],
  [
    1704412800000,
    1.95
  ],
  [
    1704499200000,
    2.03
  ],
  [
    1704585600000,
    1.847
  ],
  [
    1704672000000,
    1.97
  ],
  [
    1704844800000,
    2.047
  ],
  [
    1705017600000,
    2.13
  ],
  [
    1705104000000,
    2.18
  ],
  [
    1705276800000,
    2.25
  ],
  [
    1705363200000,
    2.239
  ],
  [
    1705881600000,
    1.32
  ],
  [
    1706054400000,
    1.473
  ],
  [
    1706227200000,
    1.443
  ],
  [
    1706313600000,
    1.58
  ],
  [
    1706400000000,
    1.64
  ],
  [
    1706486400000,
    1.737
  ],
  [
    1706572800000,
    1.795
  ],
  [
    1706659200000,
    1.803
  ],
  [
    1706745600000,
    1.788
  ],
  [
    1706832000000,
    1.543
  ],
  [
    1706918400000,
    1.358
  ],
  [
    1707004800000,
    1.541
  ],
  [
    1707177600000,
    1.41
  ],
  [
    1707264000000,
    1.405
  ],
  [
    1707350400000,
    1.22
  ],
  [
    1707436800000,
    1.445
  ],
  [
    1707523200000,
    1.267
  ],
  [
    1707609600000,
    1.28
  ],
  [
    1707782400000,
    1.294
  ],
  [
    1707868800000,
    1.08
  ],
  [
    1708128000000,
    1.44
  ],
  [
    1708214400000,
    1.44
  ],
  [
    1708300800000,
    1.574
  ],
  [
    1708387200000,
    1.647
  ],
  [
    1708473600000,
    1.643
  ],
  [
    1708560000000,
    1.622
  ],
  [
    1708646400000,
    1.625
  ],
  [
    1708819200000,
    1.511
  ],
  [
    1708905600000,
    1.604
  ],
  [
    1708992000000,
    1.634
  ],
  [
    1709078400000,
    1.632
  ],
  [
    1709164800000,
    1.584
  ],
  [
    1709337600000,
    1.573
  ],
  [
    1709424000000,
    1.503
  ],
  [
    1709596800000,
    1.248
  ],
  [
    1709683200000,
    1.606
  ],
  [
    1709769600000,
    1.531
  ],
  [
    1709856000000,
    1.442
  ],
  [
    1709942400000,
    1.592
  ],
  [
    1710028800000,
    1.65
  ],
  [
    1710115200000,
    1.65
  ],
  [
    1710201600000,
    1.513
  ],
  [
    1710288000000,
    1.57
  ],
  [
    1710460800000,
    1.383
  ],
  [
    1710547200000,
    1.337
  ],
  [
    1710633600000,
    1.587
  ],
  [
    1711238400000,
    1.504
  ],
  [
    1711324800000,
    1.601
  ],
  [
    1712012400000,
    1.58
  ],
  [
    1712271600000,
    1.582
  ],
  [
    1712358000000,
    1.677
  ],
  [
    1712530800000,
    2.349
  ],
  [
    1712617200000,
    2.31
  ],
  [
    1712703600000,
    2.323
  ],
  [
    1712790000000,
    2.308
  ],
  [
    1712962800000,
    2.248
  ],
  [
    1713049200000,
    2.382
  ],
  [
    1713135600000,
    2.462
  ],
  [
    1713222000000,
    2.6
  ],
  [
    1713308400000,
    2.71
  ],
  [
    1713394800000,
    2.96
  ],
  [
    1713481200000,
    2.978
  ],
  [
    1713740400000,
    2.19
  ],
  [
    1713826800000,
    1.875
  ],
  [
    1714086000000,
    2.352
  ],
  [
    1714258800000,
    1.909
  ],
  [
    1715295600000,
    1.64
  ],
  [
    1715382000000,
    2.041
  ],
  [
    1715468400000,
    1.81
  ],
  [
    1715554800000,
    1.944
  ],
  [
    1715641200000,
    1.88
  ],
  [
    1715727600000,
    1.9
  ],
  [
    1715900400000,
    1.75
  ],
  [
    1716073200000,
    1.64
  ],
  [
    1716397200000,
    1.979
  ],
  [
    1716465600000,
    1.93
  ],
  [
    1716494400000,
    1.512
  ],
  [
    1716530400000,
    1.97
  ],
  [
    1716562800000,
    2.03
  ],
  [
    1716573600000,
    2.07
  ],
  [
    1716620400000,
    2.07
  ],
  [
    1716696000000,
    2.07
  ],
  [
    1717084800000,
    2.07
  ],
  [
    1717095600000,
    2.07
  ],
  [
    1717102800000,
    2.07
  ],
  [
    1717164000000,
    2.07
  ],
  [
    1717185600000,
    2.08
  ],
  [
    1717192800000,
    2.08
  ],
  [
    1717261200000,
    2.09
  ],
  [
    1717398000000,
    4.779
  ],
  [
    1717714800000,
    2.162
  ],
  [
    1717743600000,
    2.195
  ],
  [
    1717758000000,
    2.3
  ],
  [
    1718157600000,
    2.301
  ],
  [
    1718197200000,
    1.897
  ],
  [
    1718467200000,
    2.358
  ],
  [
    1718474400000,
    2.411
  ],
  [
    1718478000000,
    2.454
  ],
  [
    1718560800000,
    2.988
  ],
  [
    1718658000000,
    3.053
  ],
  [
    1718881200000,
    2.42
  ]
]