[
  [
    1574121600000,
    0.052
  ],
  [
    1574208000000,
    0.048
  ],
  [
    1574294400000,
    0.055
  ],
  [
    1574380800000,
    0.054
  ],
  [
    1574467200000,
    0.053
  ],
  [
    1574553600000,
    0.055
  ],
  [
    1574640000000,
    0.05
  ],
  [
    1574726400000,
    0.06
  ],
  [
    1574812800000,
    0.05
  ],
  [
    1574899200000,
    0.056
  ],
  [
    1574985600000,
    0.055
  ],
  [
    1575072000000,
    0.062
  ],
  [
    1575158400000,
    0.06
  ],
  [
    1575244800000,
    0.06
  ],
  [
    1575331200000,
    0.06
  ],
  [
    1575417600000,
    0.055
  ],
  [
    1575504000000,
    0.046
  ],
  [
    1575590400000,
    0.045
  ],
  [
    1575676800000,
    0.048
  ],
  [
    1575763200000,
    0.048
  ],
  [
    1575849600000,
    0.048
  ],
  [
    1575936000000,
    0.052
  ],
  [
    1576022400000,
    0.045
  ],
  [
    1576108800000,
    0.046
  ],
  [
    1576195200000,
    0.042
  ],
  [
    1576281600000,
    0.047
  ],
  [
    1576368000000,
    0.051
  ],
  [
    1576454400000,
    0.056
  ],
  [
    1576540800000,
    2.576
  ],
  [
    1576627200000,
    0.048
  ],
  [
    1576713600000,
    0.043
  ],
  [
    1576800000000,
    0.044
  ],
  [
    1576886400000,
    0.046
  ],
  [
    1576972800000,
    0.042
  ],
  [
    1577059200000,
    0.039
  ],
  [
    1577145600000,
    0.043
  ],
  [
    1577232000000,
    0.656
  ],
  [
    1577318400000,
    0.043
  ],
  [
    1577404800000,
    0.044
  ],
  [
    1577491200000,
    0.042
  ],
  [
    1577577600000,
    0.042
  ],
  [
    1577664000000,
    0.04
  ],
  [
    1577750400000,
    0.041
  ],
  [
    1577836800000,
    0.039
  ],
  [
    1577923200000,
    0.041
  ],
  [
    1578009600000,
    0.04
  ],
  [
    1578096000000,
    0.042
  ],
  [
    1578182400000,
    0.041
  ],
  [
    1578268800000,
    0.042
  ],
  [
    1578355200000,
    0.371
  ],
  [
    1578441600000,
    0.042
  ],
  [
    1578528000000,
    0.041
  ],
  [
    1578614400000,
    0.042
  ],
  [
    1578700800000,
    0.042
  ],
  [
    1578787200000,
    0.041
  ],
  [
    1578873600000,
    0.626
  ],
  [
    1578960000000,
    2.487
  ],
  [
    1579046400000,
    0.046
  ],
  [
    1579132800000,
    0.046
  ],
  [
    1579219200000,
    0.044
  ],
  [
    1579305600000,
    0.046
  ],
  [
    1579392000000,
    0.045
  ],
  [
    1579478400000,
    0.048
  ],
  [
    1579564800000,
    0.044
  ],
  [
    1579651200000,
    0.045
  ],
  [
    1579737600000,
    0.045
  ],
  [
    1579824000000,
    0.043
  ],
  [
    1579910400000,
    0.05
  ],
  [
    1579996800000,
    0.049
  ],
  [
    1580083200000,
    0.045
  ],
  [
    1580169600000,
    0.05
  ],
  [
    1580256000000,
    0.051
  ],
  [
    1580342400000,
    0.05
  ],
  [
    1580428800000,
    0.048
  ],
  [
    1580515200000,
    0.052
  ],
  [
    1580601600000,
    0.048
  ],
  [
    1580688000000,
    16.122
  ],
  [
    1580774400000,
    0.103
  ],
  [
    1580860800000,
    0.086
  ],
  [
    1580947200000,
    0.084
  ],
  [
    1581033600000,
    1.311
  ],
  [
    1581120000000,
    0.054
  ],
  [
    1581206400000,
    0.055
  ],
  [
    1581292800000,
    0.06
  ],
  [
    1581379200000,
    0.059
  ],
  [
    1581465600000,
    0.054
  ],
  [
    1581552000000,
    0.055
  ],
  [
    1581638400000,
    0.055
  ],
  [
    1581724800000,
    0.057
  ],
  [
    1581811200000,
    0.059
  ],
  [
    1581897600000,
    0.064
  ],
  [
    1581984000000,
    0.056
  ],
  [
    1582070400000,
    0.054
  ],
  [
    1582156800000,
    0.052
  ],
  [
    1582243200000,
    0.054
  ],
  [
    1582329600000,
    0.056
  ],
  [
    1582416000000,
    0.062
  ],
  [
    1582502400000,
    0.09
  ],
  [
    1582588800000,
    0.08
  ],
  [
    1582675200000,
    0.075
  ],
  [
    1582761600000,
    0.073
  ],
  [
    1582848000000,
    0.074
  ],
  [
    1582934400000,
    0.075
  ],
  [
    1583020800000,
    0.076
  ],
  [
    1583107200000,
    0.071
  ],
  [
    1583193600000,
    0.071
  ],
  [
    1583280000000,
    0.068
  ],
  [
    1583366400000,
    0.07
  ],
  [
    1583452800000,
    0.065
  ],
  [
    1583539200000,
    0.063
  ],
  [
    1583625600000,
    0.065
  ],
  [
    1583712000000,
    0.061
  ],
  [
    1583798400000,
    0.057
  ],
  [
    1583884800000,
    0.059
  ],
  [
    1583971200000,
    0.058
  ],
  [
    1584057600000,
    0.053
  ],
  [
    1584144000000,
    0.061
  ],
  [
    1584230400000,
    0.057
  ],
  [
    1584316800000,
    0.06
  ],
  [
    1584403200000,
    0.059
  ],
  [
    1584489600000,
    0.058
  ],
  [
    1584576000000,
    0.056
  ],
  [
    1584662400000,
    0.06
  ],
  [
    1584748800000,
    0.059
  ],
  [
    1584835200000,
    0.058
  ],
  [
    1584921600000,
    0.057
  ],
  [
    1585008000000,
    0.053
  ],
  [
    1585094400000,
    0.054
  ],
  [
    1585180800000,
    0.055
  ],
  [
    1585267200000,
    0.061
  ],
  [
    1585353600000,
    0.062
  ],
  [
    1585440000000,
    0.067
  ],
  [
    1585522800000,
    0.068
  ],
  [
    1585609200000,
    0.06
  ],
  [
    1585695600000,
    0.058
  ],
  [
    1585782000000,
    0.058
  ],
  [
    1585868400000,
    0.06
  ],
  [
    1585954800000,
    0.06
  ],
  [
    1586041200000,
    0.057
  ],
  [
    1586127600000,
    0.06
  ],
  [
    1586214000000,
    0.059
  ],
  [
    1586300400000,
    0.06
  ],
  [
    1586386800000,
    0.058
  ],
  [
    1586473200000,
    0.058
  ],
  [
    1586559600000,
    0.057
  ],
  [
    1586646000000,
    0.057
  ],
  [
    1586732400000,
    0.057
  ],
  [
    1586818800000,
    0.057
  ],
  [
    1586905200000,
    0.058
  ],
  [
    1586991600000,
    0.056
  ],
  [
    1587078000000,
    0.058
  ],
  [
    1587164400000,
    0.058
  ],
  [
    1587250800000,
    0.064
  ],
  [
    1587337200000,
    0.067
  ],
  [
    1587423600000,
    0.065
  ],
  [
    1587510000000,
    0.064
  ],
  [
    1587596400000,
    0.063
  ],
  [
    1587682800000,
    0.06
  ],
  [
    1587769200000,
    0.062
  ],
  [
    1587855600000,
    0.066
  ],
  [
    1587942000000,
    0.065
  ],
  [
    1588028400000,
    0.07
  ],
  [
    1588114800000,
    0.067
  ],
  [
    1588201200000,
    0.07
  ],
  [
    1588287600000,
    0.069
  ],
  [
    1588374000000,
    0.072
  ],
  [
    1588460400000,
    0.073
  ],
  [
    1588546800000,
    0.076
  ],
  [
    1588633200000,
    0.084
  ],
  [
    1588719600000,
    0.095
  ],
  [
    1588806000000,
    0.099
  ],
  [
    1588892400000,
    0.101
  ],
  [
    1588978800000,
    0.104
  ],
  [
    1589065200000,
    0.104
  ],
  [
    1589151600000,
    0.101
  ],
  [
    1589238000000,
    0.095
  ],
  [
    1589324400000,
    0.088
  ],
  [
    1589410800000,
    0.094
  ],
  [
    1589497200000,
    0.094
  ],
  [
    1589583600000,
    0.098
  ],
  [
    1589670000000,
    0.106
  ],
  [
    1589756400000,
    0.113
  ],
  [
    1589842800000,
    0.113
  ],
  [
    1589929200000,
    0.113
  ],
  [
    1590015600000,
    0.115
  ],
  [
    1590102000000,
    0.115
  ],
  [
    1590188400000,
    0.132
  ],
  [
    1590274800000,
    0.13
  ],
  [
    1590361200000,
    0.117
  ],
  [
    1590447600000,
    0.107
  ],
  [
    1590534000000,
    0.103
  ],
  [
    1590620400000,
    0.104
  ],
  [
    1590706800000,
    0.103
  ],
  [
    1590793200000,
    0.105
  ],
  [
    1590879600000,
    0.099
  ],
  [
    1590966000000,
    0.1
  ],
  [
    1591052400000,
    0.103
  ],
  [
    1591138800000,
    0.107
  ],
  [
    1591225200000,
    0.109
  ],
  [
    1591311600000,
    0.11
  ],
  [
    1591398000000,
    0.117
  ],
  [
    1591484400000,
    0.113
  ],
  [
    1591570800000,
    0.109
  ],
  [
    1591657200000,
    0.104
  ],
  [
    1591743600000,
    0.104
  ],
  [
    1591830000000,
    0.103
  ],
  [
    1591916400000,
    0.104
  ],
  [
    1592002800000,
    0.107
  ],
  [
    1592089200000,
    0.111
  ],
  [
    1592175600000,
    0.105
  ],
  [
    1592262000000,
    0.103
  ],
  [
    1592348400000,
    0.1
  ],
  [
    1592434800000,
    0.104
  ],
  [
    1592521200000,
    0.096
  ],
  [
    1592607600000,
    0.104
  ],
  [
    1592694000000,
    0.099
  ],
  [
    1592780400000,
    0.103
  ],
  [
    1592866800000,
    1.99
  ],
  [
    1592953200000,
    0.105
  ],
  [
    1593039600000,
    0.097
  ],
  [
    1593126000000,
    0.088
  ],
  [
    1593212400000,
    0.087
  ],
  [
    1593298800000,
    0.086
  ],
  [
    1593385200000,
    0.083
  ],
  [
    1593471600000,
    0.084
  ],
  [
    1593558000000,
    0.085
  ],
  [
    1593644400000,
    0.09
  ],
  [
    1593730800000,
    0.085
  ],
  [
    1593817200000,
    0.09
  ],
  [
    1593903600000,
    0.096
  ],
  [
    1593990000000,
    0.1
  ],
  [
    1594076400000,
    0.101
  ],
  [
    1594162800000,
    0.101
  ],
  [
    1594249200000,
    0.125
  ],
  [
    1594335600000,
    0.095
  ],
  [
    1594422000000,
    0.104
  ],
  [
    1594508400000,
    0.185
  ],
  [
    1594594800000,
    0.105
  ],
  [
    1594681200000,
    0.106
  ],
  [
    1594767600000,
    0.111
  ],
  [
    1594854000000,
    0.11
  ],
  [
    1594940400000,
    0.12
  ],
  [
    1595026800000,
    0.109
  ],
  [
    1595113200000,
    0.251
  ],
  [
    1595199600000,
    0.113
  ],
  [
    1595286000000,
    0.114
  ],
  [
    1595372400000,
    0.104
  ],
  [
    1595458800000,
    0.119
  ],
  [
    1595545200000,
    0.117
  ],
  [
    1595631600000,
    0.115
  ],
  [
    1595718000000,
    0.116
  ],
  [
    1595804400000,
    0.114
  ],
  [
    1595890800000,
    0.207
  ],
  [
    1595977200000,
    0.131
  ],
  [
    1596063600000,
    0.132
  ],
  [
    1596150000000,
    0.13
  ],
  [
    1596236400000,
    0.127
  ],
  [
    1596322800000,
    0.137
  ],
  [
    1596409200000,
    0.664
  ],
  [
    1596495600000,
    0.141
  ],
  [
    1596582000000,
    0.128
  ],
  [
    1596668400000,
    0.133
  ],
  [
    1596754800000,
    0.128
  ],
  [
    1596841200000,
    0.135
  ],
  [
    1596927600000,
    0.123
  ],
  [
    1597014000000,
    0.126
  ],
  [
    1597100400000,
    0.122
  ],
  [
    1597186800000,
    0.127
  ],
  [
    1597273200000,
    0.123
  ],
  [
    1597359600000,
    0.12
  ],
  [
    1597446000000,
    0.122
  ],
  [
    1597532400000,
    0.122
  ],
  [
    1597618800000,
    0.12
  ],
  [
    1597705200000,
    0.123
  ],
  [
    1597791600000,
    0.127
  ],
  [
    1597878000000,
    0.12
  ],
  [
    1597964400000,
    0.115
  ],
  [
    1598050800000,
    0.114
  ],
  [
    1598137200000,
    0.189
  ],
  [
    1598223600000,
    0.11
  ],
  [
    1598310000000,
    0.116
  ],
  [
    1598396400000,
    0.115
  ],
  [
    1598482800000,
    0.12
  ],
  [
    1598569200000,
    0.213
  ],
  [
    1598655600000,
    0.114
  ],
  [
    1598742000000,
    0.113
  ],
  [
    1598828400000,
    16.633
  ],
  [
    1598914800000,
    0.118
  ],
  [
    1599001200000,
    0.114
  ],
  [
    1599087600000,
    0.124
  ],
  [
    1599174000000,
    0.122
  ],
  [
    1599260400000,
    0.117
  ],
  [
    1599346800000,
    18.075
  ],
  [
    1599433200000,
    0.117
  ],
  [
    1599519600000,
    0.12
  ],
  [
    1599606000000,
    0.116
  ],
  [
    1599692400000,
    0.11
  ],
  [
    1599778800000,
    0.12
  ],
  [
    1599865200000,
    0.122
  ],
  [
    1599951600000,
    0.11
  ],
  [
    1600038000000,
    0.116
  ],
  [
    1600124400000,
    30.021
  ],
  [
    1600210800000,
    0.46
  ],
  [
    1600297200000,
    0.111
  ],
  [
    1600383600000,
    0.115
  ],
  [
    1600470000000,
    0.115
  ],
  [
    1600556400000,
    0.285
  ],
  [
    1600642800000,
    0.112
  ],
  [
    1600729200000,
    0.112
  ],
  [
    1600815600000,
    0.115
  ],
  [
    1600902000000,
    0.118
  ],
  [
    1600988400000,
    0.115
  ],
  [
    1601074800000,
    0.117
  ],
  [
    1601161200000,
    0.112
  ],
  [
    1601247600000,
    0.131
  ],
  [
    1601334000000,
    0.122
  ],
  [
    1601420400000,
    0.131
  ],
  [
    1601506800000,
    0.126
  ],
  [
    1601593200000,
    0.133
  ],
  [
    1601679600000,
    0.13
  ],
  [
    1601766000000,
    0.337
  ],
  [
    1601852400000,
    0.133
  ],
  [
    1601938800000,
    0.137
  ],
  [
    1602025200000,
    0.131
  ],
  [
    1602111600000,
    0.13
  ],
  [
    1602198000000,
    0.133
  ],
  [
    1602284400000,
    0.136
  ],
  [
    1602370800000,
    0.141
  ],
  [
    1602457200000,
    0.134
  ],
  [
    1602543600000,
    0.143
  ],
  [
    1602630000000,
    0.136
  ],
  [
    1602716400000,
    0.128
  ],
  [
    1602802800000,
    0.14
  ],
  [
    1602889200000,
    0.152
  ],
  [
    1602975600000,
    0.153
  ],
  [
    1603062000000,
    0.144
  ],
  [
    1603148400000,
    0.15
  ],
  [
    1603234800000,
    0.15
  ],
  [
    1603321200000,
    0.144
  ],
  [
    1603407600000,
    0.149
  ],
  [
    1603494000000,
    0.163
  ],
  [
    1603580400000,
    0.152
  ],
  [
    1603670400000,
    0.138
  ],
  [
    1603756800000,
    0.139
  ],
  [
    1603843200000,
    0.142
  ],
  [
    1603929600000,
    0.138
  ],
  [
    1604016000000,
    0.135
  ],
  [
    1604102400000,
    0.132
  ],
  [
    1604188800000,
    0.146
  ],
  [
    1604275200000,
    0.149
  ],
  [
    1604361600000,
    0.14
  ],
  [
    1604448000000,
    0.145
  ],
  [
    1604534400000,
    0.143
  ],
  [
    1604620800000,
    0.132
  ],
  [
    1604707200000,
    0.142
  ],
  [
    1604793600000,
    0.222
  ],
  [
    1604880000000,
    0.134
  ],
  [
    1604966400000,
    0.138
  ],
  [
    1605052800000,
    0.136
  ],
  [
    1605139200000,
    0.139
  ],
  [
    1605225600000,
    0.144
  ],
  [
    1605312000000,
    0.13
  ],
  [
    1605398400000,
    0.13
  ],
  [
    1605484800000,
    0.129
  ],
  [
    1605571200000,
    0.133
  ],
  [
    1605657600000,
    0.13
  ],
  [
    1605744000000,
    0.125
  ],
  [
    1605830400000,
    0.127
  ],
  [
    1605916800000,
    0.138
  ],
  [
    1606003200000,
    0.14
  ],
  [
    1606089600000,
    0.136
  ],
  [
    1606176000000,
    0.131
  ],
  [
    1606262400000,
    0.13
  ],
  [
    1606348800000,
    0.126
  ],
  [
    1606435200000,
    0.12
  ],
  [
    1606521600000,
    0.125
  ],
  [
    1606608000000,
    0.117
  ],
  [
    1606694400000,
    0.127
  ],
  [
    1606780800000,
    0.125
  ],
  [
    1606867200000,
    0.132
  ],
  [
    1606953600000,
    0.132
  ],
  [
    1607040000000,
    0.104
  ],
  [
    1607126400000,
    0.109
  ],
  [
    1607212800000,
    0.108
  ],
  [
    1607299200000,
    0.11
  ],
  [
    1607385600000,
    0.111
  ],
  [
    1607472000000,
    0.119
  ],
  [
    1607558400000,
    0.113
  ],
  [
    1607644800000,
    0.102
  ],
  [
    1607731200000,
    0.111
  ],
  [
    1607817600000,
    0.116
  ],
  [
    1607904000000,
    0.108
  ],
  [
    1607990400000,
    0.111
  ],
  [
    1608076800000,
    0.111
  ],
  [
    1608163200000,
    0.118
  ],
  [
    1608249600000,
    0.123
  ],
  [
    1608336000000,
    0.117
  ],
  [
    1608422400000,
    0.12
  ],
  [
    1608508800000,
    0.117
  ],
  [
    1608595200000,
    0.115
  ],
  [
    1608681600000,
    0.12
  ],
  [
    1608768000000,
    0.416
  ],
  [
    1608854400000,
    0.118
  ],
  [
    1608940800000,
    0.383
  ],
  [
    1609027200000,
    0.121
  ],
  [
    1609113600000,
    0.119
  ],
  [
    1609200000000,
    0.115
  ],
  [
    1609286400000,
    0.131
  ],
  [
    1609372800000,
    8.356
  ],
  [
    1609459200000,
    0.142
  ],
  [
    1609545600000,
    0.159
  ],
  [
    1609632000000,
    0.161
  ],
  [
    1609718400000,
    0.167
  ],
  [
    1609804800000,
    0.166
  ],
  [
    1609891200000,
    0.169
  ],
  [
    1609977600000,
    0.184
  ],
  [
    1610064000000,
    0.191
  ],
  [
    1610150400000,
    0.194
  ],
  [
    1610236800000,
    0.209
  ],
  [
    1610323200000,
    0.216
  ],
  [
    1610409600000,
    0.191
  ],
  [
    1610496000000,
    0.193
  ],
  [
    1610582400000,
    0.189
  ],
  [
    1610668800000,
    0.195
  ],
  [
    1610755200000,
    0.196
  ],
  [
    1610841600000,
    0.185
  ],
  [
    1610928000000,
    0.188
  ],
  [
    1611014400000,
    0.193
  ],
  [
    1611100800000,
    0.221
  ],
  [
    1611187200000,
    0.19
  ],
  [
    1611273600000,
    0.187
  ],
  [
    1611360000000,
    0.177
  ],
  [
    1611446400000,
    0.188
  ],
  [
    1611532800000,
    0.183
  ],
  [
    1611619200000,
    0.209
  ],
  [
    1611705600000,
    0.194
  ],
  [
    1611792000000,
    0.176
  ],
  [
    1611878400000,
    0.171
  ],
  [
    1611964800000,
    0.188
  ],
  [
    1612051200000,
    0.198
  ],
  [
    1612137600000,
    0.224
  ],
  [
    1612224000000,
    0.222
  ],
  [
    1612310400000,
    0.22
  ],
  [
    1612396800000,
    0.227
  ],
  [
    1612483200000,
    0.241
  ],
  [
    1612569600000,
    0.246
  ],
  [
    1612656000000,
    0.257
  ],
  [
    1612742400000,
    0.249
  ],
  [
    1612828800000,
    0.242
  ],
  [
    1612915200000,
    0.25
  ],
  [
    1613001600000,
    0.212
  ],
  [
    1613088000000,
    0.228
  ],
  [
    1613174400000,
    0.204
  ],
  [
    1613260800000,
    0.277
  ],
  [
    1613347200000,
    0.258
  ],
  [
    1613433600000,
    0.241
  ],
  [
    1613520000000,
    0.225
  ],
  [
    1613606400000,
    0.307
  ],
  [
    1613692800000,
    0.224
  ],
  [
    1613779200000,
    0.222
  ],
  [
    1613865600000,
    0.226
  ],
  [
    1613952000000,
    0.217
  ],
  [
    1614038400000,
    0.219
  ],
  [
    1614124800000,
    0.233
  ],
  [
    1614211200000,
    0.223
  ],
  [
    1614297600000,
    0.227
  ],
  [
    1614384000000,
    0.236
  ],
  [
    1614470400000,
    0.27
  ],
  [
    1614556800000,
    23.227
  ],
  [
    1614643200000,
    0.259
  ],
  [
    1614729600000,
    0.262
  ],
  [
    1614816000000,
    0.272
  ],
  [
    1614902400000,
    0.271
  ],
  [
    1614988800000,
    0.273
  ],
  [
    1615075200000,
    0.284
  ],
  [
    1615161600000,
    0.279
  ],
  [
    1615248000000,
    0.284
  ],
  [
    1615334400000,
    0.257
  ],
  [
    1615420800000,
    0.293
  ],
  [
    1615507200000,
    0.282
  ],
  [
    1615593600000,
    0.274
  ],
  [
    1615680000000,
    0.286
  ],
  [
    1615766400000,
    0.262
  ],
  [
    1615852800000,
    0.264
  ],
  [
    1615939200000,
    0.274
  ],
  [
    1616025600000,
    0.275
  ],
  [
    1616112000000,
    0.278
  ],
  [
    1616198400000,
    0.264
  ],
  [
    1616284800000,
    0.265
  ],
  [
    1616371200000,
    0.347
  ],
  [
    1616457600000,
    0.367
  ],
  [
    1616544000000,
    0.408
  ],
  [
    1616630400000,
    0.412
  ],
  [
    1616716800000,
    0.482
  ],
  [
    1616803200000,
    0.453
  ],
  [
    1616889600000,
    0.439
  ],
  [
    1616972400000,
    0.428
  ],
  [
    1617058800000,
    0.446
  ],
  [
    1617145200000,
    0.449
  ],
  [
    1617231600000,
    0.409
  ],
  [
    1617318000000,
    0.398
  ],
  [
    1617404400000,
    0.393
  ],
  [
    1617490800000,
    0.398
  ],
  [
    1617577200000,
    0.365
  ],
  [
    1617663600000,
    0.383
  ],
  [
    1617750000000,
    0.347
  ],
  [
    1617836400000,
    0.334
  ],
  [
    1617922800000,
    0.325
  ],
  [
    1618009200000,
    0.318
  ],
  [
    1618095600000,
    0.317
  ],
  [
    1618182000000,
    0.33
  ],
  [
    1618268400000,
    0.317
  ],
  [
    1618354800000,
    0.353
  ],
  [
    1618441200000,
    0.329
  ],
  [
    1618527600000,
    0.349
  ],
  [
    1618614000000,
    0.367
  ],
  [
    1618700400000,
    0.382
  ],
  [
    1618786800000,
    0.418
  ],
  [
    1618873200000,
    0.412
  ],
  [
    1618959600000,
    0.417
  ],
  [
    1619046000000,
    0.432
  ],
  [
    1619132400000,
    0.401
  ],
  [
    1619218800000,
    0.364
  ],
  [
    1619305200000,
    0.409
  ],
  [
    1619391600000,
    0.383
  ],
  [
    1619478000000,
    0.386
  ],
  [
    1619564400000,
    0.384
  ],
  [
    1619650800000,
    0.4
  ],
  [
    1619737200000,
    0.401
  ],
  [
    1619823600000,
    0.434
  ],
  [
    1619910000000,
    0.44
  ],
  [
    1619996400000,
    0.442
  ],
  [
    1620082800000,
    0.459
  ],
  [
    1620169200000,
    0.446
  ],
  [
    1620255600000,
    0.47
  ],
  [
    1620342000000,
    0.493
  ],
  [
    1620428400000,
    0.504
  ],
  [
    1620514800000,
    0.535
  ],
  [
    1620601200000,
    0.548
  ],
  [
    1620687600000,
    0.53
  ],
  [
    1620774000000,
    0.593
  ],
  [
    1620860400000,
    0.584
  ],
  [
    1620946800000,
    0.499
  ],
  [
    1621033200000,
    0.586
  ],
  [
    1621119600000,
    0.575
  ],
  [
    1621206000000,
    0.541
  ],
  [
    1621292400000,
    0.564
  ],
  [
    1621378800000,
    0.538
  ],
  [
    1621465200000,
    0.558
  ],
  [
    1621551600000,
    0.577
  ],
  [
    1621638000000,
    0.709
  ],
  [
    1621724400000,
    0.787
  ],
  [
    1621810800000,
    0.881
  ],
  [
    1621897200000,
    0.951
  ],
  [
    1621983600000,
    1.391
  ],
  [
    1622070000000,
    1.228
  ],
  [
    1622156400000,
    1.202
  ],
  [
    1622242800000,
    1.052
  ],
  [
    1622329200000,
    1.072
  ],
  [
    1622415600000,
    2.105
  ],
  [
    1622502000000,
    1.065
  ],
  [
    1622588400000,
    1.244
  ],
  [
    1622674800000,
    1.225
  ],
  [
    1622761200000,
    1.251
  ],
  [
    1622847600000,
    1.438
  ],
  [
    1622934000000,
    1.416
  ],
  [
    1623020400000,
    1.285
  ],
  [
    1623106800000,
    1.314
  ],
  [
    1623193200000,
    1.284
  ],
  [
    1623279600000,
    1.353
  ],
  [
    1623366000000,
    1.313
  ],
  [
    1623452400000,
    1.282
  ],
  [
    1623538800000,
    1.341
  ],
  [
    1623625200000,
    1.231
  ],
  [
    1623711600000,
    1.263
  ],
  [
    1623798000000,
    1.174
  ],
  [
    1623884400000,
    1.209
  ],
  [
    1623970800000,
    1.252
  ],
  [
    1624057200000,
    1.291
  ],
  [
    1624143600000,
    1.207
  ],
  [
    1624230000000,
    1.216
  ],
  [
    1624316400000,
    1.164
  ],
  [
    1624402800000,
    1.125
  ],
  [
    1624489200000,
    1.069
  ],
  [
    1624575600000,
    0.949
  ],
  [
    1624662000000,
    0.954
  ],
  [
    1624748400000,
    0.987
  ],
  [
    1624834800000,
    0.935
  ],
  [
    1624921200000,
    0.928
  ],
  [
    1625007600000,
    0.919
  ],
  [
    1625094000000,
    0.896
  ],
  [
    1625180400000,
    0.908
  ],
  [
    1625266800000,
    0.964
  ],
  [
    1625353200000,
    0.844
  ],
  [
    1625439600000,
    0.872
  ],
  [
    1625526000000,
    0.879
  ],
  [
    1625612400000,
    0.841
  ],
  [
    1625698800000,
    0.825
  ],
  [
    1625785200000,
    0.763
  ],
  [
    1625871600000,
    0.863
  ],
  [
    1625958000000,
    0.834
  ],
  [
    1626044400000,
    0.838
  ],
  [
    1626130800000,
    0.803
  ],
  [
    1626217200000,
    0.841
  ],
  [
    1626303600000,
    0.8
  ],
  [
    1626390000000,
    0.789
  ],
  [
    1626476400000,
    0.783
  ],
  [
    1626562800000,
    0.847
  ],
  [
    1626649200000,
    0.799
  ],
  [
    1626735600000,
    0.744
  ],
  [
    1626822000000,
    0.723
  ],
  [
    1626908400000,
    0.787
  ],
  [
    1626994800000,
    0.756
  ],
  [
    1627081200000,
    0.765
  ],
  [
    1627167600000,
    0.816
  ],
  [
    1627254000000,
    0.707
  ],
  [
    1627340400000,
    0.784
  ],
  [
    1627426800000,
    0.781
  ],
  [
    1627513200000,
    0.781
  ],
  [
    1627599600000,
    0.791
  ],
  [
    1627686000000,
    0.79
  ],
  [
    1627772400000,
    0.806
  ],
  [
    1627858800000,
    0.777
  ],
  [
    1627945200000,
    0.803
  ],
  [
    1628031600000,
    0.786
  ],
  [
    1628118000000,
    0.78
  ],
  [
    1628204400000,
    0.789
  ],
  [
    1628290800000,
    0.801
  ],
  [
    1628377200000,
    0.815
  ],
  [
    1628463600000,
    0.795
  ],
  [
    1628550000000,
    0.761
  ],
  [
    1628636400000,
    0.769
  ],
  [
    1628722800000,
    0.785
  ],
  [
    1628809200000,
    0.825
  ],
  [
    1628895600000,
    0.754
  ],
  [
    1628982000000,
    0.758
  ],
  [
    1629068400000,
    0.722
  ],
  [
    1629154800000,
    0.736
  ],
  [
    1629241200000,
    0.749
  ],
  [
    1629327600000,
    0.746
  ],
  [
    1629414000000,
    0.716
  ],
  [
    1629500400000,
    0.713
  ],
  [
    1629586800000,
    0.663
  ],
  [
    1629673200000,
    0.755
  ],
  [
    1629759600000,
    0.751
  ],
  [
    1629846000000,
    0.761
  ],
  [
    1629932400000,
    0.732
  ],
  [
    1630018800000,
    0.751
  ],
  [
    1630105200000,
    0.766
  ],
  [
    1630191600000,
    0.729
  ],
  [
    1630278000000,
    0.8
  ],
  [
    1630364400000,
    0.793
  ],
  [
    1630450800000,
    0.761
  ],
  [
    1630537200000,
    0.786
  ],
  [
    1630623600000,
    0.733
  ],
  [
    1630710000000,
    0.772
  ],
  [
    1630796400000,
    0.821
  ],
  [
    1630882800000,
    0.772
  ],
  [
    1630969200000,
    0.802
  ],
  [
    1631055600000,
    0.808
  ],
  [
    1631142000000,
    0.805
  ],
  [
    1631228400000,
    0.785
  ],
  [
    1631314800000,
    0.702
  ],
  [
    1631401200000,
    0.745
  ],
  [
    1631487600000,
    0.77
  ],
  [
    1631574000000,
    0.794
  ],
  [
    1631660400000,
    0.727
  ],
  [
    1631746800000,
    0.774
  ],
  [
    1631833200000,
    0.722
  ],
  [
    1631919600000,
    0.706
  ],
  [
    1632006000000,
    0.735
  ],
  [
    1632092400000,
    0.729
  ],
  [
    1632178800000,
    0.679
  ],
  [
    1632265200000,
    0.632
  ],
  [
    1632351600000,
    0.579
  ],
  [
    1632438000000,
    0.59
  ],
  [
    1632524400000,
    0.565
  ],
  [
    1632610800000,
    0.553
  ],
  [
    1632697200000,
    0.6
  ],
  [
    1632783600000,
    0.568
  ],
  [
    1632870000000,
    0.564
  ],
  [
    1632956400000,
    0.539
  ],
  [
    1633042800000,
    0.717
  ],
  [
    1633129200000,
    0.577
  ],
  [
    1633215600000,
    0.582
  ],
  [
    1633302000000,
    0.597
  ],
  [
    1633388400000,
    0.571
  ],
  [
    1633474800000,
    0.587
  ],
  [
    1633561200000,
    0.58
  ],
  [
    1633647600000,
    0.574
  ],
  [
    1633734000000,
    0.583
  ],
  [
    1633820400000,
    0.583
  ],
  [
    1633906800000,
    0.564
  ],
  [
    1633993200000,
    0.588
  ],
  [
    1634079600000,
    0.597
  ],
  [
    1634166000000,
    0.558
  ],
  [
    1634252400000,
    0.59
  ],
  [
    1634338800000,
    3.722
  ],
  [
    1634425200000,
    0.58
  ],
  [
    1634511600000,
    0.58
  ],
  [
    1634598000000,
    0.559
  ],
  [
    1634684400000,
    0.552
  ],
  [
    1634770800000,
    0.563
  ],
  [
    1634857200000,
    0.544
  ],
  [
    1634943600000,
    0.519
  ],
  [
    1635030000000,
    0.51
  ],
  [
    1635116400000,
    0.517
  ],
  [
    1635202800000,
    0.516
  ],
  [
    1635289200000,
    0.513
  ],
  [
    1635375600000,
    0.539
  ],
  [
    1635462000000,
    0.546
  ],
  [
    1635548400000,
    0.524
  ],
  [
    1635634800000,
    0.522
  ],
  [
    1635724800000,
    0.542
  ],
  [
    1635811200000,
    0.449
  ],
  [
    1635897600000,
    0.485
  ],
  [
    1635984000000,
    0.504
  ],
  [
    1636070400000,
    0.566
  ],
  [
    1636156800000,
    0.589
  ],
  [
    1636243200000,
    0.606
  ],
  [
    1636329600000,
    0.597
  ],
  [
    1636416000000,
    0.537
  ],
  [
    1636502400000,
    0.556
  ],
  [
    1636588800000,
    0.561
  ],
  [
    1636675200000,
    0.503
  ],
  [
    1636761600000,
    0.563
  ],
  [
    1636848000000,
    0.589
  ],
  [
    1636934400000,
    0.632
  ],
  [
    1637020800000,
    0.562
  ],
  [
    1637107200000,
    0.587
  ],
  [
    1637193600000,
    0.619
  ],
  [
    1637280000000,
    0.561
  ],
  [
    1637366400000,
    0.577
  ],
  [
    1637452800000,
    0.635
  ],
  [
    1637539200000,
    0.57
  ],
  [
    1637625600000,
    0.627
  ],
  [
    1637712000000,
    0.639
  ],
  [
    1637798400000,
    0.62
  ],
  [
    1637884800000,
    0.566
  ],
  [
    1637971200000,
    0.602
  ],
  [
    1638057600000,
    0.647
  ],
  [
    1638144000000,
    0.647
  ],
  [
    1638230400000,
    0.646
  ],
  [
    1638316800000,
    0.645
  ],
  [
    1638403200000,
    0.591
  ],
  [
    1638489600000,
    0.678
  ],
  [
    1638576000000,
    0.667
  ],
  [
    1638662400000,
    0.706
  ],
  [
    1638748800000,
    0.729
  ],
  [
    1638835200000,
    0.752
  ],
  [
    1638921600000,
    0.775
  ],
  [
    1639008000000,
    0.819
  ],
  [
    1639094400000,
    0.829
  ],
  [
    1639180800000,
    0.746
  ],
  [
    1639267200000,
    0.844
  ],
  [
    1639353600000,
    0.758
  ],
  [
    1639440000000,
    0.873
  ],
  [
    1639526400000,
    0.863
  ],
  [
    1639612800000,
    0.822
  ],
  [
    1639699200000,
    0.842
  ],
  [
    1639785600000,
    0.835
  ],
  [
    1639872000000,
    0.835
  ],
  [
    1639958400000,
    0.87
  ],
  [
    1640044800000,
    0.885
  ],
  [
    1640131200000,
    0.867
  ],
  [
    1640217600000,
    0.926
  ],
  [
    1640304000000,
    0.9
  ],
  [
    1640390400000,
    0.882
  ],
  [
    1640476800000,
    0.871
  ],
  [
    1640563200000,
    0.838
  ],
  [
    1640649600000,
    0.885
  ],
  [
    1640736000000,
    0.841
  ],
  [
    1640822400000,
    0.859
  ],
  [
    1640908800000,
    0.861
  ],
  [
    1640995200000,
    0.886
  ],
  [
    1641081600000,
    0.853
  ],
  [
    1641168000000,
    0.848
  ],
  [
    1641254400000,
    0.902
  ],
  [
    1641340800000,
    0.909
  ],
  [
    1641427200000,
    0.919
  ],
  [
    1641513600000,
    0.903
  ],
  [
    1641600000000,
    0.952
  ],
  [
    1641686400000,
    0.925
  ],
  [
    1641772800000,
    0.922
  ],
  [
    1641859200000,
    0.954
  ],
  [
    1641945600000,
    0.95
  ],
  [
    1642032000000,
    0.962
  ],
  [
    1642118400000,
    0.931
  ],
  [
    1642204800000,
    0.998
  ],
  [
    1642291200000,
    0.983
  ],
  [
    1642377600000,
    0.988
  ],
  [
    1642464000000,
    1.038
  ],
  [
    1642550400000,
    1.029
  ],
  [
    1642636800000,
    0.965
  ],
  [
    1642723200000,
    0.991
  ],
  [
    1642809600000,
    0.975
  ],
  [
    1642896000000,
    0.94
  ],
  [
    1642982400000,
    0.972
  ],
  [
    1643068800000,
    1.003
  ],
  [
    1643155200000,
    0.895
  ],
  [
    1643241600000,
    0.906
  ],
  [
    1643328000000,
    0.9
  ],
  [
    1643414400000,
    0.92
  ],
  [
    1643500800000,
    0.882
  ],
  [
    1643587200000,
    0.868
  ],
  [
    1643673600000,
    0.91
  ],
  [
    1643760000000,
    0.852
  ],
  [
    1643846400000,
    0.892
  ],
  [
    1643932800000,
    0.89
  ],
  [
    1644019200000,
    0.904
  ],
  [
    1644105600000,
    0.888
  ],
  [
    1644192000000,
    0.917
  ],
  [
    1644278400000,
    0.88
  ],
  [
    1644364800000,
    0.886
  ],
  [
    1644451200000,
    0.839
  ],
  [
    1644537600000,
    0.869
  ],
  [
    1644624000000,
    0.928
  ],
  [
    1644710400000,
    0.916
  ],
  [
    1644796800000,
    0.93
  ],
  [
    1644883200000,
    0.893
  ],
  [
    1644969600000,
    0.93
  ],
  [
    1645056000000,
    0.877
  ],
  [
    1645142400000,
    0.913
  ],
  [
    1645228800000,
    0.911
  ],
  [
    1645315200000,
    0.904
  ],
  [
    1645401600000,
    0.949
  ],
  [
    1645488000000,
    0.834
  ],
  [
    1645574400000,
    0.959
  ],
  [
    1645660800000,
    0.921
  ],
  [
    1645747200000,
    0.945
  ],
  [
    1645833600000,
    0.963
  ],
  [
    1645920000000,
    0.92
  ],
  [
    1646006400000,
    0.955
  ],
  [
    1646092800000,
    0.969
  ],
  [
    1646179200000,
    0.968
  ],
  [
    1646265600000,
    0.9
  ],
  [
    1646352000000,
    0.867
  ],
  [
    1646438400000,
    0.884
  ],
  [
    1646524800000,
    0.915
  ],
  [
    1646611200000,
    0.935
  ],
  [
    1646697600000,
    0.908
  ],
  [
    1646784000000,
    0.935
  ],
  [
    1646870400000,
    0.953
  ],
  [
    1646956800000,
    0.991
  ],
  [
    1647043200000,
    0.87
  ],
  [
    1647129600000,
    0.891
  ],
  [
    1647216000000,
    0.952
  ],
  [
    1647302400000,
    0.909
  ],
  [
    1647388800000,
    0.93
  ],
  [
    1647475200000,
    0.973
  ],
  [
    1647561600000,
    1.152
  ],
  [
    1647648000000,
    1.034
  ],
  [
    1647734400000,
    0.979
  ],
  [
    1647820800000,
    1.153
  ],
  [
    1647907200000,
    1.027
  ],
  [
    1647993600000,
    1.06
  ],
  [
    1648080000000,
    1.177
  ],
  [
    1648166400000,
    1.228
  ],
  [
    1648252800000,
    0.97
  ],
  [
    1648339200000,
    1.13
  ],
  [
    1648422000000,
    1.172
  ],
  [
    1648508400000,
    1.133
  ],
  [
    1648594800000,
    1.21
  ],
  [
    1648681200000,
    1.308
  ],
  [
    1648767600000,
    1.176
  ],
  [
    1648854000000,
    1.169
  ],
  [
    1648940400000,
    1.193
  ],
  [
    1649026800000,
    1.175
  ],
  [
    1649113200000,
    1.178
  ],
  [
    1649199600000,
    1.182
  ],
  [
    1649286000000,
    1.204
  ],
  [
    1649372400000,
    1.212
  ],
  [
    1649458800000,
    1.27
  ],
  [
    1649545200000,
    1.177
  ],
  [
    1649631600000,
    1.247
  ],
  [
    1649718000000,
    1.281
  ],
  [
    1649804400000,
    1.25
  ],
  [
    1649890800000,
    1.196
  ],
  [
    1649977200000,
    1.242
  ],
  [
    1650063600000,
    1.266
  ],
  [
    1650150000000,
    1.235
  ],
  [
    1650236400000,
    1.299
  ],
  [
    1650322800000,
    1.271
  ],
  [
    1650409200000,
    1.366
  ],
  [
    1650495600000,
    1.272
  ],
  [
    1650582000000,
    1.341
  ],
  [
    1650668400000,
    1.316
  ],
  [
    1650754800000,
    1.376
  ],
  [
    1650841200000,
    1.402
  ],
  [
    1650927600000,
    1.372
  ],
  [
    1651014000000,
    1.347
  ],
  [
    1651100400000,
    1.41
  ],
  [
    1651186800000,
    1.483
  ],
  [
    1651273200000,
    1.353
  ],
  [
    1651359600000,
    1.351
  ],
  [
    1651446000000,
    1.374
  ],
  [
    1651532400000,
    1.433
  ],
  [
    1651618800000,
    1.232
  ],
  [
    1651705200000,
    1.201
  ],
  [
    1651791600000,
    1.208
  ],
  [
    1651878000000,
    1.231
  ],
  [
    1651964400000,
    1.21
  ],
  [
    1652050800000,
    1.012
  ],
  [
    1652137200000,
    1.163
  ],
  [
    1652223600000,
    1.189
  ],
  [
    1652310000000,
    1.248
  ],
  [
    1652396400000,
    1.396
  ],
  [
    1652482800000,
    1.122
  ],
  [
    1652569200000,
    1.233
  ],
  [
    1652655600000,
    1.125
  ],
  [
    1652742000000,
    1.079
  ],
  [
    1652828400000,
    1.206
  ],
  [
    1652914800000,
    1.254
  ],
  [
    1653001200000,
    1.184
  ],
  [
    1653087600000,
    1.264
  ],
  [
    1653174000000,
    1.261
  ],
  [
    1653260400000,
    1.256
  ],
  [
    1653346800000,
    1.269
  ],
  [
    1653433200000,
    1.201
  ],
  [
    1653519600000,
    1.139
  ],
  [
    1653606000000,
    1.148
  ],
  [
    1653692400000,
    1.24
  ],
  [
    1653778800000,
    1.151
  ],
  [
    1653865200000,
    1.155
  ],
  [
    1653951600000,
    1.105
  ],
  [
    1654038000000,
    1.064
  ],
  [
    1654124400000,
    1.184
  ],
  [
    1654210800000,
    1.097
  ],
  [
    1654297200000,
    1.141
  ],
  [
    1654383600000,
    1.059
  ],
  [
    1654470000000,
    1.115
  ],
  [
    1654556400000,
    1.098
  ],
  [
    1654642800000,
    1.134
  ],
  [
    1654729200000,
    1.14
  ],
  [
    1654815600000,
    1.08
  ],
  [
    1654902000000,
    1.056
  ],
  [
    1654988400000,
    1.101
  ],
  [
    1655074800000,
    1.048
  ],
  [
    1655161200000,
    1.056
  ],
  [
    1655247600000,
    1.076
  ],
  [
    1655334000000,
    1.047
  ],
  [
    1655420400000,
    1.039
  ],
  [
    1655506800000,
    1.05
  ],
  [
    1655593200000,
    1.01
  ],
  [
    1655679600000,
    1.059
  ],
  [
    1655766000000,
    1.043
  ],
  [
    1655852400000,
    0.998
  ],
  [
    1655938800000,
    1.006
  ],
  [
    1656025200000,
    0.972
  ],
  [
    1656111600000,
    1.004
  ],
  [
    1656198000000,
    1.005
  ],
  [
    1656284400000,
    1.084
  ],
  [
    1656370800000,
    1.114
  ],
  [
    1656457200000,
    1.04
  ],
  [
    1656543600000,
    1.092
  ],
  [
    1656630000000,
    1.11
  ],
  [
    1656716400000,
    1.108
  ],
  [
    1656802800000,
    1.1
  ],
  [
    1656889200000,
    1.025
  ],
  [
    1656975600000,
    0.923
  ],
  [
    1657062000000,
    0.943
  ],
  [
    1657148400000,
    0.967
  ],
  [
    1657234800000,
    0.917
  ],
  [
    1657321200000,
    0.969
  ],
  [
    1657407600000,
    1.057
  ],
  [
    1657494000000,
    0.979
  ],
  [
    1657580400000,
    1.005
  ],
  [
    1657666800000,
    1.005
  ],
  [
    1657753200000,
    0.944
  ],
  [
    1657839600000,
    0.94
  ],
  [
    1657926000000,
    0.934
  ],
  [
    1658012400000,
    0.895
  ],
  [
    1658098800000,
    0.997
  ],
  [
    1658185200000,
    0.914
  ],
  [
    1658271600000,
    0.844
  ],
  [
    1658358000000,
    0.85
  ],
  [
    1658444400000,
    1.112
  ],
  [
    1658530800000,
    0.958
  ],
  [
    1658617200000,
    0.917
  ],
  [
    1658703600000,
    0.941
  ],
  [
    1658790000000,
    0.894
  ],
  [
    1658876400000,
    0.972
  ],
  [
    1658962800000,
    0.977
  ],
  [
    1659049200000,
    0.994
  ],
  [
    1659135600000,
    0.99
  ],
  [
    1659222000000,
    1.036
  ],
  [
    1659308400000,
    1.066
  ],
  [
    1659394800000,
    1.097
  ],
  [
    1659481200000,
    1.12
  ],
  [
    1659567600000,
    1.151
  ],
  [
    1659654000000,
    1.098
  ],
  [
    1659740400000,
    1.158
  ],
  [
    1659826800000,
    1.085
  ],
  [
    1659913200000,
    1.063
  ],
  [
    1659999600000,
    1.036
  ],
  [
    1660086000000,
    1.017
  ],
  [
    1660172400000,
    1.079
  ],
  [
    1660258800000,
    1.103
  ],
  [
    1660345200000,
    1.08
  ],
  [
    1660431600000,
    1.069
  ],
  [
    1660518000000,
    1.163
  ],
  [
    1660604400000,
    1.09
  ],
  [
    1660690800000,
    1.049
  ],
  [
    1660777200000,
    1.078
  ],
  [
    1660863600000,
    1.091
  ],
  [
    1660950000000,
    1.012
  ],
  [
    1661036400000,
    1.11
  ],
  [
    1661122800000,
    1.117
  ],
  [
    1661209200000,
    1.087
  ],
  [
    1661295600000,
    1.072
  ],
  [
    1661382000000,
    0.958
  ],
  [
    1661468400000,
    1.123
  ],
  [
    1661554800000,
    1.081
  ],
  [
    1661641200000,
    1.028
  ],
  [
    1661727600000,
    1.157
  ],
  [
    1661814000000,
    1.108
  ],
  [
    1661900400000,
    1.114
  ],
  [
    1661986800000,
    1.104
  ],
  [
    1662073200000,
    1.149
  ],
  [
    1662159600000,
    1.258
  ],
  [
    1662246000000,
    1.172
  ],
  [
    1662332400000,
    1.24
  ],
  [
    1662418800000,
    1.235
  ],
  [
    1662505200000,
    1.195
  ],
  [
    1662591600000,
    1.195
  ],
  [
    1662678000000,
    1.235
  ],
  [
    1662764400000,
    1.075
  ],
  [
    1662850800000,
    1.29
  ],
  [
    1662937200000,
    1.327
  ],
  [
    1663023600000,
    1.361
  ],
  [
    1663110000000,
    1.37
  ],
  [
    1663196400000,
    1.366
  ],
  [
    1663282800000,
    1.46
  ],
  [
    1663369200000,
    1.156
  ],
  [
    1663455600000,
    1.285
  ],
  [
    1663542000000,
    1.226
  ],
  [
    1663628400000,
    1.235
  ],
  [
    1663714800000,
    1.228
  ],
  [
    1663801200000,
    1.256
  ],
  [
    1663887600000,
    1.339
  ],
  [
    1663974000000,
    1.339
  ],
  [
    1664060400000,
    1.168
  ],
  [
    1664146800000,
    1.27
  ],
  [
    1664233200000,
    1.269
  ],
  [
    1664319600000,
    1.281
  ],
  [
    1664406000000,
    1.229
  ],
  [
    1664492400000,
    1.324
  ],
  [
    1664578800000,
    1.186
  ],
  [
    1664665200000,
    1.28
  ],
  [
    1664751600000,
    1.225
  ],
  [
    1664838000000,
    1.24
  ],
  [
    1664924400000,
    1.196
  ],
  [
    1665010800000,
    1.13
  ],
  [
    1665097200000,
    1.208
  ],
  [
    1665183600000,
    1.066
  ],
  [
    1665270000000,
    1.223
  ],
  [
    1665356400000,
    1.293
  ],
  [
    1665442800000,
    1.308
  ],
  [
    1665529200000,
    1.377
  ],
  [
    1665615600000,
    1.345
  ],
  [
    1665702000000,
    1.396
  ],
  [
    1665788400000,
    1.5
  ],
  [
    1665874800000,
    1.566
  ],
  [
    1665961200000,
    1.411
  ],
  [
    1666047600000,
    1.556
  ],
  [
    1666134000000,
    1.437
  ],
  [
    1666220400000,
    1.577
  ],
  [
    1666306800000,
    1.579
  ],
  [
    1666393200000,
    1.458
  ],
  [
    1666479600000,
    1.283
  ],
  [
    1666566000000,
    1.32
  ],
  [
    1666652400000,
    1.203
  ],
  [
    1666738800000,
    1.364
  ],
  [
    1666825200000,
    1.416
  ],
  [
    1666911600000,
    1.428
  ],
  [
    1666998000000,
    1.413
  ],
  [
    1667084400000,
    1.702
  ],
  [
    1667174400000,
    1.362
  ],
  [
    1667260800000,
    1.482
  ],
  [
    1667347200000,
    1.449
  ],
  [
    1667433600000,
    1.576
  ],
  [
    1667520000000,
    1.729
  ],
  [
    1667606400000,
    1.837
  ],
  [
    1667692800000,
    1.8
  ],
  [
    1667779200000,
    1.99
  ],
  [
    1667865600000,
    1.742
  ],
  [
    1667952000000,
    1.929
  ],
  [
    1668038400000,
    1.54
  ],
  [
    1668124800000,
    1.846
  ],
  [
    1668211200000,
    1.929
  ],
  [
    1668297600000,
    1.913
  ],
  [
    1668384000000,
    1.865
  ],
  [
    1668470400000,
    1.79
  ],
  [
    1668556800000,
    1.816
  ],
  [
    1668643200000,
    1.565
  ],
  [
    1668729600000,
    1.798
  ],
  [
    1668816000000,
    1.708
  ],
  [
    1668902400000,
    1.649
  ],
  [
    1668988800000,
    1.535
  ],
  [
    1669075200000,
    1.493
  ],
  [
    1669161600000,
    1.608
  ],
  [
    1669248000000,
    1.64
  ],
  [
    1669334400000,
    1.736
  ],
  [
    1669420800000,
    1.6
  ],
  [
    1669507200000,
    1.652
  ],
  [
    1669593600000,
    1.767
  ],
  [
    1669680000000,
    1.721
  ],
  [
    1669766400000,
    1.777
  ],
  [
    1669852800000,
    1.732
  ],
  [
    1669939200000,
    1.608
  ],
  [
    1670025600000,
    1.733
  ],
  [
    1670112000000,
    1.778
  ],
  [
    1670198400000,
    1.8
  ],
  [
    1670284800000,
    1.804
  ],
  [
    1670371200000,
    1.592
  ],
  [
    1670457600000,
    1.66
  ],
  [
    1670544000000,
    1.888
  ],
  [
    1670630400000,
    1.78
  ],
  [
    1670716800000,
    1.88
  ],
  [
    1670889600000,
    1.894
  ],
  [
    1670976000000,
    1.999
  ],
  [
    1671062400000,
    1.48
  ],
  [
    1671148800000,
    1.815
  ],
  [
    1671235200000,
    1.778
  ],
  [
    1671321600000,
    1.866
  ],
  [
    1671408000000,
    1.833
  ],
  [
    1671494400000,
    1.622
  ],
  [
    1671580800000,
    1.74
  ],
  [
    1671667200000,
    1.633
  ],
  [
    1671753600000,
    1.556
  ],
  [
    1671840000000,
    1.679
  ],
  [
    1671926400000,
    1.575
  ],
  [
    1672012800000,
    1.345
  ],
  [
    1672099200000,
    1.485
  ],
  [
    1672185600000,
    1.426
  ],
  [
    1672272000000,
    1.508
  ],
  [
    1672358400000,
    1.533
  ],
  [
    1672444800000,
    1.566
  ],
  [
    1672531200000,
    1.31
  ],
  [
    1672617600000,
    1.517
  ],
  [
    1672704000000,
    1.312
  ],
  [
    1672790400000,
    1.545
  ],
  [
    1672876800000,
    1.447
  ],
  [
    1672963200000,
    1.474
  ],
  [
    1673049600000,
    1.525
  ],
  [
    1673136000000,
    1.438
  ],
  [
    1673222400000,
    1.508
  ],
  [
    1673308800000,
    1.508
  ],
  [
    1673395200000,
    1.424
  ],
  [
    1673568000000,
    1.541
  ],
  [
    1673654400000,
    1.595
  ],
  [
    1673740800000,
    1.559
  ],
  [
    1673827200000,
    1.567
  ],
  [
    1673913600000,
    1.604
  ],
  [
    1674000000000,
    1.645
  ],
  [
    1674086400000,
    1.649
  ],
  [
    1674172800000,
    1.55
  ],
  [
    1674259200000,
    1.536
  ],
  [
    1674345600000,
    1.661
  ],
  [
    1674432000000,
    1.71
  ],
  [
    1674518400000,
    1.716
  ],
  [
    1674604800000,
    1.713
  ],
  [
    1674691200000,
    1.787
  ],
  [
    1674777600000,
    1.65
  ],
  [
    1674864000000,
    1.863
  ],
  [
    1674950400000,
    2.01
  ],
  [
    1675036800000,
    1.606
  ],
  [
    1675123200000,
    2.034
  ],
  [
    1675209600000,
    2.006
  ],
  [
    1675296000000,
    2.1
  ],
  [
    1675382400000,
    2.205
  ],
  [
    1675468800000,
    2.18
  ],
  [
    1675555200000,
    2.248
  ],
  [
    1675641600000,
    2.188
  ],
  [
    1675728000000,
    1.893
  ],
  [
    1675814400000,
    2.167
  ],
  [
    1675900800000,
    2.236
  ],
  [
    1675987200000,
    1.79
  ],
  [
    1676073600000,
    1.957
  ],
  [
    1676160000000,
    2.062
  ],
  [
    1676246400000,
    2.069
  ],
  [
    1676332800000,
    2.077
  ],
  [
    1676419200000,
    1.963
  ],
  [
    1676505600000,
    1.945
  ],
  [
    1676592000000,
    1.647
  ],
  [
    1676678400000,
    1.896
  ],
  [
    1676764800000,
    1.928
  ],
  [
    1676851200000,
    1.667
  ],
  [
    1676937600000,
    1.82
  ],
  [
    1677024000000,
    1.614
  ],
  [
    1677110400000,
    1.953
  ],
  [
    1677196800000,
    2.059
  ],
  [
    1677283200000,
    1.89
  ],
  [
    1677369600000,
    2.077
  ],
  [
    1677456000000,
    2.013
  ],
  [
    1677542400000,
    1.978
  ],
  [
    1677628800000,
    2.154
  ],
  [
    1677715200000,
    1.84
  ],
  [
    1677801600000,
    2.029
  ],
  [
    1677888000000,
    2.169
  ],
  [
    1677974400000,
    2.186
  ],
  [
    1678060800000,
    1.963
  ],
  [
    1678147200000,
    2.065
  ],
  [
    1678233600000,
    2.071
  ],
  [
    1678320000000,
    1.888
  ],
  [
    1678406400000,
    1.76
  ],
  [
    1678492800000,
    1.803
  ],
  [
    1678579200000,
    1.876
  ],
  [
    1678665600000,
    1.742
  ],
  [
    1678752000000,
    1.569
  ],
  [
    1678838400000,
    1.684
  ],
  [
    1678924800000,
    1.7
  ],
  [
    1679011200000,
    1.842
  ],
  [
    1679097600000,
    1.643
  ],
  [
    1679184000000,
    1.699
  ],
  [
    1679270400000,
    1.613
  ],
  [
    1679356800000,
    1.799
  ],
  [
    1679443200000,
    1.732
  ],
  [
    1679529600000,
    1.831
  ],
  [
    1679616000000,
    1.681
  ],
  [
    1679702400000,
    1.677
  ],
  [
    1679788800000,
    1.681
  ],
  [
    1679871600000,
    1.659
  ],
  [
    1679958000000,
    1.557
  ],
  [
    1680044400000,
    1.506
  ],
  [
    1680130800000,
    1.398
  ],
  [
    1680217200000,
    1.572
  ],
  [
    1680303600000,
    1.577
  ],
  [
    1680390000000,
    1.467
  ],
  [
    1680476400000,
    1.792
  ],
  [
    1680562800000,
    1.781
  ],
  [
    1680649200000,
    1.847
  ],
  [
    1680735600000,
    1.749
  ],
  [
    1680822000000,
    1.763
  ],
  [
    1680908400000,
    1.889
  ],
  [
    1680994800000,
    1.846
  ],
  [
    1681081200000,
    1.741
  ],
  [
    1681167600000,
    1.772
  ],
  [
    1681254000000,
    1.805
  ],
  [
    1681340400000,
    1.775
  ],
  [
    1681426800000,
    1.69
  ],
  [
    1681513200000,
    1.481
  ],
  [
    1681599600000,
    1.664
  ],
  [
    1681686000000,
    1.708
  ],
  [
    1681772400000,
    1.763
  ],
  [
    1681858800000,
    1.789
  ],
  [
    1681945200000,
    1.759
  ],
  [
    1682031600000,
    1.81
  ],
  [
    1682118000000,
    2.004
  ],
  [
    1682204400000,
    2.088
  ],
  [
    1682290800000,
    2.105
  ],
  [
    1682377200000,
    2.13
  ],
  [
    1682463600000,
    1.952
  ],
  [
    1682550000000,
    1.781
  ],
  [
    1682636400000,
    2.007
  ],
  [
    1682722800000,
    1.87
  ],
  [
    1682809200000,
    1.672
  ],
  [
    1682895600000,
    1.945
  ],
  [
    1682982000000,
    1.719
  ],
  [
    1683068400000,
    1.545
  ],
  [
    1683154800000,
    1.658
  ],
  [
    1683241200000,
    1.5
  ],
  [
    1683327600000,
    1.629
  ],
  [
    1683414000000,
    1.355
  ],
  [
    1683500400000,
    1.673
  ],
  [
    1683586800000,
    1.693
  ],
  [
    1683673200000,
    1.61
  ],
  [
    1683759600000,
    1.672
  ],
  [
    1683846000000,
    1.837
  ],
  [
    1683932400000,
    1.756
  ],
  [
    1684018800000,
    1.922
  ],
  [
    1684105200000,
    2.141
  ],
  [
    1684191600000,
    1.597
  ],
  [
    1684278000000,
    2.123
  ],
  [
    1684364400000,
    1.922
  ],
  [
    1684450800000,
    1.771
  ],
  [
    1684537200000,
    1.824
  ],
  [
    1684623600000,
    1.929
  ],
  [
    1684710000000,
    1.927
  ],
  [
    1684796400000,
    1.736
  ],
  [
    1684882800000,
    1.627
  ],
  [
    1684969200000,
    1.613
  ],
  [
    1685055600000,
    1.812
  ],
  [
    1685142000000,
    1.689
  ],
  [
    1685228400000,
    1.795
  ],
  [
    1685314800000,
    1.755
  ],
  [
    1685401200000,
    1.668
  ],
  [
    1685487600000,
    1.823
  ],
  [
    1685574000000,
    1.962
  ],
  [
    1685660400000,
    1.775
  ],
  [
    1685746800000,
    1.953
  ],
  [
    1685833200000,
    2.22
  ],
  [
    1685919600000,
    1.735
  ],
  [
    1686006000000,
    2.227
  ],
  [
    1686092400000,
    2.258
  ],
  [
    1686178800000,
    2.245
  ],
  [
    1686265200000,
    1.6
  ],
  [
    1686351600000,
    2.173
  ],
  [
    1686438000000,
    2.004
  ],
  [
    1686524400000,
    2.172
  ],
  [
    1686610800000,
    2.115
  ],
  [
    1686697200000,
    2.02
  ],
  [
    1686783600000,
    1.592
  ],
  [
    1686870000000,
    1.38
  ],
  [
    1686956400000,
    1.306
  ],
  [
    1687042800000,
    2.281
  ],
  [
    1687129200000,
    2.479
  ],
  [
    1687215600000,
    1.867
  ],
  [
    1687302000000,
    2.616
  ],
  [
    1687388400000,
    2.511
  ],
  [
    1687474800000,
    2.872
  ],
  [
    1687561200000,
    1.797
  ],
  [
    1687647600000,
    2.371
  ],
  [
    1687734000000,
    1.913
  ],
  [
    1687820400000,
    2.092
  ],
  [
    1687906800000,
    1.74
  ],
  [
    1687993200000,
    2.287
  ],
  [
    1688079600000,
    2.323
  ],
  [
    1688166000000,
    2.318
  ],
  [
    1688252400000,
    2.1
  ],
  [
    1688338800000,
    2.226
  ],
  [
    1688425200000,
    2.071
  ],
  [
    1688511600000,
    2.436
  ],
  [
    1688598000000,
    2.343
  ],
  [
    1688684400000,
    1.826
  ],
  [
    1688770800000,
    1.592
  ],
  [
    1688857200000,
    1.756
  ],
  [
    1688943600000,
    1.7
  ],
  [
    1689030000000,
    1.88
  ],
  [
    1689116400000,
    2.047
  ],
  [
    1689202800000,
    1.65
  ],
  [
    1689289200000,
    1.803
  ],
  [
    1689375600000,
    1.431
  ],
  [
    1689462000000,
    1.699
  ],
  [
    1689548400000,
    1.88
  ],
  [
    1689634800000,
    1.116
  ],
  [
    1689721200000,
    1.738
  ],
  [
    1689807600000,
    1.923
  ],
  [
    1689894000000,
    2.129
  ],
  [
    1689980400000,
    2.068
  ],
  [
    1690066800000,
    1.953
  ],
  [
    1690153200000,
    1.931
  ],
  [
    1690239600000,
    1.647
  ],
  [
    1690326000000,
    1.985
  ],
  [
    1690412400000,
    2.158
  ],
  [
    1690498800000,
    2.503
  ],
  [
    1690585200000,
    1.779
  ],
  [
    1690671600000,
    1.709
  ],
  [
    1690758000000,
    1.928
  ],
  [
    1690844400000,
    2.233
  ],
  [
    1690930800000,
    2.355
  ],
  [
    1691017200000,
    1.842
  ],
  [
    1691103600000,
    2.026
  ],
  [
    1691190000000,
    1.547
  ],
  [
    1691276400000,
    2.217
  ],
  [
    1691362800000,
    2.037
  ],
  [
    1691449200000,
    1.976
  ],
  [
    1691535600000,
    2.176
  ],
  [
    1691622000000,
    2.09
  ],
  [
    1691708400000,
    1.848
  ],
  [
    1691794800000,
    1.953
  ],
  [
    1691881200000,
    1.907
  ],
  [
    1691967600000,
    2.576
  ],
  [
    1692054000000,
    1.792
  ],
  [
    1692140400000,
    2.334
  ],
  [
    1692226800000,
    2.155
  ],
  [
    1692313200000,
    1.9
  ],
  [
    1692399600000,
    2.117
  ],
  [
    1692486000000,
    2.173
  ],
  [
    1692572400000,
    1.652
  ],
  [
    1692658800000,
    2.308
  ],
  [
    1692745200000,
    2.42
  ],
  [
    1692831600000,
    2.305
  ],
  [
    1692918000000,
    2.123
  ],
  [
    1693004400000,
    2.006
  ],
  [
    1693090800000,
    2.171
  ],
  [
    1693177200000,
    1.822
  ],
  [
    1693263600000,
    1.966
  ],
  [
    1693350000000,
    1.874
  ],
  [
    1693436400000,
    2.081
  ],
  [
    1693522800000,
    1.828
  ],
  [
    1693609200000,
    1.394
  ],
  [
    1693695600000,
    1.691
  ],
  [
    1693782000000,
    2.186
  ],
  [
    1693868400000,
    2.151
  ],
  [
    1693954800000,
    2.416
  ],
  [
    1694041200000,
    1.624
  ],
  [
    1694127600000,
    2.541
  ],
  [
    1694214000000,
    2.382
  ],
  [
    1694300400000,
    2.334
  ],
  [
    1694386800000,
    1.954
  ],
  [
    1694473200000,
    2.48
  ],
  [
    1694559600000,
    2.61
  ],
  [
    1694646000000,
    2.609
  ],
  [
    1694732400000,
    2.571
  ],
  [
    1694818800000,
    2.631
  ],
  [
    1694905200000,
    2.61
  ],
  [
    1694991600000,
    2.423
  ],
  [
    1695078000000,
    2.211
  ],
  [
    1695164400000,
    2.102
  ],
  [
    1695250800000,
    2.816
  ],
  [
    1695337200000,
    2.844
  ],
  [
    1695423600000,
    2.867
  ],
  [
    1695510000000,
    2.915
  ],
  [
    1695596400000,
    2.439
  ],
  [
    1695682800000,
    2.827
  ],
  [
    1695769200000,
    2.85
  ],
  [
    1695855600000,
    2.672
  ],
  [
    1695942000000,
    2.651
  ],
  [
    1696028400000,
    2.305
  ],
  [
    1696114800000,
    2.945
  ],
  [
    1696201200000,
    2.621
  ],
  [
    1696287600000,
    2.49
  ],
  [
    1696374000000,
    2.289
  ],
  [
    1696460400000,
    2.552
  ],
  [
    1696546800000,
    2.611
  ],
  [
    1696633200000,
    2.668
  ],
  [
    1696719600000,
    2.519
  ],
  [
    1696806000000,
    2.656
  ],
  [
    1696892400000,
    2.487
  ],
  [
    1696978800000,
    2.146
  ],
  [
    1697065200000,
    1.931
  ],
  [
    1697151600000,
    2.874
  ],
  [
    1697238000000,
    2.635
  ],
  [
    1697324400000,
    2.926
  ],
  [
    1697410800000,
    1.881
  ],
  [
    1697497200000,
    2.223
  ],
  [
    1697583600000,
    2.6
  ],
  [
    1697670000000,
    2.547
  ],
  [
    1697756400000,
    2.902
  ],
  [
    1697842800000,
    2.799
  ],
  [
    1697929200000,
    2.99
  ],
  [
    1698015600000,
    2.548
  ],
  [
    1698102000000,
    2.843
  ],
  [
    1698188400000,
    2.606
  ],
  [
    1698274800000,
    3.001
  ],
  [
    1698361200000,
    2.6
  ],
  [
    1698447600000,
    2.845
  ],
  [
    1698534000000,
    2.711
  ],
  [
    1698624000000,
    2.625
  ],
  [
    1698710400000,
    2.433
  ],
  [
    1698796800000,
    2.485
  ],
  [
    1698883200000,
    2.858
  ],
  [
    1698969600000,
    2.971
  ],
  [
    1699056000000,
    3.055
  ],
  [
    1699142400000,
    2.745
  ],
  [
    1699228800000,
    3.122
  ],
  [
    1699315200000,
    2.656
  ],
  [
    1699401600000,
    2.424
  ],
  [
    1699488000000,
    2.013
  ],
  [
    1699574400000,
    3.167
  ],
  [
    1699660800000,
    2.558
  ],
  [
    1699747200000,
    2.29
  ],
  [
    1699833600000,
    1.911
  ],
  [
    1699920000000,
    3.127
  ],
  [
    1700006400000,
    2.973
  ],
  [
    1700092800000,
    2.529
  ],
  [
    1700179200000,
    3
  ],
  [
    1700265600000,
    2.77
  ],
  [
    1700352000000,
    2.47
  ],
  [
    1700438400000,
    2.767
  ],
  [
    1700524800000,
    2.226
  ],
  [
    1700611200000,
    2.795
  ],
  [
    1700697600000,
    1.799
  ],
  [
    1700784000000,
    1.244
  ],
  [
    1700870400000,
    1.595
  ],
  [
    1700956800000,
    2.449
  ],
  [
    1701043200000,
    1.94
  ],
  [
    1701129600000,
    2.251
  ],
  [
    1701216000000,
    2.272
  ],
  [
    1701302400000,
    2.936
  ],
  [
    1701388800000,
    2.286
  ],
  [
    1701475200000,
    2.616
  ],
  [
    1701561600000,
    2.642
  ],
  [
    1701648000000,
    2.325
  ],
  [
    1701734400000,
    2.967
  ],
  [
    1701820800000,
    3.04
  ],
  [
    1701907200000,
    3.039
  ],
  [
    1701993600000,
    3.121
  ],
  [
    1702080000000,
    1.971
  ],
  [
    1702166400000,
    2.8
  ],
  [
    1702252800000,
    1.997
  ],
  [
    1702339200000,
    3.137
  ],
  [
    1702425600000,
    3.141
  ],
  [
    1702512000000,
    2.13
  ],
  [
    1702598400000,
    2.724
  ],
  [
    1702684800000,
    3.259
  ],
  [
    1702771200000,
    3.054
  ],
  [
    1702857600000,
    2.826
  ],
  [
    1702944000000,
    3.485
  ],
  [
    1703030400000,
    3.006
  ],
  [
    1703116800000,
    3.145
  ],
  [
    1703203200000,
    3.42
  ],
  [
    1703289600000,
    3.097
  ],
  [
    1703376000000,
    2.532
  ],
  [
    1703462400000,
    1.568
  ],
  [
    1703548800000,
    2.331
  ],
  [
    1703635200000,
    1.734
  ],
  [
    1703721600000,
    2.868
  ],
  [
    1703808000000,
    2.815
  ],
  [
    1703894400000,
    2.516
  ],
  [
    1703980800000,
    2.406
  ],
  [
    1704067200000,
    1.959
  ],
  [
    1704153600000,
    2.397
  ],
  [
    1704240000000,
    2.205
  ],
  [
    1704326400000,
    2.955
  ],
  [
    1704412800000,
    2.738
  ],
  [
    1704499200000,
    3.199
  ],
  [
    1704585600000,
    3.099
  ],
  [
    1704672000000,
    2.97
  ],
  [
    1704758400000,
    2.859
  ],
  [
    1704844800000,
    3.421
  ],
  [
    1704931200000,
    3.32
  ],
  [
    1705017600000,
    3.352
  ],
  [
    1705104000000,
    2.792
  ],
  [
    1705190400000,
    2.741
  ],
  [
    1705276800000,
    3.453
  ],
  [
    1705363200000,
    3.14
  ],
  [
    1705536000000,
    3.12
  ],
  [
    1705622400000,
    3.201
  ],
  [
    1705708800000,
    2.142
  ],
  [
    1705795200000,
    3.25
  ],
  [
    1705881600000,
    3.12
  ],
  [
    1705968000000,
    1.086
  ],
  [
    1706054400000,
    3.425
  ],
  [
    1706140800000,
    3.865
  ],
  [
    1706227200000,
    3.193
  ],
  [
    1706313600000,
    3.058
  ],
  [
    1706400000000,
    3.26
  ],
  [
    1706486400000,
    1.087
  ],
  [
    1706572800000,
    1.088
  ],
  [
    1706659200000,
    1.87
  ],
  [
    1706745600000,
    2.281
  ],
  [
    1706832000000,
    3.462
  ],
  [
    1706918400000,
    3.105
  ],
  [
    1707004800000,
    2.412
  ],
  [
    1707091200000,
    3.057
  ],
  [
    1707177600000,
    3.163
  ],
  [
    1707264000000,
    2.578
  ],
  [
    1707350400000,
    2.995
  ],
  [
    1707436800000,
    2.863
  ],
  [
    1707523200000,
    3.175
  ],
  [
    1707609600000,
    3.18
  ],
  [
    1707696000000,
    2.959
  ],
  [
    1707782400000,
    2.364
  ],
  [
    1707868800000,
    2.664
  ],
  [
    1707955200000,
    2.724
  ],
  [
    1708041600000,
    3.117
  ],
  [
    1708128000000,
    3.1
  ],
  [
    1708214400000,
    3.194
  ],
  [
    1708300800000,
    2.498
  ],
  [
    1708387200000,
    3.176
  ],
  [
    1708473600000,
    3.196
  ],
  [
    1708560000000,
    2.835
  ],
  [
    1708646400000,
    3.747
  ],
  [
    1708732800000,
    3.096
  ],
  [
    1708819200000,
    4.006
  ],
  [
    1708905600000,
    3.974
  ],
  [
    1708992000000,
    3.432
  ],
  [
    1709078400000,
    2.426
  ],
  [
    1709164800000,
    4.057
  ],
  [
    1709251200000,
    3.75
  ],
  [
    1709337600000,
    3.759
  ],
  [
    1709424000000,
    4.222
  ],
  [
    1709510400000,
    2.965
  ],
  [
    1709596800000,
    4.195
  ],
  [
    1709683200000,
    3.506
  ],
  [
    1709769600000,
    3.243
  ],
  [
    1709856000000,
    3.778
  ],
  [
    1709942400000,
    4.385
  ],
  [
    1710028800000,
    3.183
  ],
  [
    1710115200000,
    3.616
  ],
  [
    1710201600000,
    4.587
  ],
  [
    1710288000000,
    3.099
  ],
  [
    1710374400000,
    3.443
  ],
  [
    1710460800000,
    4.444
  ],
  [
    1710547200000,
    3.754
  ],
  [
    1710633600000,
    2.567
  ],
  [
    1710720000000,
    2.899
  ],
  [
    1710806400000,
    3.903
  ],
  [
    1710892800000,
    3.396
  ],
  [
    1710979200000,
    4.136
  ],
  [
    1711065600000,
    4.15
  ],
  [
    1711152000000,
    4.122
  ],
  [
    1711238400000,
    4.17
  ],
  [
    1711324800000,
    4.179
  ],
  [
    1711411200000,
    3.978
  ],
  [
    1711497600000,
    4.168
  ],
  [
    1711584000000,
    4.125
  ],
  [
    1711670400000,
    4.204
  ],
  [
    1711756800000,
    4.185
  ],
  [
    1711843200000,
    4.255
  ],
  [
    1711926000000,
    4.251
  ],
  [
    1712012400000,
    4.233
  ],
  [
    1712098800000,
    4.208
  ],
  [
    1712185200000,
    4.154
  ],
  [
    1712271600000,
    4.276
  ],
  [
    1712358000000,
    4.344
  ],
  [
    1712444400000,
    4.47
  ],
  [
    1712530800000,
    4.634
  ],
  [
    1712617200000,
    4.393
  ],
  [
    1712703600000,
    4.215
  ],
  [
    1712790000000,
    4.605
  ],
  [
    1712876400000,
    4.691
  ],
  [
    1712962800000,
    4.744
  ],
  [
    1713049200000,
    4.678
  ],
  [
    1713135600000,
    4.678
  ],
  [
    1713222000000,
    4.8
  ],
  [
    1713308400000,
    4.777
  ],
  [
    1713394800000,
    4.68
  ],
  [
    1713481200000,
    3.19
  ],
  [
    1713567600000,
    4.609
  ],
  [
    1713654000000,
    4.842
  ],
  [
    1713740400000,
    4.338
  ],
  [
    1713826800000,
    4.105
  ],
  [
    1713913200000,
    4.5
  ],
  [
    1713999600000,
    4.84
  ],
  [
    1714172400000,
    4.502
  ],
  [
    1714258800000,
    4.69
  ],
  [
    1714345200000,
    4.733
  ],
  [
    1714518000000,
    4.442
  ],
  [
    1714604400000,
    4.453
  ],
  [
    1714690800000,
    4.443
  ],
  [
    1714777200000,
    4.311
  ],
  [
    1714863600000,
    4.46
  ],
  [
    1714950000000,
    4.203
  ],
  [
    1715036400000,
    4.689
  ],
  [
    1715209200000,
    4.605
  ],
  [
    1715295600000,
    4.55
  ],
  [
    1715382000000,
    4.563
  ],
  [
    1715554800000,
    4.815
  ],
  [
    1715641200000,
    4.726
  ],
  [
    1715727600000,
    4.75
  ],
  [
    1715814000000,
    4.23
  ],
  [
    1715900400000,
    4.654
  ],
  [
    1715986800000,
    4.702
  ],
  [
    1716073200000,
    5.03
  ],
  [
    1716246000000,
    4.755
  ],
  [
    1716415200000,
    5.08
  ],
  [
    1716548400000,
    5.03
  ],
  [
    1716555600000,
    4.96
  ],
  [
    1716570000000,
    5.03
  ],
  [
    1716573600000,
    4.97
  ],
  [
    1716580800000,
    5.03
  ],
  [
    1716627600000,
    4.6
  ],
  [
    1716674400000,
    5.066
  ],
  [
    1716746400000,
    5.01
  ],
  [
    1716750000000,
    5
  ],
  [
    1716804000000,
    5.03
  ],
  [
    1716822000000,
    5.09
  ],
  [
    1716894000000,
    5.08
  ],
  [
    1716926400000,
    5.14
  ],
  [
    1716966000000,
    5.15
  ],
  [
    1716994800000,
    5.037
  ],
  [
    1717020000000,
    5.18
  ],
  [
    1717027200000,
    5.19
  ],
  [
    1717030800000,
    5.2
  ],
  [
    1717059600000,
    4.97
  ],
  [
    1717142400000,
    5.42
  ],
  [
    1717153200000,
    4.02
  ],
  [
    1717156800000,
    5.43
  ],
  [
    1717164000000,
    5.45
  ],
  [
    1717167600000,
    7.326
  ],
  [
    1717200000000,
    5.56
  ],
  [
    1717264800000,
    5.44
  ],
  [
    1717282800000,
    5.44
  ],
  [
    1717329600000,
    5.94
  ],
  [
    1717333200000,
    5.84
  ],
  [
    1717358400000,
    5.93
  ],
  [
    1717365600000,
    5.935
  ],
  [
    1717408800000,
    5.99
  ],
  [
    1717416000000,
    6.09
  ],
  [
    1717434000000,
    6.18
  ],
  [
    1717452000000,
    6.24
  ],
  [
    1717459200000,
    6.27
  ],
  [
    1717506000000,
    4.83
  ],
  [
    1717513200000,
    6.34
  ],
  [
    1717516800000,
    6.33
  ],
  [
    1717524000000,
    6.34
  ],
  [
    1717531200000,
    6.34
  ],
  [
    1717603200000,
    5.87
  ],
  [
    1717617600000,
    6.32
  ],
  [
    1717668000000,
    6.33
  ],
  [
    1717675200000,
    6.33
  ],
  [
    1717714800000,
    6.3
  ],
  [
    1717758000000,
    6.3
  ],
  [
    1717765200000,
    6.28
  ],
  [
    1717790400000,
    6.28
  ],
  [
    1717815600000,
    6.02
  ],
  [
    1717855200000,
    6.02
  ],
  [
    1717858800000,
    6.02
  ],
  [
    1717862400000,
    5.98
  ],
  [
    1717894800000,
    5.38
  ],
  [
    1717920000000,
    5.08
  ],
  [
    1717992000000,
    5.83
  ],
  [
    1718013600000,
    5.83
  ],
  [
    1718020800000,
    5.559
  ],
  [
    1718107200000,
    5.68
  ],
  [
    1718186400000,
    5.52
  ],
  [
    1718197200000,
    5.14
  ],
  [
    1718258400000,
    5.13
  ],
  [
    1718262000000,
    5.54
  ],
  [
    1718265600000,
    5.54
  ],
  [
    1718280000000,
    5.54
  ],
  [
    1718366400000,
    4.57
  ],
  [
    1718434800000,
    4.83
  ],
  [
    1718521200000,
    4.75
  ],
  [
    1718575200000,
    4.6
  ],
  [
    1718636400000,
    4.96
  ],
  [
    1718668800000,
    4.9
  ],
  [
    1718679600000,
    5
  ],
  [
    1718690400000,
    5.056
  ],
  [
    1718726400000,
    4.48
  ],
  [
    1718744400000,
    4.48
  ],
  [
    1718776800000,
    4.88
  ],
  [
    1718812800000,
    4.3
  ],
  [
    1718863200000,
    4.525
  ],
  [
    1718888400000,
    4.94
  ],
  [
    1718974800000,
    4.62
  ],
  [
    1718982000000,
    3.272
  ],
  [
    1718989200000,
    4.8
  ],
  [
    1719000000000,
    5.036
  ]
]