[
  [
    1574121600000,
    1.039
  ],
  [
    1574208000000,
    0.722
  ],
  [
    1574294400000,
    0.526
  ],
  [
    1574380800000,
    0.557
  ],
  [
    1574467200000,
    0.534
  ],
  [
    1574553600000,
    0.416
  ],
  [
    1574640000000,
    0.556
  ],
  [
    1574726400000,
    0.423
  ],
  [
    1574812800000,
    0.463
  ],
  [
    1574899200000,
    0.416
  ],
  [
    1574985600000,
    0.436
  ],
  [
    1575072000000,
    0.375
  ],
  [
    1575158400000,
    0.462
  ],
  [
    1575244800000,
    0.498
  ],
  [
    1575331200000,
    0.411
  ],
  [
    1575417600000,
    0.318
  ],
  [
    1575504000000,
    0.282
  ],
  [
    1575590400000,
    0.288
  ],
  [
    1575676800000,
    0.272
  ],
  [
    1575763200000,
    43.602
  ],
  [
    1575849600000,
    0.278
  ],
  [
    1575936000000,
    0.271
  ],
  [
    1576022400000,
    0.282
  ],
  [
    1576108800000,
    0.281
  ],
  [
    1576195200000,
    0.281
  ],
  [
    1576281600000,
    0.328
  ],
  [
    1576368000000,
    0.28
  ],
  [
    1576454400000,
    0.286
  ],
  [
    1576540800000,
    0.261
  ],
  [
    1576627200000,
    0.29
  ],
  [
    1576713600000,
    0.287
  ],
  [
    1576800000000,
    0.243
  ],
  [
    1576886400000,
    0.3
  ],
  [
    1576972800000,
    0.256
  ],
  [
    1577059200000,
    0.317
  ],
  [
    1577145600000,
    0.328
  ],
  [
    1577232000000,
    0.326
  ],
  [
    1577318400000,
    0.288
  ],
  [
    1577404800000,
    0.308
  ],
  [
    1577491200000,
    0.82
  ],
  [
    1577577600000,
    0.363
  ],
  [
    1577664000000,
    0.32
  ],
  [
    1577750400000,
    0.309
  ],
  [
    1577836800000,
    0.274
  ],
  [
    1577923200000,
    0.28
  ],
  [
    1578009600000,
    0.276
  ],
  [
    1578096000000,
    0.27
  ],
  [
    1578182400000,
    0.284
  ],
  [
    1578268800000,
    0.282
  ],
  [
    1578355200000,
    0.271
  ],
  [
    1578441600000,
    0.258
  ],
  [
    1578528000000,
    0.272
  ],
  [
    1578614400000,
    0.28
  ],
  [
    1578700800000,
    0.296
  ],
  [
    1578787200000,
    0.285
  ],
  [
    1578873600000,
    0.302
  ],
  [
    1578960000000,
    0.358
  ],
  [
    1579046400000,
    0.34
  ],
  [
    1579132800000,
    0.346
  ],
  [
    1579219200000,
    0.338
  ],
  [
    1579305600000,
    0.317
  ],
  [
    1579392000000,
    0.356
  ],
  [
    1579478400000,
    0.314
  ],
  [
    1579564800000,
    0.288
  ],
  [
    1579651200000,
    0.252
  ],
  [
    1579737600000,
    0.467
  ],
  [
    1579824000000,
    0.307
  ],
  [
    1579910400000,
    0.383
  ],
  [
    1579996800000,
    0.322
  ],
  [
    1580083200000,
    0.337
  ],
  [
    1580169600000,
    0.495
  ],
  [
    1580256000000,
    0.396
  ],
  [
    1580342400000,
    0.346
  ],
  [
    1580428800000,
    0.322
  ],
  [
    1580515200000,
    0.377
  ],
  [
    1580601600000,
    0.41
  ],
  [
    1580688000000,
    0.383
  ],
  [
    1580774400000,
    0.433
  ],
  [
    1580860800000,
    0.407
  ],
  [
    1580947200000,
    0.347
  ],
  [
    1581033600000,
    0.431
  ],
  [
    1581120000000,
    0.362
  ],
  [
    1581206400000,
    0.337
  ],
  [
    1581292800000,
    0.384
  ],
  [
    1581379200000,
    0.355
  ],
  [
    1581465600000,
    0.327
  ],
  [
    1581552000000,
    0.361
  ],
  [
    1581638400000,
    0.391
  ],
  [
    1581724800000,
    0.395
  ],
  [
    1581811200000,
    0.47
  ],
  [
    1581897600000,
    0.451
  ],
  [
    1581984000000,
    0.413
  ],
  [
    1582070400000,
    0.394
  ],
  [
    1582156800000,
    0.38
  ],
  [
    1582243200000,
    0.386
  ],
  [
    1582329600000,
    0.508
  ],
  [
    1582416000000,
    0.457
  ],
  [
    1582502400000,
    0.516
  ],
  [
    1582588800000,
    0.452
  ],
  [
    1582675200000,
    3.132
  ],
  [
    1582761600000,
    0.441
  ],
  [
    1582848000000,
    7.908
  ],
  [
    1582934400000,
    0.406
  ],
  [
    1583020800000,
    0.41
  ],
  [
    1583107200000,
    0.364
  ],
  [
    1583193600000,
    0.365
  ],
  [
    1583280000000,
    0.371
  ],
  [
    1583366400000,
    0.348
  ],
  [
    1583452800000,
    0.338
  ],
  [
    1583539200000,
    1.071
  ],
  [
    1583625600000,
    0.363
  ],
  [
    1583712000000,
    0.349
  ],
  [
    1583798400000,
    0.404
  ],
  [
    1583884800000,
    0.433
  ],
  [
    1583971200000,
    0.347
  ],
  [
    1584057600000,
    0.364
  ],
  [
    1584144000000,
    0.343
  ],
  [
    1584230400000,
    0.327
  ],
  [
    1584316800000,
    0.318
  ],
  [
    1584403200000,
    0.341
  ],
  [
    1584489600000,
    0.327
  ],
  [
    1584576000000,
    0.331
  ],
  [
    1584662400000,
    0.314
  ],
  [
    1584748800000,
    0.326
  ],
  [
    1584835200000,
    0.308
  ],
  [
    1584921600000,
    0.315
  ],
  [
    1585008000000,
    0.325
  ],
  [
    1585094400000,
    2.071
  ],
  [
    1585180800000,
    0.332
  ],
  [
    1585267200000,
    0.314
  ],
  [
    1585353600000,
    0.315
  ],
  [
    1585440000000,
    0.332
  ],
  [
    1585522800000,
    0.332
  ],
  [
    1585609200000,
    0.325
  ],
  [
    1585695600000,
    0.447
  ],
  [
    1585782000000,
    0.368
  ],
  [
    1585868400000,
    0.331
  ],
  [
    1585954800000,
    0.318
  ],
  [
    1586041200000,
    0.346
  ],
  [
    1586127600000,
    0.322
  ],
  [
    1586214000000,
    0.301
  ],
  [
    1586300400000,
    0.312
  ],
  [
    1586386800000,
    0.355
  ],
  [
    1586473200000,
    0.317
  ],
  [
    1586559600000,
    0.427
  ],
  [
    1586646000000,
    0.332
  ],
  [
    1586732400000,
    0.297
  ],
  [
    1586818800000,
    0.331
  ],
  [
    1586905200000,
    0.328
  ],
  [
    1586991600000,
    0.401
  ],
  [
    1587078000000,
    0.401
  ],
  [
    1587164400000,
    0.359
  ],
  [
    1587250800000,
    0.346
  ],
  [
    1587337200000,
    0.348
  ],
  [
    1587423600000,
    0.387
  ],
  [
    1587510000000,
    0.457
  ],
  [
    1587596400000,
    0.517
  ],
  [
    1587682800000,
    0.409
  ],
  [
    1587769200000,
    0.565
  ],
  [
    1587855600000,
    0.385
  ],
  [
    1587942000000,
    0.42
  ],
  [
    1588028400000,
    0.398
  ],
  [
    1588114800000,
    0.423
  ],
  [
    1588201200000,
    0.407
  ],
  [
    1588287600000,
    0.455
  ],
  [
    1588374000000,
    0.384
  ],
  [
    1588460400000,
    0.397
  ],
  [
    1588546800000,
    0.673
  ],
  [
    1588633200000,
    0.4
  ],
  [
    1588719600000,
    0.39
  ],
  [
    1588806000000,
    0.442
  ],
  [
    1588892400000,
    0.777
  ],
  [
    1588978800000,
    0.171
  ],
  [
    1589065200000,
    0.376
  ],
  [
    1589151600000,
    0.404
  ],
  [
    1589238000000,
    0.391
  ],
  [
    1589324400000,
    0.418
  ],
  [
    1589410800000,
    0.404
  ],
  [
    1589497200000,
    0.404
  ],
  [
    1589583600000,
    0.405
  ],
  [
    1589670000000,
    0.417
  ],
  [
    1589756400000,
    0.591
  ],
  [
    1589842800000,
    0.402
  ],
  [
    1589929200000,
    0.393
  ],
  [
    1590015600000,
    0.436
  ],
  [
    1590102000000,
    0.472
  ],
  [
    1590188400000,
    0.454
  ],
  [
    1590274800000,
    0.472
  ],
  [
    1590361200000,
    0.546
  ],
  [
    1590447600000,
    0.526
  ],
  [
    1590534000000,
    0.459
  ],
  [
    1590620400000,
    0.45
  ],
  [
    1590706800000,
    0.468
  ],
  [
    1590793200000,
    0.494
  ],
  [
    1590879600000,
    0.523
  ],
  [
    1590966000000,
    0.531
  ],
  [
    1591052400000,
    0.584
  ],
  [
    1591138800000,
    0.57
  ],
  [
    1591225200000,
    0.616
  ],
  [
    1591311600000,
    0.686
  ],
  [
    1591398000000,
    0.563
  ],
  [
    1591484400000,
    0.62
  ],
  [
    1591570800000,
    0.64
  ],
  [
    1591657200000,
    0.606
  ],
  [
    1591743600000,
    0.662
  ],
  [
    1591830000000,
    0.62
  ],
  [
    1591916400000,
    0.596
  ],
  [
    1592002800000,
    0.695
  ],
  [
    1592089200000,
    0.752
  ],
  [
    1592175600000,
    0.689
  ],
  [
    1592262000000,
    0.651
  ],
  [
    1592348400000,
    0.684
  ],
  [
    1592434800000,
    0.65
  ],
  [
    1592521200000,
    0.803
  ],
  [
    1592607600000,
    0.703
  ],
  [
    1592694000000,
    0.757
  ],
  [
    1592780400000,
    0.774
  ],
  [
    1592866800000,
    0.78
  ],
  [
    1592953200000,
    0.712
  ],
  [
    1593039600000,
    0.73
  ],
  [
    1593126000000,
    0.793
  ],
  [
    1593212400000,
    0.721
  ],
  [
    1593298800000,
    0.78
  ],
  [
    1593385200000,
    0.617
  ],
  [
    1593471600000,
    0.72
  ],
  [
    1593558000000,
    0.885
  ],
  [
    1593644400000,
    0.772
  ],
  [
    1593730800000,
    0.761
  ],
  [
    1593817200000,
    0.784
  ],
  [
    1593903600000,
    0.822
  ],
  [
    1593990000000,
    0.67
  ],
  [
    1594076400000,
    0.753
  ],
  [
    1594162800000,
    0.781
  ],
  [
    1594249200000,
    0.742
  ],
  [
    1594335600000,
    0.742
  ],
  [
    1594508400000,
    1.088
  ],
  [
    1594594800000,
    0.737
  ],
  [
    1594681200000,
    0.794
  ],
  [
    1594767600000,
    0.771
  ],
  [
    1594854000000,
    0.697
  ],
  [
    1594940400000,
    2.21
  ],
  [
    1595026800000,
    0.732
  ],
  [
    1595113200000,
    0.777
  ],
  [
    1595199600000,
    0.886
  ],
  [
    1595286000000,
    0.766
  ],
  [
    1595372400000,
    0.784
  ],
  [
    1595458800000,
    0.821
  ],
  [
    1595545200000,
    0.853
  ],
  [
    1595631600000,
    0.848
  ],
  [
    1595718000000,
    0.969
  ],
  [
    1595977200000,
    0.996
  ],
  [
    1596063600000,
    0.81
  ],
  [
    1596150000000,
    0.926
  ],
  [
    1596236400000,
    0.963
  ],
  [
    1596322800000,
    0.95
  ],
  [
    1596409200000,
    0.96
  ],
  [
    1596495600000,
    0.916
  ],
  [
    1596582000000,
    1.067
  ],
  [
    1596668400000,
    1.119
  ],
  [
    1596754800000,
    1.128
  ],
  [
    1596841200000,
    1.122
  ],
  [
    1596927600000,
    1.257
  ],
  [
    1597014000000,
    1.16
  ],
  [
    1597100400000,
    1.115
  ],
  [
    1597186800000,
    1.223
  ],
  [
    1597273200000,
    1.094
  ],
  [
    1597359600000,
    1.301
  ],
  [
    1597446000000,
    1
  ],
  [
    1597532400000,
    1.024
  ],
  [
    1597618800000,
    1.126
  ],
  [
    1597705200000,
    1.22
  ],
  [
    1597791600000,
    1.424
  ],
  [
    1597878000000,
    1.307
  ],
  [
    1597964400000,
    1.416
  ],
  [
    1598050800000,
    1.585
  ],
  [
    1598137200000,
    1.603
  ],
  [
    1598223600000,
    1.552
  ],
  [
    1598310000000,
    1.587
  ],
  [
    1598396400000,
    1.664
  ],
  [
    1598482800000,
    1.859
  ],
  [
    1598569200000,
    1.9
  ],
  [
    1598655600000,
    1.897
  ],
  [
    1598742000000,
    1.839
  ],
  [
    1598828400000,
    1.897
  ],
  [
    1599001200000,
    1.916
  ],
  [
    1599087600000,
    1.906
  ],
  [
    1599174000000,
    1.816
  ],
  [
    1599260400000,
    1.781
  ],
  [
    1599346800000,
    1.873
  ],
  [
    1599433200000,
    1.888
  ],
  [
    1599519600000,
    1.866
  ],
  [
    1599606000000,
    1.828
  ],
  [
    1599778800000,
    1.956
  ],
  [
    1599865200000,
    1.77
  ],
  [
    1599951600000,
    1.892
  ],
  [
    1600038000000,
    1.892
  ],
  [
    1600124400000,
    1.891
  ],
  [
    1600210800000,
    1.893
  ],
  [
    1600297200000,
    1.684
  ],
  [
    1600383600000,
    1.858
  ],
  [
    1600556400000,
    1.821
  ],
  [
    1600642800000,
    1.816
  ],
  [
    1600729200000,
    1.854
  ],
  [
    1600815600000,
    1.668
  ],
  [
    1600902000000,
    1.958
  ],
  [
    1600988400000,
    1.843
  ],
  [
    1601074800000,
    1.833
  ],
  [
    1601161200000,
    1.794
  ],
  [
    1601247600000,
    2.392
  ],
  [
    1601334000000,
    2.84
  ],
  [
    1601420400000,
    1.825
  ],
  [
    1601506800000,
    1.381
  ],
  [
    1601593200000,
    1.815
  ],
  [
    1601766000000,
    1.821
  ],
  [
    1601938800000,
    1.835
  ],
  [
    1602025200000,
    1.841
  ],
  [
    1602111600000,
    1.79
  ],
  [
    1602198000000,
    1.866
  ],
  [
    1602370800000,
    1.984
  ],
  [
    1602543600000,
    2.265
  ],
  [
    1602630000000,
    2.25
  ],
  [
    1602716400000,
    2.131
  ],
  [
    1602802800000,
    1.629
  ],
  [
    1602889200000,
    1.463
  ],
  [
    1602975600000,
    1.709
  ],
  [
    1603062000000,
    1.987
  ],
  [
    1603148400000,
    1.8
  ],
  [
    1603321200000,
    1.942
  ],
  [
    1603407600000,
    1.924
  ],
  [
    1603494000000,
    1.925
  ],
  [
    1603580400000,
    1.61
  ],
  [
    1603670400000,
    2.022
  ],
  [
    1603756800000,
    1.935
  ],
  [
    1603843200000,
    1.9
  ],
  [
    1604016000000,
    1.807
  ],
  [
    1604102400000,
    1.428
  ],
  [
    1604275200000,
    1.531
  ],
  [
    1604361600000,
    1.45
  ],
  [
    1604448000000,
    1.499
  ],
  [
    1604620800000,
    1.604
  ],
  [
    1604707200000,
    1.822
  ],
  [
    1604793600000,
    1.92
  ],
  [
    1604880000000,
    1.864
  ],
  [
    1604966400000,
    1.961
  ],
  [
    1605052800000,
    2.045
  ],
  [
    1605139200000,
    2.045
  ],
  [
    1605225600000,
    2.053
  ],
  [
    1605312000000,
    1.97
  ],
  [
    1605398400000,
    1.982
  ],
  [
    1605484800000,
    2.003
  ],
  [
    1605571200000,
    1.969
  ],
  [
    1605657600000,
    2.093
  ],
  [
    1605830400000,
    2.107
  ],
  [
    1605916800000,
    2.019
  ],
  [
    1606003200000,
    1.967
  ],
  [
    1606089600000,
    2.085
  ],
  [
    1606176000000,
    2.093
  ],
  [
    1606262400000,
    2.04
  ],
  [
    1606348800000,
    2.044
  ],
  [
    1606521600000,
    2.069
  ],
  [
    1606608000000,
    2.41
  ],
  [
    1606694400000,
    2.026
  ],
  [
    1606780800000,
    2.134
  ],
  [
    1606953600000,
    1.963
  ],
  [
    1607040000000,
    1.766
  ],
  [
    1607126400000,
    1.475
  ],
  [
    1607299200000,
    3.761
  ],
  [
    1607385600000,
    1.492
  ],
  [
    1607558400000,
    1.31
  ],
  [
    1607644800000,
    1.595
  ],
  [
    1607731200000,
    2.246
  ],
  [
    1607817600000,
    2.273
  ],
  [
    1607904000000,
    2.27
  ],
  [
    1607990400000,
    2.32
  ],
  [
    1608076800000,
    2.303
  ],
  [
    1608163200000,
    2.269
  ],
  [
    1608249600000,
    2.3
  ],
  [
    1608336000000,
    2.269
  ],
  [
    1608595200000,
    2.413
  ],
  [
    1608681600000,
    2.317
  ],
  [
    1608768000000,
    2.232
  ],
  [
    1608854400000,
    2.221
  ],
  [
    1608940800000,
    2.38
  ],
  [
    1609027200000,
    2.45
  ],
  [
    1609113600000,
    2.461
  ],
  [
    1609200000000,
    2.513
  ],
  [
    1609286400000,
    2.56
  ],
  [
    1609372800000,
    3.158
  ],
  [
    1609545600000,
    2.6
  ],
  [
    1609632000000,
    2.703
  ],
  [
    1609718400000,
    3.485
  ],
  [
    1609804800000,
    3.567
  ],
  [
    1609891200000,
    3.511
  ],
  [
    1609977600000,
    3.513
  ],
  [
    1610064000000,
    3.967
  ],
  [
    1610150400000,
    3.565
  ],
  [
    1610236800000,
    3.891
  ],
  [
    1610409600000,
    4.025
  ],
  [
    1610582400000,
    3.814
  ],
  [
    1610668800000,
    3.944
  ],
  [
    1610755200000,
    4.072
  ],
  [
    1610841600000,
    4.677
  ],
  [
    1610928000000,
    5.017
  ],
  [
    1611014400000,
    4.686
  ],
  [
    1611100800000,
    5.009
  ],
  [
    1611187200000,
    4.992
  ],
  [
    1611273600000,
    5.004
  ],
  [
    1611360000000,
    3.536
  ],
  [
    1611446400000,
    4.539
  ],
  [
    1611532800000,
    4.818
  ],
  [
    1611619200000,
    4.949
  ],
  [
    1611705600000,
    4.943
  ],
  [
    1611792000000,
    5.213
  ],
  [
    1611878400000,
    6.13
  ],
  [
    1611964800000,
    5.561
  ],
  [
    1612051200000,
    5.554
  ],
  [
    1612137600000,
    5.72
  ],
  [
    1612224000000,
    5.859
  ],
  [
    1612310400000,
    5.014
  ],
  [
    1612483200000,
    5.551
  ],
  [
    1612569600000,
    5.622
  ],
  [
    1612656000000,
    5.586
  ],
  [
    1612742400000,
    5.001
  ],
  [
    1612828800000,
    5.614
  ],
  [
    1613001600000,
    5.736
  ],
  [
    1613088000000,
    5.673
  ],
  [
    1613174400000,
    5.302
  ],
  [
    1613260800000,
    15.434
  ],
  [
    1613347200000,
    16.82
  ],
  [
    1613433600000,
    19.251
  ],
  [
    1613520000000,
    17.811
  ],
  [
    1613606400000,
    19.032
  ],
  [
    1613692800000,
    17.571
  ],
  [
    1613779200000,
    18.724
  ],
  [
    1613865600000,
    17.69
  ],
  [
    1613952000000,
    18.601
  ],
  [
    1614038400000,
    6.967
  ],
  [
    1614124800000,
    6
  ],
  [
    1614211200000,
    5.346
  ],
  [
    1614297600000,
    4.709
  ],
  [
    1614384000000,
    3.62
  ],
  [
    1614470400000,
    1.682
  ],
  [
    1614556800000,
    2.226
  ],
  [
    1614643200000,
    3.625
  ],
  [
    1614729600000,
    3.395
  ],
  [
    1614816000000,
    3.551
  ],
  [
    1614902400000,
    3.497
  ],
  [
    1615075200000,
    3.57
  ],
  [
    1615161600000,
    3.461
  ],
  [
    1615248000000,
    3.473
  ],
  [
    1615334400000,
    3.526
  ],
  [
    1615420800000,
    3.697
  ],
  [
    1615507200000,
    3.418
  ],
  [
    1615593600000,
    3.416
  ],
  [
    1615680000000,
    3.297
  ],
  [
    1615852800000,
    4.162
  ],
  [
    1615939200000,
    3
  ],
  [
    1616025600000,
    2.98
  ],
  [
    1616112000000,
    2.795
  ],
  [
    1616284800000,
    2.813
  ],
  [
    1616371200000,
    2.22
  ],
  [
    1616457600000,
    2.741
  ],
  [
    1616544000000,
    2.564
  ],
  [
    1616630400000,
    2.416
  ],
  [
    1616889600000,
    2.231
  ],
  [
    1617058800000,
    2.22
  ],
  [
    1617145200000,
    2.331
  ],
  [
    1617231600000,
    2.526
  ],
  [
    1617318000000,
    2.34
  ],
  [
    1617404400000,
    2.01
  ],
  [
    1617490800000,
    2.337
  ],
  [
    1617663600000,
    2.072
  ],
  [
    1617836400000,
    2.211
  ],
  [
    1618009200000,
    1.93
  ],
  [
    1618095600000,
    1.734
  ],
  [
    1618441200000,
    1.691
  ],
  [
    1618527600000,
    1.568
  ],
  [
    1618614000000,
    1.761
  ],
  [
    1618700400000,
    1.77
  ],
  [
    1618786800000,
    1.557
  ],
  [
    1618959600000,
    1.496
  ],
  [
    1619046000000,
    1.432
  ],
  [
    1619218800000,
    1.417
  ],
  [
    1619305200000,
    1.387
  ],
  [
    1619650800000,
    1.496
  ],
  [
    1619823600000,
    1.467
  ],
  [
    1619910000000,
    1.35
  ],
  [
    1620082800000,
    1.396
  ],
  [
    1620169200000,
    1.467
  ],
  [
    1620255600000,
    1.365
  ],
  [
    1620342000000,
    1.43
  ],
  [
    1620428400000,
    1.551
  ],
  [
    1620601200000,
    1.504
  ],
  [
    1620687600000,
    1.488
  ],
  [
    1620774000000,
    1.848
  ],
  [
    1620860400000,
    1.706
  ],
  [
    1620946800000,
    1.743
  ],
  [
    1621033200000,
    1.557
  ],
  [
    1621119600000,
    1.784
  ],
  [
    1621206000000,
    1.923
  ],
  [
    1621292400000,
    1.753
  ],
  [
    1621378800000,
    1.713
  ],
  [
    1621465200000,
    2.295
  ],
  [
    1621551600000,
    2.971
  ],
  [
    1621638000000,
    1.976
  ],
  [
    1621724400000,
    2.558
  ],
  [
    1621810800000,
    2.715
  ],
  [
    1621897200000,
    2.48
  ],
  [
    1621983600000,
    2.769
  ],
  [
    1622070000000,
    4.711
  ],
  [
    1622156400000,
    3.031
  ],
  [
    1622242800000,
    2.93
  ],
  [
    1622329200000,
    2.742
  ],
  [
    1622415600000,
    2.776
  ],
  [
    1622502000000,
    2.756
  ],
  [
    1622588400000,
    2.783
  ],
  [
    1622674800000,
    2.907
  ],
  [
    1622761200000,
    2.99
  ],
  [
    1622847600000,
    3.392
  ],
  [
    1622934000000,
    3.546
  ],
  [
    1623020400000,
    3.243
  ],
  [
    1623106800000,
    3.826
  ],
  [
    1623193200000,
    3.708
  ],
  [
    1623279600000,
    4.239
  ],
  [
    1623366000000,
    4.429
  ],
  [
    1623452400000,
    5.534
  ],
  [
    1623538800000,
    5
  ],
  [
    1623625200000,
    5.461
  ],
  [
    1623711600000,
    3.621
  ],
  [
    1623798000000,
    4.6
  ],
  [
    1623970800000,
    4.06
  ],
  [
    1624057200000,
    4.859
  ],
  [
    1624143600000,
    4.248
  ],
  [
    1624316400000,
    3.88
  ],
  [
    1624489200000,
    3.824
  ],
  [
    1624662000000,
    3.14
  ],
  [
    1624748400000,
    3.015
  ],
  [
    1625007600000,
    3.971
  ],
  [
    1625094000000,
    3.992
  ],
  [
    1625180400000,
    3.418
  ],
  [
    1625266800000,
    3.573
  ],
  [
    1625439600000,
    3
  ],
  [
    1625526000000,
    3.68
  ],
  [
    1625698800000,
    3.749
  ],
  [
    1625958000000,
    3.565
  ],
  [
    1626044400000,
    3.843
  ],
  [
    1626217200000,
    3.24
  ],
  [
    1626390000000,
    3.866
  ],
  [
    1626649200000,
    3.172
  ],
  [
    1626735600000,
    3.13
  ],
  [
    1626822000000,
    3.565
  ],
  [
    1627081200000,
    3.085
  ],
  [
    1627167600000,
    3.488
  ],
  [
    1627254000000,
    2.977
  ],
  [
    1627426800000,
    2.79
  ],
  [
    1627513200000,
    3.111
  ],
  [
    1627599600000,
    2.72
  ],
  [
    1627686000000,
    2.84
  ],
  [
    1627772400000,
    2.902
  ],
  [
    1627858800000,
    3.576
  ],
  [
    1627945200000,
    2.731
  ],
  [
    1628118000000,
    3.093
  ],
  [
    1628204400000,
    2.712
  ],
  [
    1628290800000,
    2.636
  ],
  [
    1628377200000,
    2.59
  ],
  [
    1628463600000,
    2.626
  ],
  [
    1628550000000,
    2.645
  ],
  [
    1628636400000,
    2.72
  ],
  [
    1628722800000,
    2.971
  ],
  [
    1628982000000,
    2.622
  ],
  [
    1629154800000,
    2.46
  ],
  [
    1629241200000,
    2.427
  ],
  [
    1629327600000,
    2.375
  ],
  [
    1629414000000,
    2.836
  ],
  [
    1629500400000,
    2.627
  ],
  [
    1629759600000,
    2.984
  ],
  [
    1629932400000,
    3.093
  ],
  [
    1630018800000,
    2.664
  ],
  [
    1630191600000,
    2.922
  ],
  [
    1630278000000,
    3.39
  ],
  [
    1630450800000,
    3.125
  ],
  [
    1630537200000,
    3.375
  ],
  [
    1630623600000,
    3.269
  ],
  [
    1630710000000,
    3.37
  ],
  [
    1631142000000,
    3.381
  ],
  [
    1631314800000,
    3.489
  ],
  [
    1631401200000,
    3.421
  ],
  [
    1631574000000,
    3.265
  ],
  [
    1631660400000,
    2.916
  ],
  [
    1631746800000,
    2.83
  ],
  [
    1631833200000,
    3.25
  ],
  [
    1631919600000,
    3.432
  ],
  [
    1632006000000,
    2.88
  ],
  [
    1632178800000,
    3.37
  ],
  [
    1632265200000,
    2.612
  ],
  [
    1632351600000,
    2.515
  ],
  [
    1632438000000,
    2.411
  ],
  [
    1632524400000,
    2.486
  ],
  [
    1632610800000,
    2.507
  ],
  [
    1632697200000,
    2.214
  ],
  [
    1632783600000,
    2.246
  ],
  [
    1632870000000,
    2.784
  ],
  [
    1633042800000,
    2.013
  ],
  [
    1633129200000,
    2.001
  ],
  [
    1633215600000,
    1.781
  ],
  [
    1633474800000,
    1.521
  ],
  [
    1633561200000,
    1.53
  ],
  [
    1633647600000,
    1.68
  ],
  [
    1633820400000,
    1.476
  ],
  [
    1633993200000,
    1.737
  ],
  [
    1634252400000,
    1.67
  ],
  [
    1634338800000,
    1.918
  ],
  [
    1634511600000,
    1.766
  ],
  [
    1634598000000,
    1.927
  ],
  [
    1634770800000,
    1.98
  ],
  [
    1634857200000,
    1.832
  ],
  [
    1634943600000,
    1.7
  ],
  [
    1635030000000,
    2.007
  ],
  [
    1635202800000,
    2.145
  ],
  [
    1635289200000,
    1.74
  ],
  [
    1635375600000,
    1.585
  ],
  [
    1635462000000,
    1.607
  ],
  [
    1635634800000,
    1.479
  ],
  [
    1635724800000,
    1.417
  ],
  [
    1635811200000,
    1.576
  ],
  [
    1635897600000,
    1.443
  ],
  [
    1635984000000,
    1.392
  ],
  [
    1636070400000,
    1.667
  ],
  [
    1636156800000,
    1.694
  ],
  [
    1636243200000,
    1.493
  ],
  [
    1636329600000,
    1.712
  ],
  [
    1636416000000,
    1.677
  ],
  [
    1636502400000,
    1.404
  ],
  [
    1636588800000,
    1.633
  ],
  [
    1636675200000,
    1.41
  ],
  [
    1636761600000,
    1.438
  ],
  [
    1636848000000,
    2.196
  ],
  [
    1637107200000,
    1.565
  ],
  [
    1637280000000,
    1.445
  ],
  [
    1637366400000,
    1.32
  ],
  [
    1637539200000,
    1.385
  ],
  [
    1637625600000,
    1.47
  ],
  [
    1637884800000,
    1.408
  ],
  [
    1637971200000,
    1.32
  ],
  [
    1638230400000,
    1.327
  ],
  [
    1638316800000,
    1.453
  ],
  [
    1638576000000,
    1.414
  ],
  [
    1638662400000,
    1.406
  ],
  [
    1638748800000,
    1.278
  ],
  [
    1638835200000,
    1.426
  ],
  [
    1638921600000,
    1.35
  ],
  [
    1639008000000,
    1.451
  ],
  [
    1639094400000,
    1.577
  ],
  [
    1639180800000,
    1.909
  ],
  [
    1639267200000,
    2.12
  ],
  [
    1639440000000,
    2.773
  ],
  [
    1639526400000,
    2.103
  ],
  [
    1639612800000,
    2.013
  ],
  [
    1639699200000,
    1.752
  ],
  [
    1639872000000,
    1.947
  ],
  [
    1639958400000,
    1.76
  ],
  [
    1640044800000,
    2.185
  ],
  [
    1640217600000,
    2.02
  ],
  [
    1640304000000,
    2.07
  ],
  [
    1640390400000,
    2.091
  ],
  [
    1640476800000,
    2.213
  ],
  [
    1640649600000,
    2.166
  ],
  [
    1640822400000,
    2.799
  ],
  [
    1640908800000,
    2.94
  ],
  [
    1640995200000,
    2.18
  ],
  [
    1641081600000,
    2.328
  ],
  [
    1641254400000,
    2.728
  ],
  [
    1641340800000,
    2.524
  ],
  [
    1641600000000,
    2.34
  ],
  [
    1641686400000,
    1.979
  ],
  [
    1641859200000,
    2.33
  ],
  [
    1641945600000,
    2.34
  ],
  [
    1642118400000,
    2.565
  ],
  [
    1642204800000,
    2.995
  ],
  [
    1642291200000,
    3.15
  ],
  [
    1642377600000,
    3.429
  ],
  [
    1642464000000,
    2.84
  ],
  [
    1642723200000,
    2.605
  ],
  [
    1642809600000,
    2.747
  ],
  [
    1642896000000,
    2.26
  ],
  [
    1642982400000,
    2.736
  ],
  [
    1643068800000,
    2.84
  ],
  [
    1643155200000,
    2.614
  ],
  [
    1643414400000,
    2.23
  ],
  [
    1643500800000,
    2.171
  ],
  [
    1643587200000,
    2.485
  ],
  [
    1643673600000,
    2.25
  ],
  [
    1643846400000,
    2.487
  ],
  [
    1643932800000,
    2.573
  ],
  [
    1644019200000,
    2.567
  ],
  [
    1644192000000,
    2.872
  ],
  [
    1644451200000,
    2.84
  ],
  [
    1644537600000,
    2.616
  ],
  [
    1644710400000,
    2.72
  ],
  [
    1644796800000,
    2.37
  ],
  [
    1644883200000,
    2.37
  ],
  [
    1644969600000,
    2.678
  ],
  [
    1645056000000,
    2.567
  ],
  [
    1645228800000,
    2.809
  ],
  [
    1645315200000,
    3.01
  ],
  [
    1645401600000,
    2.353
  ],
  [
    1645660800000,
    2.613
  ],
  [
    1645833600000,
    2.45
  ],
  [
    1645920000000,
    2.3
  ],
  [
    1646006400000,
    6.73
  ],
  [
    1646179200000,
    2.12
  ],
  [
    1646352000000,
    2.48
  ],
  [
    1646438400000,
    2.305
  ],
  [
    1646524800000,
    2.239
  ],
  [
    1646611200000,
    1.9
  ],
  [
    1646697600000,
    2.429
  ],
  [
    1646870400000,
    2.449
  ],
  [
    1646956800000,
    2.408
  ],
  [
    1647129600000,
    2.06
  ],
  [
    1647475200000,
    2.16
  ],
  [
    1647648000000,
    2.412
  ],
  [
    1647993600000,
    3.247
  ],
  [
    1648166400000,
    1.76
  ],
  [
    1648422000000,
    2.099
  ],
  [
    1648594800000,
    2.308
  ],
  [
    1648681200000,
    2.38
  ],
  [
    1648767600000,
    3.368
  ],
  [
    1648854000000,
    2.064
  ],
  [
    1649286000000,
    2.411
  ],
  [
    1649372400000,
    2.816
  ],
  [
    1649458800000,
    4.275
  ],
  [
    1649545200000,
    61.809
  ],
  [
    1649631600000,
    76.659
  ],
  [
    1649718000000,
    54.805
  ],
  [
    1649804400000,
    94.04
  ],
  [
    1649890800000,
    64.117
  ],
  [
    1649977200000,
    76.071
  ],
  [
    1650063600000,
    76.105
  ],
  [
    1650150000000,
    94.194
  ],
  [
    1650236400000,
    64.386
  ],
  [
    1650322800000,
    76.159
  ],
  [
    1650409200000,
    76.15
  ],
  [
    1650495600000,
    76.36
  ],
  [
    1650582000000,
    76.356
  ],
  [
    1650668400000,
    111.94
  ],
  [
    1650754800000,
    5.3
  ],
  [
    1650841200000,
    5.526
  ],
  [
    1650927600000,
    11.66
  ],
  [
    1651014000000,
    4.86
  ],
  [
    1651100400000,
    4.67
  ],
  [
    1651186800000,
    4.726
  ],
  [
    1651273200000,
    4.545
  ],
  [
    1651359600000,
    4.499
  ],
  [
    1651532400000,
    3.8
  ],
  [
    1651618800000,
    3.881
  ],
  [
    1651791600000,
    3.839
  ],
  [
    1651878000000,
    3.308
  ],
  [
    1652223600000,
    2.981
  ],
  [
    1652310000000,
    3.44
  ],
  [
    1652396400000,
    3.512
  ],
  [
    1652482800000,
    3.71
  ],
  [
    1652569200000,
    3.882
  ],
  [
    1652655600000,
    3.87
  ],
  [
    1652914800000,
    3.911
  ],
  [
    1653001200000,
    3.168
  ],
  [
    1653174000000,
    3.264
  ],
  [
    1653260400000,
    3.19
  ],
  [
    1653433200000,
    4.075
  ],
  [
    1653951600000,
    4.28
  ],
  [
    1654124400000,
    3.121
  ],
  [
    1654210800000,
    2.68
  ],
  [
    1654297200000,
    2.682
  ],
  [
    1654383600000,
    2.69
  ],
  [
    1654470000000,
    3.452
  ],
  [
    1654556400000,
    2.76
  ],
  [
    1654729200000,
    2.875
  ],
  [
    1654988400000,
    2.62
  ],
  [
    1655161200000,
    2.519
  ],
  [
    1655334000000,
    2.5
  ],
  [
    1655593200000,
    2.95
  ],
  [
    1655766000000,
    3.463
  ],
  [
    1655852400000,
    2.956
  ],
  [
    1656025200000,
    2.38
  ],
  [
    1656111600000,
    2.55
  ],
  [
    1656543600000,
    2.81
  ],
  [
    1656630000000,
    2.42
  ],
  [
    1656802800000,
    3.406
  ],
  [
    1656889200000,
    2.82
  ],
  [
    1656975600000,
    2.518
  ],
  [
    1657148400000,
    2.413
  ],
  [
    1657407600000,
    2.47
  ],
  [
    1657494000000,
    1.213
  ],
  [
    1657580400000,
    2.443
  ],
  [
    1657753200000,
    3.172
  ],
  [
    1657926000000,
    2.753
  ],
  [
    1658271600000,
    2.826
  ],
  [
    1658444400000,
    2.89
  ],
  [
    1658876400000,
    2.858
  ],
  [
    1659049200000,
    2.911
  ],
  [
    1659222000000,
    2.882
  ],
  [
    1659308400000,
    2.583
  ],
  [
    1659394800000,
    2.953
  ],
  [
    1659481200000,
    3.679
  ],
  [
    1659567600000,
    2.918
  ],
  [
    1659654000000,
    2.452
  ],
  [
    1659826800000,
    2.427
  ],
  [
    1659913200000,
    2.549
  ],
  [
    1659999600000,
    2.44
  ],
  [
    1660172400000,
    2.603
  ],
  [
    1660345200000,
    2.22
  ],
  [
    1660431600000,
    2.361
  ],
  [
    1660518000000,
    2.801
  ],
  [
    1660690800000,
    2.474
  ],
  [
    1660777200000,
    6.99
  ],
  [
    1660950000000,
    2.45
  ],
  [
    1661036400000,
    2.91
  ],
  [
    1661122800000,
    3.02
  ],
  [
    1661209200000,
    3.728
  ],
  [
    1661382000000,
    3.375
  ],
  [
    1661468400000,
    2.862
  ],
  [
    1661554800000,
    2.783
  ],
  [
    1661641200000,
    3.302
  ],
  [
    1661814000000,
    2.991
  ],
  [
    1661900400000,
    2.615
  ],
  [
    1661986800000,
    3.3
  ],
  [
    1662073200000,
    2.714
  ],
  [
    1662246000000,
    2.987
  ],
  [
    1662332400000,
    3.445
  ],
  [
    1662678000000,
    3.17
  ],
  [
    1662764400000,
    3.194
  ],
  [
    1663196400000,
    3.096
  ],
  [
    1663369200000,
    3.243
  ],
  [
    1663542000000,
    3.262
  ],
  [
    1663628400000,
    3.736
  ],
  [
    1663714800000,
    2.694
  ],
  [
    1664060400000,
    3.253
  ],
  [
    1664146800000,
    3.42
  ],
  [
    1664233200000,
    3.303
  ],
  [
    1664751600000,
    2.744
  ],
  [
    1664838000000,
    2.459
  ],
  [
    1665010800000,
    2.624
  ],
  [
    1665097200000,
    2.776
  ],
  [
    1665270000000,
    3.577
  ],
  [
    1665356400000,
    2.669
  ],
  [
    1665442800000,
    2.903
  ],
  [
    1665529200000,
    3.004
  ],
  [
    1665702000000,
    3.081
  ],
  [
    1665874800000,
    3.036
  ],
  [
    1665961200000,
    2.997
  ],
  [
    1666047600000,
    3.58
  ],
  [
    1666134000000,
    2.815
  ],
  [
    1666220400000,
    3.281
  ],
  [
    1666306800000,
    3.473
  ],
  [
    1666479600000,
    2.73
  ],
  [
    1666566000000,
    2.72
  ],
  [
    1666652400000,
    3.074
  ],
  [
    1666738800000,
    3.269
  ],
  [
    1666825200000,
    4.091
  ],
  [
    1666998000000,
    3.252
  ],
  [
    1667084400000,
    2.726
  ],
  [
    1667260800000,
    2.73
  ],
  [
    1667347200000,
    2.94
  ],
  [
    1667606400000,
    3.184
  ],
  [
    1667692800000,
    3.185
  ],
  [
    1667952000000,
    3.482
  ],
  [
    1668038400000,
    2.841
  ],
  [
    1668124800000,
    3.063
  ],
  [
    1668211200000,
    3.311
  ],
  [
    1668297600000,
    2.78
  ],
  [
    1668384000000,
    3.309
  ],
  [
    1668470400000,
    2.646
  ],
  [
    1668556800000,
    3.324
  ],
  [
    1668643200000,
    3.329
  ],
  [
    1668729600000,
    2.585
  ],
  [
    1668816000000,
    2.71
  ],
  [
    1668902400000,
    2.705
  ],
  [
    1668988800000,
    3.063
  ],
  [
    1669334400000,
    2.97
  ],
  [
    1669420800000,
    3.242
  ],
  [
    1669593600000,
    2.867
  ],
  [
    1669680000000,
    2.6
  ],
  [
    1669852800000,
    2.73
  ],
  [
    1669939200000,
    3.25
  ],
  [
    1670112000000,
    3.017
  ],
  [
    1670284800000,
    2.578
  ],
  [
    1670371200000,
    2.832
  ],
  [
    1670544000000,
    2.748
  ],
  [
    1670630400000,
    2.881
  ],
  [
    1670889600000,
    2.809
  ],
  [
    1670976000000,
    3.388
  ],
  [
    1671235200000,
    2.14
  ],
  [
    1671321600000,
    3.114
  ],
  [
    1671580800000,
    3.145
  ],
  [
    1671667200000,
    3.422
  ],
  [
    1671753600000,
    3.076
  ],
  [
    1671926400000,
    3.795
  ],
  [
    1672012800000,
    2.9
  ],
  [
    1672099200000,
    3.42
  ],
  [
    1672358400000,
    3.27
  ],
  [
    1672444800000,
    3.27
  ],
  [
    1672617600000,
    3.313
  ],
  [
    1672790400000,
    2.895
  ],
  [
    1672876800000,
    3.104
  ],
  [
    1672963200000,
    2.993
  ],
  [
    1673049600000,
    3.081
  ],
  [
    1673222400000,
    3.078
  ],
  [
    1673308800000,
    2.91
  ],
  [
    1673395200000,
    3.231
  ],
  [
    1673568000000,
    3.303
  ],
  [
    1673740800000,
    2.73
  ],
  [
    1673827200000,
    3.065
  ],
  [
    1673913600000,
    3.218
  ],
  [
    1674086400000,
    2.78
  ],
  [
    1674345600000,
    2.55
  ],
  [
    1674432000000,
    3.05
  ],
  [
    1674518400000,
    3.27
  ],
  [
    1674604800000,
    3.265
  ],
  [
    1674691200000,
    2.808
  ],
  [
    1674777600000,
    3.182
  ],
  [
    1675036800000,
    3.502
  ],
  [
    1675123200000,
    2.73
  ],
  [
    1675209600000,
    2.73
  ],
  [
    1675382400000,
    3.105
  ],
  [
    1675468800000,
    3.184
  ],
  [
    1675641600000,
    3.154
  ],
  [
    1675814400000,
    3.102
  ],
  [
    1675900800000,
    3.463
  ],
  [
    1676160000000,
    3.05
  ],
  [
    1676332800000,
    4.002
  ],
  [
    1676419200000,
    4.09
  ],
  [
    1676505600000,
    5.129
  ],
  [
    1676592000000,
    4.017
  ],
  [
    1676851200000,
    4.063
  ],
  [
    1676937600000,
    3.875
  ],
  [
    1677024000000,
    3.68
  ],
  [
    1677110400000,
    3.722
  ],
  [
    1677369600000,
    3.529
  ],
  [
    1677628800000,
    3.304
  ],
  [
    1677715200000,
    4.17
  ],
  [
    1677888000000,
    3.866
  ],
  [
    1677974400000,
    3.881
  ],
  [
    1678147200000,
    1
  ],
  [
    1678233600000,
    3.51
  ],
  [
    1678320000000,
    4.093
  ],
  [
    1678492800000,
    4.163
  ],
  [
    1678579200000,
    4.627
  ],
  [
    1678665600000,
    4.44
  ],
  [
    1678752000000,
    4.279
  ],
  [
    1679011200000,
    3.59
  ],
  [
    1679184000000,
    5.32
  ],
  [
    1679270400000,
    4.661
  ],
  [
    1679356800000,
    3.907
  ],
  [
    1679443200000,
    4.703
  ],
  [
    1679529600000,
    5.19
  ],
  [
    1679616000000,
    4.793
  ],
  [
    1679702400000,
    5.012
  ],
  [
    1679788800000,
    4.823
  ],
  [
    1679871600000,
    5.161
  ],
  [
    1679958000000,
    5.154
  ],
  [
    1680044400000,
    8.348
  ],
  [
    1680130800000,
    4.679
  ],
  [
    1680217200000,
    4.186
  ],
  [
    1680303600000,
    4.948
  ],
  [
    1680390000000,
    4.98
  ],
  [
    1680562800000,
    4.355
  ],
  [
    1680735600000,
    4.53
  ],
  [
    1680822000000,
    4.53
  ],
  [
    1680908400000,
    4.633
  ],
  [
    1680994800000,
    4.446
  ],
  [
    1681081200000,
    4.695
  ],
  [
    1681167600000,
    4.61
  ],
  [
    1681340400000,
    4.592
  ],
  [
    1681426800000,
    4.791
  ],
  [
    1681599600000,
    4.11
  ],
  [
    1681686000000,
    5.561
  ],
  [
    1681858800000,
    5.283
  ],
  [
    1681945200000,
    4.908
  ],
  [
    1682031600000,
    5.106
  ],
  [
    1682118000000,
    5.393
  ],
  [
    1682377200000,
    4.69
  ],
  [
    1682463600000,
    5.022
  ],
  [
    1682636400000,
    4.637
  ],
  [
    1682895600000,
    4.951
  ],
  [
    1682982000000,
    4.705
  ],
  [
    1683068400000,
    8.571
  ],
  [
    1683154800000,
    6.023
  ],
  [
    1683241200000,
    4.961
  ],
  [
    1683327600000,
    5.093
  ],
  [
    1683673200000,
    5.09
  ],
  [
    1683759600000,
    5.063
  ],
  [
    1683932400000,
    5.37
  ],
  [
    1684105200000,
    5.427
  ],
  [
    1684364400000,
    5.402
  ],
  [
    1684796400000,
    4.215
  ],
  [
    1684882800000,
    3.762
  ],
  [
    1684969200000,
    5.212
  ],
  [
    1685055600000,
    4.11
  ],
  [
    1685228400000,
    4.934
  ],
  [
    1685314800000,
    4.15
  ],
  [
    1685401200000,
    4.729
  ],
  [
    1685487600000,
    4.279
  ],
  [
    1685660400000,
    4.702
  ],
  [
    1685919600000,
    4.492
  ],
  [
    1686351600000,
    4.44
  ],
  [
    1686438000000,
    3.875
  ],
  [
    1686524400000,
    4.425
  ],
  [
    1686870000000,
    4.52
  ],
  [
    1686956400000,
    4.618
  ],
  [
    1687042800000,
    5.975
  ],
  [
    1687129200000,
    5.03
  ],
  [
    1687215600000,
    5.014
  ],
  [
    1687388400000,
    4.64
  ],
  [
    1687474800000,
    5.54
  ],
  [
    1687561200000,
    5.56
  ],
  [
    1687647600000,
    5.772
  ],
  [
    1687734000000,
    5.923
  ],
  [
    1687820400000,
    6.218
  ],
  [
    1687993200000,
    7.127
  ],
  [
    1688079600000,
    7.315
  ],
  [
    1688166000000,
    9.115
  ],
  [
    1688511600000,
    7.765
  ],
  [
    1688598000000,
    8.261
  ],
  [
    1688684400000,
    7.89
  ],
  [
    1688770800000,
    9.056
  ],
  [
    1689030000000,
    9.04
  ],
  [
    1689202800000,
    8.62
  ],
  [
    1689289200000,
    9.811
  ],
  [
    1689462000000,
    61.035
  ],
  [
    1689634800000,
    11.277
  ],
  [
    1689721200000,
    14.531
  ],
  [
    1689807600000,
    13.74
  ],
  [
    1689894000000,
    15.443
  ],
  [
    1689980400000,
    14.527
  ],
  [
    1690066800000,
    27.817
  ],
  [
    1690153200000,
    18.25
  ],
  [
    1690326000000,
    22.692
  ],
  [
    1690412400000,
    23.993
  ],
  [
    1690498800000,
    23.61
  ],
  [
    1690671600000,
    29.16
  ],
  [
    1690758000000,
    31.913
  ],
  [
    1690844400000,
    32.79
  ],
  [
    1690930800000,
    35.88
  ],
  [
    1691017200000,
    38.805
  ],
  [
    1691103600000,
    21.746
  ],
  [
    1691190000000,
    28.8
  ],
  [
    1691362800000,
    25.55
  ],
  [
    1691449200000,
    17.948
  ],
  [
    1691535600000,
    20.525
  ],
  [
    1691622000000,
    23.61
  ],
  [
    1691708400000,
    23.252
  ],
  [
    1691794800000,
    22.233
  ],
  [
    1691881200000,
    21.815
  ],
  [
    1691967600000,
    22.068
  ],
  [
    1692313200000,
    22.19
  ],
  [
    1692399600000,
    21.895
  ],
  [
    1692486000000,
    21.862
  ],
  [
    1692658800000,
    13.97
  ],
  [
    1692918000000,
    21.77
  ],
  [
    1693090800000,
    21.74
  ],
  [
    1693522800000,
    21.433
  ],
  [
    1693868400000,
    16.537
  ],
  [
    1693954800000,
    17.298
  ],
  [
    1694041200000,
    18.9
  ],
  [
    1694127600000,
    17.09
  ],
  [
    1694214000000,
    16.76
  ],
  [
    1694473200000,
    18.433
  ],
  [
    1694559600000,
    20.017
  ],
  [
    1694732400000,
    18.98
  ],
  [
    1694818800000,
    15.99
  ],
  [
    1695078000000,
    19.06
  ],
  [
    1695164400000,
    19.05
  ],
  [
    1695250800000,
    18.78
  ],
  [
    1695337200000,
    19.02
  ],
  [
    1695423600000,
    18.93
  ],
  [
    1695596400000,
    19.655
  ],
  [
    1695682800000,
    17.124
  ],
  [
    1695855600000,
    20.003
  ],
  [
    1695942000000,
    20.5
  ],
  [
    1696028400000,
    21.17
  ],
  [
    1696114800000,
    21.17
  ],
  [
    1696287600000,
    21.04
  ],
  [
    1696374000000,
    17.593
  ],
  [
    1696546800000,
    18.655
  ],
  [
    1696719600000,
    20.314
  ],
  [
    1696806000000,
    21.377
  ],
  [
    1696892400000,
    21.132
  ],
  [
    1696978800000,
    21.891
  ],
  [
    1697151600000,
    22.135
  ],
  [
    1697410800000,
    21.76
  ],
  [
    1697756400000,
    24.233
  ],
  [
    1698102000000,
    23.913
  ],
  [
    1698188400000,
    22.5
  ],
  [
    1698361200000,
    21.21
  ],
  [
    1698447600000,
    21.25
  ],
  [
    1698624000000,
    21.54
  ],
  [
    1698883200000,
    23.46
  ],
  [
    1699056000000,
    23.417
  ],
  [
    1699574400000,
    20.79
  ],
  [
    1699920000000,
    20.47
  ],
  [
    1700006400000,
    19.999
  ],
  [
    1700438400000,
    27.18
  ],
  [
    1700524800000,
    21.5
  ],
  [
    1700611200000,
    25.035
  ],
  [
    1700870400000,
    20.6
  ],
  [
    1700956800000,
    21.978
  ],
  [
    1701388800000,
    20.74
  ],
  [
    1701561600000,
    33.129
  ],
  [
    1701648000000,
    90.077
  ],
  [
    1701734400000,
    89.385
  ],
  [
    1701907200000,
    92.089
  ],
  [
    1702080000000,
    71.327
  ],
  [
    1702166400000,
    71.9
  ],
  [
    1702252800000,
    60.275
  ],
  [
    1702339200000,
    62.51
  ],
  [
    1702425600000,
    57.42
  ],
  [
    1702512000000,
    73.94
  ],
  [
    1702771200000,
    67.92
  ],
  [
    1702944000000,
    83.8
  ],
  [
    1703030400000,
    66.47
  ],
  [
    1703116800000,
    69.62
  ],
  [
    1703376000000,
    70.463
  ],
  [
    1703548800000,
    75.267
  ],
  [
    1703894400000,
    81.666
  ],
  [
    1703980800000,
    114.114
  ],
  [
    1704067200000,
    74.07
  ],
  [
    1704153600000,
    78.112
  ],
  [
    1704240000000,
    76.925
  ],
  [
    1704326400000,
    69.801
  ],
  [
    1704412800000,
    56.259
  ],
  [
    1704499200000,
    55.297
  ],
  [
    1704585600000,
    49.024
  ],
  [
    1704672000000,
    63.566
  ],
  [
    1704758400000,
    77.104
  ],
  [
    1704844800000,
    60.246
  ],
  [
    1704931200000,
    62.976
  ],
  [
    1705017600000,
    69.147
  ],
  [
    1705104000000,
    53.699
  ],
  [
    1705190400000,
    54.229
  ],
  [
    1705276800000,
    58.483
  ],
  [
    1705363200000,
    59.51
  ],
  [
    1705449600000,
    66.434
  ],
  [
    1705536000000,
    64.002
  ],
  [
    1705622400000,
    60.805
  ],
  [
    1705708800000,
    56.171
  ],
  [
    1705795200000,
    52.885
  ],
  [
    1705881600000,
    58.875
  ],
  [
    1705968000000,
    48.87
  ],
  [
    1706054400000,
    47.895
  ],
  [
    1706140800000,
    37.555
  ],
  [
    1706227200000,
    30.757
  ],
  [
    1706400000000,
    24.075
  ],
  [
    1706486400000,
    21.85
  ],
  [
    1706572800000,
    21.468
  ],
  [
    1706659200000,
    20.794
  ],
  [
    1706745600000,
    21.098
  ],
  [
    1706832000000,
    20.621
  ],
  [
    1706918400000,
    20.01
  ],
  [
    1707004800000,
    19.37
  ],
  [
    1707091200000,
    17.742
  ],
  [
    1707177600000,
    16.698
  ],
  [
    1707350400000,
    14.482
  ],
  [
    1707436800000,
    12.742
  ],
  [
    1707523200000,
    12.425
  ],
  [
    1707609600000,
    12.216
  ],
  [
    1707696000000,
    11.972
  ],
  [
    1707782400000,
    12.543
  ],
  [
    1707868800000,
    13.046
  ],
  [
    1707955200000,
    12.643
  ],
  [
    1708041600000,
    12.635
  ],
  [
    1708214400000,
    12.85
  ],
  [
    1708300800000,
    12.806
  ],
  [
    1708387200000,
    12.458
  ],
  [
    1708473600000,
    11.821
  ],
  [
    1708560000000,
    11.273
  ],
  [
    1708646400000,
    10.888
  ],
  [
    1708732800000,
    11.704
  ],
  [
    1708819200000,
    12.37
  ],
  [
    1708905600000,
    10
  ],
  [
    1708992000000,
    10.597
  ],
  [
    1709078400000,
    10.918
  ],
  [
    1709251200000,
    10.375
  ],
  [
    1709337600000,
    10.583
  ],
  [
    1709424000000,
    11.296
  ],
  [
    1709510400000,
    10.32
  ],
  [
    1709856000000,
    10.35
  ],
  [
    1709942400000,
    9.6
  ],
  [
    1710115200000,
    9.239
  ],
  [
    1710201600000,
    9.392
  ],
  [
    1710288000000,
    9.2
  ],
  [
    1710374400000,
    8.36
  ],
  [
    1710547200000,
    8.326
  ],
  [
    1710633600000,
    8.335
  ],
  [
    1710720000000,
    8.314
  ],
  [
    1710806400000,
    7.933
  ],
  [
    1710979200000,
    7.705
  ],
  [
    1711065600000,
    7.54
  ],
  [
    1711238400000,
    7.236
  ],
  [
    1711324800000,
    6.805
  ],
  [
    1711411200000,
    7.155
  ],
  [
    1711497600000,
    7.719
  ],
  [
    1711584000000,
    7.369
  ],
  [
    1711670400000,
    7.215
  ],
  [
    1711756800000,
    6.23
  ],
  [
    1711843200000,
    6.25
  ],
  [
    1711926000000,
    6.389
  ],
  [
    1712012400000,
    6.18
  ],
  [
    1712098800000,
    6.105
  ],
  [
    1712185200000,
    6
  ],
  [
    1712358000000,
    6.072
  ],
  [
    1712530800000,
    5.66
  ],
  [
    1712617200000,
    7.059
  ],
  [
    1712703600000,
    6.214
  ],
  [
    1712790000000,
    6.102
  ],
  [
    1712876400000,
    6.241
  ],
  [
    1712962800000,
    6.178
  ],
  [
    1713049200000,
    5.757
  ],
  [
    1713135600000,
    6.07
  ],
  [
    1713222000000,
    5.955
  ],
  [
    1713308400000,
    5.843
  ],
  [
    1713394800000,
    5.764
  ],
  [
    1713481200000,
    5.565
  ],
  [
    1713567600000,
    5.646
  ],
  [
    1713654000000,
    6.073
  ],
  [
    1713740400000,
    5.998
  ],
  [
    1713826800000,
    5.89
  ],
  [
    1713913200000,
    5.54
  ],
  [
    1713999600000,
    5.802
  ],
  [
    1714086000000,
    6.209
  ],
  [
    1714172400000,
    6.617
  ],
  [
    1714431600000,
    5.994
  ],
  [
    1714518000000,
    6.044
  ],
  [
    1714604400000,
    5.89
  ],
  [
    1714777200000,
    6.061
  ],
  [
    1714863600000,
    6.052
  ],
  [
    1714950000000,
    6.113
  ],
  [
    1715036400000,
    6.65
  ],
  [
    1715122800000,
    6.273
  ],
  [
    1715209200000,
    6.622
  ],
  [
    1715295600000,
    6.531
  ],
  [
    1715382000000,
    6.526
  ],
  [
    1715468400000,
    6.217
  ],
  [
    1715641200000,
    6.25
  ],
  [
    1715727600000,
    6.365
  ],
  [
    1715814000000,
    6.624
  ],
  [
    1715900400000,
    5.425
  ],
  [
    1715986800000,
    6.527
  ],
  [
    1716073200000,
    6.441
  ],
  [
    1716246000000,
    7.279
  ],
  [
    1716332400000,
    7.31
  ],
  [
    1716631200000,
    5.711
  ],
  [
    1716670800000,
    7.3
  ],
  [
    1716732000000,
    5.92
  ],
  [
    1716764400000,
    7.33
  ],
  [
    1716890400000,
    6.832
  ],
  [
    1716919200000,
    6.275
  ],
  [
    1716973200000,
    5.7
  ],
  [
    1716976800000,
    6.83
  ],
  [
    1717052400000,
    6.424
  ],
  [
    1717059600000,
    17.441
  ],
  [
    1717138800000,
    6.58
  ],
  [
    1717149600000,
    6.57
  ],
  [
    1717214400000,
    6.7
  ],
  [
    1717272000000,
    7.125
  ],
  [
    1717282800000,
    7.335
  ],
  [
    1717293600000,
    7.463
  ],
  [
    1717297200000,
    7.425
  ],
  [
    1717311600000,
    7.21
  ],
  [
    1717333200000,
    9.106
  ],
  [
    1717394400000,
    6.94
  ],
  [
    1717398000000,
    6.92
  ],
  [
    1717484400000,
    7.14
  ],
  [
    1717599600000,
    8.436
  ],
  [
    1717657200000,
    7.31
  ],
  [
    1717768800000,
    7.53
  ],
  [
    1717783200000,
    7.635
  ],
  [
    1717786800000,
    7.63
  ],
  [
    1717801200000,
    7.64
  ],
  [
    1717804800000,
    7.52
  ],
  [
    1717826400000,
    7.29
  ],
  [
    1717830000000,
    7.29
  ],
  [
    1717848000000,
    7.27
  ],
  [
    1717858800000,
    7.36
  ],
  [
    1717873200000,
    7.29
  ],
  [
    1717905600000,
    7.29
  ],
  [
    1717984800000,
    7.28
  ],
  [
    1717992000000,
    7.28
  ],
  [
    1717995600000,
    7.28
  ],
  [
    1717999200000,
    7.28
  ],
  [
    1718110800000,
    6.9
  ],
  [
    1718269200000,
    7.071
  ],
  [
    1718359200000,
    6.992
  ],
  [
    1718366400000,
    6.13
  ],
  [
    1718388000000,
    6.803
  ],
  [
    1718596800000,
    6.78
  ],
  [
    1718690400000,
    6.3
  ],
  [
    1718798400000,
    6.3
  ],
  [
    1718805600000,
    6.67
  ],
  [
    1718809200000,
    6.3
  ],
  [
    1718881200000,
    6.242
  ],
  [
    1718888400000,
    5.886
  ],
  [
    1718910000000,
    6.676
  ],
  [
    1718913600000,
    6.606
  ],
  [
    1718996400000,
    6.513
  ]
]