[
  [
    1574121600000,
    1.186
  ],
  [
    1574208000000,
    1.257
  ],
  [
    1574294400000,
    1.32
  ],
  [
    1574380800000,
    1.409
  ],
  [
    1574467200000,
    1.333
  ],
  [
    1574553600000,
    1.168
  ],
  [
    1574640000000,
    1.198
  ],
  [
    1574726400000,
    1.294
  ],
  [
    1574812800000,
    1.234
  ],
  [
    1574899200000,
    1.214
  ],
  [
    1574985600000,
    1.279
  ],
  [
    1575072000000,
    1.363
  ],
  [
    1575158400000,
    1.352
  ],
  [
    1575244800000,
    1.27
  ],
  [
    1575331200000,
    1.397
  ],
  [
    1575417600000,
    1.167
  ],
  [
    1575504000000,
    1.12
  ],
  [
    1575590400000,
    1.075
  ],
  [
    1575676800000,
    1.055
  ],
  [
    1575763200000,
    1.116
  ],
  [
    1575849600000,
    1.094
  ],
  [
    1575936000000,
    1.092
  ],
  [
    1576022400000,
    1.101
  ],
  [
    1576108800000,
    1.104
  ],
  [
    1576195200000,
    1.07
  ],
  [
    1576281600000,
    1.06
  ],
  [
    1576368000000,
    1.084
  ],
  [
    1576454400000,
    1.095
  ],
  [
    1576540800000,
    1.118
  ],
  [
    1576627200000,
    0.998
  ],
  [
    1576713600000,
    1.016
  ],
  [
    1576800000000,
    0.984
  ],
  [
    1576886400000,
    0.943
  ],
  [
    1576972800000,
    0.982
  ],
  [
    1577059200000,
    1.03
  ],
  [
    1577145600000,
    1
  ],
  [
    1577232000000,
    1.025
  ],
  [
    1577318400000,
    1.058
  ],
  [
    1577404800000,
    1.109
  ],
  [
    1577491200000,
    1.159
  ],
  [
    1577577600000,
    1.126
  ],
  [
    1577664000000,
    1.133
  ],
  [
    1577750400000,
    1.111
  ],
  [
    1577836800000,
    0.964
  ],
  [
    1577923200000,
    0.984
  ],
  [
    1578009600000,
    1.011
  ],
  [
    1578096000000,
    1.012
  ],
  [
    1578182400000,
    1.033
  ],
  [
    1578268800000,
    1.051
  ],
  [
    1578355200000,
    1.028
  ],
  [
    1578441600000,
    1.014
  ],
  [
    1578528000000,
    1.058
  ],
  [
    1578614400000,
    1.043
  ],
  [
    1578700800000,
    1.071
  ],
  [
    1578787200000,
    1.021
  ],
  [
    1578873600000,
    1.079
  ],
  [
    1578960000000,
    1.092
  ],
  [
    1579046400000,
    1.011
  ],
  [
    1579132800000,
    1.027
  ],
  [
    1579219200000,
    1.064
  ],
  [
    1579305600000,
    1.046
  ],
  [
    1579392000000,
    1.047
  ],
  [
    1579478400000,
    1.03
  ],
  [
    1579564800000,
    1.034
  ],
  [
    1579651200000,
    1.033
  ],
  [
    1579737600000,
    0.998
  ],
  [
    1579824000000,
    1.028
  ],
  [
    1579910400000,
    0.974
  ],
  [
    1579996800000,
    1.014
  ],
  [
    1580083200000,
    0.98
  ],
  [
    1580169600000,
    1.004
  ],
  [
    1580256000000,
    1.081
  ],
  [
    1580342400000,
    1.023
  ],
  [
    1580428800000,
    1.053
  ],
  [
    1580515200000,
    1.056
  ],
  [
    1580601600000,
    1.076
  ],
  [
    1580688000000,
    1.154
  ],
  [
    1580774400000,
    1.386
  ],
  [
    1580860800000,
    1.373
  ],
  [
    1580947200000,
    1.285
  ],
  [
    1581033600000,
    1.222
  ],
  [
    1581120000000,
    1.155
  ],
  [
    1581206400000,
    1.129
  ],
  [
    1581292800000,
    1.129
  ],
  [
    1581379200000,
    1.115
  ],
  [
    1581465600000,
    1.112
  ],
  [
    1581552000000,
    1.204
  ],
  [
    1581638400000,
    1.133
  ],
  [
    1581724800000,
    1.145
  ],
  [
    1581811200000,
    1.162
  ],
  [
    1581897600000,
    1.131
  ],
  [
    1581984000000,
    1.104
  ],
  [
    1582070400000,
    1.017
  ],
  [
    1582156800000,
    1.009
  ],
  [
    1582243200000,
    1.011
  ],
  [
    1582329600000,
    1.016
  ],
  [
    1582416000000,
    1.053
  ],
  [
    1582502400000,
    1.088
  ],
  [
    1582588800000,
    1.029
  ],
  [
    1582675200000,
    1.053
  ],
  [
    1582761600000,
    1.051
  ],
  [
    1582848000000,
    1.041
  ],
  [
    1582934400000,
    1.041
  ],
  [
    1583020800000,
    1.04
  ],
  [
    1583107200000,
    1.03
  ],
  [
    1583193600000,
    1.031
  ],
  [
    1583280000000,
    1
  ],
  [
    1583366400000,
    1.019
  ],
  [
    1583452800000,
    0.966
  ],
  [
    1583539200000,
    0.945
  ],
  [
    1583625600000,
    0.973
  ],
  [
    1583712000000,
    0.926
  ],
  [
    1583798400000,
    0.935
  ],
  [
    1583884800000,
    0.92
  ],
  [
    1583971200000,
    0.955
  ],
  [
    1584057600000,
    0.946
  ],
  [
    1584144000000,
    0.91
  ],
  [
    1584230400000,
    0.905
  ],
  [
    1584316800000,
    0.885
  ],
  [
    1584403200000,
    0.88
  ],
  [
    1584489600000,
    0.898
  ],
  [
    1584576000000,
    0.863
  ],
  [
    1584662400000,
    0.848
  ],
  [
    1584748800000,
    0.899
  ],
  [
    1584835200000,
    0.834
  ],
  [
    1584921600000,
    0.946
  ],
  [
    1585008000000,
    0.875
  ],
  [
    1585094400000,
    0.855
  ],
  [
    1585180800000,
    0.883
  ],
  [
    1585267200000,
    0.951
  ],
  [
    1585353600000,
    0.942
  ],
  [
    1585440000000,
    1.203
  ],
  [
    1585522800000,
    1.206
  ],
  [
    1585609200000,
    0.981
  ],
  [
    1585695600000,
    0.984
  ],
  [
    1585782000000,
    0.966
  ],
  [
    1585868400000,
    0.935
  ],
  [
    1585954800000,
    0.956
  ],
  [
    1586041200000,
    0.92
  ],
  [
    1586127600000,
    0.935
  ],
  [
    1586214000000,
    0.934
  ],
  [
    1586300400000,
    0.928
  ],
  [
    1586386800000,
    0.957
  ],
  [
    1586473200000,
    0.949
  ],
  [
    1586559600000,
    0.886
  ],
  [
    1586646000000,
    0.893
  ],
  [
    1586732400000,
    0.913
  ],
  [
    1586818800000,
    0.921
  ],
  [
    1586905200000,
    0.923
  ],
  [
    1586991600000,
    0.942
  ],
  [
    1587078000000,
    0.942
  ],
  [
    1587164400000,
    0.949
  ],
  [
    1587250800000,
    0.956
  ],
  [
    1587337200000,
    1.04
  ],
  [
    1587423600000,
    0.975
  ],
  [
    1587510000000,
    0.98
  ],
  [
    1587596400000,
    0.942
  ],
  [
    1587682800000,
    0.978
  ],
  [
    1587769200000,
    1.016
  ],
  [
    1587855600000,
    1.012
  ],
  [
    1587942000000,
    0.982
  ],
  [
    1588028400000,
    0.978
  ],
  [
    1588114800000,
    0.985
  ],
  [
    1588201200000,
    1.011
  ],
  [
    1588287600000,
    0.976
  ],
  [
    1588374000000,
    1.016
  ],
  [
    1588460400000,
    1.038
  ],
  [
    1588546800000,
    1.043
  ],
  [
    1588633200000,
    1.102
  ],
  [
    1588719600000,
    1.082
  ],
  [
    1588806000000,
    1.114
  ],
  [
    1588892400000,
    1.112
  ],
  [
    1588978800000,
    1.095
  ],
  [
    1589065200000,
    1.101
  ],
  [
    1589151600000,
    1.153
  ],
  [
    1589238000000,
    1.192
  ],
  [
    1589324400000,
    1.188
  ],
  [
    1589410800000,
    1.245
  ],
  [
    1589497200000,
    1.2
  ],
  [
    1589583600000,
    1.224
  ],
  [
    1589670000000,
    1.203
  ],
  [
    1589756400000,
    1.218
  ],
  [
    1589842800000,
    1.249
  ],
  [
    1589929200000,
    1.322
  ],
  [
    1590015600000,
    1.389
  ],
  [
    1590102000000,
    1.39
  ],
  [
    1590188400000,
    1.379
  ],
  [
    1590274800000,
    1.376
  ],
  [
    1590361200000,
    1.238
  ],
  [
    1590447600000,
    1.178
  ],
  [
    1590534000000,
    1.189
  ],
  [
    1590620400000,
    1.185
  ],
  [
    1590706800000,
    1.317
  ],
  [
    1590793200000,
    1.32
  ],
  [
    1590879600000,
    1.322
  ],
  [
    1590966000000,
    1.288
  ],
  [
    1591052400000,
    1.315
  ],
  [
    1591138800000,
    1.306
  ],
  [
    1591225200000,
    1.295
  ],
  [
    1591311600000,
    1.314
  ],
  [
    1591398000000,
    1.316
  ],
  [
    1591484400000,
    1.302
  ],
  [
    1591570800000,
    1.297
  ],
  [
    1591657200000,
    1.283
  ],
  [
    1591743600000,
    1.262
  ],
  [
    1591830000000,
    1.26
  ],
  [
    1591916400000,
    1.2
  ],
  [
    1592002800000,
    1.218
  ],
  [
    1592089200000,
    1.198
  ],
  [
    1592175600000,
    1.212
  ],
  [
    1592262000000,
    1.201
  ],
  [
    1592348400000,
    1.167
  ],
  [
    1592434800000,
    1.221
  ],
  [
    1592521200000,
    1.164
  ],
  [
    1592607600000,
    1.187
  ],
  [
    1592694000000,
    1.16
  ],
  [
    1592780400000,
    1.164
  ],
  [
    1592866800000,
    1.161
  ],
  [
    1592953200000,
    1.169
  ],
  [
    1593039600000,
    1.075
  ],
  [
    1593126000000,
    1.03
  ],
  [
    1593212400000,
    1.028
  ],
  [
    1593298800000,
    1.062
  ],
  [
    1593385200000,
    1.087
  ],
  [
    1593471600000,
    1.075
  ],
  [
    1593558000000,
    1.101
  ],
  [
    1593644400000,
    1.15
  ],
  [
    1593730800000,
    1.149
  ],
  [
    1593817200000,
    1.093
  ],
  [
    1593903600000,
    1.131
  ],
  [
    1593990000000,
    1.135
  ],
  [
    1594076400000,
    1.141
  ],
  [
    1594162800000,
    1.128
  ],
  [
    1594249200000,
    1.162
  ],
  [
    1594335600000,
    1.214
  ],
  [
    1594422000000,
    1.223
  ],
  [
    1594508400000,
    1.236
  ],
  [
    1594594800000,
    1.264
  ],
  [
    1594681200000,
    1.283
  ],
  [
    1594767600000,
    1.266
  ],
  [
    1594854000000,
    1.261
  ],
  [
    1594940400000,
    1.277
  ],
  [
    1595026800000,
    1.322
  ],
  [
    1595113200000,
    1.344
  ],
  [
    1595199600000,
    1.281
  ],
  [
    1595286000000,
    1.279
  ],
  [
    1595372400000,
    1.264
  ],
  [
    1595458800000,
    1.267
  ],
  [
    1595545200000,
    1.277
  ],
  [
    1595631600000,
    1.275
  ],
  [
    1595718000000,
    1.303
  ],
  [
    1595804400000,
    1.351
  ],
  [
    1595890800000,
    1.37
  ],
  [
    1595977200000,
    1.381
  ],
  [
    1596063600000,
    1.395
  ],
  [
    1596150000000,
    1.438
  ],
  [
    1596236400000,
    1.431
  ],
  [
    1596322800000,
    1.437
  ],
  [
    1596409200000,
    1.426
  ],
  [
    1596495600000,
    1.411
  ],
  [
    1596582000000,
    1.397
  ],
  [
    1596668400000,
    1.363
  ],
  [
    1596754800000,
    1.391
  ],
  [
    1596841200000,
    1.416
  ],
  [
    1596927600000,
    1.386
  ],
  [
    1597014000000,
    1.379
  ],
  [
    1597100400000,
    1.408
  ],
  [
    1597186800000,
    1.382
  ],
  [
    1597273200000,
    1.393
  ],
  [
    1597359600000,
    1.384
  ],
  [
    1597446000000,
    1.388
  ],
  [
    1597532400000,
    1.394
  ],
  [
    1597618800000,
    1.384
  ],
  [
    1597705200000,
    1.387
  ],
  [
    1597791600000,
    1.385
  ],
  [
    1597878000000,
    1.387
  ],
  [
    1597964400000,
    1.405
  ],
  [
    1598050800000,
    1.399
  ],
  [
    1598137200000,
    1.414
  ],
  [
    1598223600000,
    1.409
  ],
  [
    1598310000000,
    1.413
  ],
  [
    1598396400000,
    1.414
  ],
  [
    1598482800000,
    1.441
  ],
  [
    1598569200000,
    1.417
  ],
  [
    1598655600000,
    1.419
  ],
  [
    1598742000000,
    1.415
  ],
  [
    1598828400000,
    1.406
  ],
  [
    1598914800000,
    1.393
  ],
  [
    1599001200000,
    1.441
  ],
  [
    1599087600000,
    1.366
  ],
  [
    1599174000000,
    1.424
  ],
  [
    1599260400000,
    1.393
  ],
  [
    1599346800000,
    1.401
  ],
  [
    1599433200000,
    1.407
  ],
  [
    1599519600000,
    1.39
  ],
  [
    1599606000000,
    1.427
  ],
  [
    1599692400000,
    1.412
  ],
  [
    1599778800000,
    1.395
  ],
  [
    1599865200000,
    1.395
  ],
  [
    1599951600000,
    1.394
  ],
  [
    1600038000000,
    1.359
  ],
  [
    1600124400000,
    1.726
  ],
  [
    1600210800000,
    1.408
  ],
  [
    1600297200000,
    1.404
  ],
  [
    1600383600000,
    1.396
  ],
  [
    1600470000000,
    1.374
  ],
  [
    1600556400000,
    1.368
  ],
  [
    1600642800000,
    1.5
  ],
  [
    1600729200000,
    1.385
  ],
  [
    1600815600000,
    1.448
  ],
  [
    1600902000000,
    1.37
  ],
  [
    1600988400000,
    1.346
  ],
  [
    1601074800000,
    1.331
  ],
  [
    1601161200000,
    1.343
  ],
  [
    1601247600000,
    1.363
  ],
  [
    1601334000000,
    1.355
  ],
  [
    1601420400000,
    1.373
  ],
  [
    1601506800000,
    1.336
  ],
  [
    1601593200000,
    1.359
  ],
  [
    1601679600000,
    1.311
  ],
  [
    1601766000000,
    1.346
  ],
  [
    1601852400000,
    1.442
  ],
  [
    1601938800000,
    1.333
  ],
  [
    1602025200000,
    1.345
  ],
  [
    1602111600000,
    1.351
  ],
  [
    1602198000000,
    1.355
  ],
  [
    1602284400000,
    1.374
  ],
  [
    1602370800000,
    1.352
  ],
  [
    1602457200000,
    1.38
  ],
  [
    1602543600000,
    1.665
  ],
  [
    1602630000000,
    1.429
  ],
  [
    1602716400000,
    1.466
  ],
  [
    1602802800000,
    1.481
  ],
  [
    1602889200000,
    1.47
  ],
  [
    1602975600000,
    1.487
  ],
  [
    1603062000000,
    1.501
  ],
  [
    1603148400000,
    1.565
  ],
  [
    1603234800000,
    1.605
  ],
  [
    1603321200000,
    1.591
  ],
  [
    1603407600000,
    1.5
  ],
  [
    1603494000000,
    1.516
  ],
  [
    1603580400000,
    1.506
  ],
  [
    1603670400000,
    1.432
  ],
  [
    1603756800000,
    1.488
  ],
  [
    1603843200000,
    1.427
  ],
  [
    1603929600000,
    1.457
  ],
  [
    1604016000000,
    1.406
  ],
  [
    1604102400000,
    1.434
  ],
  [
    1604188800000,
    1.421
  ],
  [
    1604275200000,
    1.449
  ],
  [
    1604361600000,
    1.443
  ],
  [
    1604448000000,
    1.457
  ],
  [
    1604534400000,
    1.443
  ],
  [
    1604620800000,
    1.482
  ],
  [
    1604707200000,
    1.444
  ],
  [
    1604793600000,
    1.424
  ],
  [
    1604880000000,
    1.41
  ],
  [
    1604966400000,
    1.426
  ],
  [
    1605052800000,
    1.47
  ],
  [
    1605139200000,
    1.458
  ],
  [
    1605225600000,
    1.459
  ],
  [
    1605312000000,
    1.408
  ],
  [
    1605398400000,
    1.433
  ],
  [
    1605484800000,
    1.426
  ],
  [
    1605571200000,
    1.412
  ],
  [
    1605657600000,
    1.521
  ],
  [
    1605744000000,
    1.438
  ],
  [
    1605830400000,
    1.432
  ],
  [
    1605916800000,
    1.417
  ],
  [
    1606003200000,
    1.5
  ],
  [
    1606089600000,
    1.467
  ],
  [
    1606176000000,
    1.442
  ],
  [
    1606262400000,
    1.369
  ],
  [
    1606348800000,
    1.32
  ],
  [
    1606435200000,
    1.33
  ],
  [
    1606521600000,
    1.338
  ],
  [
    1606608000000,
    1.326
  ],
  [
    1606694400000,
    1.352
  ],
  [
    1606780800000,
    1.336
  ],
  [
    1606867200000,
    1.407
  ],
  [
    1606953600000,
    1.384
  ],
  [
    1607040000000,
    1.168
  ],
  [
    1607126400000,
    1.185
  ],
  [
    1607212800000,
    1.253
  ],
  [
    1607299200000,
    1.264
  ],
  [
    1607385600000,
    1.401
  ],
  [
    1607472000000,
    1.223
  ],
  [
    1607558400000,
    1.216
  ],
  [
    1607644800000,
    1.221
  ],
  [
    1607731200000,
    1.222
  ],
  [
    1607817600000,
    1.207
  ],
  [
    1607904000000,
    1.19
  ],
  [
    1607990400000,
    1.212
  ],
  [
    1608076800000,
    1.249
  ],
  [
    1608163200000,
    1.225
  ],
  [
    1608249600000,
    1.299
  ],
  [
    1608336000000,
    1.261
  ],
  [
    1608422400000,
    1.301
  ],
  [
    1608508800000,
    1.312
  ],
  [
    1608595200000,
    1.212
  ],
  [
    1608681600000,
    1.211
  ],
  [
    1608768000000,
    1.216
  ],
  [
    1608854400000,
    1.26
  ],
  [
    1608940800000,
    1.271
  ],
  [
    1609027200000,
    1.294
  ],
  [
    1609113600000,
    1.253
  ],
  [
    1609200000000,
    1.258
  ],
  [
    1609286400000,
    1.308
  ],
  [
    1609372800000,
    1.344
  ],
  [
    1609459200000,
    1.436
  ],
  [
    1609545600000,
    1.5
  ],
  [
    1609632000000,
    1.578
  ],
  [
    1609718400000,
    1.602
  ],
  [
    1609804800000,
    1.731
  ],
  [
    1609891200000,
    1.775
  ],
  [
    1609977600000,
    1.863
  ],
  [
    1610064000000,
    1.844
  ],
  [
    1610150400000,
    1.836
  ],
  [
    1610236800000,
    1.795
  ],
  [
    1610323200000,
    1.765
  ],
  [
    1610409600000,
    1.737
  ],
  [
    1610496000000,
    1.787
  ],
  [
    1610582400000,
    1.79
  ],
  [
    1610668800000,
    1.786
  ],
  [
    1610755200000,
    1.786
  ],
  [
    1610841600000,
    1.79
  ],
  [
    1610928000000,
    1.792
  ],
  [
    1611014400000,
    1.785
  ],
  [
    1611100800000,
    1.789
  ],
  [
    1611187200000,
    1.848
  ],
  [
    1611273600000,
    1.725
  ],
  [
    1611360000000,
    1.751
  ],
  [
    1611446400000,
    1.839
  ],
  [
    1611532800000,
    1.803
  ],
  [
    1611619200000,
    1.763
  ],
  [
    1611705600000,
    1.817
  ],
  [
    1611792000000,
    1.675
  ],
  [
    1611878400000,
    1.657
  ],
  [
    1611964800000,
    1.703
  ],
  [
    1612051200000,
    1.756
  ],
  [
    1612137600000,
    1.801
  ],
  [
    1612224000000,
    1.822
  ],
  [
    1612310400000,
    1.852
  ],
  [
    1612396800000,
    1.891
  ],
  [
    1612483200000,
    2.097
  ],
  [
    1612569600000,
    1.965
  ],
  [
    1612656000000,
    2.017
  ],
  [
    1612742400000,
    2.002
  ],
  [
    1612828800000,
    1.99
  ],
  [
    1612915200000,
    1.986
  ],
  [
    1613001600000,
    1.881
  ],
  [
    1613088000000,
    1.75
  ],
  [
    1613174400000,
    1.743
  ],
  [
    1613260800000,
    1.692
  ],
  [
    1613347200000,
    1.755
  ],
  [
    1613433600000,
    1.749
  ],
  [
    1613520000000,
    1.742
  ],
  [
    1613606400000,
    1.698
  ],
  [
    1613692800000,
    1.806
  ],
  [
    1613779200000,
    1.906
  ],
  [
    1613865600000,
    1.876
  ],
  [
    1613952000000,
    1.955
  ],
  [
    1614038400000,
    2.042
  ],
  [
    1614124800000,
    1.875
  ],
  [
    1614211200000,
    1.991
  ],
  [
    1614297600000,
    1.977
  ],
  [
    1614384000000,
    1.988
  ],
  [
    1614470400000,
    1.959
  ],
  [
    1614556800000,
    1.988
  ],
  [
    1614643200000,
    2.011
  ],
  [
    1614729600000,
    2.026
  ],
  [
    1614816000000,
    2.101
  ],
  [
    1614902400000,
    2.19
  ],
  [
    1614988800000,
    2.25
  ],
  [
    1615075200000,
    2.274
  ],
  [
    1615161600000,
    2.248
  ],
  [
    1615248000000,
    2.251
  ],
  [
    1615334400000,
    2.305
  ],
  [
    1615420800000,
    2.376
  ],
  [
    1615507200000,
    2.392
  ],
  [
    1615593600000,
    2.329
  ],
  [
    1615680000000,
    2.214
  ],
  [
    1615766400000,
    2.147
  ],
  [
    1615852800000,
    2.23
  ],
  [
    1615939200000,
    2.168
  ],
  [
    1616025600000,
    2.163
  ],
  [
    1616112000000,
    2.125
  ],
  [
    1616198400000,
    2.213
  ],
  [
    1616284800000,
    2.449
  ],
  [
    1616371200000,
    2.836
  ],
  [
    1616457600000,
    3.269
  ],
  [
    1616544000000,
    3.364
  ],
  [
    1616630400000,
    3.409
  ],
  [
    1616716800000,
    3.466
  ],
  [
    1616803200000,
    3.553
  ],
  [
    1616889600000,
    3.499
  ],
  [
    1616972400000,
    3.517
  ],
  [
    1617058800000,
    3.33
  ],
  [
    1617145200000,
    3.126
  ],
  [
    1617231600000,
    3.129
  ],
  [
    1617318000000,
    3.129
  ],
  [
    1617404400000,
    3.114
  ],
  [
    1617490800000,
    3.04
  ],
  [
    1617577200000,
    3.067
  ],
  [
    1617663600000,
    3.101
  ],
  [
    1617750000000,
    3.05
  ],
  [
    1617836400000,
    2.923
  ],
  [
    1617922800000,
    2.819
  ],
  [
    1618009200000,
    2.878
  ],
  [
    1618095600000,
    3.024
  ],
  [
    1618182000000,
    2.883
  ],
  [
    1618268400000,
    3.067
  ],
  [
    1618354800000,
    3.165
  ],
  [
    1618441200000,
    3.143
  ],
  [
    1618527600000,
    3.238
  ],
  [
    1618614000000,
    3.238
  ],
  [
    1618700400000,
    3.301
  ],
  [
    1618786800000,
    3.363
  ],
  [
    1618873200000,
    3.318
  ],
  [
    1618959600000,
    3.205
  ],
  [
    1619046000000,
    3.182
  ],
  [
    1619132400000,
    3.244
  ],
  [
    1619218800000,
    3.21
  ],
  [
    1619305200000,
    3.168
  ],
  [
    1619391600000,
    3.099
  ],
  [
    1619478000000,
    3.144
  ],
  [
    1619564400000,
    3.162
  ],
  [
    1619650800000,
    3.404
  ],
  [
    1619737200000,
    3.51
  ],
  [
    1619823600000,
    3.618
  ],
  [
    1619910000000,
    3.859
  ],
  [
    1619996400000,
    3.929
  ],
  [
    1620082800000,
    3.977
  ],
  [
    1620169200000,
    4.104
  ],
  [
    1620255600000,
    4.202
  ],
  [
    1620342000000,
    4.194
  ],
  [
    1620428400000,
    3.958
  ],
  [
    1620514800000,
    3.869
  ],
  [
    1620601200000,
    3.924
  ],
  [
    1620687600000,
    3.874
  ],
  [
    1620774000000,
    3.87
  ],
  [
    1620860400000,
    4.041
  ],
  [
    1620946800000,
    3.948
  ],
  [
    1621033200000,
    3.925
  ],
  [
    1621119600000,
    3.878
  ],
  [
    1621206000000,
    4.147
  ],
  [
    1621292400000,
    4.265
  ],
  [
    1621378800000,
    4.507
  ],
  [
    1621465200000,
    4.711
  ],
  [
    1621551600000,
    4.839
  ],
  [
    1621638000000,
    6.006
  ],
  [
    1621724400000,
    6.411
  ],
  [
    1621810800000,
    6.82
  ],
  [
    1621897200000,
    6.87
  ],
  [
    1621983600000,
    8.223
  ],
  [
    1622070000000,
    9.456
  ],
  [
    1622156400000,
    9.355
  ],
  [
    1622242800000,
    8.45
  ],
  [
    1622329200000,
    7.768
  ],
  [
    1622415600000,
    7.475
  ],
  [
    1622502000000,
    7.87
  ],
  [
    1622588400000,
    9.022
  ],
  [
    1622674800000,
    10.036
  ],
  [
    1622761200000,
    10.567
  ],
  [
    1622847600000,
    11.857
  ],
  [
    1622934000000,
    10.261
  ],
  [
    1623020400000,
    9.275
  ],
  [
    1623106800000,
    10.038
  ],
  [
    1623193200000,
    10.221
  ],
  [
    1623279600000,
    10.258
  ],
  [
    1623366000000,
    10.631
  ],
  [
    1623452400000,
    11.044
  ],
  [
    1623538800000,
    10.607
  ],
  [
    1623625200000,
    10.4
  ],
  [
    1623711600000,
    10.707
  ],
  [
    1623798000000,
    10.492
  ],
  [
    1623884400000,
    10.453
  ],
  [
    1623970800000,
    10.017
  ],
  [
    1624057200000,
    9.595
  ],
  [
    1624143600000,
    9.552
  ],
  [
    1624230000000,
    9.139
  ],
  [
    1624316400000,
    8.765
  ],
  [
    1624402800000,
    9.209
  ],
  [
    1624489200000,
    9.243
  ],
  [
    1624575600000,
    8.742
  ],
  [
    1624662000000,
    8.691
  ],
  [
    1624748400000,
    8.432
  ],
  [
    1624834800000,
    8.345
  ],
  [
    1624921200000,
    8.239
  ],
  [
    1625007600000,
    8.342
  ],
  [
    1625094000000,
    9.242
  ],
  [
    1625180400000,
    7.776
  ],
  [
    1625266800000,
    8.186
  ],
  [
    1625353200000,
    8.452
  ],
  [
    1625439600000,
    7.924
  ],
  [
    1625526000000,
    7.387
  ],
  [
    1625612400000,
    7.096
  ],
  [
    1625698800000,
    7.17
  ],
  [
    1625785200000,
    7.312
  ],
  [
    1625871600000,
    7.085
  ],
  [
    1625958000000,
    7.132
  ],
  [
    1626044400000,
    7.205
  ],
  [
    1626130800000,
    7.445
  ],
  [
    1626217200000,
    6.865
  ],
  [
    1626303600000,
    7.005
  ],
  [
    1626390000000,
    7.18
  ],
  [
    1626476400000,
    6.926
  ],
  [
    1626562800000,
    6.973
  ],
  [
    1626649200000,
    7.271
  ],
  [
    1626735600000,
    7.085
  ],
  [
    1626822000000,
    7.088
  ],
  [
    1626908400000,
    7.138
  ],
  [
    1626994800000,
    7.287
  ],
  [
    1627081200000,
    7.506
  ],
  [
    1627167600000,
    7.915
  ],
  [
    1627254000000,
    7.591
  ],
  [
    1627340400000,
    7.644
  ],
  [
    1627426800000,
    7.649
  ],
  [
    1627513200000,
    7.619
  ],
  [
    1627599600000,
    7.486
  ],
  [
    1627686000000,
    7.903
  ],
  [
    1627772400000,
    8.009
  ],
  [
    1627858800000,
    7.934
  ],
  [
    1627945200000,
    7.751
  ],
  [
    1628031600000,
    7.153
  ],
  [
    1628118000000,
    7.784
  ],
  [
    1628204400000,
    7.377
  ],
  [
    1628290800000,
    8.191
  ],
  [
    1628377200000,
    7.263
  ],
  [
    1628463600000,
    7.168
  ],
  [
    1628550000000,
    6.999
  ],
  [
    1628636400000,
    6.851
  ],
  [
    1628722800000,
    6.865
  ],
  [
    1628809200000,
    7.901
  ],
  [
    1628895600000,
    7.523
  ],
  [
    1628982000000,
    6.455
  ],
  [
    1629068400000,
    6.468
  ],
  [
    1629154800000,
    6.548
  ],
  [
    1629241200000,
    6.362
  ],
  [
    1629327600000,
    6.552
  ],
  [
    1629414000000,
    6.232
  ],
  [
    1629500400000,
    6.221
  ],
  [
    1629586800000,
    6.512
  ],
  [
    1629673200000,
    6.689
  ],
  [
    1629759600000,
    6.608
  ],
  [
    1629846000000,
    6.515
  ],
  [
    1629932400000,
    6.628
  ],
  [
    1630018800000,
    6.82
  ],
  [
    1630105200000,
    6.255
  ],
  [
    1630191600000,
    6.489
  ],
  [
    1630278000000,
    6.437
  ],
  [
    1630364400000,
    6.477
  ],
  [
    1630450800000,
    6.822
  ],
  [
    1630537200000,
    6.527
  ],
  [
    1630623600000,
    6.538
  ],
  [
    1630710000000,
    6.595
  ],
  [
    1630796400000,
    6.701
  ],
  [
    1630882800000,
    6.388
  ],
  [
    1630969200000,
    6.936
  ],
  [
    1631055600000,
    6.704
  ],
  [
    1631142000000,
    6.622
  ],
  [
    1631228400000,
    6.669
  ],
  [
    1631314800000,
    6.578
  ],
  [
    1631401200000,
    6.738
  ],
  [
    1631487600000,
    6.371
  ],
  [
    1631574000000,
    6.38
  ],
  [
    1631660400000,
    6.421
  ],
  [
    1631746800000,
    6.529
  ],
  [
    1631833200000,
    6.675
  ],
  [
    1631919600000,
    6.482
  ],
  [
    1632006000000,
    6.225
  ],
  [
    1632092400000,
    6.316
  ],
  [
    1632178800000,
    6.15
  ],
  [
    1632265200000,
    5.187
  ],
  [
    1632351600000,
    4.429
  ],
  [
    1632438000000,
    4.768
  ],
  [
    1632524400000,
    5.033
  ],
  [
    1632610800000,
    5.082
  ],
  [
    1632697200000,
    5.072
  ],
  [
    1632783600000,
    5.112
  ],
  [
    1632870000000,
    5.203
  ],
  [
    1632956400000,
    4.976
  ],
  [
    1633042800000,
    5.35
  ],
  [
    1633129200000,
    4.764
  ],
  [
    1633215600000,
    4.987
  ],
  [
    1633302000000,
    4.839
  ],
  [
    1633388400000,
    4.744
  ],
  [
    1633474800000,
    4.437
  ],
  [
    1633561200000,
    4.715
  ],
  [
    1633647600000,
    4.759
  ],
  [
    1633734000000,
    4.705
  ],
  [
    1633820400000,
    4.533
  ],
  [
    1633906800000,
    4.552
  ],
  [
    1633993200000,
    4.544
  ],
  [
    1634079600000,
    4.473
  ],
  [
    1634166000000,
    4.631
  ],
  [
    1634252400000,
    4.59
  ],
  [
    1634338800000,
    4.54
  ],
  [
    1634425200000,
    4.394
  ],
  [
    1634511600000,
    4.533
  ],
  [
    1634598000000,
    4.201
  ],
  [
    1634684400000,
    4.577
  ],
  [
    1634770800000,
    4.268
  ],
  [
    1634857200000,
    4.496
  ],
  [
    1634943600000,
    4.004
  ],
  [
    1635030000000,
    4.155
  ],
  [
    1635116400000,
    4.346
  ],
  [
    1635202800000,
    4.174
  ],
  [
    1635289200000,
    4.161
  ],
  [
    1635375600000,
    4.496
  ],
  [
    1635462000000,
    4.367
  ],
  [
    1635548400000,
    4.341
  ],
  [
    1635634800000,
    4.181
  ],
  [
    1635724800000,
    4.624
  ],
  [
    1635811200000,
    4.518
  ],
  [
    1635897600000,
    4.62
  ],
  [
    1635984000000,
    4.613
  ],
  [
    1636070400000,
    6.261
  ],
  [
    1636156800000,
    4.747
  ],
  [
    1636243200000,
    4.736
  ],
  [
    1636329600000,
    4.442
  ],
  [
    1636416000000,
    4.647
  ],
  [
    1636502400000,
    4.488
  ],
  [
    1636588800000,
    4.598
  ],
  [
    1636675200000,
    4.459
  ],
  [
    1636761600000,
    5.277
  ],
  [
    1636848000000,
    4.812
  ],
  [
    1636934400000,
    5.129
  ],
  [
    1637020800000,
    5.021
  ],
  [
    1637107200000,
    4.942
  ],
  [
    1637193600000,
    5.192
  ],
  [
    1637280000000,
    5.312
  ],
  [
    1637366400000,
    5.369
  ],
  [
    1637452800000,
    5.501
  ],
  [
    1637539200000,
    5.363
  ],
  [
    1637625600000,
    5.419
  ],
  [
    1637712000000,
    5.254
  ],
  [
    1637798400000,
    5.47
  ],
  [
    1637884800000,
    5.414
  ],
  [
    1637971200000,
    5.218
  ],
  [
    1638057600000,
    4.994
  ],
  [
    1638144000000,
    5.022
  ],
  [
    1638230400000,
    4.989
  ],
  [
    1638316800000,
    4.997
  ],
  [
    1638403200000,
    5.337
  ],
  [
    1638489600000,
    5.66
  ],
  [
    1638576000000,
    6.118
  ],
  [
    1638662400000,
    6.363
  ],
  [
    1638748800000,
    6.565
  ],
  [
    1638835200000,
    6.739
  ],
  [
    1638921600000,
    6.756
  ],
  [
    1639008000000,
    6.667
  ],
  [
    1639094400000,
    7.002
  ],
  [
    1639180800000,
    7.069
  ],
  [
    1639267200000,
    7.158
  ],
  [
    1639353600000,
    6.573
  ],
  [
    1639440000000,
    6.801
  ],
  [
    1639526400000,
    6.364
  ],
  [
    1639612800000,
    6.302
  ],
  [
    1639699200000,
    6.054
  ],
  [
    1639785600000,
    6.377
  ],
  [
    1639872000000,
    6.264
  ],
  [
    1639958400000,
    6.171
  ],
  [
    1640044800000,
    6.507
  ],
  [
    1640131200000,
    6.092
  ],
  [
    1640217600000,
    6.273
  ],
  [
    1640304000000,
    6.412
  ],
  [
    1640390400000,
    6.754
  ],
  [
    1640476800000,
    11.606
  ],
  [
    1640563200000,
    6.535
  ],
  [
    1640649600000,
    6.745
  ],
  [
    1640736000000,
    7.015
  ],
  [
    1640822400000,
    6.999
  ],
  [
    1640908800000,
    7.066
  ],
  [
    1640995200000,
    7.242
  ],
  [
    1641081600000,
    7.06
  ],
  [
    1641168000000,
    6.96
  ],
  [
    1641254400000,
    7.123
  ],
  [
    1641340800000,
    7.348
  ],
  [
    1641427200000,
    7.164
  ],
  [
    1641513600000,
    6.992
  ],
  [
    1641600000000,
    7.486
  ],
  [
    1641686400000,
    7.106
  ],
  [
    1641772800000,
    7.14
  ],
  [
    1641859200000,
    7.203
  ],
  [
    1641945600000,
    7.345
  ],
  [
    1642032000000,
    7.425
  ],
  [
    1642118400000,
    7.154
  ],
  [
    1642204800000,
    7.286
  ],
  [
    1642291200000,
    7.374
  ],
  [
    1642377600000,
    7.107
  ],
  [
    1642464000000,
    7.349
  ],
  [
    1642550400000,
    7.257
  ],
  [
    1642636800000,
    7.342
  ],
  [
    1642723200000,
    7.316
  ],
  [
    1642809600000,
    6.993
  ],
  [
    1642896000000,
    6.559
  ],
  [
    1642982400000,
    7.257
  ],
  [
    1643068800000,
    7.285
  ],
  [
    1643155200000,
    7.378
  ],
  [
    1643241600000,
    7.151
  ],
  [
    1643328000000,
    7.003
  ],
  [
    1643414400000,
    6.874
  ],
  [
    1643500800000,
    6.998
  ],
  [
    1643587200000,
    6.711
  ],
  [
    1643673600000,
    6.968
  ],
  [
    1643760000000,
    6.621
  ],
  [
    1643846400000,
    6.547
  ],
  [
    1643932800000,
    6.998
  ],
  [
    1644019200000,
    6.645
  ],
  [
    1644105600000,
    6.443
  ],
  [
    1644192000000,
    6.585
  ],
  [
    1644278400000,
    6.754
  ],
  [
    1644364800000,
    6.774
  ],
  [
    1644451200000,
    6.833
  ],
  [
    1644537600000,
    6.965
  ],
  [
    1644624000000,
    6.865
  ],
  [
    1644710400000,
    6.751
  ],
  [
    1644796800000,
    6.646
  ],
  [
    1644883200000,
    6.806
  ],
  [
    1644969600000,
    6.748
  ],
  [
    1645056000000,
    6.628
  ],
  [
    1645142400000,
    6.87
  ],
  [
    1645228800000,
    6.743
  ],
  [
    1645315200000,
    6.663
  ],
  [
    1645401600000,
    6.774
  ],
  [
    1645488000000,
    6.576
  ],
  [
    1645574400000,
    6.533
  ],
  [
    1645660800000,
    8.501
  ],
  [
    1645747200000,
    6.502
  ],
  [
    1645833600000,
    6.473
  ],
  [
    1645920000000,
    6.449
  ],
  [
    1646006400000,
    6.673
  ],
  [
    1646092800000,
    7.324
  ],
  [
    1646179200000,
    6.486
  ],
  [
    1646265600000,
    6.629
  ],
  [
    1646352000000,
    6.617
  ],
  [
    1646438400000,
    6.956
  ],
  [
    1646524800000,
    6.963
  ],
  [
    1646611200000,
    6.633
  ],
  [
    1646697600000,
    6.874
  ],
  [
    1646784000000,
    6.669
  ],
  [
    1646870400000,
    6.75
  ],
  [
    1646956800000,
    7.238
  ],
  [
    1647043200000,
    6.517
  ],
  [
    1647129600000,
    6.096
  ],
  [
    1647216000000,
    6.885
  ],
  [
    1647302400000,
    7.691
  ],
  [
    1647388800000,
    7.464
  ],
  [
    1647475200000,
    7.242
  ],
  [
    1647561600000,
    6.9
  ],
  [
    1647648000000,
    7.089
  ],
  [
    1647734400000,
    6.996
  ],
  [
    1647820800000,
    7.527
  ],
  [
    1647907200000,
    8.153
  ],
  [
    1647993600000,
    8.018
  ],
  [
    1648080000000,
    8.461
  ],
  [
    1648166400000,
    8.31
  ],
  [
    1648252800000,
    7.821
  ],
  [
    1648339200000,
    8.115
  ],
  [
    1648422000000,
    8.077
  ],
  [
    1648508400000,
    7.839
  ],
  [
    1648594800000,
    10.714
  ],
  [
    1648681200000,
    8.335
  ],
  [
    1648767600000,
    7.889
  ],
  [
    1648854000000,
    8.009
  ],
  [
    1648940400000,
    8.192
  ],
  [
    1649026800000,
    8.085
  ],
  [
    1649113200000,
    9.207
  ],
  [
    1649199600000,
    8.435
  ],
  [
    1649286000000,
    8.177
  ],
  [
    1649372400000,
    8.408
  ],
  [
    1649458800000,
    8.501
  ],
  [
    1649545200000,
    8.641
  ],
  [
    1649631600000,
    8.16
  ],
  [
    1649718000000,
    8.426
  ],
  [
    1649804400000,
    8.332
  ],
  [
    1649890800000,
    9.007
  ],
  [
    1649977200000,
    8.716
  ],
  [
    1650063600000,
    8.198
  ],
  [
    1650150000000,
    8.672
  ],
  [
    1650236400000,
    9.022
  ],
  [
    1650322800000,
    8.789
  ],
  [
    1650409200000,
    9.184
  ],
  [
    1650495600000,
    9.551
  ],
  [
    1650582000000,
    10.287
  ],
  [
    1650668400000,
    9.799
  ],
  [
    1650754800000,
    9.855
  ],
  [
    1650841200000,
    9.804
  ],
  [
    1650927600000,
    10.477
  ],
  [
    1651014000000,
    9.967
  ],
  [
    1651100400000,
    9.918
  ],
  [
    1651186800000,
    9.698
  ],
  [
    1651273200000,
    9.285
  ],
  [
    1651359600000,
    9.204
  ],
  [
    1651446000000,
    8.958
  ],
  [
    1651532400000,
    8.775
  ],
  [
    1651618800000,
    9.06
  ],
  [
    1651705200000,
    9.338
  ],
  [
    1651791600000,
    9.623
  ],
  [
    1651878000000,
    8.841
  ],
  [
    1651964400000,
    12.257
  ],
  [
    1652050800000,
    9.051
  ],
  [
    1652137200000,
    8.701
  ],
  [
    1652223600000,
    8.799
  ],
  [
    1652310000000,
    9.065
  ],
  [
    1652396400000,
    9.859
  ],
  [
    1652482800000,
    8.903
  ],
  [
    1652569200000,
    8.701
  ],
  [
    1652655600000,
    8.353
  ],
  [
    1652742000000,
    8.646
  ],
  [
    1652828400000,
    8.325
  ],
  [
    1652914800000,
    9.057
  ],
  [
    1653001200000,
    8.389
  ],
  [
    1653087600000,
    8.558
  ],
  [
    1653174000000,
    8.666
  ],
  [
    1653260400000,
    8.439
  ],
  [
    1653346800000,
    9.896
  ],
  [
    1653433200000,
    8.137
  ],
  [
    1653519600000,
    8.482
  ],
  [
    1653606000000,
    8.164
  ],
  [
    1653692400000,
    7.992
  ],
  [
    1653778800000,
    8.114
  ],
  [
    1653865200000,
    8.163
  ],
  [
    1653951600000,
    8.062
  ],
  [
    1654038000000,
    8.215
  ],
  [
    1654124400000,
    8.172
  ],
  [
    1654210800000,
    8.417
  ],
  [
    1654297200000,
    8.458
  ],
  [
    1654383600000,
    7.992
  ],
  [
    1654470000000,
    8.206
  ],
  [
    1654556400000,
    8.35
  ],
  [
    1654642800000,
    8.144
  ],
  [
    1654729200000,
    8.028
  ],
  [
    1654815600000,
    8.288
  ],
  [
    1654902000000,
    8.408
  ],
  [
    1654988400000,
    8.429
  ],
  [
    1655074800000,
    8.548
  ],
  [
    1655161200000,
    8.375
  ],
  [
    1655247600000,
    8.329
  ],
  [
    1655334000000,
    9.591
  ],
  [
    1655420400000,
    10.075
  ],
  [
    1655506800000,
    8.748
  ],
  [
    1655593200000,
    8.482
  ],
  [
    1655679600000,
    7.576
  ],
  [
    1655766000000,
    7.395
  ],
  [
    1655852400000,
    8.692
  ],
  [
    1655938800000,
    7.64
  ],
  [
    1656025200000,
    7.956
  ],
  [
    1656111600000,
    7.121
  ],
  [
    1656198000000,
    7.251
  ],
  [
    1656284400000,
    7.284
  ],
  [
    1656370800000,
    10.442
  ],
  [
    1656457200000,
    6.938
  ],
  [
    1656543600000,
    7.317
  ],
  [
    1656630000000,
    7.296
  ],
  [
    1656716400000,
    7.826
  ],
  [
    1656802800000,
    7.242
  ],
  [
    1656889200000,
    7.406
  ],
  [
    1656975600000,
    7.557
  ],
  [
    1657062000000,
    7.574
  ],
  [
    1657148400000,
    7.023
  ],
  [
    1657234800000,
    7.393
  ],
  [
    1657321200000,
    7.421
  ],
  [
    1657407600000,
    7.48
  ],
  [
    1657494000000,
    7.536
  ],
  [
    1657580400000,
    7.51
  ],
  [
    1657666800000,
    7.593
  ],
  [
    1657753200000,
    7.641
  ],
  [
    1657839600000,
    7.322
  ],
  [
    1657926000000,
    7.445
  ],
  [
    1658012400000,
    7.314
  ],
  [
    1658098800000,
    7.55
  ],
  [
    1658185200000,
    8.795
  ],
  [
    1658271600000,
    7.87
  ],
  [
    1658358000000,
    8.059
  ],
  [
    1658444400000,
    7.884
  ],
  [
    1658530800000,
    7.682
  ],
  [
    1658617200000,
    7.559
  ],
  [
    1658703600000,
    7.885
  ],
  [
    1658790000000,
    7.969
  ],
  [
    1658876400000,
    8.043
  ],
  [
    1658962800000,
    9.271
  ],
  [
    1659049200000,
    7.764
  ],
  [
    1659135600000,
    7.691
  ],
  [
    1659222000000,
    7.727
  ],
  [
    1659308400000,
    7.708
  ],
  [
    1659394800000,
    7.866
  ],
  [
    1659481200000,
    8.256
  ],
  [
    1659567600000,
    7.94
  ],
  [
    1659654000000,
    7.779
  ],
  [
    1659740400000,
    7.775
  ],
  [
    1659826800000,
    7.89
  ],
  [
    1659913200000,
    8.004
  ],
  [
    1659999600000,
    6.719
  ],
  [
    1660086000000,
    7.709
  ],
  [
    1660172400000,
    7.611
  ],
  [
    1660258800000,
    7.856
  ],
  [
    1660345200000,
    7.87
  ],
  [
    1660431600000,
    8.307
  ],
  [
    1660518000000,
    7.976
  ],
  [
    1660604400000,
    7.941
  ],
  [
    1660690800000,
    7.839
  ],
  [
    1660777200000,
    8.001
  ],
  [
    1660863600000,
    8.168
  ],
  [
    1660950000000,
    7.901
  ],
  [
    1661036400000,
    8.047
  ],
  [
    1661122800000,
    8.07
  ],
  [
    1661209200000,
    7.845
  ],
  [
    1661295600000,
    8.073
  ],
  [
    1661382000000,
    7.994
  ],
  [
    1661468400000,
    7.877
  ],
  [
    1661554800000,
    7.956
  ],
  [
    1661641200000,
    8.232
  ],
  [
    1661727600000,
    8.576
  ],
  [
    1661814000000,
    8.472
  ],
  [
    1661900400000,
    8.85
  ],
  [
    1661986800000,
    8.501
  ],
  [
    1662073200000,
    8.437
  ],
  [
    1662159600000,
    8.471
  ],
  [
    1662246000000,
    8.529
  ],
  [
    1662332400000,
    8.776
  ],
  [
    1662418800000,
    8.624
  ],
  [
    1662505200000,
    9.027
  ],
  [
    1662591600000,
    9.009
  ],
  [
    1662678000000,
    8.926
  ],
  [
    1662764400000,
    8.74
  ],
  [
    1662850800000,
    9.073
  ],
  [
    1662937200000,
    9.888
  ],
  [
    1663023600000,
    8.783
  ],
  [
    1663110000000,
    8.435
  ],
  [
    1663196400000,
    8.712
  ],
  [
    1663282800000,
    8.591
  ],
  [
    1663369200000,
    9.22
  ],
  [
    1663455600000,
    8.478
  ],
  [
    1663542000000,
    8.599
  ],
  [
    1663628400000,
    9.06
  ],
  [
    1663714800000,
    8.53
  ],
  [
    1663801200000,
    8.829
  ],
  [
    1663887600000,
    8.305
  ],
  [
    1663974000000,
    8.507
  ],
  [
    1664060400000,
    8.368
  ],
  [
    1664146800000,
    8.359
  ],
  [
    1664233200000,
    8.486
  ],
  [
    1664319600000,
    8.076
  ],
  [
    1664406000000,
    8.36
  ],
  [
    1664492400000,
    8.246
  ],
  [
    1664578800000,
    8.4
  ],
  [
    1664665200000,
    8.201
  ],
  [
    1664751600000,
    8.557
  ],
  [
    1664838000000,
    8.015
  ],
  [
    1664924400000,
    8.616
  ],
  [
    1665010800000,
    8.522
  ],
  [
    1665097200000,
    8.753
  ],
  [
    1665183600000,
    9.135
  ],
  [
    1665270000000,
    8.845
  ],
  [
    1665356400000,
    9.975
  ],
  [
    1665442800000,
    9.473
  ],
  [
    1665529200000,
    9.979
  ],
  [
    1665615600000,
    10.179
  ],
  [
    1665702000000,
    10.163
  ],
  [
    1665788400000,
    10.798
  ],
  [
    1665874800000,
    10.312
  ],
  [
    1665961200000,
    10.484
  ],
  [
    1666047600000,
    10.392
  ],
  [
    1666134000000,
    10.271
  ],
  [
    1666220400000,
    10.133
  ],
  [
    1666306800000,
    9.571
  ],
  [
    1666393200000,
    9.622
  ],
  [
    1666479600000,
    9.214
  ],
  [
    1666566000000,
    9.83
  ],
  [
    1666652400000,
    9.875
  ],
  [
    1666738800000,
    10.148
  ],
  [
    1666825200000,
    10.182
  ],
  [
    1666911600000,
    10.684
  ],
  [
    1666998000000,
    10.83
  ],
  [
    1667084400000,
    10.845
  ],
  [
    1667174400000,
    10.97
  ],
  [
    1667260800000,
    10.87
  ],
  [
    1667347200000,
    11.107
  ],
  [
    1667433600000,
    11.045
  ],
  [
    1667520000000,
    11.171
  ],
  [
    1667606400000,
    11.43
  ],
  [
    1667692800000,
    10.859
  ],
  [
    1667779200000,
    11.058
  ],
  [
    1667865600000,
    11.322
  ],
  [
    1667952000000,
    11.012
  ],
  [
    1668038400000,
    10.298
  ],
  [
    1668124800000,
    10.701
  ],
  [
    1668211200000,
    10.977
  ],
  [
    1668297600000,
    10.842
  ],
  [
    1668384000000,
    11.767
  ],
  [
    1668470400000,
    11.011
  ],
  [
    1668556800000,
    10.769
  ],
  [
    1668643200000,
    11.542
  ],
  [
    1668729600000,
    11.861
  ],
  [
    1668816000000,
    11.98
  ],
  [
    1668902400000,
    11.835
  ],
  [
    1668988800000,
    11.586
  ],
  [
    1669075200000,
    12.609
  ],
  [
    1669161600000,
    12.053
  ],
  [
    1669248000000,
    11.66
  ],
  [
    1669334400000,
    11.391
  ],
  [
    1669420800000,
    9.98
  ],
  [
    1669507200000,
    12.174
  ],
  [
    1669593600000,
    11.25
  ],
  [
    1669680000000,
    11.388
  ],
  [
    1669766400000,
    11.233
  ],
  [
    1669852800000,
    11.689
  ],
  [
    1669939200000,
    11.532
  ],
  [
    1670025600000,
    12.627
  ],
  [
    1670112000000,
    13.35
  ],
  [
    1670198400000,
    14.75
  ],
  [
    1670284800000,
    14.256
  ],
  [
    1670371200000,
    11.974
  ],
  [
    1670457600000,
    12.143
  ],
  [
    1670544000000,
    12.281
  ],
  [
    1670630400000,
    14.483
  ],
  [
    1670716800000,
    12.428
  ],
  [
    1670803200000,
    12.089
  ],
  [
    1670889600000,
    12.804
  ],
  [
    1670976000000,
    12.633
  ],
  [
    1671062400000,
    11.737
  ],
  [
    1671148800000,
    12.072
  ],
  [
    1671235200000,
    11.376
  ],
  [
    1671321600000,
    11.572
  ],
  [
    1671408000000,
    12.646
  ],
  [
    1671494400000,
    12.388
  ],
  [
    1671580800000,
    12.749
  ],
  [
    1671667200000,
    14.311
  ],
  [
    1671753600000,
    11.549
  ],
  [
    1671840000000,
    12.064
  ],
  [
    1671926400000,
    11.736
  ],
  [
    1672012800000,
    13.361
  ],
  [
    1672099200000,
    12.049
  ],
  [
    1672185600000,
    11.989
  ],
  [
    1672272000000,
    12.321
  ],
  [
    1672358400000,
    11.616
  ],
  [
    1672444800000,
    12.113
  ],
  [
    1672531200000,
    11.232
  ],
  [
    1672617600000,
    10.912
  ],
  [
    1672704000000,
    11.314
  ],
  [
    1672790400000,
    12.981
  ],
  [
    1672876800000,
    11.202
  ],
  [
    1672963200000,
    11.224
  ],
  [
    1673049600000,
    11.458
  ],
  [
    1673136000000,
    12.484
  ],
  [
    1673222400000,
    11.158
  ],
  [
    1673308800000,
    11.454
  ],
  [
    1673395200000,
    12.325
  ],
  [
    1673481600000,
    11.719
  ],
  [
    1673568000000,
    11.892
  ],
  [
    1673654400000,
    11.263
  ],
  [
    1673740800000,
    12.009
  ],
  [
    1673827200000,
    12.273
  ],
  [
    1673913600000,
    11.742
  ],
  [
    1674000000000,
    12.33
  ],
  [
    1674086400000,
    13.593
  ],
  [
    1674172800000,
    12.821
  ],
  [
    1674259200000,
    12.038
  ],
  [
    1674345600000,
    12.176
  ],
  [
    1674432000000,
    11.438
  ],
  [
    1674518400000,
    11.768
  ],
  [
    1674604800000,
    12.775
  ],
  [
    1674691200000,
    14.131
  ],
  [
    1674777600000,
    11.964
  ],
  [
    1674864000000,
    13.549
  ],
  [
    1674950400000,
    12.297
  ],
  [
    1675036800000,
    15.74
  ],
  [
    1675123200000,
    12.45
  ],
  [
    1675209600000,
    12.312
  ],
  [
    1675296000000,
    12.578
  ],
  [
    1675382400000,
    12.97
  ],
  [
    1675468800000,
    12.828
  ],
  [
    1675555200000,
    13.11
  ],
  [
    1675641600000,
    12.877
  ],
  [
    1675728000000,
    12.486
  ],
  [
    1675814400000,
    12.114
  ],
  [
    1675900800000,
    12.515
  ],
  [
    1675987200000,
    12.8
  ],
  [
    1676073600000,
    12.356
  ],
  [
    1676160000000,
    12.472
  ],
  [
    1676246400000,
    12.464
  ],
  [
    1676332800000,
    12.753
  ],
  [
    1676419200000,
    12.853
  ],
  [
    1676505600000,
    12.81
  ],
  [
    1676592000000,
    12.538
  ],
  [
    1676678400000,
    12.647
  ],
  [
    1676764800000,
    12.65
  ],
  [
    1676851200000,
    12.636
  ],
  [
    1676937600000,
    11.847
  ],
  [
    1677024000000,
    12.112
  ],
  [
    1677110400000,
    13.38
  ],
  [
    1677196800000,
    12.245
  ],
  [
    1677283200000,
    12.407
  ],
  [
    1677369600000,
    11.924
  ],
  [
    1677456000000,
    11.998
  ],
  [
    1677542400000,
    12.574
  ],
  [
    1677628800000,
    12.333
  ],
  [
    1677715200000,
    12.05
  ],
  [
    1677801600000,
    12.494
  ],
  [
    1677888000000,
    12.488
  ],
  [
    1677974400000,
    12.463
  ],
  [
    1678060800000,
    12.205
  ],
  [
    1678147200000,
    12.129
  ],
  [
    1678233600000,
    12.633
  ],
  [
    1678320000000,
    12.296
  ],
  [
    1678406400000,
    12.648
  ],
  [
    1678492800000,
    12.438
  ],
  [
    1678579200000,
    12.639
  ],
  [
    1678665600000,
    12.358
  ],
  [
    1678752000000,
    12.756
  ],
  [
    1678838400000,
    12.428
  ],
  [
    1678924800000,
    14.212
  ],
  [
    1679011200000,
    12.352
  ],
  [
    1679097600000,
    12.733
  ],
  [
    1679184000000,
    14.246
  ],
  [
    1679270400000,
    12.347
  ],
  [
    1679356800000,
    12.306
  ],
  [
    1679443200000,
    13.079
  ],
  [
    1679529600000,
    13.287
  ],
  [
    1679616000000,
    12.853
  ],
  [
    1679702400000,
    12.743
  ],
  [
    1679788800000,
    12.536
  ],
  [
    1679871600000,
    12.435
  ],
  [
    1679958000000,
    12.456
  ],
  [
    1680044400000,
    12.195
  ],
  [
    1680130800000,
    12.538
  ],
  [
    1680217200000,
    13.662
  ],
  [
    1680303600000,
    12.865
  ],
  [
    1680390000000,
    13.173
  ],
  [
    1680476400000,
    12.188
  ],
  [
    1680562800000,
    12.497
  ],
  [
    1680649200000,
    13.69
  ],
  [
    1680735600000,
    12.835
  ],
  [
    1680822000000,
    12.742
  ],
  [
    1680908400000,
    12.848
  ],
  [
    1680994800000,
    12.562
  ],
  [
    1681081200000,
    12.491
  ],
  [
    1681167600000,
    12.776
  ],
  [
    1681254000000,
    12.428
  ],
  [
    1681340400000,
    13.79
  ],
  [
    1681426800000,
    12.276
  ],
  [
    1681513200000,
    12.969
  ],
  [
    1681599600000,
    13.636
  ],
  [
    1681686000000,
    13.257
  ],
  [
    1681772400000,
    13.184
  ],
  [
    1681858800000,
    14.128
  ],
  [
    1681945200000,
    14.627
  ],
  [
    1682031600000,
    15.266
  ],
  [
    1682118000000,
    15.683
  ],
  [
    1682204400000,
    16.097
  ],
  [
    1682290800000,
    15.256
  ],
  [
    1682377200000,
    14.235
  ],
  [
    1682463600000,
    14.745
  ],
  [
    1682550000000,
    14.236
  ],
  [
    1682636400000,
    13.674
  ],
  [
    1682722800000,
    14.782
  ],
  [
    1682809200000,
    14.217
  ],
  [
    1682895600000,
    15.49
  ],
  [
    1682982000000,
    13.707
  ],
  [
    1683068400000,
    13.78
  ],
  [
    1683154800000,
    13.496
  ],
  [
    1683241200000,
    12.585
  ],
  [
    1683327600000,
    12.537
  ],
  [
    1683414000000,
    12.598
  ],
  [
    1683500400000,
    12.773
  ],
  [
    1683586800000,
    13.448
  ],
  [
    1683673200000,
    13.41
  ],
  [
    1683759600000,
    13.655
  ],
  [
    1683846000000,
    13.439
  ],
  [
    1683932400000,
    13.14
  ],
  [
    1684018800000,
    15.036
  ],
  [
    1684105200000,
    13.911
  ],
  [
    1684191600000,
    14.142
  ],
  [
    1684278000000,
    14.322
  ],
  [
    1684364400000,
    13.493
  ],
  [
    1684450800000,
    14.246
  ],
  [
    1684537200000,
    13.734
  ],
  [
    1684623600000,
    24.414
  ],
  [
    1684710000000,
    14.506
  ],
  [
    1684796400000,
    12.481
  ],
  [
    1684882800000,
    15.29
  ],
  [
    1684969200000,
    13.874
  ],
  [
    1685055600000,
    14.344
  ],
  [
    1685142000000,
    14.328
  ],
  [
    1685228400000,
    16.033
  ],
  [
    1685314800000,
    15.998
  ],
  [
    1685401200000,
    15.71
  ],
  [
    1685487600000,
    16.2
  ],
  [
    1685574000000,
    15.521
  ],
  [
    1685660400000,
    16.198
  ],
  [
    1685746800000,
    17.281
  ],
  [
    1685833200000,
    18.602
  ],
  [
    1685919600000,
    18.958
  ],
  [
    1686006000000,
    14.976
  ],
  [
    1686092400000,
    17.271
  ],
  [
    1686178800000,
    16.56
  ],
  [
    1686265200000,
    16.739
  ],
  [
    1686351600000,
    19.224
  ],
  [
    1686438000000,
    20.096
  ],
  [
    1686524400000,
    16.636
  ],
  [
    1686610800000,
    18.18
  ],
  [
    1686697200000,
    16.51
  ],
  [
    1686783600000,
    16.487
  ],
  [
    1686870000000,
    17.167
  ],
  [
    1686956400000,
    17.202
  ],
  [
    1687042800000,
    18.234
  ],
  [
    1687129200000,
    18.437
  ],
  [
    1687215600000,
    19.297
  ],
  [
    1687302000000,
    17.571
  ],
  [
    1687388400000,
    18.332
  ],
  [
    1687474800000,
    20.029
  ],
  [
    1687561200000,
    17.514
  ],
  [
    1687647600000,
    17.235
  ],
  [
    1687734000000,
    18.433
  ],
  [
    1687820400000,
    17.278
  ],
  [
    1687906800000,
    17.633
  ],
  [
    1687993200000,
    17.551
  ],
  [
    1688079600000,
    16.922
  ],
  [
    1688166000000,
    15.825
  ],
  [
    1688252400000,
    17.851
  ],
  [
    1688338800000,
    17.179
  ],
  [
    1688425200000,
    16.264
  ],
  [
    1688511600000,
    16.781
  ],
  [
    1688598000000,
    16.919
  ],
  [
    1688684400000,
    18.397
  ],
  [
    1688770800000,
    16.867
  ],
  [
    1688857200000,
    17.074
  ],
  [
    1688943600000,
    16.228
  ],
  [
    1689030000000,
    16.016
  ],
  [
    1689116400000,
    15.857
  ],
  [
    1689202800000,
    15.926
  ],
  [
    1689289200000,
    16.321
  ],
  [
    1689375600000,
    17.734
  ],
  [
    1689462000000,
    15.932
  ],
  [
    1689548400000,
    17.046
  ],
  [
    1689634800000,
    16.288
  ],
  [
    1689721200000,
    20.192
  ],
  [
    1689807600000,
    15.979
  ],
  [
    1689894000000,
    16.938
  ],
  [
    1689980400000,
    17.001
  ],
  [
    1690066800000,
    18.41
  ],
  [
    1690153200000,
    17.477
  ],
  [
    1690239600000,
    17.774
  ],
  [
    1690326000000,
    18.047
  ],
  [
    1690412400000,
    18.033
  ],
  [
    1690498800000,
    16.948
  ],
  [
    1690585200000,
    18.281
  ],
  [
    1690671600000,
    17.58
  ],
  [
    1690758000000,
    17.06
  ],
  [
    1690844400000,
    16.85
  ],
  [
    1690930800000,
    17.565
  ],
  [
    1691017200000,
    18.175
  ],
  [
    1691103600000,
    17.441
  ],
  [
    1691190000000,
    17.869
  ],
  [
    1691276400000,
    16.85
  ],
  [
    1691362800000,
    17.322
  ],
  [
    1691449200000,
    17.607
  ],
  [
    1691535600000,
    16.296
  ],
  [
    1691622000000,
    34.501
  ],
  [
    1691708400000,
    16.048
  ],
  [
    1691794800000,
    16.963
  ],
  [
    1691881200000,
    17.188
  ],
  [
    1691967600000,
    18.146
  ],
  [
    1692054000000,
    17.118
  ],
  [
    1692140400000,
    17.875
  ],
  [
    1692226800000,
    20.656
  ],
  [
    1692313200000,
    18.227
  ],
  [
    1692399600000,
    18.408
  ],
  [
    1692486000000,
    18.696
  ],
  [
    1692572400000,
    17.733
  ],
  [
    1692658800000,
    17.434
  ],
  [
    1692745200000,
    17.597
  ],
  [
    1692831600000,
    17.808
  ],
  [
    1692918000000,
    17.463
  ],
  [
    1693004400000,
    20.909
  ],
  [
    1693090800000,
    18.475
  ],
  [
    1693177200000,
    17.592
  ],
  [
    1693263600000,
    17.492
  ],
  [
    1693350000000,
    18.302
  ],
  [
    1693436400000,
    18.383
  ],
  [
    1693522800000,
    20.871
  ],
  [
    1693609200000,
    20.23
  ],
  [
    1693695600000,
    18.059
  ],
  [
    1693782000000,
    22.244
  ],
  [
    1693868400000,
    24.223
  ],
  [
    1693954800000,
    21.66
  ],
  [
    1694041200000,
    20.896
  ],
  [
    1694127600000,
    20.447
  ],
  [
    1694214000000,
    21.651
  ],
  [
    1694300400000,
    22.139
  ],
  [
    1694386800000,
    21.815
  ],
  [
    1694473200000,
    22.039
  ],
  [
    1694559600000,
    23.054
  ],
  [
    1694646000000,
    21.452
  ],
  [
    1694732400000,
    21.553
  ],
  [
    1694818800000,
    22.369
  ],
  [
    1694905200000,
    23.446
  ],
  [
    1694991600000,
    22.132
  ],
  [
    1695078000000,
    22.915
  ],
  [
    1695164400000,
    23.69
  ],
  [
    1695250800000,
    24.141
  ],
  [
    1695337200000,
    24.187
  ],
  [
    1695423600000,
    23.626
  ],
  [
    1695510000000,
    22.946
  ],
  [
    1695596400000,
    21.872
  ],
  [
    1695682800000,
    22.068
  ],
  [
    1695769200000,
    21.854
  ],
  [
    1695855600000,
    21.418
  ],
  [
    1695942000000,
    22.732
  ],
  [
    1696028400000,
    21.972
  ],
  [
    1696114800000,
    20.85
  ],
  [
    1696201200000,
    21.326
  ],
  [
    1696287600000,
    22.449
  ],
  [
    1696374000000,
    21.498
  ],
  [
    1696460400000,
    21.832
  ],
  [
    1696546800000,
    21.435
  ],
  [
    1696633200000,
    21.525
  ],
  [
    1696719600000,
    23.658
  ],
  [
    1696806000000,
    21.833
  ],
  [
    1696892400000,
    23.792
  ],
  [
    1696978800000,
    21.982
  ],
  [
    1697065200000,
    22.223
  ],
  [
    1697151600000,
    21.545
  ],
  [
    1697238000000,
    21.52
  ],
  [
    1697324400000,
    22.214
  ],
  [
    1697410800000,
    27.972
  ],
  [
    1697497200000,
    22.536
  ],
  [
    1697583600000,
    22.853
  ],
  [
    1697670000000,
    23.004
  ],
  [
    1697756400000,
    22.177
  ],
  [
    1697842800000,
    22.766
  ],
  [
    1697929200000,
    21.641
  ],
  [
    1698015600000,
    21.724
  ],
  [
    1698102000000,
    21.184
  ],
  [
    1698188400000,
    22.171
  ],
  [
    1698274800000,
    22.622
  ],
  [
    1698361200000,
    21.297
  ],
  [
    1698447600000,
    19.64
  ],
  [
    1698534000000,
    20.746
  ],
  [
    1698624000000,
    21.241
  ],
  [
    1698710400000,
    20.994
  ],
  [
    1698796800000,
    21.796
  ],
  [
    1698883200000,
    21.487
  ],
  [
    1698969600000,
    21.535
  ],
  [
    1699056000000,
    21.626
  ],
  [
    1699142400000,
    20.42
  ],
  [
    1699228800000,
    21.604
  ],
  [
    1699315200000,
    20.912
  ],
  [
    1699401600000,
    21.257
  ],
  [
    1699488000000,
    21.2
  ],
  [
    1699574400000,
    21.604
  ],
  [
    1699660800000,
    21.093
  ],
  [
    1699747200000,
    20.32
  ],
  [
    1699833600000,
    20.268
  ],
  [
    1699920000000,
    20.476
  ],
  [
    1700006400000,
    20.772
  ],
  [
    1700092800000,
    21.136
  ],
  [
    1700179200000,
    21.148
  ],
  [
    1700265600000,
    20.376
  ],
  [
    1700352000000,
    20.63
  ],
  [
    1700438400000,
    21.967
  ],
  [
    1700611200000,
    19.437
  ],
  [
    1700697600000,
    20.142
  ],
  [
    1700784000000,
    19.178
  ],
  [
    1700870400000,
    25.017
  ],
  [
    1700956800000,
    19.481
  ],
  [
    1701043200000,
    19.031
  ],
  [
    1701129600000,
    19.771
  ],
  [
    1701216000000,
    19.247
  ],
  [
    1701302400000,
    18.846
  ],
  [
    1701388800000,
    20.067
  ],
  [
    1701475200000,
    19.902
  ],
  [
    1701561600000,
    20.179
  ],
  [
    1701648000000,
    23.711
  ],
  [
    1701734400000,
    20.85
  ],
  [
    1701820800000,
    29.413
  ],
  [
    1701907200000,
    21.546
  ],
  [
    1701993600000,
    22.3
  ],
  [
    1702080000000,
    23.066
  ],
  [
    1702166400000,
    22.796
  ],
  [
    1702252800000,
    22.968
  ],
  [
    1702339200000,
    22.729
  ],
  [
    1702425600000,
    22.865
  ],
  [
    1702512000000,
    22.41
  ],
  [
    1702598400000,
    21.74
  ],
  [
    1702684800000,
    23.249
  ],
  [
    1702771200000,
    22.66
  ],
  [
    1702857600000,
    20.725
  ],
  [
    1702944000000,
    22.143
  ],
  [
    1703030400000,
    22.691
  ],
  [
    1703116800000,
    22.107
  ],
  [
    1703203200000,
    21.823
  ],
  [
    1703289600000,
    19.533
  ],
  [
    1703376000000,
    22.509
  ],
  [
    1703462400000,
    21.964
  ],
  [
    1703548800000,
    22.788
  ],
  [
    1703635200000,
    22.675
  ],
  [
    1703721600000,
    34.678
  ],
  [
    1703808000000,
    22.329
  ],
  [
    1703894400000,
    22.329
  ],
  [
    1703980800000,
    22.918
  ],
  [
    1704067200000,
    23.171
  ],
  [
    1704153600000,
    22.037
  ],
  [
    1704240000000,
    21.262
  ],
  [
    1704326400000,
    20.559
  ],
  [
    1704412800000,
    32.907
  ],
  [
    1704499200000,
    22.666
  ],
  [
    1704585600000,
    24.04
  ],
  [
    1704672000000,
    23.45
  ],
  [
    1704758400000,
    21.94
  ],
  [
    1704844800000,
    23.023
  ],
  [
    1704931200000,
    26.731
  ],
  [
    1705017600000,
    25.569
  ],
  [
    1705104000000,
    23.209
  ],
  [
    1705190400000,
    22.946
  ],
  [
    1705276800000,
    23.444
  ],
  [
    1705363200000,
    23.193
  ],
  [
    1705449600000,
    25.012
  ],
  [
    1705536000000,
    25.245
  ],
  [
    1705622400000,
    23.756
  ],
  [
    1705708800000,
    23.628
  ],
  [
    1705795200000,
    23.473
  ],
  [
    1705881600000,
    22.387
  ],
  [
    1705968000000,
    23.179
  ],
  [
    1706054400000,
    21.59
  ],
  [
    1706140800000,
    32.096
  ],
  [
    1706227200000,
    25.491
  ],
  [
    1706313600000,
    23.519
  ],
  [
    1706400000000,
    26.127
  ],
  [
    1706486400000,
    24.452
  ],
  [
    1706572800000,
    25.51
  ],
  [
    1706659200000,
    23.976
  ],
  [
    1706745600000,
    23.661
  ],
  [
    1706832000000,
    23.215
  ],
  [
    1706918400000,
    22.847
  ],
  [
    1707004800000,
    21.96
  ],
  [
    1707091200000,
    22.064
  ],
  [
    1707177600000,
    22.521
  ],
  [
    1707264000000,
    22.148
  ],
  [
    1707350400000,
    21.412
  ],
  [
    1707436800000,
    19.727
  ],
  [
    1707523200000,
    26.981
  ],
  [
    1707609600000,
    21.915
  ],
  [
    1707696000000,
    23.234
  ],
  [
    1707782400000,
    22.239
  ],
  [
    1707868800000,
    22.625
  ],
  [
    1707955200000,
    23.538
  ],
  [
    1708041600000,
    23.241
  ],
  [
    1708128000000,
    22.664
  ],
  [
    1708214400000,
    23.397
  ],
  [
    1708300800000,
    23.553
  ],
  [
    1708387200000,
    23.306
  ],
  [
    1708473600000,
    22.984
  ],
  [
    1708560000000,
    23.004
  ],
  [
    1708646400000,
    23.729
  ],
  [
    1708732800000,
    22.753
  ],
  [
    1708819200000,
    22.839
  ],
  [
    1708905600000,
    23.099
  ],
  [
    1708992000000,
    23.639
  ],
  [
    1709078400000,
    23.093
  ],
  [
    1709164800000,
    28.612
  ],
  [
    1709251200000,
    29.577
  ],
  [
    1709337600000,
    25.195
  ],
  [
    1709424000000,
    24.813
  ],
  [
    1709510400000,
    23.99
  ],
  [
    1709596800000,
    25.454
  ],
  [
    1709683200000,
    24.965
  ],
  [
    1709769600000,
    25.128
  ],
  [
    1709856000000,
    22.465
  ],
  [
    1709942400000,
    24.976
  ],
  [
    1710028800000,
    25.615
  ],
  [
    1710115200000,
    25.234
  ],
  [
    1710201600000,
    25.022
  ],
  [
    1710288000000,
    26.711
  ],
  [
    1710374400000,
    24.233
  ],
  [
    1710460800000,
    22.543
  ],
  [
    1710547200000,
    24.225
  ],
  [
    1710633600000,
    23.367
  ],
  [
    1710720000000,
    24.444
  ],
  [
    1710806400000,
    25.398
  ],
  [
    1710892800000,
    26.28
  ],
  [
    1710979200000,
    28.941
  ],
  [
    1711065600000,
    28.344
  ],
  [
    1711152000000,
    24.557
  ],
  [
    1711238400000,
    25.149
  ],
  [
    1711324800000,
    24.977
  ],
  [
    1711411200000,
    22.741
  ],
  [
    1711497600000,
    26.29
  ],
  [
    1711584000000,
    26.587
  ],
  [
    1711670400000,
    26.175
  ],
  [
    1711756800000,
    26.058
  ],
  [
    1711843200000,
    26.715
  ],
  [
    1711926000000,
    28.107
  ],
  [
    1712012400000,
    26.231
  ],
  [
    1712098800000,
    26.323
  ],
  [
    1712185200000,
    26.758
  ],
  [
    1712271600000,
    27.363
  ],
  [
    1712358000000,
    32.521
  ],
  [
    1712444400000,
    31.36
  ],
  [
    1712530800000,
    24.81
  ],
  [
    1712617200000,
    29.7
  ],
  [
    1712703600000,
    27.45
  ],
  [
    1712790000000,
    26.165
  ],
  [
    1712876400000,
    26.476
  ],
  [
    1712962800000,
    26.631
  ],
  [
    1713049200000,
    28.914
  ],
  [
    1713135600000,
    29.798
  ],
  [
    1713222000000,
    27.264
  ],
  [
    1713308400000,
    28.005
  ],
  [
    1713394800000,
    26.715
  ],
  [
    1713481200000,
    26.386
  ],
  [
    1713567600000,
    25.346
  ],
  [
    1713654000000,
    27.639
  ],
  [
    1713740400000,
    25.979
  ],
  [
    1713826800000,
    26.472
  ],
  [
    1713913200000,
    22.613
  ],
  [
    1713999600000,
    27.799
  ],
  [
    1714086000000,
    25.14
  ],
  [
    1714172400000,
    28.47
  ],
  [
    1714258800000,
    27.605
  ],
  [
    1714345200000,
    30.68
  ],
  [
    1714431600000,
    28.44
  ],
  [
    1714518000000,
    27.519
  ],
  [
    1714604400000,
    28.022
  ],
  [
    1714690800000,
    29.226
  ],
  [
    1714777200000,
    27.249
  ],
  [
    1714863600000,
    29.974
  ],
  [
    1714950000000,
    28.752
  ],
  [
    1715036400000,
    30.463
  ],
  [
    1715122800000,
    30.664
  ],
  [
    1715209200000,
    30.122
  ],
  [
    1715295600000,
    33.58
  ],
  [
    1715382000000,
    31.479
  ],
  [
    1715468400000,
    34.98
  ],
  [
    1715554800000,
    31.547
  ],
  [
    1715641200000,
    32.844
  ],
  [
    1715727600000,
    33.622
  ],
  [
    1715814000000,
    30.79
  ],
  [
    1715900400000,
    32.94
  ],
  [
    1715986800000,
    31.424
  ],
  [
    1716073200000,
    35.003
  ],
  [
    1716159600000,
    32.86
  ],
  [
    1716246000000,
    36.74
  ],
  [
    1716393600000,
    30.107
  ],
  [
    1716400800000,
    33.395
  ],
  [
    1716433200000,
    29.99
  ],
  [
    1716444000000,
    34.5
  ],
  [
    1716465600000,
    31.05
  ],
  [
    1716487200000,
    31.35
  ],
  [
    1716494400000,
    32.43
  ],
  [
    1716498000000,
    32.27
  ],
  [
    1716501600000,
    33.49
  ],
  [
    1716505200000,
    33.78
  ],
  [
    1716537600000,
    36.106
  ],
  [
    1716591600000,
    33.78
  ],
  [
    1716620400000,
    34.07
  ],
  [
    1716645600000,
    34.355
  ],
  [
    1716649200000,
    35.803
  ],
  [
    1716667200000,
    36.114
  ],
  [
    1716699600000,
    31.13
  ],
  [
    1716746400000,
    49.708
  ],
  [
    1716760800000,
    37.172
  ],
  [
    1716814800000,
    32.17
  ],
  [
    1716840000000,
    29
  ],
  [
    1716850800000,
    34.7
  ],
  [
    1716894000000,
    34.902
  ],
  [
    1716897600000,
    34.787
  ],
  [
    1716940800000,
    38.318
  ],
  [
    1716991200000,
    34.9
  ],
  [
    1717009200000,
    36.212
  ],
  [
    1717020000000,
    37.73
  ],
  [
    1717027200000,
    38.09
  ],
  [
    1717041600000,
    33.76
  ],
  [
    1717142400000,
    34.31
  ],
  [
    1717171200000,
    34.47
  ],
  [
    1717189200000,
    34.5
  ],
  [
    1717192800000,
    37.86
  ],
  [
    1717210800000,
    39.019
  ],
  [
    1717268400000,
    35
  ],
  [
    1717275600000,
    83.65
  ],
  [
    1717286400000,
    35.88
  ],
  [
    1717358400000,
    38.022
  ],
  [
    1717376400000,
    35
  ],
  [
    1717419600000,
    37.473
  ],
  [
    1717430400000,
    34.98
  ],
  [
    1717491600000,
    35.55
  ],
  [
    1717527600000,
    35.62
  ],
  [
    1717545600000,
    36.11
  ],
  [
    1717574400000,
    34.9
  ],
  [
    1717585200000,
    35.76
  ],
  [
    1717606800000,
    38.624
  ],
  [
    1717621200000,
    35.76
  ],
  [
    1717639200000,
    35.5
  ],
  [
    1717675200000,
    32.59
  ],
  [
    1717686000000,
    35.84
  ],
  [
    1717696800000,
    35.84
  ],
  [
    1717704000000,
    36.905
  ],
  [
    1717707600000,
    32.745
  ],
  [
    1717714800000,
    36.15
  ],
  [
    1717808400000,
    36.18
  ],
  [
    1717812000000,
    36.89
  ],
  [
    1717819200000,
    34.87
  ],
  [
    1717833600000,
    38.057
  ],
  [
    1717894800000,
    35.51
  ],
  [
    1717959600000,
    35.895
  ],
  [
    1717981200000,
    42.14
  ],
  [
    1718017200000,
    37.906
  ],
  [
    1718035200000,
    34.75
  ],
  [
    1718067600000,
    34.79
  ],
  [
    1718082000000,
    34.92
  ],
  [
    1718110800000,
    34.98
  ],
  [
    1718161200000,
    36.087
  ],
  [
    1718208000000,
    21.426
  ],
  [
    1718226000000,
    30.83
  ],
  [
    1718229600000,
    34.59
  ],
  [
    1718269200000,
    30.62
  ],
  [
    1718312400000,
    34.2
  ],
  [
    1718362800000,
    31.29
  ],
  [
    1718366400000,
    34.59
  ],
  [
    1718373600000,
    34.53
  ],
  [
    1718431200000,
    34.62
  ],
  [
    1718438400000,
    33.81
  ],
  [
    1718442000000,
    34.133
  ],
  [
    1718456400000,
    34.66
  ],
  [
    1718460000000,
    33.88
  ],
  [
    1718474400000,
    32.01
  ],
  [
    1718478000000,
    35.84
  ],
  [
    1718481600000,
    30.36
  ],
  [
    1718517600000,
    33.5
  ],
  [
    1718532000000,
    35.302
  ],
  [
    1718571600000,
    32.01
  ],
  [
    1718593200000,
    32.855
  ],
  [
    1718611200000,
    34.092
  ],
  [
    1718636400000,
    33.25
  ],
  [
    1718643600000,
    37.142
  ],
  [
    1718647200000,
    39.46
  ],
  [
    1718668800000,
    35.684
  ],
  [
    1718686800000,
    32.13
  ],
  [
    1718690400000,
    34.092
  ],
  [
    1718701200000,
    30.004
  ],
  [
    1718769600000,
    34.375
  ],
  [
    1718794800000,
    32.23
  ],
  [
    1718812800000,
    34.076
  ],
  [
    1718834400000,
    31.42
  ],
  [
    1718838000000,
    32.23
  ],
  [
    1718841600000,
    35.097
  ],
  [
    1718870400000,
    31.66
  ],
  [
    1718892000000,
    34.91
  ],
  [
    1718910000000,
    32.86
  ],
  [
    1718913600000,
    32.86
  ],
  [
    1718917200000,
    33.72
  ],
  [
    1718920800000,
    32.85
  ],
  [
    1718924400000,
    34.304
  ],
  [
    1718946000000,
    32.25
  ],
  [
    1718989200000,
    35.38
  ],
  [
    1719000000000,
    32.78
  ],
  [
    1719007200000,
    32.62
  ]
]