[
  [
    1574121600000,
    0.395
  ],
  [
    1574208000000,
    0.462
  ],
  [
    1574294400000,
    0.502
  ],
  [
    1574380800000,
    0.516
  ],
  [
    1574467200000,
    0.484
  ],
  [
    1574553600000,
    0.471
  ],
  [
    1574640000000,
    0.491
  ],
  [
    1574726400000,
    0.468
  ],
  [
    1574812800000,
    0.454
  ],
  [
    1574899200000,
    0.495
  ],
  [
    1574985600000,
    0.533
  ],
  [
    1575072000000,
    0.531
  ],
  [
    1575158400000,
    0.593
  ],
  [
    1575244800000,
    0.578
  ],
  [
    1575331200000,
    0.508
  ],
  [
    1575417600000,
    0.458
  ],
  [
    1575504000000,
    0.408
  ],
  [
    1575590400000,
    0.384
  ],
  [
    1575676800000,
    0.388
  ],
  [
    1575763200000,
    0.374
  ],
  [
    1575849600000,
    0.394
  ],
  [
    1575936000000,
    0.375
  ],
  [
    1576022400000,
    0.375
  ],
  [
    1576108800000,
    0.369
  ],
  [
    1576195200000,
    0.359
  ],
  [
    1576281600000,
    0.314
  ],
  [
    1576368000000,
    0.327
  ],
  [
    1576454400000,
    0.322
  ],
  [
    1576540800000,
    0.307
  ],
  [
    1576627200000,
    0.324
  ],
  [
    1576713600000,
    0.325
  ],
  [
    1576800000000,
    0.307
  ],
  [
    1576886400000,
    0.32
  ],
  [
    1576972800000,
    0.313
  ],
  [
    1577059200000,
    1.115
  ],
  [
    1577145600000,
    0.301
  ],
  [
    1577232000000,
    0.3
  ],
  [
    1577318400000,
    0.372
  ],
  [
    1577404800000,
    0.301
  ],
  [
    1577491200000,
    0.37
  ],
  [
    1577577600000,
    0.385
  ],
  [
    1577664000000,
    0.383
  ],
  [
    1577750400000,
    0.408
  ],
  [
    1577836800000,
    0.356
  ],
  [
    1577923200000,
    1.593
  ],
  [
    1578009600000,
    0.312
  ],
  [
    1578096000000,
    0.339
  ],
  [
    1578182400000,
    0.344
  ],
  [
    1578268800000,
    0.341
  ],
  [
    1578355200000,
    0.327
  ],
  [
    1578441600000,
    0.339
  ],
  [
    1578528000000,
    0.335
  ],
  [
    1578614400000,
    0.332
  ],
  [
    1578700800000,
    0.344
  ],
  [
    1578787200000,
    0.341
  ],
  [
    1578873600000,
    0.322
  ],
  [
    1578960000000,
    0.308
  ],
  [
    1579046400000,
    0.318
  ],
  [
    1579132800000,
    0.311
  ],
  [
    1579219200000,
    0.316
  ],
  [
    1579305600000,
    0.307
  ],
  [
    1579392000000,
    0.305
  ],
  [
    1579478400000,
    0.329
  ],
  [
    1579564800000,
    0.308
  ],
  [
    1579651200000,
    0.299
  ],
  [
    1579737600000,
    0.291
  ],
  [
    1579824000000,
    0.291
  ],
  [
    1579910400000,
    0.294
  ],
  [
    1579996800000,
    0.283
  ],
  [
    1580083200000,
    0.305
  ],
  [
    1580169600000,
    0.29
  ],
  [
    1580256000000,
    0.299
  ],
  [
    1580342400000,
    0.311
  ],
  [
    1580428800000,
    0.296
  ],
  [
    1580515200000,
    0.317
  ],
  [
    1580601600000,
    0.299
  ],
  [
    1580688000000,
    0.37
  ],
  [
    1580774400000,
    0.668
  ],
  [
    1580860800000,
    0.571
  ],
  [
    1580947200000,
    0.568
  ],
  [
    1581033600000,
    0.484
  ],
  [
    1581120000000,
    0.426
  ],
  [
    1581206400000,
    0.396
  ],
  [
    1581292800000,
    0.363
  ],
  [
    1581379200000,
    0.35
  ],
  [
    1581465600000,
    0.374
  ],
  [
    1581552000000,
    0.376
  ],
  [
    1581638400000,
    2.223
  ],
  [
    1581724800000,
    0.407
  ],
  [
    1581811200000,
    0.401
  ],
  [
    1581897600000,
    0.405
  ],
  [
    1581984000000,
    0.393
  ],
  [
    1582070400000,
    0.354
  ],
  [
    1582156800000,
    0.342
  ],
  [
    1582243200000,
    0.354
  ],
  [
    1582329600000,
    0.385
  ],
  [
    1582416000000,
    0.435
  ],
  [
    1582502400000,
    0.486
  ],
  [
    1582588800000,
    0.467
  ],
  [
    1582675200000,
    0.444
  ],
  [
    1582761600000,
    0.452
  ],
  [
    1582848000000,
    0.475
  ],
  [
    1582934400000,
    0.52
  ],
  [
    1583020800000,
    0.496
  ],
  [
    1583107200000,
    0.467
  ],
  [
    1583193600000,
    0.474
  ],
  [
    1583280000000,
    0.449
  ],
  [
    1583366400000,
    0.459
  ],
  [
    1583452800000,
    0.4
  ],
  [
    1583539200000,
    0.394
  ],
  [
    1583625600000,
    0.396
  ],
  [
    1583712000000,
    0.376
  ],
  [
    1583798400000,
    0.393
  ],
  [
    1583884800000,
    0.382
  ],
  [
    1583971200000,
    0.385
  ],
  [
    1584057600000,
    0.391
  ],
  [
    1584144000000,
    0.4
  ],
  [
    1584230400000,
    0.369
  ],
  [
    1584316800000,
    0.383
  ],
  [
    1584403200000,
    0.372
  ],
  [
    1584489600000,
    0.373
  ],
  [
    1584576000000,
    0.38
  ],
  [
    1584662400000,
    0.428
  ],
  [
    1584748800000,
    0.482
  ],
  [
    1584835200000,
    0.45
  ],
  [
    1584921600000,
    0.418
  ],
  [
    1585008000000,
    0.418
  ],
  [
    1585094400000,
    0.444
  ],
  [
    1585180800000,
    0.426
  ],
  [
    1585267200000,
    0.449
  ],
  [
    1585353600000,
    0.429
  ],
  [
    1585440000000,
    0.509
  ],
  [
    1585522800000,
    0.56
  ],
  [
    1585609200000,
    0.432
  ],
  [
    1585695600000,
    0.433
  ],
  [
    1585782000000,
    0.412
  ],
  [
    1585868400000,
    0.425
  ],
  [
    1585954800000,
    0.446
  ],
  [
    1586041200000,
    0.446
  ],
  [
    1586127600000,
    0.459
  ],
  [
    1586214000000,
    0.437
  ],
  [
    1586300400000,
    0.447
  ],
  [
    1586386800000,
    0.451
  ],
  [
    1586473200000,
    0.465
  ],
  [
    1586559600000,
    0.452
  ],
  [
    1586646000000,
    0.442
  ],
  [
    1586732400000,
    0.451
  ],
  [
    1586818800000,
    0.446
  ],
  [
    1586905200000,
    0.452
  ],
  [
    1586991600000,
    0.439
  ],
  [
    1587078000000,
    0.447
  ],
  [
    1587164400000,
    0.442
  ],
  [
    1587250800000,
    0.458
  ],
  [
    1587337200000,
    0.48
  ],
  [
    1587423600000,
    0.455
  ],
  [
    1587510000000,
    0.433
  ],
  [
    1587596400000,
    0.464
  ],
  [
    1587682800000,
    0.465
  ],
  [
    1587769200000,
    0.484
  ],
  [
    1587855600000,
    0.485
  ],
  [
    1587942000000,
    0.502
  ],
  [
    1588028400000,
    0.493
  ],
  [
    1588114800000,
    0.538
  ],
  [
    1588201200000,
    0.57
  ],
  [
    1588287600000,
    0.561
  ],
  [
    1588374000000,
    0.596
  ],
  [
    1588460400000,
    0.615
  ],
  [
    1588546800000,
    0.73
  ],
  [
    1588633200000,
    0.753
  ],
  [
    1588719600000,
    0.718
  ],
  [
    1588806000000,
    0.716
  ],
  [
    1588892400000,
    0.679
  ],
  [
    1588978800000,
    0.717
  ],
  [
    1589065200000,
    0.742
  ],
  [
    1589151600000,
    0.745
  ],
  [
    1589238000000,
    0.743
  ],
  [
    1589324400000,
    0.733
  ],
  [
    1589410800000,
    0.737
  ],
  [
    1589497200000,
    0.751
  ],
  [
    1589583600000,
    0.775
  ],
  [
    1589670000000,
    0.837
  ],
  [
    1589756400000,
    0.866
  ],
  [
    1589842800000,
    0.879
  ],
  [
    1589929200000,
    0.874
  ],
  [
    1590015600000,
    0.911
  ],
  [
    1590102000000,
    0.934
  ],
  [
    1590188400000,
    0.9
  ],
  [
    1590274800000,
    0.833
  ],
  [
    1590361200000,
    0.835
  ],
  [
    1590447600000,
    0.771
  ],
  [
    1590534000000,
    0.764
  ],
  [
    1590620400000,
    0.745
  ],
  [
    1590706800000,
    0.812
  ],
  [
    1590793200000,
    0.793
  ],
  [
    1590879600000,
    0.823
  ],
  [
    1590966000000,
    0.864
  ],
  [
    1591052400000,
    0.877
  ],
  [
    1591138800000,
    0.824
  ],
  [
    1591225200000,
    0.861
  ],
  [
    1591311600000,
    0.875
  ],
  [
    1591398000000,
    0.821
  ],
  [
    1591484400000,
    0.821
  ],
  [
    1591570800000,
    0.824
  ],
  [
    1591657200000,
    0.81
  ],
  [
    1591743600000,
    0.837
  ],
  [
    1591830000000,
    0.832
  ],
  [
    1591916400000,
    0.849
  ],
  [
    1592002800000,
    0.818
  ],
  [
    1592089200000,
    0.786
  ],
  [
    1592175600000,
    0.82
  ],
  [
    1592262000000,
    0.852
  ],
  [
    1592348400000,
    0.775
  ],
  [
    1592434800000,
    0.818
  ],
  [
    1592521200000,
    0.825
  ],
  [
    1592607600000,
    0.768
  ],
  [
    1592694000000,
    0.778
  ],
  [
    1592780400000,
    0.822
  ],
  [
    1592866800000,
    0.785
  ],
  [
    1592953200000,
    0.792
  ],
  [
    1593039600000,
    0.764
  ],
  [
    1593126000000,
    0.726
  ],
  [
    1593212400000,
    1.829
  ],
  [
    1593298800000,
    0.706
  ],
  [
    1593385200000,
    0.708
  ],
  [
    1593471600000,
    0.719
  ],
  [
    1593558000000,
    0.73
  ],
  [
    1593644400000,
    0.745
  ],
  [
    1593730800000,
    0.79
  ],
  [
    1593817200000,
    0.731
  ],
  [
    1593903600000,
    0.758
  ],
  [
    1593990000000,
    0.734
  ],
  [
    1594076400000,
    0.745
  ],
  [
    1594162800000,
    0.78
  ],
  [
    1594249200000,
    0.785
  ],
  [
    1594335600000,
    0.812
  ],
  [
    1594422000000,
    0.853
  ],
  [
    1594508400000,
    0.872
  ],
  [
    1594594800000,
    0.873
  ],
  [
    1594681200000,
    0.889
  ],
  [
    1594767600000,
    0.918
  ],
  [
    1594854000000,
    0.955
  ],
  [
    1594940400000,
    0.955
  ],
  [
    1595026800000,
    0.991
  ],
  [
    1595113200000,
    1.007
  ],
  [
    1595199600000,
    0.979
  ],
  [
    1595286000000,
    0.994
  ],
  [
    1595372400000,
    0.984
  ],
  [
    1595458800000,
    0.996
  ],
  [
    1595545200000,
    1.003
  ],
  [
    1595631600000,
    1.028
  ],
  [
    1595718000000,
    1.036
  ],
  [
    1595804400000,
    1.01
  ],
  [
    1595890800000,
    1.02
  ],
  [
    1595977200000,
    0.988
  ],
  [
    1596063600000,
    1.126
  ],
  [
    1596150000000,
    1.153
  ],
  [
    1596236400000,
    1.089
  ],
  [
    1596322800000,
    1.112
  ],
  [
    1596409200000,
    1.219
  ],
  [
    1596495600000,
    1.23
  ],
  [
    1596582000000,
    1.262
  ],
  [
    1596668400000,
    1.119
  ],
  [
    1596754800000,
    1.138
  ],
  [
    1596841200000,
    1.165
  ],
  [
    1596927600000,
    1.212
  ],
  [
    1597014000000,
    1.22
  ],
  [
    1597100400000,
    1.308
  ],
  [
    1597186800000,
    1.341
  ],
  [
    1597273200000,
    1.352
  ],
  [
    1597359600000,
    1.325
  ],
  [
    1597446000000,
    1.377
  ],
  [
    1597532400000,
    1.218
  ],
  [
    1597618800000,
    1.276
  ],
  [
    1597705200000,
    1.385
  ],
  [
    1597791600000,
    1.22
  ],
  [
    1597878000000,
    1.114
  ],
  [
    1597964400000,
    1.091
  ],
  [
    1598050800000,
    1.096
  ],
  [
    1598137200000,
    1.068
  ],
  [
    1598223600000,
    0.995
  ],
  [
    1598310000000,
    0.989
  ],
  [
    1598396400000,
    0.997
  ],
  [
    1598482800000,
    0.998
  ],
  [
    1598569200000,
    1.034
  ],
  [
    1598655600000,
    1.026
  ],
  [
    1598742000000,
    1.024
  ],
  [
    1598828400000,
    0.996
  ],
  [
    1598914800000,
    0.996
  ],
  [
    1599001200000,
    0.972
  ],
  [
    1599087600000,
    0.983
  ],
  [
    1599174000000,
    1.032
  ],
  [
    1599260400000,
    1.082
  ],
  [
    1599346800000,
    1.02
  ],
  [
    1599433200000,
    0.997
  ],
  [
    1599519600000,
    1.006
  ],
  [
    1599606000000,
    1.054
  ],
  [
    1599692400000,
    1.013
  ],
  [
    1599778800000,
    1.115
  ],
  [
    1599865200000,
    1.171
  ],
  [
    1599951600000,
    1.051
  ],
  [
    1600038000000,
    1.07
  ],
  [
    1600124400000,
    1.041
  ],
  [
    1600210800000,
    1.046
  ],
  [
    1600297200000,
    1.036
  ],
  [
    1600383600000,
    0.967
  ],
  [
    1600470000000,
    0.988
  ],
  [
    1600556400000,
    0.99
  ],
  [
    1600642800000,
    1.028
  ],
  [
    1600729200000,
    1.065
  ],
  [
    1600815600000,
    1.039
  ],
  [
    1600902000000,
    1.02
  ],
  [
    1600988400000,
    1.056
  ],
  [
    1601074800000,
    1.069
  ],
  [
    1601161200000,
    1.003
  ],
  [
    1601247600000,
    1.03
  ],
  [
    1601334000000,
    1.054
  ],
  [
    1601420400000,
    1.071
  ],
  [
    1601506800000,
    1.077
  ],
  [
    1601593200000,
    1.073
  ],
  [
    1601679600000,
    1.118
  ],
  [
    1601766000000,
    1.097
  ],
  [
    1601852400000,
    1.126
  ],
  [
    1601938800000,
    1.109
  ],
  [
    1602025200000,
    1.152
  ],
  [
    1602111600000,
    1.179
  ],
  [
    1602198000000,
    1.24
  ],
  [
    1602284400000,
    1.21
  ],
  [
    1602370800000,
    1.235
  ],
  [
    1602457200000,
    1.27
  ],
  [
    1602543600000,
    1.274
  ],
  [
    1602630000000,
    1.226
  ],
  [
    1602716400000,
    1.209
  ],
  [
    1602802800000,
    1.275
  ],
  [
    1602889200000,
    1.265
  ],
  [
    1602975600000,
    1.265
  ],
  [
    1603062000000,
    1.288
  ],
  [
    1603148400000,
    1.206
  ],
  [
    1603234800000,
    1.272
  ],
  [
    1603321200000,
    1.232
  ],
  [
    1603407600000,
    1.219
  ],
  [
    1603494000000,
    1.194
  ],
  [
    1603580400000,
    1.279
  ],
  [
    1603670400000,
    1.162
  ],
  [
    1603756800000,
    1.225
  ],
  [
    1603843200000,
    1.247
  ],
  [
    1603929600000,
    1.196
  ],
  [
    1604016000000,
    1.143
  ],
  [
    1604102400000,
    1.213
  ],
  [
    1604188800000,
    1.261
  ],
  [
    1604275200000,
    1.229
  ],
  [
    1604361600000,
    1.206
  ],
  [
    1604448000000,
    1.249
  ],
  [
    1604534400000,
    1.346
  ],
  [
    1604620800000,
    1.366
  ],
  [
    1604707200000,
    1.281
  ],
  [
    1604793600000,
    1.272
  ],
  [
    1604880000000,
    1.278
  ],
  [
    1604966400000,
    1.24
  ],
  [
    1605052800000,
    1.208
  ],
  [
    1605139200000,
    1.207
  ],
  [
    1605225600000,
    1.24
  ],
  [
    1605312000000,
    1.231
  ],
  [
    1605398400000,
    1.218
  ],
  [
    1605484800000,
    1.23
  ],
  [
    1605571200000,
    1.164
  ],
  [
    1605657600000,
    1.185
  ],
  [
    1605744000000,
    1.226
  ],
  [
    1605830400000,
    1.205
  ],
  [
    1605916800000,
    1.235
  ],
  [
    1606003200000,
    1.29
  ],
  [
    1606089600000,
    1.213
  ],
  [
    1606176000000,
    1.253
  ],
  [
    1606262400000,
    1.199
  ],
  [
    1606348800000,
    1.288
  ],
  [
    1606435200000,
    1.257
  ],
  [
    1606521600000,
    1.271
  ],
  [
    1606608000000,
    1.159
  ],
  [
    1606694400000,
    1.157
  ],
  [
    1606780800000,
    1.181
  ],
  [
    1606867200000,
    1.249
  ],
  [
    1606953600000,
    1.109
  ],
  [
    1607040000000,
    0.987
  ],
  [
    1607126400000,
    0.95
  ],
  [
    1607212800000,
    0.935
  ],
  [
    1607299200000,
    0.959
  ],
  [
    1607385600000,
    0.962
  ],
  [
    1607472000000,
    0.953
  ],
  [
    1607558400000,
    0.944
  ],
  [
    1607644800000,
    0.956
  ],
  [
    1607731200000,
    0.919
  ],
  [
    1607817600000,
    0.986
  ],
  [
    1607904000000,
    0.888
  ],
  [
    1607990400000,
    0.95
  ],
  [
    1608076800000,
    0.968
  ],
  [
    1608163200000,
    0.994
  ],
  [
    1608249600000,
    1.003
  ],
  [
    1608336000000,
    0.924
  ],
  [
    1608422400000,
    0.994
  ],
  [
    1608508800000,
    0.955
  ],
  [
    1608595200000,
    1.018
  ],
  [
    1608681600000,
    0.96
  ],
  [
    1608768000000,
    0.963
  ],
  [
    1608854400000,
    0.963
  ],
  [
    1608940800000,
    0.997
  ],
  [
    1609027200000,
    1.045
  ],
  [
    1609113600000,
    1.076
  ],
  [
    1609200000000,
    1.158
  ],
  [
    1609286400000,
    1.105
  ],
  [
    1609372800000,
    1.17
  ],
  [
    1609459200000,
    1.321
  ],
  [
    1609545600000,
    1.315
  ],
  [
    1609632000000,
    1.35
  ],
  [
    1609718400000,
    1.489
  ],
  [
    1609804800000,
    1.637
  ],
  [
    1609891200000,
    1.673
  ],
  [
    1609977600000,
    1.631
  ],
  [
    1610064000000,
    1.615
  ],
  [
    1610150400000,
    1.679
  ],
  [
    1610236800000,
    1.685
  ],
  [
    1610323200000,
    1.521
  ],
  [
    1610409600000,
    1.669
  ],
  [
    1610496000000,
    1.696
  ],
  [
    1610582400000,
    1.669
  ],
  [
    1610668800000,
    1.79
  ],
  [
    1610755200000,
    1.76
  ],
  [
    1610841600000,
    1.784
  ],
  [
    1610928000000,
    1.724
  ],
  [
    1611014400000,
    1.781
  ],
  [
    1611100800000,
    1.694
  ],
  [
    1611187200000,
    1.642
  ],
  [
    1611273600000,
    1.67
  ],
  [
    1611360000000,
    1.721
  ],
  [
    1611446400000,
    1.669
  ],
  [
    1611532800000,
    1.73
  ],
  [
    1611619200000,
    1.659
  ],
  [
    1611705600000,
    1.646
  ],
  [
    1611792000000,
    1.575
  ],
  [
    1611878400000,
    1.605
  ],
  [
    1611964800000,
    1.409
  ],
  [
    1612051200000,
    1.459
  ],
  [
    1612137600000,
    1.576
  ],
  [
    1612224000000,
    1.554
  ],
  [
    1612310400000,
    1.685
  ],
  [
    1612396800000,
    1.744
  ],
  [
    1612483200000,
    1.782
  ],
  [
    1612569600000,
    1.778
  ],
  [
    1612656000000,
    1.883
  ],
  [
    1612742400000,
    1.799
  ],
  [
    1612828800000,
    1.741
  ],
  [
    1612915200000,
    1.75
  ],
  [
    1613001600000,
    1.717
  ],
  [
    1613088000000,
    1.695
  ],
  [
    1613174400000,
    1.586
  ],
  [
    1613260800000,
    1.527
  ],
  [
    1613347200000,
    1.538
  ],
  [
    1613433600000,
    1.488
  ],
  [
    1613520000000,
    1.541
  ],
  [
    1613606400000,
    1.542
  ],
  [
    1613692800000,
    1.633
  ],
  [
    1613779200000,
    1.718
  ],
  [
    1613865600000,
    1.704
  ],
  [
    1613952000000,
    1.782
  ],
  [
    1614038400000,
    1.785
  ],
  [
    1614124800000,
    1.757
  ],
  [
    1614211200000,
    1.592
  ],
  [
    1614297600000,
    1.801
  ],
  [
    1614384000000,
    1.859
  ],
  [
    1614470400000,
    1.77
  ],
  [
    1614556800000,
    1.755
  ],
  [
    1614643200000,
    1.697
  ],
  [
    1614729600000,
    1.811
  ],
  [
    1614816000000,
    1.887
  ],
  [
    1614902400000,
    1.919
  ],
  [
    1614988800000,
    1.904
  ],
  [
    1615075200000,
    2.002
  ],
  [
    1615161600000,
    1.854
  ],
  [
    1615248000000,
    1.858
  ],
  [
    1615334400000,
    1.898
  ],
  [
    1615420800000,
    2.062
  ],
  [
    1615507200000,
    1.937
  ],
  [
    1615593600000,
    1.896
  ],
  [
    1615680000000,
    1.86
  ],
  [
    1615766400000,
    1.794
  ],
  [
    1615852800000,
    1.712
  ],
  [
    1615939200000,
    1.948
  ],
  [
    1616025600000,
    1.823
  ],
  [
    1616112000000,
    1.874
  ],
  [
    1616198400000,
    1.875
  ],
  [
    1616284800000,
    2.023
  ],
  [
    1616371200000,
    2.281
  ],
  [
    1616457600000,
    2.33
  ],
  [
    1616544000000,
    2.733
  ],
  [
    1616630400000,
    2.692
  ],
  [
    1616716800000,
    3.06
  ],
  [
    1616803200000,
    3.203
  ],
  [
    1616889600000,
    2.89
  ],
  [
    1616972400000,
    3.177
  ],
  [
    1617058800000,
    3.054
  ],
  [
    1617145200000,
    2.741
  ],
  [
    1617231600000,
    2.808
  ],
  [
    1617318000000,
    2.813
  ],
  [
    1617404400000,
    2.639
  ],
  [
    1617490800000,
    2.892
  ],
  [
    1617577200000,
    2.574
  ],
  [
    1617663600000,
    2.736
  ],
  [
    1617750000000,
    2.687
  ],
  [
    1617836400000,
    2.423
  ],
  [
    1617922800000,
    2.521
  ],
  [
    1618009200000,
    2.555
  ],
  [
    1618095600000,
    2.513
  ],
  [
    1618182000000,
    2.408
  ],
  [
    1618268400000,
    2.78
  ],
  [
    1618354800000,
    2.761
  ],
  [
    1618441200000,
    2.675
  ],
  [
    1618527600000,
    2.953
  ],
  [
    1618614000000,
    3.054
  ],
  [
    1618700400000,
    2.802
  ],
  [
    1618786800000,
    2.887
  ],
  [
    1618873200000,
    3.096
  ],
  [
    1618959600000,
    2.998
  ],
  [
    1619046000000,
    3.061
  ],
  [
    1619132400000,
    2.875
  ],
  [
    1619218800000,
    2.97
  ],
  [
    1619305200000,
    2.842
  ],
  [
    1619391600000,
    2.838
  ],
  [
    1619478000000,
    2.889
  ],
  [
    1619564400000,
    2.933
  ],
  [
    1619650800000,
    2.992
  ],
  [
    1619737200000,
    3.132
  ],
  [
    1619823600000,
    3.266
  ],
  [
    1619910000000,
    3.524
  ],
  [
    1619996400000,
    3.55
  ],
  [
    1620082800000,
    3.619
  ],
  [
    1620169200000,
    3.529
  ],
  [
    1620255600000,
    3.803
  ],
  [
    1620342000000,
    3.992
  ],
  [
    1620428400000,
    3.857
  ],
  [
    1620514800000,
    3.36
  ],
  [
    1620601200000,
    3.545
  ],
  [
    1620687600000,
    3.292
  ],
  [
    1620774000000,
    3.668
  ],
  [
    1620860400000,
    3.595
  ],
  [
    1620946800000,
    3.41
  ],
  [
    1621033200000,
    3.463
  ],
  [
    1621119600000,
    3.483
  ],
  [
    1621206000000,
    3.875
  ],
  [
    1621292400000,
    3.98
  ],
  [
    1621378800000,
    4.37
  ],
  [
    1621465200000,
    4.569
  ],
  [
    1621551600000,
    4.247
  ],
  [
    1621638000000,
    5.124
  ],
  [
    1621724400000,
    6.107
  ],
  [
    1621810800000,
    5.44
  ],
  [
    1621897200000,
    6.772
  ],
  [
    1621983600000,
    7.643
  ],
  [
    1622070000000,
    7.444
  ],
  [
    1622156400000,
    6.54
  ],
  [
    1622242800000,
    7
  ],
  [
    1622329200000,
    7.02
  ],
  [
    1622415600000,
    7.1
  ],
  [
    1622502000000,
    8.171
  ],
  [
    1622588400000,
    8.193
  ],
  [
    1622674800000,
    8.882
  ],
  [
    1622761200000,
    8.378
  ],
  [
    1622847600000,
    9.377
  ],
  [
    1622934000000,
    9.327
  ],
  [
    1623020400000,
    9.098
  ],
  [
    1623106800000,
    9.468
  ],
  [
    1623193200000,
    9.713
  ],
  [
    1623279600000,
    9.502
  ],
  [
    1623366000000,
    10.53
  ],
  [
    1623452400000,
    11.097
  ],
  [
    1623538800000,
    6.695
  ],
  [
    1623625200000,
    10.808
  ],
  [
    1623711600000,
    10.447
  ],
  [
    1623798000000,
    8.318
  ],
  [
    1623884400000,
    9.5
  ],
  [
    1623970800000,
    8.905
  ],
  [
    1624057200000,
    9.433
  ],
  [
    1624143600000,
    9.327
  ],
  [
    1624230000000,
    9.33
  ],
  [
    1624316400000,
    9.214
  ],
  [
    1624402800000,
    8.32
  ],
  [
    1624489200000,
    8.45
  ],
  [
    1624575600000,
    6.613
  ],
  [
    1624662000000,
    7.858
  ],
  [
    1624748400000,
    7.418
  ],
  [
    1624921200000,
    7.58
  ],
  [
    1625007600000,
    7.133
  ],
  [
    1625094000000,
    7.667
  ],
  [
    1625180400000,
    7.59
  ],
  [
    1625266800000,
    7.291
  ],
  [
    1625353200000,
    7.175
  ],
  [
    1625526000000,
    7.26
  ],
  [
    1625612400000,
    4.831
  ],
  [
    1625698800000,
    6.117
  ],
  [
    1625785200000,
    6.583
  ],
  [
    1625871600000,
    6.519
  ],
  [
    1625958000000,
    6.311
  ],
  [
    1626044400000,
    6.307
  ],
  [
    1626130800000,
    6.313
  ],
  [
    1626217200000,
    6.406
  ],
  [
    1626303600000,
    6.271
  ],
  [
    1626390000000,
    6.519
  ],
  [
    1626476400000,
    6.564
  ],
  [
    1626562800000,
    7.235
  ],
  [
    1626735600000,
    7.143
  ],
  [
    1626822000000,
    7.2
  ],
  [
    1626908400000,
    5.272
  ],
  [
    1626994800000,
    7.099
  ],
  [
    1627081200000,
    7.578
  ],
  [
    1627167600000,
    6.865
  ],
  [
    1627254000000,
    6.945
  ],
  [
    1627340400000,
    7.039
  ],
  [
    1627426800000,
    6.545
  ],
  [
    1627599600000,
    5.66
  ],
  [
    1627686000000,
    6.734
  ],
  [
    1627772400000,
    5.16
  ],
  [
    1627858800000,
    7.279
  ],
  [
    1627945200000,
    7.355
  ],
  [
    1628031600000,
    6.838
  ],
  [
    1628118000000,
    6.699
  ],
  [
    1628204400000,
    6.978
  ],
  [
    1628290800000,
    6.806
  ],
  [
    1628377200000,
    6.96
  ],
  [
    1628550000000,
    6.509
  ],
  [
    1628636400000,
    6.286
  ],
  [
    1628722800000,
    6.182
  ],
  [
    1628809200000,
    5.753
  ],
  [
    1628982000000,
    6.368
  ],
  [
    1629068400000,
    5.42
  ],
  [
    1629154800000,
    5.81
  ],
  [
    1629327600000,
    5.816
  ],
  [
    1629414000000,
    5.49
  ],
  [
    1629500400000,
    6.015
  ],
  [
    1629759600000,
    6.17
  ],
  [
    1629846000000,
    5.916
  ],
  [
    1629932400000,
    6.067
  ],
  [
    1630018800000,
    6.008
  ],
  [
    1630105200000,
    5.695
  ],
  [
    1630191600000,
    6.131
  ],
  [
    1630364400000,
    6.232
  ],
  [
    1630450800000,
    5.91
  ],
  [
    1630537200000,
    5.61
  ],
  [
    1630623600000,
    5.673
  ],
  [
    1630710000000,
    6.242
  ],
  [
    1630796400000,
    5.588
  ],
  [
    1630882800000,
    5.948
  ],
  [
    1630969200000,
    5.35
  ],
  [
    1631055600000,
    5.829
  ],
  [
    1631228400000,
    6.025
  ],
  [
    1631314800000,
    5.35
  ],
  [
    1631487600000,
    4.898
  ],
  [
    1631660400000,
    6.248
  ],
  [
    1631833200000,
    6.265
  ],
  [
    1631919600000,
    5
  ],
  [
    1632006000000,
    5.165
  ],
  [
    1632265200000,
    5.294
  ],
  [
    1632351600000,
    3.586
  ],
  [
    1632524400000,
    4.63
  ],
  [
    1632610800000,
    4.652
  ],
  [
    1632697200000,
    3.77
  ],
  [
    1632783600000,
    4.179
  ],
  [
    1632870000000,
    3.99
  ],
  [
    1632956400000,
    4.29
  ],
  [
    1633042800000,
    4.512
  ],
  [
    1633129200000,
    4.274
  ],
  [
    1633215600000,
    4.192
  ],
  [
    1633302000000,
    4.587
  ],
  [
    1633388400000,
    4.053
  ],
  [
    1633474800000,
    4.435
  ],
  [
    1633561200000,
    4.223
  ],
  [
    1633647600000,
    4.338
  ],
  [
    1633734000000,
    4.339
  ],
  [
    1633820400000,
    4.107
  ],
  [
    1633906800000,
    4.15
  ],
  [
    1634079600000,
    3.93
  ],
  [
    1634166000000,
    4.255
  ],
  [
    1634252400000,
    4.292
  ],
  [
    1634338800000,
    4.343
  ],
  [
    1634425200000,
    4.28
  ],
  [
    1634511600000,
    4.172
  ],
  [
    1634598000000,
    4.148
  ],
  [
    1634684400000,
    4.12
  ],
  [
    1634770800000,
    4.469
  ],
  [
    1634857200000,
    4.066
  ],
  [
    1634943600000,
    3.828
  ],
  [
    1635030000000,
    3.794
  ],
  [
    1635116400000,
    4.074
  ],
  [
    1635289200000,
    2.8
  ],
  [
    1635375600000,
    4.013
  ],
  [
    1635462000000,
    3.742
  ],
  [
    1635548400000,
    3.877
  ],
  [
    1635634800000,
    2.695
  ],
  [
    1635811200000,
    4.247
  ],
  [
    1635897600000,
    4.391
  ],
  [
    1635984000000,
    4.28
  ],
  [
    1636070400000,
    4.446
  ],
  [
    1636156800000,
    4.45
  ],
  [
    1636243200000,
    4.147
  ],
  [
    1636329600000,
    3.389
  ],
  [
    1636416000000,
    3.988
  ],
  [
    1636502400000,
    4.199
  ],
  [
    1636588800000,
    3.918
  ],
  [
    1636675200000,
    3.528
  ],
  [
    1636761600000,
    4.121
  ],
  [
    1636934400000,
    4.095
  ],
  [
    1637020800000,
    4.346
  ],
  [
    1637107200000,
    4.541
  ],
  [
    1637193600000,
    4.452
  ],
  [
    1637280000000,
    4.587
  ],
  [
    1637452800000,
    5.049
  ],
  [
    1637539200000,
    4.902
  ],
  [
    1637625600000,
    3.369
  ],
  [
    1637712000000,
    4.87
  ],
  [
    1637798400000,
    5.05
  ],
  [
    1637884800000,
    4.365
  ],
  [
    1637971200000,
    4.346
  ],
  [
    1638057600000,
    4.796
  ],
  [
    1638230400000,
    4.06
  ],
  [
    1638316800000,
    4.308
  ],
  [
    1638576000000,
    5.66
  ],
  [
    1638662400000,
    5.769
  ],
  [
    1638748800000,
    5.87
  ],
  [
    1638835200000,
    6.22
  ],
  [
    1638921600000,
    6.007
  ],
  [
    1639008000000,
    6.42
  ],
  [
    1639094400000,
    6.49
  ],
  [
    1639180800000,
    6.165
  ],
  [
    1639267200000,
    6.101
  ],
  [
    1639353600000,
    5.36
  ],
  [
    1639526400000,
    5.004
  ],
  [
    1639612800000,
    6.003
  ],
  [
    1639785600000,
    5.396
  ],
  [
    1639872000000,
    5.551
  ],
  [
    1640044800000,
    5.22
  ],
  [
    1640131200000,
    6.058
  ],
  [
    1640390400000,
    5.26
  ],
  [
    1640476800000,
    5.675
  ],
  [
    1640563200000,
    6.12
  ],
  [
    1640649600000,
    5.31
  ],
  [
    1640736000000,
    6.174
  ],
  [
    1640908800000,
    5.944
  ],
  [
    1640995200000,
    5.26
  ],
  [
    1641081600000,
    5.964
  ],
  [
    1641168000000,
    6.489
  ],
  [
    1641254400000,
    5.981
  ],
  [
    1641340800000,
    6.545
  ],
  [
    1641513600000,
    5.41
  ],
  [
    1641600000000,
    5.565
  ],
  [
    1641686400000,
    5.711
  ],
  [
    1641772800000,
    6.469
  ],
  [
    1642032000000,
    6.073
  ],
  [
    1642118400000,
    5.866
  ],
  [
    1642204800000,
    6.75
  ],
  [
    1642291200000,
    6.78
  ],
  [
    1642636800000,
    6.773
  ],
  [
    1642723200000,
    6.971
  ],
  [
    1642809600000,
    7.095
  ],
  [
    1642896000000,
    6.339
  ],
  [
    1643068800000,
    6.676
  ],
  [
    1643155200000,
    6.4
  ],
  [
    1643241600000,
    5.721
  ],
  [
    1643414400000,
    5.586
  ],
  [
    1643587200000,
    6.02
  ],
  [
    1643760000000,
    5.801
  ],
  [
    1643846400000,
    6.415
  ],
  [
    1644019200000,
    6.291
  ],
  [
    1644192000000,
    6.03
  ],
  [
    1644278400000,
    5.768
  ],
  [
    1644451200000,
    5.13
  ],
  [
    1644624000000,
    6.45
  ],
  [
    1644710400000,
    5.995
  ],
  [
    1644796800000,
    6.61
  ],
  [
    1644883200000,
    6.46
  ],
  [
    1645056000000,
    6.301
  ],
  [
    1645228800000,
    6.293
  ],
  [
    1645660800000,
    5.667
  ],
  [
    1645747200000,
    6.38
  ],
  [
    1645833600000,
    6.36
  ],
  [
    1646006400000,
    5.85
  ],
  [
    1646092800000,
    6.292
  ],
  [
    1646179200000,
    5.754
  ],
  [
    1646352000000,
    5.47
  ],
  [
    1646438400000,
    5.903
  ],
  [
    1646611200000,
    4.84
  ],
  [
    1646697600000,
    5.878
  ],
  [
    1646784000000,
    6.162
  ],
  [
    1646870400000,
    6.41
  ],
  [
    1646956800000,
    6.258
  ],
  [
    1647302400000,
    5.824
  ],
  [
    1647388800000,
    6.282
  ],
  [
    1647561600000,
    5.95
  ],
  [
    1647734400000,
    4.75
  ],
  [
    1647907200000,
    5.888
  ],
  [
    1647993600000,
    6.791
  ],
  [
    1648080000000,
    6.443
  ],
  [
    1648166400000,
    6.746
  ],
  [
    1648252800000,
    6.782
  ],
  [
    1648422000000,
    6.82
  ],
  [
    1648508400000,
    6.691
  ],
  [
    1648594800000,
    7.039
  ],
  [
    1648767600000,
    7.24
  ],
  [
    1648854000000,
    7.21
  ],
  [
    1648940400000,
    7.24
  ],
  [
    1649026800000,
    7.451
  ],
  [
    1649113200000,
    7.56
  ],
  [
    1649199600000,
    9.069
  ],
  [
    1649286000000,
    10.585
  ],
  [
    1649372400000,
    7.89
  ],
  [
    1649458800000,
    8.015
  ],
  [
    1649545200000,
    8.13
  ],
  [
    1649631600000,
    6.84
  ],
  [
    1649804400000,
    6.936
  ],
  [
    1649890800000,
    6.92
  ],
  [
    1650063600000,
    8.251
  ],
  [
    1650236400000,
    8.596
  ],
  [
    1650409200000,
    8.408
  ],
  [
    1650495600000,
    8.127
  ],
  [
    1651186800000,
    8.568
  ],
  [
    1651273200000,
    8.593
  ],
  [
    1651359600000,
    6.69
  ],
  [
    1651532400000,
    8.46
  ],
  [
    1651618800000,
    8.083
  ],
  [
    1651791600000,
    7.455
  ],
  [
    1652050800000,
    8.104
  ],
  [
    1652137200000,
    6.61
  ],
  [
    1652223600000,
    8.14
  ],
  [
    1652310000000,
    8.625
  ],
  [
    1652396400000,
    8.031
  ],
  [
    1652482800000,
    7.25
  ],
  [
    1652569200000,
    9.003
  ],
  [
    1652742000000,
    7.95
  ],
  [
    1652828400000,
    8.416
  ],
  [
    1652914800000,
    8.725
  ],
  [
    1653001200000,
    7.61
  ],
  [
    1653087600000,
    8.45
  ],
  [
    1653260400000,
    7.74
  ],
  [
    1653433200000,
    7.908
  ],
  [
    1653519600000,
    6.5
  ],
  [
    1653692400000,
    6.35
  ],
  [
    1653778800000,
    7.617
  ],
  [
    1653865200000,
    7.85
  ],
  [
    1653951600000,
    7.808
  ],
  [
    1654383600000,
    7.462
  ],
  [
    1654470000000,
    7.245
  ],
  [
    1654729200000,
    7.62
  ],
  [
    1654988400000,
    8.026
  ],
  [
    1655074800000,
    7.871
  ],
  [
    1655161200000,
    7.87
  ],
  [
    1655420400000,
    6.881
  ],
  [
    1655506800000,
    6.373
  ],
  [
    1655679600000,
    6.842
  ],
  [
    1655766000000,
    6.93
  ],
  [
    1656025200000,
    6.4
  ],
  [
    1656370800000,
    6.424
  ],
  [
    1656457200000,
    6.837
  ],
  [
    1656543600000,
    6.41
  ],
  [
    1656802800000,
    6.34
  ],
  [
    1656889200000,
    7.28
  ],
  [
    1656975600000,
    7.131
  ],
  [
    1657234800000,
    7.948
  ],
  [
    1657753200000,
    7.08
  ],
  [
    1657839600000,
    7.541
  ],
  [
    1658098800000,
    7.226
  ],
  [
    1658185200000,
    6.826
  ],
  [
    1658271600000,
    7.657
  ],
  [
    1658358000000,
    7.155
  ],
  [
    1658617200000,
    6.565
  ],
  [
    1658703600000,
    6.648
  ],
  [
    1659049200000,
    7.754
  ],
  [
    1659567600000,
    7.03
  ],
  [
    1659740400000,
    7.348
  ],
  [
    1659826800000,
    7.119
  ],
  [
    1659999600000,
    6.53
  ],
  [
    1660086000000,
    7.292
  ],
  [
    1660518000000,
    7.146
  ],
  [
    1660690800000,
    6.719
  ],
  [
    1660777200000,
    7.588
  ],
  [
    1660863600000,
    6.6
  ],
  [
    1661036400000,
    6.768
  ],
  [
    1661209200000,
    6.645
  ],
  [
    1661295600000,
    7.161
  ],
  [
    1661468400000,
    7.305
  ],
  [
    1661554800000,
    7.669
  ],
  [
    1661641200000,
    7.88
  ],
  [
    1661727600000,
    7.89
  ],
  [
    1661814000000,
    8.116
  ],
  [
    1661900400000,
    7.968
  ],
  [
    1661986800000,
    7.324
  ],
  [
    1662073200000,
    7.525
  ],
  [
    1662159600000,
    7.065
  ],
  [
    1662418800000,
    7.656
  ],
  [
    1662505200000,
    6.83
  ],
  [
    1662591600000,
    7.884
  ],
  [
    1662678000000,
    8.337
  ],
  [
    1663110000000,
    7.825
  ],
  [
    1663282800000,
    7.03
  ],
  [
    1663369200000,
    8.684
  ],
  [
    1663542000000,
    8.35
  ],
  [
    1663628400000,
    6.383
  ],
  [
    1663887600000,
    7.05
  ],
  [
    1663974000000,
    7.858
  ],
  [
    1664060400000,
    8.532
  ],
  [
    1664492400000,
    7.047
  ],
  [
    1664578800000,
    8.785
  ],
  [
    1664751600000,
    7.3
  ],
  [
    1665010800000,
    7.98
  ],
  [
    1665097200000,
    8.9
  ],
  [
    1665183600000,
    8.9
  ],
  [
    1665442800000,
    8.312
  ],
  [
    1665615600000,
    9
  ],
  [
    1665702000000,
    9.247
  ],
  [
    1665788400000,
    8.72
  ],
  [
    1665961200000,
    8.49
  ],
  [
    1666047600000,
    10.19
  ],
  [
    1666220400000,
    6.8
  ],
  [
    1666738800000,
    8.692
  ],
  [
    1666998000000,
    8.68
  ],
  [
    1667084400000,
    9.52
  ],
  [
    1667174400000,
    8.084
  ],
  [
    1667347200000,
    9.737
  ],
  [
    1667433600000,
    10.97
  ],
  [
    1667692800000,
    9.211
  ],
  [
    1667779200000,
    9.17
  ],
  [
    1667865600000,
    11.147
  ],
  [
    1668038400000,
    9.17
  ],
  [
    1668124800000,
    9.142
  ],
  [
    1668211200000,
    10.378
  ],
  [
    1668470400000,
    10.315
  ],
  [
    1668816000000,
    10.009
  ],
  [
    1668902400000,
    11.215
  ],
  [
    1669161600000,
    9.566
  ],
  [
    1669248000000,
    10.982
  ],
  [
    1669334400000,
    9.829
  ],
  [
    1669680000000,
    11.42
  ],
  [
    1669852800000,
    10.845
  ],
  [
    1669939200000,
    10.992
  ],
  [
    1670025600000,
    11.674
  ],
  [
    1670112000000,
    10.907
  ],
  [
    1670198400000,
    11.677
  ],
  [
    1670284800000,
    11.4
  ],
  [
    1670371200000,
    11.65
  ],
  [
    1670544000000,
    9.186
  ],
  [
    1670630400000,
    11.581
  ],
  [
    1670803200000,
    10.176
  ],
  [
    1671062400000,
    11.417
  ],
  [
    1671408000000,
    12.766
  ],
  [
    1671580800000,
    10.859
  ],
  [
    1671667200000,
    10.16
  ],
  [
    1672012800000,
    11.105
  ],
  [
    1672099200000,
    8.29
  ],
  [
    1672272000000,
    10.61
  ],
  [
    1672358400000,
    11.042
  ],
  [
    1672617600000,
    10.09
  ],
  [
    1672790400000,
    10.952
  ],
  [
    1672876800000,
    11.686
  ],
  [
    1672963200000,
    10.43
  ],
  [
    1673136000000,
    11.975
  ],
  [
    1673308800000,
    10.39
  ],
  [
    1673654400000,
    6.758
  ],
  [
    1673827200000,
    8.41
  ],
  [
    1673913600000,
    10.496
  ],
  [
    1674000000000,
    10.94
  ],
  [
    1674086400000,
    11.393
  ],
  [
    1674259200000,
    10.19
  ],
  [
    1674432000000,
    11.794
  ],
  [
    1674777600000,
    11.321
  ],
  [
    1674864000000,
    12.236
  ],
  [
    1674950400000,
    11.703
  ],
  [
    1675036800000,
    10.77
  ],
  [
    1675123200000,
    12.287
  ],
  [
    1675209600000,
    10.735
  ],
  [
    1675296000000,
    9.656
  ],
  [
    1675555200000,
    12.685
  ],
  [
    1675814400000,
    11.49
  ],
  [
    1675987200000,
    10.55
  ],
  [
    1676160000000,
    12.355
  ],
  [
    1676332800000,
    11.635
  ],
  [
    1676419200000,
    9.38
  ],
  [
    1676505600000,
    10.69
  ],
  [
    1676592000000,
    12.304
  ],
  [
    1676764800000,
    12.77
  ],
  [
    1676937600000,
    12.237
  ],
  [
    1677110400000,
    11.13
  ],
  [
    1677369600000,
    12.561
  ],
  [
    1677456000000,
    12.003
  ],
  [
    1677715200000,
    11.2
  ],
  [
    1677801600000,
    8.54
  ],
  [
    1677974400000,
    10.005
  ],
  [
    1678147200000,
    10.78
  ],
  [
    1678233600000,
    9.341
  ],
  [
    1678406400000,
    11.225
  ],
  [
    1678579200000,
    10.935
  ],
  [
    1678665600000,
    11.08
  ],
  [
    1678752000000,
    10.85
  ],
  [
    1678838400000,
    10.93
  ],
  [
    1678924800000,
    8.504
  ],
  [
    1679011200000,
    11.337
  ],
  [
    1679184000000,
    11.405
  ],
  [
    1679443200000,
    12.145
  ],
  [
    1679529600000,
    11.223
  ],
  [
    1679616000000,
    10.95
  ],
  [
    1679702400000,
    10.867
  ],
  [
    1679788800000,
    11.14
  ],
  [
    1679871600000,
    11.185
  ],
  [
    1680044400000,
    12.321
  ],
  [
    1680130800000,
    12.599
  ],
  [
    1680562800000,
    10.657
  ],
  [
    1680649200000,
    9.734
  ],
  [
    1680735600000,
    11.763
  ],
  [
    1680822000000,
    11.693
  ],
  [
    1680908400000,
    12.633
  ],
  [
    1680994800000,
    10.63
  ],
  [
    1681254000000,
    10.05
  ],
  [
    1681340400000,
    9.563
  ],
  [
    1681426800000,
    12.39
  ],
  [
    1681513200000,
    10.593
  ],
  [
    1681599600000,
    12.303
  ],
  [
    1681772400000,
    12.042
  ],
  [
    1681858800000,
    11.897
  ],
  [
    1681945200000,
    12.466
  ],
  [
    1682031600000,
    13.067
  ],
  [
    1682118000000,
    12.608
  ],
  [
    1682204400000,
    13.499
  ],
  [
    1682290800000,
    13.779
  ],
  [
    1682377200000,
    12.584
  ],
  [
    1682463600000,
    14.8
  ],
  [
    1682550000000,
    14.98
  ],
  [
    1682636400000,
    14.31
  ],
  [
    1682722800000,
    13.277
  ],
  [
    1682982000000,
    12.3
  ],
  [
    1683241200000,
    11.845
  ],
  [
    1683327600000,
    12.468
  ],
  [
    1683414000000,
    11.656
  ],
  [
    1683500400000,
    12.581
  ],
  [
    1683586800000,
    10.3
  ],
  [
    1683673200000,
    11.89
  ],
  [
    1683759600000,
    9.95
  ],
  [
    1683846000000,
    13.138
  ],
  [
    1683932400000,
    12.632
  ],
  [
    1684018800000,
    11.4
  ],
  [
    1684191600000,
    12.745
  ],
  [
    1684278000000,
    11.55
  ],
  [
    1684364400000,
    13.68
  ],
  [
    1684450800000,
    11.16
  ],
  [
    1684537200000,
    14.027
  ],
  [
    1684623600000,
    12
  ],
  [
    1684796400000,
    12.05
  ],
  [
    1684882800000,
    12.6
  ],
  [
    1684969200000,
    12.529
  ],
  [
    1685055600000,
    13.216
  ],
  [
    1685228400000,
    14.344
  ],
  [
    1685487600000,
    12.523
  ],
  [
    1685660400000,
    13.924
  ],
  [
    1685746800000,
    14.394
  ],
  [
    1686178800000,
    14.998
  ],
  [
    1686351600000,
    14.007
  ],
  [
    1686438000000,
    15.468
  ],
  [
    1686610800000,
    15.197
  ],
  [
    1686697200000,
    16.135
  ],
  [
    1686783600000,
    15.355
  ],
  [
    1686870000000,
    15.18
  ],
  [
    1687302000000,
    15.5
  ],
  [
    1687388400000,
    15.29
  ],
  [
    1687474800000,
    15.49
  ],
  [
    1688079600000,
    20.733
  ],
  [
    1688166000000,
    16.07
  ],
  [
    1688252400000,
    16.07
  ],
  [
    1688338800000,
    15.626
  ],
  [
    1688598000000,
    14.635
  ],
  [
    1688684400000,
    13.625
  ],
  [
    1688943600000,
    13.69
  ],
  [
    1689289200000,
    15.681
  ],
  [
    1689634800000,
    13.87
  ],
  [
    1689721200000,
    15.48
  ],
  [
    1689894000000,
    14.175
  ],
  [
    1689980400000,
    15.598
  ],
  [
    1690153200000,
    15.76
  ],
  [
    1690326000000,
    15.21
  ],
  [
    1690498800000,
    13.68
  ],
  [
    1690585200000,
    14.242
  ],
  [
    1690758000000,
    15.032
  ],
  [
    1690930800000,
    15.633
  ],
  [
    1691017200000,
    17.129
  ],
  [
    1691103600000,
    16.25
  ],
  [
    1691190000000,
    17.62
  ],
  [
    1691535600000,
    16.04
  ],
  [
    1691708400000,
    14.825
  ],
  [
    1691794800000,
    15.042
  ],
  [
    1692226800000,
    15.12
  ],
  [
    1692399600000,
    14.003
  ],
  [
    1693436400000,
    13.512
  ],
  [
    1693782000000,
    13.31
  ],
  [
    1693868400000,
    17.394
  ],
  [
    1694041200000,
    14.92
  ],
  [
    1694214000000,
    18.066
  ],
  [
    1694386800000,
    18.02
  ],
  [
    1694646000000,
    15.54
  ],
  [
    1694818800000,
    18.12
  ],
  [
    1695250800000,
    17.948
  ],
  [
    1695510000000,
    15.59
  ],
  [
    1695855600000,
    17.623
  ],
  [
    1696114800000,
    15.881
  ],
  [
    1696201200000,
    17.555
  ],
  [
    1696287600000,
    17.014
  ],
  [
    1696374000000,
    15.746
  ],
  [
    1696546800000,
    17.963
  ],
  [
    1696719600000,
    16.814
  ],
  [
    1696806000000,
    18.119
  ],
  [
    1697065200000,
    19.112
  ],
  [
    1697151600000,
    18.622
  ],
  [
    1697238000000,
    18.014
  ],
  [
    1697324400000,
    19.754
  ],
  [
    1697583600000,
    18.596
  ],
  [
    1697756400000,
    20.009
  ],
  [
    1697842800000,
    19.047
  ],
  [
    1697929200000,
    17.098
  ],
  [
    1698015600000,
    21.17
  ],
  [
    1698102000000,
    17.25
  ],
  [
    1698534000000,
    17.615
  ],
  [
    1699056000000,
    17.41
  ],
  [
    1699142400000,
    17.27
  ],
  [
    1699315200000,
    19.066
  ],
  [
    1699488000000,
    19.64
  ],
  [
    1699574400000,
    16.3
  ],
  [
    1699747200000,
    17.96
  ],
  [
    1700179200000,
    16.486
  ],
  [
    1700611200000,
    15.994
  ],
  [
    1700697600000,
    18.153
  ],
  [
    1701648000000,
    18.84
  ],
  [
    1701993600000,
    17.361
  ],
  [
    1702166400000,
    19.21
  ],
  [
    1702339200000,
    19.377
  ],
  [
    1702425600000,
    20.07
  ],
  [
    1702512000000,
    19.49
  ],
  [
    1702771200000,
    19.368
  ],
  [
    1702857600000,
    17.61
  ],
  [
    1702944000000,
    18.558
  ],
  [
    1703203200000,
    18.47
  ],
  [
    1703376000000,
    17.916
  ],
  [
    1704499200000,
    17.808
  ],
  [
    1704585600000,
    20.21
  ],
  [
    1704931200000,
    18.316
  ],
  [
    1705276800000,
    20.919
  ],
  [
    1705363200000,
    20.102
  ],
  [
    1705968000000,
    18.927
  ],
  [
    1706140800000,
    15.84
  ],
  [
    1706659200000,
    15.5
  ],
  [
    1706832000000,
    18.07
  ],
  [
    1706918400000,
    18.01
  ],
  [
    1707177600000,
    20.4
  ],
  [
    1707868800000,
    16.502
  ],
  [
    1707955200000,
    15.33
  ],
  [
    1708905600000,
    14.07
  ],
  [
    1708992000000,
    18.57
  ],
  [
    1709078400000,
    20.073
  ],
  [
    1709337600000,
    18.58
  ],
  [
    1709424000000,
    20.88
  ],
  [
    1709510400000,
    19.51
  ],
  [
    1709596800000,
    21.07
  ],
  [
    1709683200000,
    18.45
  ],
  [
    1709769600000,
    19.019
  ],
  [
    1710115200000,
    18.64
  ],
  [
    1710201600000,
    18.6
  ],
  [
    1710460800000,
    18.667
  ],
  [
    1710547200000,
    19.513
  ],
  [
    1710892800000,
    18.72
  ],
  [
    1711152000000,
    19.06
  ],
  [
    1711238400000,
    19.964
  ],
  [
    1711324800000,
    19.1
  ],
  [
    1711670400000,
    19.78
  ],
  [
    1711756800000,
    21.375
  ],
  [
    1711843200000,
    21.62
  ],
  [
    1712012400000,
    19.482
  ],
  [
    1712098800000,
    19.927
  ],
  [
    1712185200000,
    22.378
  ],
  [
    1712617200000,
    23.26
  ],
  [
    1712790000000,
    23.686
  ],
  [
    1713049200000,
    22.328
  ],
  [
    1713135600000,
    22.392
  ],
  [
    1713222000000,
    19.58
  ],
  [
    1713394800000,
    22.04
  ],
  [
    1713567600000,
    24.518
  ],
  [
    1713654000000,
    23.31
  ],
  [
    1713826800000,
    21.962
  ],
  [
    1714690800000,
    24.563
  ],
  [
    1715036400000,
    25.026
  ],
  [
    1715382000000,
    25.339
  ],
  [
    1715641200000,
    26.707
  ],
  [
    1715727600000,
    26.38
  ],
  [
    1716472800000,
    26.411
  ],
  [
    1716616800000,
    29.532
  ],
  [
    1716894000000,
    29.77
  ],
  [
    1717290000000,
    31.78
  ],
  [
    1717455600000,
    31.714
  ],
  [
    1717790400000,
    24.5
  ],
  [
    1717912800000,
    32.297
  ],
  [
    1718665200000,
    31.851
  ]
]