[
  [
    1574035200000,
    0.08
  ],
  [
    1574121600000,
    0.054
  ],
  [
    1574208000000,
    0.046
  ],
  [
    1574294400000,
    0.073
  ],
  [
    1574380800000,
    0.065
  ],
  [
    1574467200000,
    0.06
  ],
  [
    1574553600000,
    0.054
  ],
  [
    1574640000000,
    0.054
  ],
  [
    1574726400000,
    0.058
  ],
  [
    1574812800000,
    0.054
  ],
  [
    1574899200000,
    0.057
  ],
  [
    1574985600000,
    0.06
  ],
  [
    1575072000000,
    0.06
  ],
  [
    1575158400000,
    0.06
  ],
  [
    1575244800000,
    0.065
  ],
  [
    1575331200000,
    0.064
  ],
  [
    1575417600000,
    0.058
  ],
  [
    1575504000000,
    0.055
  ],
  [
    1575590400000,
    0.053
  ],
  [
    1575676800000,
    0.048
  ],
  [
    1575763200000,
    0.05
  ],
  [
    1575849600000,
    0.05
  ],
  [
    1575936000000,
    0.05
  ],
  [
    1576022400000,
    0.051
  ],
  [
    1576108800000,
    0.048
  ],
  [
    1576195200000,
    0.045
  ],
  [
    1576281600000,
    0.049
  ],
  [
    1576368000000,
    0.055
  ],
  [
    1576454400000,
    0.06
  ],
  [
    1576540800000,
    0.055
  ],
  [
    1576627200000,
    0.05
  ],
  [
    1576713600000,
    0.051
  ],
  [
    1576800000000,
    0.044
  ],
  [
    1576886400000,
    0.047
  ],
  [
    1576972800000,
    0.048
  ],
  [
    1577059200000,
    0.044
  ],
  [
    1577145600000,
    0.043
  ],
  [
    1577232000000,
    0.048
  ],
  [
    1577318400000,
    0.046
  ],
  [
    1577404800000,
    0.044
  ],
  [
    1577491200000,
    0.047
  ],
  [
    1577577600000,
    0.047
  ],
  [
    1577664000000,
    0.045
  ],
  [
    1577750400000,
    0.046
  ],
  [
    1577836800000,
    0.042
  ],
  [
    1577923200000,
    0.04
  ],
  [
    1578009600000,
    0.043
  ],
  [
    1578096000000,
    0.045
  ],
  [
    1578182400000,
    0.046
  ],
  [
    1578268800000,
    0.046
  ],
  [
    1578355200000,
    0.044
  ],
  [
    1578441600000,
    0.045
  ],
  [
    1578528000000,
    0.046
  ],
  [
    1578614400000,
    0.048
  ],
  [
    1578700800000,
    0.043
  ],
  [
    1578787200000,
    0.047
  ],
  [
    1578873600000,
    0.047
  ],
  [
    1578960000000,
    0.049
  ],
  [
    1579046400000,
    0.048
  ],
  [
    1579132800000,
    0.05
  ],
  [
    1579219200000,
    0.05
  ],
  [
    1579305600000,
    0.05
  ],
  [
    1579392000000,
    0.046
  ],
  [
    1579478400000,
    0.052
  ],
  [
    1579564800000,
    0.056
  ],
  [
    1579651200000,
    0.057
  ],
  [
    1579737600000,
    0.052
  ],
  [
    1579824000000,
    0.048
  ],
  [
    1579910400000,
    0.049
  ],
  [
    1579996800000,
    0.048
  ],
  [
    1580083200000,
    0.046
  ],
  [
    1580169600000,
    0.047
  ],
  [
    1580256000000,
    0.05
  ],
  [
    1580342400000,
    0.05
  ],
  [
    1580428800000,
    0.052
  ],
  [
    1580515200000,
    0.054
  ],
  [
    1580601600000,
    0.059
  ],
  [
    1580688000000,
    0.068
  ],
  [
    1580774400000,
    0.113
  ],
  [
    1580860800000,
    0.093
  ],
  [
    1580947200000,
    0.083
  ],
  [
    1581033600000,
    0.074
  ],
  [
    1581120000000,
    0.058
  ],
  [
    1581206400000,
    0.054
  ],
  [
    1581292800000,
    0.056
  ],
  [
    1581379200000,
    0.056
  ],
  [
    1581465600000,
    0.056
  ],
  [
    1581552000000,
    0.06
  ],
  [
    1581638400000,
    0.065
  ],
  [
    1581724800000,
    0.056
  ],
  [
    1581811200000,
    0.061
  ],
  [
    1581897600000,
    0.058
  ],
  [
    1581984000000,
    0.06
  ],
  [
    1582070400000,
    0.056
  ],
  [
    1582156800000,
    0.056
  ],
  [
    1582243200000,
    0.056
  ],
  [
    1582329600000,
    0.06
  ],
  [
    1582416000000,
    0.068
  ],
  [
    1582502400000,
    0.093
  ],
  [
    1582588800000,
    0.085
  ],
  [
    1582675200000,
    0.078
  ],
  [
    1582761600000,
    0.071
  ],
  [
    1582848000000,
    0.073
  ],
  [
    1582934400000,
    0.076
  ],
  [
    1583020800000,
    0.077
  ],
  [
    1583107200000,
    0.073
  ],
  [
    1583193600000,
    0.073
  ],
  [
    1583280000000,
    0.073
  ],
  [
    1583366400000,
    0.072
  ],
  [
    1583452800000,
    0.065
  ],
  [
    1583539200000,
    0.064
  ],
  [
    1583625600000,
    0.062
  ],
  [
    1583712000000,
    0.057
  ],
  [
    1583798400000,
    0.058
  ],
  [
    1583884800000,
    0.059
  ],
  [
    1583971200000,
    0.056
  ],
  [
    1584057600000,
    0.052
  ],
  [
    1584144000000,
    0.058
  ],
  [
    1584230400000,
    0.058
  ],
  [
    1584316800000,
    0.059
  ],
  [
    1584403200000,
    0.059
  ],
  [
    1584489600000,
    0.057
  ],
  [
    1584576000000,
    0.06
  ],
  [
    1584662400000,
    0.06
  ],
  [
    1584748800000,
    0.061
  ],
  [
    1584835200000,
    0.061
  ],
  [
    1584921600000,
    0.057
  ],
  [
    1585008000000,
    0.056
  ],
  [
    1585094400000,
    0.057
  ],
  [
    1585180800000,
    0.057
  ],
  [
    1585267200000,
    0.059
  ],
  [
    1585353600000,
    0.064
  ],
  [
    1585440000000,
    0.071
  ],
  [
    1585522800000,
    0.072
  ],
  [
    1585609200000,
    0.06
  ],
  [
    1585695600000,
    0.063
  ],
  [
    1585782000000,
    0.058
  ],
  [
    1585868400000,
    0.057
  ],
  [
    1585954800000,
    0.058
  ],
  [
    1586041200000,
    0.059
  ],
  [
    1586127600000,
    0.059
  ],
  [
    1586214000000,
    0.059
  ],
  [
    1586300400000,
    0.061
  ],
  [
    1586386800000,
    0.059
  ],
  [
    1586473200000,
    0.061
  ],
  [
    1586559600000,
    0.059
  ],
  [
    1586646000000,
    0.059
  ],
  [
    1586732400000,
    0.062
  ],
  [
    1586818800000,
    0.062
  ],
  [
    1586905200000,
    0.065
  ],
  [
    1586991600000,
    0.072
  ],
  [
    1587078000000,
    0.064
  ],
  [
    1587164400000,
    0.062
  ],
  [
    1587250800000,
    0.063
  ],
  [
    1587337200000,
    0.068
  ],
  [
    1587423600000,
    0.067
  ],
  [
    1587510000000,
    0.064
  ],
  [
    1587596400000,
    0.065
  ],
  [
    1587682800000,
    0.066
  ],
  [
    1587769200000,
    0.065
  ],
  [
    1587855600000,
    0.068
  ],
  [
    1587942000000,
    0.067
  ],
  [
    1588028400000,
    0.067
  ],
  [
    1588114800000,
    0.065
  ],
  [
    1588201200000,
    0.072
  ],
  [
    1588287600000,
    0.073
  ],
  [
    1588374000000,
    0.074
  ],
  [
    1588460400000,
    0.076
  ],
  [
    1588546800000,
    0.083
  ],
  [
    1588633200000,
    0.089
  ],
  [
    1588719600000,
    0.097
  ],
  [
    1588806000000,
    0.095
  ],
  [
    1588892400000,
    0.097
  ],
  [
    1588978800000,
    0.102
  ],
  [
    1589065200000,
    0.103
  ],
  [
    1589151600000,
    0.101
  ],
  [
    1589238000000,
    0.098
  ],
  [
    1589324400000,
    0.094
  ],
  [
    1589410800000,
    0.096
  ],
  [
    1589497200000,
    0.099
  ],
  [
    1589583600000,
    0.101
  ],
  [
    1589670000000,
    0.107
  ],
  [
    1589756400000,
    0.117
  ],
  [
    1589842800000,
    0.115
  ],
  [
    1589929200000,
    0.111
  ],
  [
    1590015600000,
    0.118
  ],
  [
    1590102000000,
    0.123
  ],
  [
    1590188400000,
    0.125
  ],
  [
    1590274800000,
    0.123
  ],
  [
    1590361200000,
    0.119
  ],
  [
    1590447600000,
    0.108
  ],
  [
    1590534000000,
    0.107
  ],
  [
    1590620400000,
    0.104
  ],
  [
    1590706800000,
    0.107
  ],
  [
    1590793200000,
    3.32
  ],
  [
    1590879600000,
    0.103
  ],
  [
    1590966000000,
    0.103
  ],
  [
    1591052400000,
    0.104
  ],
  [
    1591138800000,
    0.11
  ],
  [
    1591225200000,
    0.108
  ],
  [
    1591311600000,
    0.11
  ],
  [
    1591398000000,
    0.111
  ],
  [
    1591484400000,
    0.114
  ],
  [
    1591570800000,
    0.109
  ],
  [
    1591657200000,
    0.111
  ],
  [
    1591743600000,
    0.109
  ],
  [
    1591830000000,
    0.109
  ],
  [
    1591916400000,
    0.106
  ],
  [
    1592002800000,
    0.106
  ],
  [
    1592089200000,
    0.498
  ],
  [
    1592175600000,
    0.115
  ],
  [
    1592262000000,
    0.108
  ],
  [
    1592348400000,
    0.108
  ],
  [
    1592434800000,
    0.1
  ],
  [
    1592521200000,
    0.098
  ],
  [
    1592607600000,
    0.103
  ],
  [
    1592694000000,
    0.102
  ],
  [
    1592780400000,
    0.099
  ],
  [
    1592866800000,
    0.093
  ],
  [
    1592953200000,
    0.099
  ],
  [
    1593039600000,
    0.097
  ],
  [
    1593126000000,
    0.09
  ],
  [
    1593212400000,
    0.087
  ],
  [
    1593298800000,
    0.087
  ],
  [
    1593385200000,
    0.086
  ],
  [
    1593471600000,
    0.088
  ],
  [
    1593558000000,
    0.088
  ],
  [
    1593644400000,
    0.086
  ],
  [
    1593730800000,
    0.094
  ],
  [
    1593817200000,
    0.096
  ],
  [
    1593903600000,
    0.102
  ],
  [
    1593990000000,
    0.101
  ],
  [
    1594076400000,
    0.11
  ],
  [
    1594162800000,
    0.101
  ],
  [
    1594249200000,
    0.105
  ],
  [
    1594335600000,
    0.108
  ],
  [
    1594422000000,
    0.104
  ],
  [
    1594508400000,
    0.101
  ],
  [
    1594594800000,
    0.103
  ],
  [
    1594681200000,
    0.109
  ],
  [
    1594767600000,
    0.111
  ],
  [
    1594854000000,
    0.11
  ],
  [
    1594940400000,
    0.115
  ],
  [
    1595026800000,
    0.119
  ],
  [
    1595113200000,
    0.115
  ],
  [
    1595199600000,
    0.709
  ],
  [
    1595286000000,
    0.113
  ],
  [
    1595372400000,
    0.115
  ],
  [
    1595458800000,
    0.124
  ],
  [
    1595545200000,
    0.186
  ],
  [
    1595631600000,
    0.118
  ],
  [
    1595718000000,
    0.116
  ],
  [
    1595804400000,
    0.123
  ],
  [
    1595890800000,
    0.127
  ],
  [
    1595977200000,
    0.13
  ],
  [
    1596063600000,
    0.131
  ],
  [
    1596150000000,
    0.133
  ],
  [
    1596236400000,
    0.804
  ],
  [
    1596322800000,
    0.136
  ],
  [
    1596409200000,
    0.128
  ],
  [
    1596495600000,
    0.132
  ],
  [
    1596582000000,
    0.125
  ],
  [
    1596668400000,
    0.132
  ],
  [
    1596754800000,
    0.73
  ],
  [
    1596841200000,
    0.127
  ],
  [
    1596927600000,
    0.133
  ],
  [
    1597014000000,
    0.128
  ],
  [
    1597100400000,
    0.122
  ],
  [
    1597186800000,
    0.128
  ],
  [
    1597273200000,
    0.123
  ],
  [
    1597359600000,
    0.123
  ],
  [
    1597446000000,
    0.122
  ],
  [
    1597532400000,
    0.125
  ],
  [
    1597618800000,
    0.125
  ],
  [
    1597705200000,
    0.124
  ],
  [
    1597791600000,
    0.126
  ],
  [
    1597878000000,
    0.121
  ],
  [
    1597964400000,
    0.121
  ],
  [
    1598050800000,
    0.122
  ],
  [
    1598137200000,
    0.121
  ],
  [
    1598223600000,
    0.122
  ],
  [
    1598310000000,
    0.114
  ],
  [
    1598396400000,
    0.115
  ],
  [
    1598482800000,
    0.116
  ],
  [
    1598569200000,
    0.12
  ],
  [
    1598655600000,
    0.119
  ],
  [
    1598742000000,
    0.11
  ],
  [
    1598828400000,
    0.113
  ],
  [
    1598914800000,
    0.113
  ],
  [
    1599001200000,
    0.123
  ],
  [
    1599087600000,
    0.118
  ],
  [
    1599174000000,
    0.119
  ],
  [
    1599260400000,
    0.12
  ],
  [
    1599346800000,
    0.119
  ],
  [
    1599433200000,
    0.118
  ],
  [
    1599519600000,
    0.114
  ],
  [
    1599606000000,
    0.117
  ],
  [
    1599692400000,
    0.118
  ],
  [
    1599778800000,
    0.116
  ],
  [
    1599865200000,
    0.123
  ],
  [
    1599951600000,
    0.116
  ],
  [
    1600038000000,
    6.897
  ],
  [
    1600124400000,
    0.11
  ],
  [
    1600210800000,
    0.116
  ],
  [
    1600297200000,
    0.114
  ],
  [
    1600383600000,
    0.114
  ],
  [
    1600470000000,
    0.182
  ],
  [
    1600556400000,
    0.26
  ],
  [
    1600642800000,
    0.123
  ],
  [
    1600729200000,
    0.116
  ],
  [
    1600815600000,
    0.119
  ],
  [
    1600902000000,
    0.116
  ],
  [
    1600988400000,
    0.296
  ],
  [
    1601074800000,
    0.122
  ],
  [
    1601161200000,
    0.127
  ],
  [
    1601247600000,
    0.128
  ],
  [
    1601334000000,
    0.123
  ],
  [
    1601420400000,
    0.124
  ],
  [
    1601506800000,
    0.124
  ],
  [
    1601593200000,
    0.141
  ],
  [
    1601679600000,
    0.127
  ],
  [
    1601766000000,
    0.134
  ],
  [
    1601852400000,
    0.14
  ],
  [
    1601938800000,
    0.139
  ],
  [
    1602025200000,
    0.135
  ],
  [
    1602111600000,
    0.136
  ],
  [
    1602198000000,
    0.141
  ],
  [
    1602284400000,
    0.139
  ],
  [
    1602370800000,
    0.145
  ],
  [
    1602457200000,
    0.141
  ],
  [
    1602543600000,
    0.147
  ],
  [
    1602630000000,
    0.147
  ],
  [
    1602716400000,
    0.151
  ],
  [
    1602802800000,
    0.147
  ],
  [
    1602889200000,
    0.154
  ],
  [
    1602975600000,
    0.15
  ],
  [
    1603062000000,
    0.156
  ],
  [
    1603148400000,
    0.15
  ],
  [
    1603234800000,
    0.151
  ],
  [
    1603321200000,
    0.148
  ],
  [
    1603407600000,
    0.149
  ],
  [
    1603494000000,
    0.159
  ],
  [
    1603580400000,
    0.15
  ],
  [
    1603670400000,
    0.146
  ],
  [
    1603756800000,
    0.146
  ],
  [
    1603843200000,
    0.148
  ],
  [
    1603929600000,
    0.144
  ],
  [
    1604016000000,
    0.146
  ],
  [
    1604102400000,
    0.143
  ],
  [
    1604188800000,
    0.146
  ],
  [
    1604275200000,
    0.146
  ],
  [
    1604361600000,
    0.144
  ],
  [
    1604448000000,
    0.146
  ],
  [
    1604534400000,
    0.141
  ],
  [
    1604620800000,
    0.141
  ],
  [
    1604707200000,
    0.173
  ],
  [
    1604793600000,
    0.21
  ],
  [
    1604880000000,
    0.183
  ],
  [
    1604966400000,
    0.13
  ],
  [
    1605052800000,
    0.158
  ],
  [
    1605139200000,
    0.135
  ],
  [
    1605225600000,
    0.139
  ],
  [
    1605312000000,
    0.211
  ],
  [
    1605398400000,
    0.136
  ],
  [
    1605484800000,
    0.163
  ],
  [
    1605571200000,
    0.13
  ],
  [
    1605657600000,
    0.13
  ],
  [
    1605744000000,
    0.129
  ],
  [
    1605830400000,
    0.134
  ],
  [
    1605916800000,
    0.144
  ],
  [
    1606003200000,
    0.141
  ],
  [
    1606089600000,
    0.137
  ],
  [
    1606176000000,
    0.145
  ],
  [
    1606262400000,
    0.134
  ],
  [
    1606348800000,
    0.129
  ],
  [
    1606435200000,
    0.128
  ],
  [
    1606521600000,
    0.128
  ],
  [
    1606608000000,
    0.127
  ],
  [
    1606694400000,
    0.127
  ],
  [
    1606780800000,
    0.129
  ],
  [
    1606867200000,
    0.199
  ],
  [
    1606953600000,
    0.132
  ],
  [
    1607040000000,
    0.115
  ],
  [
    1607126400000,
    0.114
  ],
  [
    1607212800000,
    1.367
  ],
  [
    1607299200000,
    0.112
  ],
  [
    1607385600000,
    0.112
  ],
  [
    1607472000000,
    0.119
  ],
  [
    1607558400000,
    0.114
  ],
  [
    1607644800000,
    0.112
  ],
  [
    1607731200000,
    0.118
  ],
  [
    1607817600000,
    0.11
  ],
  [
    1607904000000,
    0.14
  ],
  [
    1607990400000,
    0.114
  ],
  [
    1608076800000,
    0.274
  ],
  [
    1608163200000,
    0.118
  ],
  [
    1608249600000,
    1.18
  ],
  [
    1608336000000,
    0.127
  ],
  [
    1608422400000,
    0.123
  ],
  [
    1608508800000,
    0.127
  ],
  [
    1608595200000,
    0.142
  ],
  [
    1608681600000,
    0.116
  ],
  [
    1608768000000,
    0.115
  ],
  [
    1608854400000,
    0.112
  ],
  [
    1608940800000,
    0.119
  ],
  [
    1609027200000,
    0.12
  ],
  [
    1609113600000,
    0.114
  ],
  [
    1609200000000,
    0.123
  ],
  [
    1609286400000,
    0.128
  ],
  [
    1609372800000,
    0.132
  ],
  [
    1609459200000,
    0.17
  ],
  [
    1609545600000,
    0.164
  ],
  [
    1609632000000,
    14.798
  ],
  [
    1609718400000,
    0.165
  ],
  [
    1609804800000,
    0.162
  ],
  [
    1609891200000,
    0.18
  ],
  [
    1609977600000,
    0.209
  ],
  [
    1610064000000,
    0.194
  ],
  [
    1610150400000,
    0.196
  ],
  [
    1610236800000,
    0.201
  ],
  [
    1610323200000,
    0.776
  ],
  [
    1610409600000,
    0.196
  ],
  [
    1610496000000,
    0.206
  ],
  [
    1610582400000,
    0.185
  ],
  [
    1610668800000,
    0.19
  ],
  [
    1610755200000,
    0.193
  ],
  [
    1610841600000,
    0.199
  ],
  [
    1610928000000,
    0.187
  ],
  [
    1611014400000,
    0.195
  ],
  [
    1611100800000,
    0.194
  ],
  [
    1611187200000,
    0.194
  ],
  [
    1611273600000,
    0.19
  ],
  [
    1611360000000,
    0.188
  ],
  [
    1611446400000,
    0.199
  ],
  [
    1611532800000,
    0.192
  ],
  [
    1611619200000,
    0.196
  ],
  [
    1611705600000,
    0.304
  ],
  [
    1611792000000,
    0.179
  ],
  [
    1611878400000,
    0.175
  ],
  [
    1611964800000,
    0.186
  ],
  [
    1612051200000,
    0.191
  ],
  [
    1612137600000,
    0.191
  ],
  [
    1612224000000,
    0.265
  ],
  [
    1612310400000,
    0.24
  ],
  [
    1612396800000,
    0.255
  ],
  [
    1612483200000,
    0.243
  ],
  [
    1612569600000,
    0.238
  ],
  [
    1612656000000,
    0.247
  ],
  [
    1612742400000,
    0.257
  ],
  [
    1612828800000,
    0.256
  ],
  [
    1612915200000,
    0.251
  ],
  [
    1613001600000,
    0.236
  ],
  [
    1613088000000,
    0.225
  ],
  [
    1613174400000,
    0.22
  ],
  [
    1613260800000,
    0.21
  ],
  [
    1613347200000,
    0.211
  ],
  [
    1613433600000,
    0.204
  ],
  [
    1613520000000,
    0.213
  ],
  [
    1613606400000,
    0.219
  ],
  [
    1613692800000,
    0.212
  ],
  [
    1613779200000,
    0.219
  ],
  [
    1613865600000,
    0.225
  ],
  [
    1613952000000,
    0.223
  ],
  [
    1614038400000,
    0.229
  ],
  [
    1614124800000,
    0.244
  ],
  [
    1614211200000,
    0.236
  ],
  [
    1614297600000,
    0.237
  ],
  [
    1614384000000,
    0.238
  ],
  [
    1614470400000,
    0.241
  ],
  [
    1614556800000,
    0.235
  ],
  [
    1614643200000,
    0.799
  ],
  [
    1614729600000,
    0.251
  ],
  [
    1614816000000,
    0.268
  ],
  [
    1614902400000,
    0.303
  ],
  [
    1614988800000,
    0.275
  ],
  [
    1615075200000,
    0.282
  ],
  [
    1615161600000,
    0.277
  ],
  [
    1615248000000,
    0.28
  ],
  [
    1615334400000,
    0.28
  ],
  [
    1615420800000,
    0.274
  ],
  [
    1615507200000,
    0.281
  ],
  [
    1615593600000,
    0.273
  ],
  [
    1615680000000,
    0.27
  ],
  [
    1615766400000,
    0.273
  ],
  [
    1615852800000,
    0.262
  ],
  [
    1615939200000,
    0.274
  ],
  [
    1616025600000,
    0.268
  ],
  [
    1616112000000,
    0.26
  ],
  [
    1616198400000,
    0.276
  ],
  [
    1616284800000,
    0.276
  ],
  [
    1616371200000,
    0.308
  ],
  [
    1616457600000,
    0.342
  ],
  [
    1616544000000,
    0.367
  ],
  [
    1616630400000,
    0.395
  ],
  [
    1616716800000,
    0.496
  ],
  [
    1616803200000,
    0.453
  ],
  [
    1616889600000,
    0.448
  ],
  [
    1616972400000,
    0.444
  ],
  [
    1617058800000,
    0.435
  ],
  [
    1617145200000,
    0.408
  ],
  [
    1617231600000,
    0.407
  ],
  [
    1617318000000,
    0.412
  ],
  [
    1617404400000,
    0.391
  ],
  [
    1617490800000,
    0.389
  ],
  [
    1617577200000,
    0.395
  ],
  [
    1617663600000,
    0.382
  ],
  [
    1617750000000,
    0.368
  ],
  [
    1617836400000,
    0.356
  ],
  [
    1617922800000,
    0.356
  ],
  [
    1618009200000,
    0.316
  ],
  [
    1618095600000,
    0.319
  ],
  [
    1618182000000,
    0.321
  ],
  [
    1618268400000,
    0.308
  ],
  [
    1618354800000,
    0.345
  ],
  [
    1618441200000,
    0.351
  ],
  [
    1618527600000,
    0.365
  ],
  [
    1618614000000,
    0.387
  ],
  [
    1618700400000,
    0.405
  ],
  [
    1618786800000,
    0.408
  ],
  [
    1618873200000,
    0.405
  ],
  [
    1618959600000,
    0.404
  ],
  [
    1619046000000,
    0.404
  ],
  [
    1619132400000,
    0.407
  ],
  [
    1619218800000,
    0.415
  ],
  [
    1619305200000,
    0.422
  ],
  [
    1619391600000,
    0.413
  ],
  [
    1619478000000,
    0.397
  ],
  [
    1619564400000,
    0.392
  ],
  [
    1619650800000,
    0.461
  ],
  [
    1619737200000,
    0.408
  ],
  [
    1619823600000,
    0.422
  ],
  [
    1619910000000,
    0.456
  ],
  [
    1619996400000,
    0.444
  ],
  [
    1620082800000,
    0.45
  ],
  [
    1620169200000,
    0.452
  ],
  [
    1620255600000,
    0.468
  ],
  [
    1620342000000,
    0.483
  ],
  [
    1620428400000,
    0.498
  ],
  [
    1620514800000,
    0.785
  ],
  [
    1620601200000,
    0.537
  ],
  [
    1620687600000,
    0.55
  ],
  [
    1620774000000,
    0.554
  ],
  [
    1620860400000,
    0.575
  ],
  [
    1620946800000,
    0.564
  ],
  [
    1621033200000,
    0.556
  ],
  [
    1621119600000,
    0.511
  ],
  [
    1621206000000,
    0.547
  ],
  [
    1621292400000,
    0.531
  ],
  [
    1621378800000,
    0.528
  ],
  [
    1621465200000,
    0.528
  ],
  [
    1621551600000,
    0.568
  ],
  [
    1621638000000,
    0.664
  ],
  [
    1621724400000,
    0.802
  ],
  [
    1621810800000,
    0.945
  ],
  [
    1621897200000,
    0.969
  ],
  [
    1621983600000,
    1.221
  ],
  [
    1622070000000,
    1.271
  ],
  [
    1622156400000,
    1.27
  ],
  [
    1622242800000,
    1.129
  ],
  [
    1622329200000,
    1.115
  ],
  [
    1622415600000,
    1.049
  ],
  [
    1622502000000,
    1.294
  ],
  [
    1622588400000,
    1.121
  ],
  [
    1622674800000,
    1.211
  ],
  [
    1622761200000,
    1.24
  ],
  [
    1622847600000,
    1.366
  ],
  [
    1622934000000,
    1.365
  ],
  [
    1623020400000,
    1.355
  ],
  [
    1623106800000,
    1.325
  ],
  [
    1623193200000,
    1.294
  ],
  [
    1623279600000,
    1.288
  ],
  [
    1623366000000,
    1.286
  ],
  [
    1623452400000,
    1.255
  ],
  [
    1623538800000,
    1.322
  ],
  [
    1623625200000,
    1.202
  ],
  [
    1623711600000,
    1.243
  ],
  [
    1623798000000,
    1.242
  ],
  [
    1623884400000,
    1.225
  ],
  [
    1623970800000,
    1.208
  ],
  [
    1624057200000,
    1.239
  ],
  [
    1624143600000,
    1.267
  ],
  [
    1624230000000,
    1.232
  ],
  [
    1624316400000,
    1.314
  ],
  [
    1624402800000,
    1.344
  ],
  [
    1624489200000,
    1.134
  ],
  [
    1624575600000,
    1.009
  ],
  [
    1624662000000,
    1.01
  ],
  [
    1624748400000,
    1.007
  ],
  [
    1624834800000,
    0.996
  ],
  [
    1624921200000,
    0.968
  ],
  [
    1625007600000,
    0.922
  ],
  [
    1625094000000,
    0.924
  ],
  [
    1625180400000,
    0.912
  ],
  [
    1625266800000,
    0.961
  ],
  [
    1625353200000,
    0.923
  ],
  [
    1625439600000,
    0.918
  ],
  [
    1625526000000,
    0.89
  ],
  [
    1625612400000,
    0.869
  ],
  [
    1625698800000,
    0.85
  ],
  [
    1625785200000,
    0.858
  ],
  [
    1625871600000,
    0.843
  ],
  [
    1625958000000,
    0.858
  ],
  [
    1626044400000,
    0.83
  ],
  [
    1626130800000,
    0.776
  ],
  [
    1626217200000,
    0.771
  ],
  [
    1626303600000,
    0.798
  ],
  [
    1626390000000,
    0.79
  ],
  [
    1626476400000,
    0.85
  ],
  [
    1626562800000,
    0.816
  ],
  [
    1626649200000,
    0.777
  ],
  [
    1626735600000,
    0.8
  ],
  [
    1626822000000,
    0.734
  ],
  [
    1626908400000,
    0.749
  ],
  [
    1626994800000,
    0.789
  ],
  [
    1627081200000,
    0.82
  ],
  [
    1627167600000,
    0.857
  ],
  [
    1627254000000,
    1.896
  ],
  [
    1627340400000,
    0.833
  ],
  [
    1627426800000,
    0.801
  ],
  [
    1627513200000,
    0.85
  ],
  [
    1627599600000,
    0.787
  ],
  [
    1627686000000,
    0.826
  ],
  [
    1627772400000,
    0.843
  ],
  [
    1627858800000,
    0.803
  ],
  [
    1627945200000,
    0.831
  ],
  [
    1628031600000,
    0.808
  ],
  [
    1628118000000,
    0.854
  ],
  [
    1628204400000,
    0.791
  ],
  [
    1628290800000,
    0.835
  ],
  [
    1628377200000,
    0.769
  ],
  [
    1628463600000,
    0.787
  ],
  [
    1628550000000,
    0.804
  ],
  [
    1628636400000,
    0.79
  ],
  [
    1628722800000,
    0.808
  ],
  [
    1628809200000,
    0.797
  ],
  [
    1628895600000,
    0.739
  ],
  [
    1628982000000,
    0.747
  ],
  [
    1629068400000,
    0.701
  ],
  [
    1629154800000,
    0.719
  ],
  [
    1629241200000,
    0.771
  ],
  [
    1629327600000,
    0.766
  ],
  [
    1629414000000,
    0.728
  ],
  [
    1629500400000,
    0.717
  ],
  [
    1629586800000,
    0.724
  ],
  [
    1629673200000,
    0.77
  ],
  [
    1629759600000,
    0.811
  ],
  [
    1629846000000,
    0.799
  ],
  [
    1629932400000,
    0.812
  ],
  [
    1630018800000,
    0.774
  ],
  [
    1630105200000,
    0.753
  ],
  [
    1630191600000,
    0.787
  ],
  [
    1630278000000,
    0.76
  ],
  [
    1630364400000,
    0.786
  ],
  [
    1630450800000,
    0.778
  ],
  [
    1630537200000,
    0.791
  ],
  [
    1630623600000,
    0.781
  ],
  [
    1630710000000,
    0.773
  ],
  [
    1630796400000,
    0.793
  ],
  [
    1630882800000,
    5.537
  ],
  [
    1630969200000,
    0.809
  ],
  [
    1631055600000,
    0.761
  ],
  [
    1631142000000,
    0.79
  ],
  [
    1631228400000,
    0.804
  ],
  [
    1631314800000,
    0.729
  ],
  [
    1631401200000,
    0.789
  ],
  [
    1631487600000,
    0.776
  ],
  [
    1631574000000,
    0.779
  ],
  [
    1631660400000,
    0.791
  ],
  [
    1631746800000,
    0.77
  ],
  [
    1631833200000,
    0.761
  ],
  [
    1631919600000,
    0.743
  ],
  [
    1632006000000,
    0.736
  ],
  [
    1632092400000,
    0.713
  ],
  [
    1632178800000,
    0.696
  ],
  [
    1632265200000,
    0.645
  ],
  [
    1632351600000,
    0.635
  ],
  [
    1632438000000,
    0.771
  ],
  [
    1632524400000,
    0.586
  ],
  [
    1632610800000,
    0.6
  ],
  [
    1632697200000,
    0.617
  ],
  [
    1632783600000,
    0.609
  ],
  [
    1632870000000,
    0.598
  ],
  [
    1632956400000,
    0.593
  ],
  [
    1633042800000,
    0.571
  ],
  [
    1633129200000,
    0.573
  ],
  [
    1633215600000,
    0.587
  ],
  [
    1633302000000,
    0.574
  ],
  [
    1633388400000,
    0.568
  ],
  [
    1633474800000,
    0.59
  ],
  [
    1633561200000,
    0.591
  ],
  [
    1633647600000,
    0.552
  ],
  [
    1633734000000,
    0.574
  ],
  [
    1633820400000,
    0.567
  ],
  [
    1633906800000,
    2.315
  ],
  [
    1633993200000,
    0.601
  ],
  [
    1634079600000,
    0.588
  ],
  [
    1634166000000,
    0.566
  ],
  [
    1634252400000,
    0.536
  ],
  [
    1634338800000,
    1.997
  ],
  [
    1634425200000,
    0.567
  ],
  [
    1634511600000,
    0.555
  ],
  [
    1634598000000,
    0.586
  ],
  [
    1634684400000,
    0.549
  ],
  [
    1634770800000,
    0.581
  ],
  [
    1634857200000,
    0.531
  ],
  [
    1634943600000,
    0.542
  ],
  [
    1635030000000,
    0.536
  ],
  [
    1635116400000,
    0.517
  ],
  [
    1635202800000,
    0.534
  ],
  [
    1635289200000,
    0.571
  ],
  [
    1635375600000,
    0.533
  ],
  [
    1635462000000,
    0.531
  ],
  [
    1635548400000,
    0.566
  ],
  [
    1635634800000,
    0.526
  ],
  [
    1635724800000,
    0.541
  ],
  [
    1635811200000,
    0.542
  ],
  [
    1635897600000,
    0.543
  ],
  [
    1635984000000,
    0.633
  ],
  [
    1636070400000,
    0.572
  ],
  [
    1636156800000,
    0.581
  ],
  [
    1636243200000,
    0.569
  ],
  [
    1636329600000,
    0.578
  ],
  [
    1636416000000,
    0.544
  ],
  [
    1636502400000,
    0.558
  ],
  [
    1636588800000,
    0.567
  ],
  [
    1636675200000,
    0.521
  ],
  [
    1636761600000,
    0.585
  ],
  [
    1636848000000,
    0.617
  ],
  [
    1636934400000,
    0.615
  ],
  [
    1637020800000,
    0.556
  ],
  [
    1637107200000,
    0.567
  ],
  [
    1637193600000,
    0.609
  ],
  [
    1637280000000,
    0.569
  ],
  [
    1637366400000,
    0.567
  ],
  [
    1637452800000,
    0.633
  ],
  [
    1637539200000,
    0.665
  ],
  [
    1637625600000,
    0.651
  ],
  [
    1637712000000,
    0.645
  ],
  [
    1637798400000,
    0.649
  ],
  [
    1637884800000,
    0.674
  ],
  [
    1637971200000,
    0.662
  ],
  [
    1638057600000,
    0.66
  ],
  [
    1638144000000,
    0.65
  ],
  [
    1638230400000,
    0.65
  ],
  [
    1638316800000,
    0.645
  ],
  [
    1638403200000,
    0.671
  ],
  [
    1638489600000,
    0.67
  ],
  [
    1638576000000,
    0.699
  ],
  [
    1638662400000,
    0.704
  ],
  [
    1638748800000,
    0.744
  ],
  [
    1638835200000,
    0.767
  ],
  [
    1638921600000,
    0.818
  ],
  [
    1639008000000,
    0.805
  ],
  [
    1639094400000,
    0.778
  ],
  [
    1639180800000,
    0.809
  ],
  [
    1639267200000,
    0.81
  ],
  [
    1639353600000,
    0.807
  ],
  [
    1639440000000,
    0.823
  ],
  [
    1639526400000,
    0.806
  ],
  [
    1639612800000,
    30.316
  ],
  [
    1639699200000,
    0.768
  ],
  [
    1639785600000,
    0.867
  ],
  [
    1639872000000,
    0.898
  ],
  [
    1639958400000,
    0.848
  ],
  [
    1640044800000,
    0.886
  ],
  [
    1640131200000,
    0.827
  ],
  [
    1640217600000,
    0.882
  ],
  [
    1640304000000,
    0.863
  ],
  [
    1640390400000,
    0.851
  ],
  [
    1640476800000,
    0.892
  ],
  [
    1640563200000,
    0.889
  ],
  [
    1640649600000,
    0.847
  ],
  [
    1640736000000,
    0.892
  ],
  [
    1640822400000,
    0.87
  ],
  [
    1640908800000,
    0.908
  ],
  [
    1640995200000,
    0.938
  ],
  [
    1641081600000,
    0.885
  ],
  [
    1641168000000,
    0.851
  ],
  [
    1641254400000,
    0.901
  ],
  [
    1641340800000,
    0.879
  ],
  [
    1641427200000,
    0.894
  ],
  [
    1641513600000,
    0.892
  ],
  [
    1641600000000,
    0.921
  ],
  [
    1641686400000,
    0.937
  ],
  [
    1641772800000,
    0.876
  ],
  [
    1641859200000,
    0.929
  ],
  [
    1641945600000,
    0.922
  ],
  [
    1642032000000,
    0.931
  ],
  [
    1642118400000,
    0.899
  ],
  [
    1642204800000,
    0.967
  ],
  [
    1642291200000,
    0.976
  ],
  [
    1642377600000,
    0.939
  ],
  [
    1642464000000,
    0.994
  ],
  [
    1642550400000,
    1.017
  ],
  [
    1642636800000,
    1.018
  ],
  [
    1642723200000,
    0.971
  ],
  [
    1642809600000,
    0.989
  ],
  [
    1642896000000,
    0.93
  ],
  [
    1642982400000,
    0.95
  ],
  [
    1643068800000,
    0.947
  ],
  [
    1643155200000,
    0.982
  ],
  [
    1643241600000,
    0.94
  ],
  [
    1643328000000,
    0.922
  ],
  [
    1643414400000,
    0.936
  ],
  [
    1643500800000,
    0.909
  ],
  [
    1643587200000,
    0.864
  ],
  [
    1643673600000,
    0.889
  ],
  [
    1643760000000,
    0.893
  ],
  [
    1643846400000,
    0.842
  ],
  [
    1643932800000,
    0.902
  ],
  [
    1644019200000,
    0.925
  ],
  [
    1644105600000,
    0.895
  ],
  [
    1644192000000,
    0.92
  ],
  [
    1644278400000,
    0.896
  ],
  [
    1644364800000,
    0.891
  ],
  [
    1644451200000,
    0.903
  ],
  [
    1644537600000,
    0.928
  ],
  [
    1644624000000,
    0.899
  ],
  [
    1644710400000,
    0.931
  ],
  [
    1644796800000,
    0.936
  ],
  [
    1644883200000,
    0.953
  ],
  [
    1644969600000,
    0.925
  ],
  [
    1645056000000,
    0.898
  ],
  [
    1645142400000,
    0.923
  ],
  [
    1645228800000,
    0.945
  ],
  [
    1645315200000,
    0.955
  ],
  [
    1645401600000,
    0.931
  ],
  [
    1645488000000,
    0.975
  ],
  [
    1645574400000,
    0.923
  ],
  [
    1645660800000,
    0.983
  ],
  [
    1645747200000,
    0.896
  ],
  [
    1645833600000,
    0.934
  ],
  [
    1645920000000,
    0.904
  ],
  [
    1646006400000,
    0.947
  ],
  [
    1646092800000,
    0.864
  ],
  [
    1646179200000,
    0.958
  ],
  [
    1646265600000,
    0.914
  ],
  [
    1646352000000,
    0.943
  ],
  [
    1646438400000,
    0.916
  ],
  [
    1646524800000,
    0.913
  ],
  [
    1646611200000,
    0.876
  ],
  [
    1646697600000,
    0.932
  ],
  [
    1646784000000,
    0.913
  ],
  [
    1646870400000,
    0.968
  ],
  [
    1646956800000,
    0.998
  ],
  [
    1647043200000,
    0.971
  ],
  [
    1647129600000,
    0.982
  ],
  [
    1647216000000,
    0.958
  ],
  [
    1647302400000,
    1.007
  ],
  [
    1647388800000,
    1.002
  ],
  [
    1647475200000,
    0.976
  ],
  [
    1647561600000,
    1.004
  ],
  [
    1647648000000,
    0.979
  ],
  [
    1647734400000,
    0.937
  ],
  [
    1647820800000,
    0.95
  ],
  [
    1647907200000,
    1.055
  ],
  [
    1647993600000,
    1.019
  ],
  [
    1648080000000,
    1.066
  ],
  [
    1648166400000,
    1.073
  ],
  [
    1648252800000,
    1.052
  ],
  [
    1648339200000,
    1.121
  ],
  [
    1648422000000,
    1.102
  ],
  [
    1648508400000,
    1.094
  ],
  [
    1648594800000,
    1.15
  ],
  [
    1648681200000,
    1.174
  ],
  [
    1648767600000,
    1.153
  ],
  [
    1648854000000,
    1.393
  ],
  [
    1648940400000,
    1.187
  ],
  [
    1649026800000,
    1.236
  ],
  [
    1649113200000,
    1.241
  ],
  [
    1649199600000,
    1.242
  ],
  [
    1649286000000,
    1.184
  ],
  [
    1649372400000,
    1.252
  ],
  [
    1649458800000,
    1.26
  ],
  [
    1649545200000,
    1.274
  ],
  [
    1649631600000,
    1.218
  ],
  [
    1649718000000,
    1.187
  ],
  [
    1649804400000,
    1.24
  ],
  [
    1649890800000,
    1.196
  ],
  [
    1649977200000,
    1.208
  ],
  [
    1650063600000,
    1.311
  ],
  [
    1650150000000,
    1.362
  ],
  [
    1650236400000,
    1.24
  ],
  [
    1650322800000,
    1.209
  ],
  [
    1650409200000,
    1.336
  ],
  [
    1650495600000,
    1.292
  ],
  [
    1650582000000,
    1.356
  ],
  [
    1650668400000,
    1.359
  ],
  [
    1650754800000,
    1.457
  ],
  [
    1650841200000,
    1.369
  ],
  [
    1650927600000,
    1.451
  ],
  [
    1651014000000,
    1.437
  ],
  [
    1651100400000,
    1.399
  ],
  [
    1651186800000,
    1.306
  ],
  [
    1651273200000,
    1.327
  ],
  [
    1651359600000,
    1.344
  ],
  [
    1651446000000,
    1.343
  ],
  [
    1651532400000,
    1.3
  ],
  [
    1651618800000,
    1.292
  ],
  [
    1651705200000,
    1.18
  ],
  [
    1651791600000,
    1.233
  ],
  [
    1651878000000,
    1.272
  ],
  [
    1651964400000,
    1.225
  ],
  [
    1652050800000,
    1.254
  ],
  [
    1652137200000,
    1.183
  ],
  [
    1652223600000,
    1.206
  ],
  [
    1652310000000,
    1.234
  ],
  [
    1652396400000,
    1.289
  ],
  [
    1652482800000,
    1.31
  ],
  [
    1652569200000,
    1.273
  ],
  [
    1652655600000,
    1.283
  ],
  [
    1652742000000,
    1.239
  ],
  [
    1652828400000,
    1.278
  ],
  [
    1652914800000,
    1.073
  ],
  [
    1653001200000,
    1.292
  ],
  [
    1653087600000,
    1.313
  ],
  [
    1653174000000,
    2.664
  ],
  [
    1653260400000,
    1.279
  ],
  [
    1653346800000,
    1.22
  ],
  [
    1653433200000,
    1.21
  ],
  [
    1653519600000,
    1.232
  ],
  [
    1653606000000,
    1.177
  ],
  [
    1653692400000,
    1.146
  ],
  [
    1653778800000,
    1.173
  ],
  [
    1653865200000,
    1.198
  ],
  [
    1653951600000,
    1.194
  ],
  [
    1654038000000,
    1.131
  ],
  [
    1654124400000,
    1.139
  ],
  [
    1654210800000,
    1.228
  ],
  [
    1654297200000,
    1.2
  ],
  [
    1654383600000,
    1.152
  ],
  [
    1654470000000,
    1.132
  ],
  [
    1654556400000,
    1.154
  ],
  [
    1654642800000,
    1.139
  ],
  [
    1654729200000,
    1.154
  ],
  [
    1654815600000,
    1.178
  ],
  [
    1654902000000,
    1.07
  ],
  [
    1654988400000,
    1.057
  ],
  [
    1655074800000,
    1.056
  ],
  [
    1655161200000,
    1.1
  ],
  [
    1655247600000,
    1.069
  ],
  [
    1655334000000,
    1.059
  ],
  [
    1655420400000,
    1.052
  ],
  [
    1655506800000,
    1.049
  ],
  [
    1655593200000,
    1.093
  ],
  [
    1655679600000,
    1.106
  ],
  [
    1655766000000,
    1.046
  ],
  [
    1655852400000,
    1.024
  ],
  [
    1655938800000,
    1.02
  ],
  [
    1656025200000,
    1.01
  ],
  [
    1656111600000,
    1.011
  ],
  [
    1656198000000,
    1.085
  ],
  [
    1656284400000,
    1.08
  ],
  [
    1656370800000,
    1.024
  ],
  [
    1656457200000,
    1.065
  ],
  [
    1656543600000,
    1.021
  ],
  [
    1656630000000,
    1.078
  ],
  [
    1656716400000,
    1.088
  ],
  [
    1656802800000,
    1.022
  ],
  [
    1656889200000,
    1.006
  ],
  [
    1656975600000,
    1.013
  ],
  [
    1657062000000,
    1.009
  ],
  [
    1657148400000,
    1.052
  ],
  [
    1657234800000,
    1.043
  ],
  [
    1657321200000,
    1.043
  ],
  [
    1657407600000,
    1.065
  ],
  [
    1657494000000,
    1.037
  ],
  [
    1657580400000,
    1.013
  ],
  [
    1657666800000,
    1.058
  ],
  [
    1657753200000,
    1.048
  ],
  [
    1657839600000,
    1.039
  ],
  [
    1657926000000,
    1.027
  ],
  [
    1658012400000,
    0.968
  ],
  [
    1658098800000,
    0.943
  ],
  [
    1658185200000,
    0.948
  ],
  [
    1658271600000,
    0.888
  ],
  [
    1658358000000,
    0.875
  ],
  [
    1658444400000,
    0.905
  ],
  [
    1658530800000,
    0.857
  ],
  [
    1658617200000,
    0.932
  ],
  [
    1658703600000,
    0.901
  ],
  [
    1658790000000,
    0.977
  ],
  [
    1658876400000,
    0.968
  ],
  [
    1658962800000,
    0.903
  ],
  [
    1659049200000,
    0.895
  ],
  [
    1659135600000,
    2.019
  ],
  [
    1659222000000,
    0.891
  ],
  [
    1659308400000,
    1.073
  ],
  [
    1659394800000,
    0.989
  ],
  [
    1659481200000,
    1.006
  ],
  [
    1659567600000,
    1.005
  ],
  [
    1659654000000,
    0.933
  ],
  [
    1659740400000,
    1.026
  ],
  [
    1659826800000,
    1.044
  ],
  [
    1659913200000,
    1.091
  ],
  [
    1659999600000,
    1.036
  ],
  [
    1660086000000,
    1.091
  ],
  [
    1660172400000,
    1.004
  ],
  [
    1660258800000,
    1.011
  ],
  [
    1660345200000,
    1.005
  ],
  [
    1660431600000,
    1.027
  ],
  [
    1660518000000,
    1.033
  ],
  [
    1660604400000,
    1.023
  ],
  [
    1660690800000,
    1.019
  ],
  [
    1660777200000,
    1.055
  ],
  [
    1660863600000,
    1.094
  ],
  [
    1660950000000,
    1.112
  ],
  [
    1661036400000,
    1.1
  ],
  [
    1661122800000,
    1.104
  ],
  [
    1661209200000,
    1.097
  ],
  [
    1661295600000,
    1.086
  ],
  [
    1661382000000,
    1.101
  ],
  [
    1661468400000,
    1.147
  ],
  [
    1661554800000,
    1.062
  ],
  [
    1661641200000,
    1.136
  ],
  [
    1661727600000,
    1.187
  ],
  [
    1661814000000,
    1.222
  ],
  [
    1661900400000,
    1.146
  ],
  [
    1661986800000,
    1.219
  ],
  [
    1662073200000,
    1.178
  ],
  [
    1662159600000,
    1.09
  ],
  [
    1662246000000,
    1.169
  ],
  [
    1662332400000,
    1.202
  ],
  [
    1662418800000,
    1.232
  ],
  [
    1662505200000,
    1.287
  ],
  [
    1662591600000,
    1.184
  ],
  [
    1662678000000,
    1.165
  ],
  [
    1662764400000,
    1.258
  ],
  [
    1662850800000,
    1.251
  ],
  [
    1662937200000,
    1.302
  ],
  [
    1663023600000,
    1.285
  ],
  [
    1663110000000,
    1.337
  ],
  [
    1663196400000,
    1.337
  ],
  [
    1663282800000,
    1.301
  ],
  [
    1663369200000,
    1.346
  ],
  [
    1663455600000,
    1.341
  ],
  [
    1663542000000,
    1.268
  ],
  [
    1663628400000,
    1.333
  ],
  [
    1663714800000,
    1.24
  ],
  [
    1663801200000,
    1.343
  ],
  [
    1663887600000,
    1.267
  ],
  [
    1663974000000,
    1.331
  ],
  [
    1664060400000,
    1.364
  ],
  [
    1664146800000,
    1.321
  ],
  [
    1664233200000,
    1.281
  ],
  [
    1664319600000,
    1.119
  ],
  [
    1664406000000,
    1.182
  ],
  [
    1664492400000,
    1.149
  ],
  [
    1664578800000,
    1.151
  ],
  [
    1664665200000,
    1.186
  ],
  [
    1664751600000,
    1.157
  ],
  [
    1664838000000,
    1.206
  ],
  [
    1664924400000,
    1.141
  ],
  [
    1665010800000,
    1.251
  ],
  [
    1665097200000,
    1.19
  ],
  [
    1665183600000,
    1.189
  ],
  [
    1665270000000,
    1.269
  ],
  [
    1665356400000,
    1.282
  ],
  [
    1665442800000,
    1.315
  ],
  [
    1665529200000,
    1.316
  ],
  [
    1665615600000,
    1.339
  ],
  [
    1665702000000,
    1.432
  ],
  [
    1665788400000,
    1.512
  ],
  [
    1665874800000,
    1.519
  ],
  [
    1665961200000,
    1.563
  ],
  [
    1666047600000,
    1.464
  ],
  [
    1666134000000,
    1.484
  ],
  [
    1666220400000,
    1.312
  ],
  [
    1666306800000,
    1.552
  ],
  [
    1666393200000,
    1.514
  ],
  [
    1666479600000,
    1.422
  ],
  [
    1666566000000,
    1.363
  ],
  [
    1666652400000,
    1.408
  ],
  [
    1666738800000,
    1.464
  ],
  [
    1666825200000,
    1.466
  ],
  [
    1666911600000,
    1.473
  ],
  [
    1666998000000,
    1.531
  ],
  [
    1667084400000,
    1.543
  ],
  [
    1667174400000,
    1.55
  ],
  [
    1667260800000,
    1.547
  ],
  [
    1667347200000,
    1.648
  ],
  [
    1667433600000,
    1.712
  ],
  [
    1667520000000,
    1.687
  ],
  [
    1667606400000,
    1.779
  ],
  [
    1667692800000,
    1.694
  ],
  [
    1667779200000,
    1.874
  ],
  [
    1667865600000,
    1.79
  ],
  [
    1667952000000,
    1.757
  ],
  [
    1668038400000,
    1.767
  ],
  [
    1668124800000,
    1.618
  ],
  [
    1668211200000,
    1.786
  ],
  [
    1668297600000,
    1.739
  ],
  [
    1668384000000,
    1.681
  ],
  [
    1668470400000,
    1.603
  ],
  [
    1668556800000,
    1.52
  ],
  [
    1668643200000,
    1.695
  ],
  [
    1668729600000,
    1.76
  ],
  [
    1668816000000,
    1.855
  ],
  [
    1668902400000,
    1.392
  ],
  [
    1668988800000,
    1.639
  ],
  [
    1669075200000,
    1.61
  ],
  [
    1669161600000,
    1.578
  ],
  [
    1669248000000,
    1.605
  ],
  [
    1669334400000,
    1.682
  ],
  [
    1669420800000,
    1.624
  ],
  [
    1669507200000,
    1.632
  ],
  [
    1669593600000,
    1.654
  ],
  [
    1669680000000,
    3.874
  ],
  [
    1669766400000,
    1.826
  ],
  [
    1669852800000,
    1.763
  ],
  [
    1669939200000,
    1.774
  ],
  [
    1670025600000,
    1.807
  ],
  [
    1670112000000,
    1.824
  ],
  [
    1670198400000,
    1.805
  ],
  [
    1670284800000,
    1.8
  ],
  [
    1670371200000,
    1.836
  ],
  [
    1670457600000,
    1.672
  ],
  [
    1670544000000,
    1.901
  ],
  [
    1670630400000,
    1.591
  ],
  [
    1670716800000,
    1.929
  ],
  [
    1670803200000,
    1.963
  ],
  [
    1670889600000,
    1.95
  ],
  [
    1670976000000,
    1.687
  ],
  [
    1671062400000,
    1.786
  ],
  [
    1671148800000,
    1.79
  ],
  [
    1671235200000,
    1.735
  ],
  [
    1671321600000,
    1.646
  ],
  [
    1671408000000,
    1.591
  ],
  [
    1671494400000,
    1.792
  ],
  [
    1671580800000,
    1.773
  ],
  [
    1671667200000,
    1.753
  ],
  [
    1671753600000,
    1.57
  ],
  [
    1671840000000,
    1.628
  ],
  [
    1671926400000,
    1.666
  ],
  [
    1672012800000,
    1.609
  ],
  [
    1672099200000,
    1.499
  ],
  [
    1672185600000,
    1.609
  ],
  [
    1672272000000,
    1.599
  ],
  [
    1672358400000,
    1.57
  ],
  [
    1672444800000,
    1.594
  ],
  [
    1672531200000,
    1.534
  ],
  [
    1672617600000,
    1.585
  ],
  [
    1672704000000,
    1.5
  ],
  [
    1672790400000,
    1.518
  ],
  [
    1672876800000,
    1.47
  ],
  [
    1672963200000,
    1.556
  ],
  [
    1673049600000,
    1.388
  ],
  [
    1673136000000,
    1.534
  ],
  [
    1673222400000,
    1.576
  ],
  [
    1673308800000,
    1.532
  ],
  [
    1673395200000,
    1.588
  ],
  [
    1673481600000,
    1.543
  ],
  [
    1673568000000,
    1.53
  ],
  [
    1673654400000,
    1.543
  ],
  [
    1673740800000,
    1.568
  ],
  [
    1673827200000,
    1.588
  ],
  [
    1673913600000,
    1.611
  ],
  [
    1674000000000,
    1.617
  ],
  [
    1674086400000,
    1.671
  ],
  [
    1674172800000,
    1.674
  ],
  [
    1674259200000,
    1.555
  ],
  [
    1674345600000,
    1.67
  ],
  [
    1674432000000,
    1.679
  ],
  [
    1674518400000,
    1.61
  ],
  [
    1674604800000,
    1.555
  ],
  [
    1674691200000,
    1.517
  ],
  [
    1674777600000,
    1.772
  ],
  [
    1674864000000,
    1.887
  ],
  [
    1674950400000,
    1.892
  ],
  [
    1675036800000,
    1.825
  ],
  [
    1675123200000,
    1.998
  ],
  [
    1675209600000,
    2.059
  ],
  [
    1675296000000,
    2.092
  ],
  [
    1675382400000,
    2.007
  ],
  [
    1675468800000,
    1.924
  ],
  [
    1675555200000,
    1.882
  ],
  [
    1675641600000,
    2.025
  ],
  [
    1675728000000,
    1.991
  ],
  [
    1675814400000,
    1.998
  ],
  [
    1675900800000,
    2.098
  ],
  [
    1675987200000,
    2.1
  ],
  [
    1676073600000,
    1.93
  ],
  [
    1676160000000,
    2.044
  ],
  [
    1676246400000,
    2.067
  ],
  [
    1676332800000,
    1.91
  ],
  [
    1676419200000,
    1.895
  ],
  [
    1676505600000,
    1.922
  ],
  [
    1676592000000,
    1.97
  ],
  [
    1676678400000,
    1.801
  ],
  [
    1676764800000,
    1.989
  ],
  [
    1676851200000,
    1.896
  ],
  [
    1676937600000,
    1.96
  ],
  [
    1677024000000,
    2.015
  ],
  [
    1677110400000,
    1.832
  ],
  [
    1677196800000,
    1.878
  ],
  [
    1677283200000,
    1.975
  ],
  [
    1677369600000,
    1.759
  ],
  [
    1677456000000,
    1.832
  ],
  [
    1677542400000,
    1.969
  ],
  [
    1677628800000,
    1.799
  ],
  [
    1677715200000,
    1.903
  ],
  [
    1677801600000,
    1.987
  ],
  [
    1677888000000,
    1.811
  ],
  [
    1677974400000,
    1.79
  ],
  [
    1678060800000,
    1.896
  ],
  [
    1678147200000,
    1.838
  ],
  [
    1678233600000,
    1.669
  ],
  [
    1678320000000,
    1.742
  ],
  [
    1678406400000,
    1.504
  ],
  [
    1678492800000,
    1.644
  ],
  [
    1678579200000,
    1.705
  ],
  [
    1678665600000,
    1.592
  ],
  [
    1678752000000,
    1.703
  ],
  [
    1678838400000,
    1.785
  ],
  [
    1678924800000,
    1.705
  ],
  [
    1679011200000,
    1.58
  ],
  [
    1679097600000,
    1.596
  ],
  [
    1679184000000,
    1.748
  ],
  [
    1679270400000,
    1.628
  ],
  [
    1679356800000,
    1.615
  ],
  [
    1679443200000,
    1.686
  ],
  [
    1679529600000,
    1.843
  ],
  [
    1679616000000,
    1.798
  ],
  [
    1679702400000,
    1.767
  ],
  [
    1679788800000,
    1.854
  ],
  [
    1679871600000,
    1.792
  ],
  [
    1679958000000,
    1.683
  ],
  [
    1680044400000,
    1.575
  ],
  [
    1680130800000,
    1.518
  ],
  [
    1680217200000,
    1.75
  ],
  [
    1680303600000,
    1.85
  ],
  [
    1680390000000,
    1.643
  ],
  [
    1680476400000,
    1.629
  ],
  [
    1680562800000,
    1.815
  ],
  [
    1680649200000,
    1.585
  ],
  [
    1680735600000,
    1.695
  ],
  [
    1680822000000,
    1.718
  ],
  [
    1680908400000,
    1.788
  ],
  [
    1680994800000,
    1.828
  ],
  [
    1681081200000,
    1.914
  ],
  [
    1681167600000,
    1.83
  ],
  [
    1681254000000,
    1.617
  ],
  [
    1681340400000,
    1.887
  ],
  [
    1681426800000,
    2.008
  ],
  [
    1681513200000,
    1.69
  ],
  [
    1681599600000,
    1.712
  ],
  [
    1681686000000,
    1.794
  ],
  [
    1681772400000,
    1.951
  ],
  [
    1681858800000,
    1.708
  ],
  [
    1681945200000,
    1.868
  ],
  [
    1682031600000,
    1.82
  ],
  [
    1682118000000,
    1.749
  ],
  [
    1682204400000,
    2.066
  ],
  [
    1682290800000,
    1.942
  ],
  [
    1682377200000,
    2.018
  ],
  [
    1682463600000,
    2.104
  ],
  [
    1682550000000,
    1.924
  ],
  [
    1682636400000,
    1.813
  ],
  [
    1682722800000,
    2.026
  ],
  [
    1682809200000,
    1.861
  ],
  [
    1682895600000,
    1.862
  ],
  [
    1682982000000,
    1.78
  ],
  [
    1683068400000,
    1.504
  ],
  [
    1683154800000,
    1.716
  ],
  [
    1683241200000,
    1.749
  ],
  [
    1683327600000,
    1.386
  ],
  [
    1683414000000,
    1.397
  ],
  [
    1683500400000,
    1.597
  ],
  [
    1683586800000,
    1.564
  ],
  [
    1683673200000,
    1.633
  ],
  [
    1683759600000,
    1.576
  ],
  [
    1683846000000,
    1.663
  ],
  [
    1683932400000,
    1.867
  ],
  [
    1684018800000,
    1.751
  ],
  [
    1684105200000,
    1.628
  ],
  [
    1684191600000,
    1.953
  ],
  [
    1684278000000,
    1.757
  ],
  [
    1684364400000,
    1.713
  ],
  [
    1684450800000,
    1.832
  ],
  [
    1684537200000,
    1.957
  ],
  [
    1684623600000,
    1.908
  ],
  [
    1684710000000,
    1.798
  ],
  [
    1684796400000,
    1.931
  ],
  [
    1684882800000,
    1.418
  ],
  [
    1684969200000,
    1.483
  ],
  [
    1685055600000,
    1.495
  ],
  [
    1685142000000,
    1.757
  ],
  [
    1685228400000,
    1.774
  ],
  [
    1685314800000,
    1.727
  ],
  [
    1685401200000,
    2.093
  ],
  [
    1685487600000,
    1.784
  ],
  [
    1685574000000,
    1.878
  ],
  [
    1685660400000,
    1.861
  ],
  [
    1685746800000,
    1.92
  ],
  [
    1685833200000,
    2.09
  ],
  [
    1685919600000,
    1.689
  ],
  [
    1686006000000,
    1.343
  ],
  [
    1686092400000,
    1.9
  ],
  [
    1686178800000,
    1.942
  ],
  [
    1686265200000,
    2.07
  ],
  [
    1686351600000,
    1.82
  ],
  [
    1686438000000,
    2.054
  ],
  [
    1686524400000,
    1.541
  ],
  [
    1686610800000,
    1.998
  ],
  [
    1686697200000,
    2.128
  ],
  [
    1686783600000,
    1.579
  ],
  [
    1686870000000,
    1.794
  ],
  [
    1686956400000,
    2.388
  ],
  [
    1687042800000,
    2.441
  ],
  [
    1687129200000,
    1.966
  ],
  [
    1687215600000,
    2.186
  ],
  [
    1687302000000,
    2.178
  ],
  [
    1687388400000,
    2.14
  ],
  [
    1687474800000,
    2.656
  ],
  [
    1687561200000,
    2.333
  ],
  [
    1687647600000,
    2.155
  ],
  [
    1687734000000,
    2.389
  ],
  [
    1687820400000,
    2.123
  ],
  [
    1687906800000,
    2.225
  ],
  [
    1687993200000,
    1.901
  ],
  [
    1688079600000,
    2.127
  ],
  [
    1688166000000,
    1.871
  ],
  [
    1688252400000,
    2.122
  ],
  [
    1688338800000,
    1.909
  ],
  [
    1688425200000,
    1.84
  ],
  [
    1688511600000,
    1.524
  ],
  [
    1688598000000,
    1.613
  ],
  [
    1688684400000,
    1.922
  ],
  [
    1688770800000,
    1.726
  ],
  [
    1688857200000,
    1.634
  ],
  [
    1688943600000,
    1.977
  ],
  [
    1689030000000,
    1.955
  ],
  [
    1689116400000,
    1.838
  ],
  [
    1689202800000,
    1.693
  ],
  [
    1689289200000,
    1.612
  ],
  [
    1689375600000,
    1.957
  ],
  [
    1689462000000,
    1.673
  ],
  [
    1689548400000,
    1.844
  ],
  [
    1689634800000,
    1.961
  ],
  [
    1689721200000,
    1.846
  ],
  [
    1689807600000,
    1.631
  ],
  [
    1689894000000,
    1.845
  ],
  [
    1689980400000,
    2.228
  ],
  [
    1690066800000,
    1.796
  ],
  [
    1690153200000,
    2.264
  ],
  [
    1690239600000,
    2.107
  ],
  [
    1690326000000,
    2.049
  ],
  [
    1690412400000,
    1.934
  ],
  [
    1690498800000,
    1.952
  ],
  [
    1690585200000,
    1.971
  ],
  [
    1690671600000,
    1.665
  ],
  [
    1690758000000,
    2.025
  ],
  [
    1690844400000,
    1.886
  ],
  [
    1690930800000,
    2.043
  ],
  [
    1691017200000,
    2.038
  ],
  [
    1691103600000,
    2.135
  ],
  [
    1691190000000,
    1.766
  ],
  [
    1691276400000,
    2.199
  ],
  [
    1691362800000,
    2.021
  ],
  [
    1691449200000,
    2.078
  ],
  [
    1691535600000,
    1.719
  ],
  [
    1691622000000,
    1.996
  ],
  [
    1691708400000,
    2.048
  ],
  [
    1691794800000,
    2.276
  ],
  [
    1691881200000,
    2.097
  ],
  [
    1691967600000,
    2.183
  ],
  [
    1692054000000,
    1.778
  ],
  [
    1692140400000,
    1.959
  ],
  [
    1692226800000,
    2.196
  ],
  [
    1692313200000,
    2.06
  ],
  [
    1692399600000,
    1.552
  ],
  [
    1692486000000,
    1.92
  ],
  [
    1692572400000,
    2.311
  ],
  [
    1692658800000,
    1.953
  ],
  [
    1692745200000,
    2.425
  ],
  [
    1692831600000,
    2.251
  ],
  [
    1692918000000,
    2.349
  ],
  [
    1693004400000,
    1.943
  ],
  [
    1693090800000,
    1.976
  ],
  [
    1693177200000,
    1.886
  ],
  [
    1693263600000,
    2.195
  ],
  [
    1693350000000,
    1.398
  ],
  [
    1693436400000,
    1.804
  ],
  [
    1693522800000,
    1.541
  ],
  [
    1693609200000,
    1.954
  ],
  [
    1693695600000,
    2.185
  ],
  [
    1693782000000,
    2.167
  ],
  [
    1693868400000,
    1.641
  ],
  [
    1693954800000,
    2.099
  ],
  [
    1694041200000,
    2.129
  ],
  [
    1694127600000,
    2.414
  ],
  [
    1694214000000,
    2.486
  ],
  [
    1694300400000,
    1.995
  ],
  [
    1694386800000,
    1.7
  ],
  [
    1694473200000,
    2.183
  ],
  [
    1694559600000,
    2.321
  ],
  [
    1694646000000,
    2.44
  ],
  [
    1694732400000,
    2.554
  ],
  [
    1694818800000,
    2.004
  ],
  [
    1694905200000,
    2.151
  ],
  [
    1694991600000,
    2.403
  ],
  [
    1695078000000,
    2.071
  ],
  [
    1695164400000,
    2.598
  ],
  [
    1695250800000,
    2.801
  ],
  [
    1695337200000,
    2.578
  ],
  [
    1695423600000,
    2.617
  ],
  [
    1695510000000,
    2.174
  ],
  [
    1695596400000,
    2.847
  ],
  [
    1695682800000,
    2.792
  ],
  [
    1695769200000,
    2.459
  ],
  [
    1695855600000,
    2.812
  ],
  [
    1695942000000,
    2.497
  ],
  [
    1696028400000,
    2.565
  ],
  [
    1696114800000,
    2.176
  ],
  [
    1696201200000,
    2.594
  ],
  [
    1696287600000,
    2.104
  ],
  [
    1696374000000,
    2.41
  ],
  [
    1696460400000,
    2.727
  ],
  [
    1696546800000,
    2.347
  ],
  [
    1696633200000,
    2.545
  ],
  [
    1696719600000,
    2.465
  ],
  [
    1696806000000,
    2.835
  ],
  [
    1696892400000,
    2.445
  ],
  [
    1696978800000,
    2.441
  ],
  [
    1697065200000,
    2.365
  ],
  [
    1697151600000,
    2.293
  ],
  [
    1697238000000,
    2.588
  ],
  [
    1697324400000,
    2.797
  ],
  [
    1697410800000,
    2.36
  ],
  [
    1697497200000,
    2.49
  ],
  [
    1697583600000,
    2.903
  ],
  [
    1697670000000,
    2.984
  ],
  [
    1697756400000,
    2.925
  ],
  [
    1697842800000,
    2.818
  ],
  [
    1697929200000,
    2.82
  ],
  [
    1698015600000,
    2.558
  ],
  [
    1698102000000,
    3.015
  ],
  [
    1698188400000,
    3.054
  ],
  [
    1698274800000,
    2.69
  ],
  [
    1698361200000,
    2.907
  ],
  [
    1698447600000,
    2.969
  ],
  [
    1698534000000,
    2.832
  ],
  [
    1698624000000,
    2.796
  ],
  [
    1698710400000,
    2.709
  ],
  [
    1698796800000,
    2.543
  ],
  [
    1698883200000,
    2.925
  ],
  [
    1698969600000,
    2.557
  ],
  [
    1699056000000,
    3.01
  ],
  [
    1699142400000,
    2.715
  ],
  [
    1699228800000,
    2.775
  ],
  [
    1699315200000,
    2.157
  ],
  [
    1699401600000,
    2.551
  ],
  [
    1699488000000,
    2.967
  ],
  [
    1699574400000,
    2.671
  ],
  [
    1699660800000,
    3.045
  ],
  [
    1699747200000,
    2.865
  ],
  [
    1699833600000,
    2.851
  ],
  [
    1699920000000,
    1.679
  ],
  [
    1700006400000,
    2.447
  ],
  [
    1700092800000,
    2.289
  ],
  [
    1700179200000,
    2.935
  ],
  [
    1700265600000,
    2.017
  ],
  [
    1700352000000,
    2.982
  ],
  [
    1700438400000,
    1.87
  ],
  [
    1700524800000,
    2.453
  ],
  [
    1700611200000,
    2.606
  ],
  [
    1700697600000,
    2.446
  ],
  [
    1700784000000,
    2.329
  ],
  [
    1700870400000,
    2.552
  ],
  [
    1700956800000,
    2.538
  ],
  [
    1701043200000,
    2.119
  ],
  [
    1701129600000,
    2.295
  ],
  [
    1701216000000,
    2.853
  ],
  [
    1701302400000,
    1.919
  ],
  [
    1701388800000,
    2.261
  ],
  [
    1701475200000,
    1.926
  ],
  [
    1701561600000,
    2.383
  ],
  [
    1701648000000,
    2.404
  ],
  [
    1701734400000,
    2.505
  ],
  [
    1701820800000,
    2.947
  ],
  [
    1701907200000,
    2.664
  ],
  [
    1701993600000,
    2.349
  ],
  [
    1702080000000,
    2.477
  ],
  [
    1702166400000,
    2.829
  ],
  [
    1702252800000,
    3.023
  ],
  [
    1702339200000,
    2.835
  ],
  [
    1702425600000,
    3.228
  ],
  [
    1702512000000,
    2.33
  ],
  [
    1702598400000,
    2.54
  ],
  [
    1702684800000,
    3.503
  ],
  [
    1702771200000,
    2.445
  ],
  [
    1702857600000,
    3.197
  ],
  [
    1702944000000,
    3.004
  ],
  [
    1703030400000,
    2.409
  ],
  [
    1703116800000,
    2.707
  ],
  [
    1703203200000,
    3.036
  ],
  [
    1703289600000,
    2.975
  ],
  [
    1703376000000,
    2.839
  ],
  [
    1703462400000,
    2.191
  ],
  [
    1703548800000,
    1.901
  ],
  [
    1703635200000,
    2.082
  ],
  [
    1703721600000,
    2.192
  ],
  [
    1703808000000,
    2.646
  ],
  [
    1703894400000,
    2.308
  ],
  [
    1703980800000,
    2.208
  ],
  [
    1704067200000,
    2.281
  ],
  [
    1704153600000,
    2.375
  ],
  [
    1704240000000,
    2.858
  ],
  [
    1704326400000,
    2.665
  ],
  [
    1704412800000,
    2.865
  ],
  [
    1704499200000,
    2.341
  ],
  [
    1704585600000,
    2.951
  ],
  [
    1704672000000,
    3.239
  ],
  [
    1704758400000,
    3.025
  ],
  [
    1704844800000,
    3.058
  ],
  [
    1704931200000,
    3.255
  ],
  [
    1705017600000,
    2.835
  ],
  [
    1705104000000,
    1.792
  ],
  [
    1705190400000,
    2.87
  ],
  [
    1705276800000,
    2.835
  ],
  [
    1705363200000,
    3.268
  ],
  [
    1705449600000,
    3.122
  ],
  [
    1705536000000,
    2.825
  ],
  [
    1705622400000,
    3.019
  ],
  [
    1705708800000,
    2.913
  ],
  [
    1705795200000,
    2.226
  ],
  [
    1705881600000,
    2.906
  ],
  [
    1705968000000,
    2.091
  ],
  [
    1706054400000,
    2.19
  ],
  [
    1706140800000,
    2.807
  ],
  [
    1706227200000,
    2.786
  ],
  [
    1706313600000,
    2.655
  ],
  [
    1706400000000,
    2.828
  ],
  [
    1706486400000,
    1.74
  ],
  [
    1706572800000,
    2.259
  ],
  [
    1706659200000,
    2.511
  ],
  [
    1706745600000,
    2.388
  ],
  [
    1706832000000,
    2.344
  ],
  [
    1706918400000,
    2.713
  ],
  [
    1707004800000,
    2.604
  ],
  [
    1707091200000,
    2.463
  ],
  [
    1707177600000,
    2.507
  ],
  [
    1707264000000,
    2.934
  ],
  [
    1707350400000,
    2.173
  ],
  [
    1707436800000,
    2.021
  ],
  [
    1707523200000,
    2.835
  ],
  [
    1707609600000,
    3.178
  ],
  [
    1707696000000,
    3.048
  ],
  [
    1707782400000,
    1.555
  ],
  [
    1707868800000,
    2.81
  ],
  [
    1707955200000,
    3.267
  ],
  [
    1708041600000,
    3.159
  ],
  [
    1708128000000,
    2.505
  ],
  [
    1708214400000,
    3.095
  ],
  [
    1708300800000,
    2.024
  ],
  [
    1708387200000,
    2.481
  ],
  [
    1708473600000,
    2.442
  ],
  [
    1708560000000,
    2.404
  ],
  [
    1708646400000,
    2.847
  ],
  [
    1708732800000,
    3.048
  ],
  [
    1708819200000,
    2.609
  ],
  [
    1708905600000,
    3.506
  ],
  [
    1708992000000,
    3.206
  ],
  [
    1709078400000,
    3.525
  ],
  [
    1709164800000,
    3.077
  ],
  [
    1709251200000,
    4.095
  ],
  [
    1709337600000,
    2.823
  ],
  [
    1709424000000,
    3.848
  ],
  [
    1709510400000,
    3.447
  ],
  [
    1709596800000,
    3.868
  ],
  [
    1709683200000,
    3.287
  ],
  [
    1709769600000,
    3.581
  ],
  [
    1709856000000,
    4.228
  ],
  [
    1709942400000,
    3.247
  ],
  [
    1710028800000,
    4.978
  ],
  [
    1710115200000,
    3.936
  ],
  [
    1710201600000,
    4.345
  ],
  [
    1710288000000,
    4.196
  ],
  [
    1710374400000,
    3.818
  ],
  [
    1710460800000,
    3.852
  ],
  [
    1710547200000,
    3.892
  ],
  [
    1710633600000,
    3.933
  ],
  [
    1710720000000,
    4.023
  ],
  [
    1710806400000,
    2.527
  ],
  [
    1710892800000,
    3.699
  ],
  [
    1710979200000,
    4.285
  ],
  [
    1711065600000,
    4.005
  ],
  [
    1711152000000,
    4.224
  ],
  [
    1711238400000,
    3.856
  ],
  [
    1711324800000,
    3.897
  ],
  [
    1711411200000,
    4.057
  ],
  [
    1711497600000,
    3.99
  ],
  [
    1711584000000,
    4.166
  ],
  [
    1711670400000,
    4.201
  ],
  [
    1711756800000,
    4.21
  ],
  [
    1711843200000,
    4.167
  ],
  [
    1711926000000,
    4.396
  ],
  [
    1712012400000,
    4.403
  ],
  [
    1712098800000,
    4.416
  ],
  [
    1712271600000,
    4.523
  ],
  [
    1712358000000,
    4.558
  ],
  [
    1712444400000,
    4.44
  ],
  [
    1712530800000,
    4.29
  ],
  [
    1712617200000,
    4.31
  ],
  [
    1712703600000,
    3.93
  ],
  [
    1712790000000,
    4.453
  ],
  [
    1712876400000,
    4.429
  ],
  [
    1712962800000,
    4.791
  ],
  [
    1713049200000,
    4.779
  ],
  [
    1713135600000,
    4.838
  ],
  [
    1713222000000,
    4.603
  ],
  [
    1713308400000,
    5.463
  ],
  [
    1713394800000,
    4.526
  ],
  [
    1713481200000,
    4.493
  ],
  [
    1713567600000,
    4.49
  ],
  [
    1713654000000,
    4.546
  ],
  [
    1713740400000,
    4.427
  ],
  [
    1713826800000,
    4.21
  ],
  [
    1713913200000,
    4.598
  ],
  [
    1713999600000,
    4.535
  ],
  [
    1714086000000,
    4.471
  ],
  [
    1714172400000,
    4.48
  ],
  [
    1714258800000,
    4.39
  ],
  [
    1714345200000,
    4.28
  ],
  [
    1714431600000,
    4.483
  ],
  [
    1714518000000,
    4.58
  ],
  [
    1714604400000,
    4.793
  ],
  [
    1714690800000,
    4.516
  ],
  [
    1714777200000,
    4.625
  ],
  [
    1714863600000,
    4.603
  ],
  [
    1714950000000,
    4.448
  ],
  [
    1715036400000,
    4.47
  ],
  [
    1715122800000,
    4.764
  ],
  [
    1715209200000,
    4.686
  ],
  [
    1715295600000,
    4.781
  ],
  [
    1715382000000,
    4.926
  ],
  [
    1715468400000,
    4.945
  ],
  [
    1715554800000,
    4.99
  ],
  [
    1715641200000,
    4.6
  ],
  [
    1715727600000,
    4.833
  ],
  [
    1715814000000,
    4.96
  ],
  [
    1715900400000,
    4.798
  ],
  [
    1715986800000,
    4.934
  ],
  [
    1716073200000,
    4.978
  ],
  [
    1716159600000,
    4.985
  ],
  [
    1716246000000,
    4.872
  ],
  [
    1716375600000,
    5.133
  ],
  [
    1716411600000,
    5.14
  ],
  [
    1716440400000,
    5.17
  ],
  [
    1716444000000,
    5.17
  ],
  [
    1716472800000,
    5.07
  ],
  [
    1716480000000,
    5.13
  ],
  [
    1716490800000,
    5.12
  ],
  [
    1716523200000,
    5.15
  ],
  [
    1716526800000,
    5.15
  ],
  [
    1716537600000,
    5.15
  ],
  [
    1716562800000,
    5.18
  ],
  [
    1716570000000,
    5.151
  ],
  [
    1716591600000,
    4.59
  ],
  [
    1716616800000,
    4.91
  ],
  [
    1716634800000,
    4.77
  ],
  [
    1716638400000,
    4.98
  ],
  [
    1716645600000,
    4.98
  ],
  [
    1716649200000,
    5.08
  ],
  [
    1716670800000,
    4.89
  ],
  [
    1716674400000,
    5.091
  ],
  [
    1716688800000,
    5.03
  ],
  [
    1716703200000,
    5
  ],
  [
    1716706800000,
    5.105
  ],
  [
    1716753600000,
    5
  ],
  [
    1716757200000,
    5.09
  ],
  [
    1716782400000,
    5.11
  ],
  [
    1716814800000,
    5.09
  ],
  [
    1716843600000,
    5
  ],
  [
    1716861600000,
    4.94
  ],
  [
    1716865200000,
    5.03
  ],
  [
    1716897600000,
    5.11
  ],
  [
    1716901200000,
    5.15
  ],
  [
    1716919200000,
    5.2
  ],
  [
    1716926400000,
    5.2
  ],
  [
    1716933600000,
    5
  ],
  [
    1716951600000,
    5.24
  ],
  [
    1716955200000,
    5.24
  ],
  [
    1716966000000,
    5.25
  ],
  [
    1716973200000,
    5.24
  ],
  [
    1716980400000,
    5.25
  ],
  [
    1716998400000,
    5.07
  ],
  [
    1717005600000,
    5.06
  ],
  [
    1717027200000,
    5.555
  ],
  [
    1717045200000,
    5.12
  ],
  [
    1717059600000,
    5.08
  ],
  [
    1717088400000,
    5.286
  ],
  [
    1717092000000,
    5.297
  ],
  [
    1717095600000,
    4.95
  ],
  [
    1717138800000,
    5.26
  ],
  [
    1717146000000,
    4.98
  ],
  [
    1717160400000,
    5.26
  ],
  [
    1717164000000,
    5.32
  ],
  [
    1717178400000,
    5.34
  ],
  [
    1717182000000,
    5.21
  ],
  [
    1717189200000,
    5
  ],
  [
    1717192800000,
    5.38
  ],
  [
    1717203600000,
    5.53
  ],
  [
    1717225200000,
    5.47
  ],
  [
    1717228800000,
    5.45
  ],
  [
    1717264800000,
    5.53
  ],
  [
    1717282800000,
    5.55
  ],
  [
    1717329600000,
    6.124
  ],
  [
    1717398000000,
    4.97
  ],
  [
    1717419600000,
    5.83
  ],
  [
    1717423200000,
    5.72
  ],
  [
    1717498800000,
    5.44
  ],
  [
    1717513200000,
    5.92
  ],
  [
    1717516800000,
    5.91
  ],
  [
    1717524000000,
    5.92
  ],
  [
    1717538400000,
    5.82
  ],
  [
    1717563600000,
    5.71
  ],
  [
    1717570800000,
    5.937
  ],
  [
    1717614000000,
    5.84
  ],
  [
    1717621200000,
    5.82
  ],
  [
    1717635600000,
    5.75
  ],
  [
    1717642800000,
    5.52
  ],
  [
    1717653600000,
    5.84
  ],
  [
    1717657200000,
    5.61
  ],
  [
    1717668000000,
    5.52
  ],
  [
    1717686000000,
    5.864
  ],
  [
    1717696800000,
    5.927
  ],
  [
    1717700400000,
    5.92
  ],
  [
    1717711200000,
    5.87
  ],
  [
    1717768800000,
    5.76
  ],
  [
    1717772400000,
    6.025
  ],
  [
    1717804800000,
    5.995
  ],
  [
    1717808400000,
    6.51
  ],
  [
    1717822800000,
    5.95
  ],
  [
    1717833600000,
    5.95
  ],
  [
    1717840800000,
    5.79
  ],
  [
    1717884000000,
    5.49
  ],
  [
    1717941600000,
    5.01
  ],
  [
    1717956000000,
    5.254
  ],
  [
    1717999200000,
    5.55
  ],
  [
    1718002800000,
    5.17
  ],
  [
    1718020800000,
    5.49
  ],
  [
    1718060400000,
    5.08
  ],
  [
    1718096400000,
    5.09
  ],
  [
    1718118000000,
    5.09
  ],
  [
    1718139600000,
    5.037
  ],
  [
    1718157600000,
    5.153
  ],
  [
    1718161200000,
    5.148
  ],
  [
    1718182800000,
    4.96
  ],
  [
    1718190000000,
    4.65
  ],
  [
    1718197200000,
    4.8
  ],
  [
    1718233200000,
    5.407
  ],
  [
    1718280000000,
    4.529
  ],
  [
    1718283600000,
    3.96
  ],
  [
    1718290800000,
    4.832
  ],
  [
    1718301600000,
    4.867
  ],
  [
    1718362800000,
    5.029
  ],
  [
    1718420400000,
    4.8
  ],
  [
    1718496000000,
    4.795
  ],
  [
    1718503200000,
    4.75
  ],
  [
    1718524800000,
    4.85
  ],
  [
    1718539200000,
    4.83
  ],
  [
    1718550000000,
    4.85
  ],
  [
    1718560800000,
    4.8
  ],
  [
    1718571600000,
    4.851
  ],
  [
    1718582400000,
    4.85
  ],
  [
    1718593200000,
    3.96
  ],
  [
    1718607600000,
    4.9
  ],
  [
    1718611200000,
    4.9
  ],
  [
    1718622000000,
    4.89
  ],
  [
    1718636400000,
    5.01
  ],
  [
    1718665200000,
    5.232
  ],
  [
    1718694000000,
    4.75
  ],
  [
    1718697600000,
    4.956
  ],
  [
    1718722800000,
    4.9
  ],
  [
    1718769600000,
    4.73
  ],
  [
    1718784000000,
    4.68
  ],
  [
    1718787600000,
    4.68
  ],
  [
    1718816400000,
    5.01
  ],
  [
    1718906400000,
    4.63
  ],
  [
    1718953200000,
    5.276
  ],
  [
    1718989200000,
    3.44
  ],
  [
    1719000000000,
    4.44
  ],
  [
    1719025200000,
    4.53
  ],
  [
    1719028800000,
    4.53
  ],
  [
    1719039600000,
    4.595
  ],
  [
    1719046800000,
    4.57
  ]
]