[
  [
    1574035200000,
    0.11
  ],
  [
    1574121600000,
    0.059
  ],
  [
    1574208000000,
    0.042
  ],
  [
    1574294400000,
    0.043
  ],
  [
    1574380800000,
    2.166
  ],
  [
    1574467200000,
    0.04
  ],
  [
    1574553600000,
    0.034
  ],
  [
    1574640000000,
    0.639
  ],
  [
    1574726400000,
    0.038
  ],
  [
    1574812800000,
    0.045
  ],
  [
    1574899200000,
    0.039
  ],
  [
    1574985600000,
    0.046
  ],
  [
    1575072000000,
    5.214
  ],
  [
    1575158400000,
    0.053
  ],
  [
    1575244800000,
    0.076
  ],
  [
    1575331200000,
    0.058
  ],
  [
    1575417600000,
    1.728
  ],
  [
    1575504000000,
    2.172
  ],
  [
    1575590400000,
    0.032
  ],
  [
    1575676800000,
    0.036
  ],
  [
    1575763200000,
    0.037
  ],
  [
    1575849600000,
    5.612
  ],
  [
    1575936000000,
    0.039
  ],
  [
    1576022400000,
    0.108
  ],
  [
    1576108800000,
    0.038
  ],
  [
    1576195200000,
    0.035
  ],
  [
    1576281600000,
    0.035
  ],
  [
    1576368000000,
    0.035
  ],
  [
    1576454400000,
    0.037
  ],
  [
    1576540800000,
    0.045
  ],
  [
    1576627200000,
    0.037
  ],
  [
    1576713600000,
    0.041
  ],
  [
    1576800000000,
    0.037
  ],
  [
    1576886400000,
    0.037
  ],
  [
    1576972800000,
    0.04
  ],
  [
    1577059200000,
    1.995
  ],
  [
    1577145600000,
    0.044
  ],
  [
    1577232000000,
    0.034
  ],
  [
    1577318400000,
    0.149
  ],
  [
    1577404800000,
    0.268
  ],
  [
    1577491200000,
    0.036
  ],
  [
    1577577600000,
    0.032
  ],
  [
    1577664000000,
    0.037
  ],
  [
    1577750400000,
    0.034
  ],
  [
    1577836800000,
    0.031
  ],
  [
    1577923200000,
    0.032
  ],
  [
    1578009600000,
    0.553
  ],
  [
    1578096000000,
    0.034
  ],
  [
    1578182400000,
    0.033
  ],
  [
    1578268800000,
    0.031
  ],
  [
    1578355200000,
    0.69
  ],
  [
    1578441600000,
    0.03
  ],
  [
    1578528000000,
    0.033
  ],
  [
    1578614400000,
    0.037
  ],
  [
    1578700800000,
    0.036
  ],
  [
    1578787200000,
    0.122
  ],
  [
    1578873600000,
    0.037
  ],
  [
    1578960000000,
    0.035
  ],
  [
    1579046400000,
    0.031
  ],
  [
    1579132800000,
    0.037
  ],
  [
    1579219200000,
    0.036
  ],
  [
    1579305600000,
    0.878
  ],
  [
    1579392000000,
    0.039
  ],
  [
    1579478400000,
    0.04
  ],
  [
    1579564800000,
    0.035
  ],
  [
    1579651200000,
    0.042
  ],
  [
    1579737600000,
    0.04
  ],
  [
    1579824000000,
    2.444
  ],
  [
    1579910400000,
    0.038
  ],
  [
    1579996800000,
    0.05
  ],
  [
    1580083200000,
    0.033
  ],
  [
    1580169600000,
    0.035
  ],
  [
    1580256000000,
    0.147
  ],
  [
    1580342400000,
    0.038
  ],
  [
    1580428800000,
    0.042
  ],
  [
    1580515200000,
    0.037
  ],
  [
    1580601600000,
    0.042
  ],
  [
    1580688000000,
    0.046
  ],
  [
    1580774400000,
    0.068
  ],
  [
    1580860800000,
    0.06
  ],
  [
    1580947200000,
    0.057
  ],
  [
    1581033600000,
    0.059
  ],
  [
    1581120000000,
    0.053
  ],
  [
    1581206400000,
    2.736
  ],
  [
    1581292800000,
    7.21
  ],
  [
    1581379200000,
    0.042
  ],
  [
    1581465600000,
    0.045
  ],
  [
    1581552000000,
    0.082
  ],
  [
    1581638400000,
    0.044
  ],
  [
    1581724800000,
    0.05
  ],
  [
    1581811200000,
    0.051
  ],
  [
    1581897600000,
    0.341
  ],
  [
    1581984000000,
    0.182
  ],
  [
    1582070400000,
    0.043
  ],
  [
    1582156800000,
    0.04
  ],
  [
    1582243200000,
    0.039
  ],
  [
    1582329600000,
    0.043
  ],
  [
    1582416000000,
    0.049
  ],
  [
    1582502400000,
    0.054
  ],
  [
    1582588800000,
    0.052
  ],
  [
    1582675200000,
    0.162
  ],
  [
    1582761600000,
    0.048
  ],
  [
    1582848000000,
    0.05
  ],
  [
    1582934400000,
    0.055
  ],
  [
    1583020800000,
    0.055
  ],
  [
    1583107200000,
    0.054
  ],
  [
    1583193600000,
    0.053
  ],
  [
    1583280000000,
    0.05
  ],
  [
    1583366400000,
    0.049
  ],
  [
    1583452800000,
    0.049
  ],
  [
    1583539200000,
    0.308
  ],
  [
    1583625600000,
    0.049
  ],
  [
    1583712000000,
    0.05
  ],
  [
    1583798400000,
    0.042
  ],
  [
    1583884800000,
    0.045
  ],
  [
    1583971200000,
    0.414
  ],
  [
    1584057600000,
    0.047
  ],
  [
    1584144000000,
    0.044
  ],
  [
    1584230400000,
    0.047
  ],
  [
    1584316800000,
    0.044
  ],
  [
    1584403200000,
    0.045
  ],
  [
    1584489600000,
    0.042
  ],
  [
    1584576000000,
    0.045
  ],
  [
    1584662400000,
    0.044
  ],
  [
    1584748800000,
    0.048
  ],
  [
    1584835200000,
    0.047
  ],
  [
    1584921600000,
    0.048
  ],
  [
    1585008000000,
    0.047
  ],
  [
    1585094400000,
    0.056
  ],
  [
    1585180800000,
    0.049
  ],
  [
    1585267200000,
    0.049
  ],
  [
    1585353600000,
    0.049
  ],
  [
    1585440000000,
    0.052
  ],
  [
    1585522800000,
    0.048
  ],
  [
    1585609200000,
    0.048
  ],
  [
    1585695600000,
    0.052
  ],
  [
    1585782000000,
    0.051
  ],
  [
    1585868400000,
    0.057
  ],
  [
    1585954800000,
    0.049
  ],
  [
    1586041200000,
    0.049
  ],
  [
    1586127600000,
    0.048
  ],
  [
    1586214000000,
    0.05
  ],
  [
    1586300400000,
    0.05
  ],
  [
    1586386800000,
    0.049
  ],
  [
    1586473200000,
    0.05
  ],
  [
    1586559600000,
    0.047
  ],
  [
    1586646000000,
    0.049
  ],
  [
    1586732400000,
    0.051
  ],
  [
    1586818800000,
    0.054
  ],
  [
    1586905200000,
    0.057
  ],
  [
    1586991600000,
    0.059
  ],
  [
    1587078000000,
    0.055
  ],
  [
    1587164400000,
    0.054
  ],
  [
    1587250800000,
    0.051
  ],
  [
    1587337200000,
    0.055
  ],
  [
    1587423600000,
    0.056
  ],
  [
    1587510000000,
    0.054
  ],
  [
    1587596400000,
    0.058
  ],
  [
    1587682800000,
    0.053
  ],
  [
    1587769200000,
    0.061
  ],
  [
    1587855600000,
    0.059
  ],
  [
    1587942000000,
    0.061
  ],
  [
    1588028400000,
    0.06
  ],
  [
    1588114800000,
    0.059
  ],
  [
    1588201200000,
    0.061
  ],
  [
    1588287600000,
    0.061
  ],
  [
    1588374000000,
    0.063
  ],
  [
    1588460400000,
    0.205
  ],
  [
    1588546800000,
    0.094
  ],
  [
    1588633200000,
    0.067
  ],
  [
    1588719600000,
    0.081
  ],
  [
    1588806000000,
    0.083
  ],
  [
    1588892400000,
    0.083
  ],
  [
    1588978800000,
    0.083
  ],
  [
    1589065200000,
    0.082
  ],
  [
    1589151600000,
    0.077
  ],
  [
    1589238000000,
    0.076
  ],
  [
    1589324400000,
    0.083
  ],
  [
    1589410800000,
    0.083
  ],
  [
    1589497200000,
    0.082
  ],
  [
    1589583600000,
    0.086
  ],
  [
    1589670000000,
    0.083
  ],
  [
    1589756400000,
    0.095
  ],
  [
    1589842800000,
    0.099
  ],
  [
    1589929200000,
    0.107
  ],
  [
    1590015600000,
    0.105
  ],
  [
    1590102000000,
    0.101
  ],
  [
    1590188400000,
    0.101
  ],
  [
    1590274800000,
    0.1
  ],
  [
    1590361200000,
    0.1
  ],
  [
    1590447600000,
    0.094
  ],
  [
    1590534000000,
    0.092
  ],
  [
    1590620400000,
    0.089
  ],
  [
    1590706800000,
    0.095
  ],
  [
    1590793200000,
    0.096
  ],
  [
    1590879600000,
    0.086
  ],
  [
    1590966000000,
    0.088
  ],
  [
    1591052400000,
    0.086
  ],
  [
    1591138800000,
    0.085
  ],
  [
    1591225200000,
    0.088
  ],
  [
    1591311600000,
    0.092
  ],
  [
    1591398000000,
    0.092
  ],
  [
    1591484400000,
    0.093
  ],
  [
    1591570800000,
    0.085
  ],
  [
    1591657200000,
    0.086
  ],
  [
    1591743600000,
    0.082
  ],
  [
    1591830000000,
    0.1
  ],
  [
    1591916400000,
    0.093
  ],
  [
    1592002800000,
    0.078
  ],
  [
    1592089200000,
    0.089
  ],
  [
    1592175600000,
    0.083
  ],
  [
    1592262000000,
    0.085
  ],
  [
    1592348400000,
    0.091
  ],
  [
    1592434800000,
    0.082
  ],
  [
    1592521200000,
    0.081
  ],
  [
    1592607600000,
    0.082
  ],
  [
    1592694000000,
    0.08
  ],
  [
    1592780400000,
    6.013
  ],
  [
    1592866800000,
    0.085
  ],
  [
    1592953200000,
    0.092
  ],
  [
    1593039600000,
    0.162
  ],
  [
    1593126000000,
    0.068
  ],
  [
    1593212400000,
    0.073
  ],
  [
    1593298800000,
    0.072
  ],
  [
    1593385200000,
    0.072
  ],
  [
    1593471600000,
    0.063
  ],
  [
    1593558000000,
    0.07
  ],
  [
    1593644400000,
    0.075
  ],
  [
    1593730800000,
    0.237
  ],
  [
    1593817200000,
    0.077
  ],
  [
    1593903600000,
    0.076
  ],
  [
    1593990000000,
    0.077
  ],
  [
    1594076400000,
    0.075
  ],
  [
    1594162800000,
    0.082
  ],
  [
    1594249200000,
    0.08
  ],
  [
    1594335600000,
    0.087
  ],
  [
    1594422000000,
    0.099
  ],
  [
    1594508400000,
    0.091
  ],
  [
    1594594800000,
    0.101
  ],
  [
    1594681200000,
    0.386
  ],
  [
    1594767600000,
    0.09
  ],
  [
    1594854000000,
    0.104
  ],
  [
    1594940400000,
    0.103
  ],
  [
    1595026800000,
    0.101
  ],
  [
    1595113200000,
    0.099
  ],
  [
    1595199600000,
    0.097
  ],
  [
    1595286000000,
    0.095
  ],
  [
    1595372400000,
    0.085
  ],
  [
    1595458800000,
    0.102
  ],
  [
    1595545200000,
    0.099
  ],
  [
    1595631600000,
    0.086
  ],
  [
    1595718000000,
    0.099
  ],
  [
    1595804400000,
    0.1
  ],
  [
    1595890800000,
    0.099
  ],
  [
    1595977200000,
    1.486
  ],
  [
    1596063600000,
    0.115
  ],
  [
    1596150000000,
    0.118
  ],
  [
    1596236400000,
    0.119
  ],
  [
    1596322800000,
    0.12
  ],
  [
    1596409200000,
    0.105
  ],
  [
    1596495600000,
    0.114
  ],
  [
    1596582000000,
    0.122
  ],
  [
    1596668400000,
    0.136
  ],
  [
    1596754800000,
    0.097
  ],
  [
    1596841200000,
    0.107
  ],
  [
    1596927600000,
    0.107
  ],
  [
    1597014000000,
    0.121
  ],
  [
    1597100400000,
    0.113
  ],
  [
    1597186800000,
    5.805
  ],
  [
    1597273200000,
    0.108
  ],
  [
    1597359600000,
    0.116
  ],
  [
    1597446000000,
    0.109
  ],
  [
    1597532400000,
    0.126
  ],
  [
    1597618800000,
    0.11
  ],
  [
    1597705200000,
    0.102
  ],
  [
    1597791600000,
    0.114
  ],
  [
    1597878000000,
    0.094
  ],
  [
    1597964400000,
    0.1
  ],
  [
    1598050800000,
    0.103
  ],
  [
    1598137200000,
    0.105
  ],
  [
    1598223600000,
    0.106
  ],
  [
    1598310000000,
    0.099
  ],
  [
    1598396400000,
    0.114
  ],
  [
    1598482800000,
    0.586
  ],
  [
    1598569200000,
    0.103
  ],
  [
    1598655600000,
    0.102
  ],
  [
    1598742000000,
    0.118
  ],
  [
    1598828400000,
    0.107
  ],
  [
    1598914800000,
    0.101
  ],
  [
    1599001200000,
    0.095
  ],
  [
    1599087600000,
    0.114
  ],
  [
    1599174000000,
    0.119
  ],
  [
    1599260400000,
    0.689
  ],
  [
    1599346800000,
    0.114
  ],
  [
    1599433200000,
    0.102
  ],
  [
    1599519600000,
    0.104
  ],
  [
    1599606000000,
    0.103
  ],
  [
    1599692400000,
    28.773
  ],
  [
    1599778800000,
    0.109
  ],
  [
    1599865200000,
    4.666
  ],
  [
    1599951600000,
    0.112
  ],
  [
    1600038000000,
    0.112
  ],
  [
    1600124400000,
    0.119
  ],
  [
    1600210800000,
    0.1
  ],
  [
    1600297200000,
    0.087
  ],
  [
    1600383600000,
    0.105
  ],
  [
    1600470000000,
    0.107
  ],
  [
    1600556400000,
    0.103
  ],
  [
    1600642800000,
    0.107
  ],
  [
    1600729200000,
    0.113
  ],
  [
    1600815600000,
    0.1
  ],
  [
    1600902000000,
    0.094
  ],
  [
    1600988400000,
    0.115
  ],
  [
    1601074800000,
    0.106
  ],
  [
    1601161200000,
    0.095
  ],
  [
    1601247600000,
    0.099
  ],
  [
    1601334000000,
    10.51
  ],
  [
    1601420400000,
    0.104
  ],
  [
    1601506800000,
    0.106
  ],
  [
    1601593200000,
    0.116
  ],
  [
    1601679600000,
    0.111
  ],
  [
    1601766000000,
    0.118
  ],
  [
    1601852400000,
    0.11
  ],
  [
    1601938800000,
    0.106
  ],
  [
    1602025200000,
    0.109
  ],
  [
    1602111600000,
    0.113
  ],
  [
    1602198000000,
    0.118
  ],
  [
    1602284400000,
    0.127
  ],
  [
    1602370800000,
    0.123
  ],
  [
    1602457200000,
    0.127
  ],
  [
    1602543600000,
    0.129
  ],
  [
    1602630000000,
    0.129
  ],
  [
    1602716400000,
    0.123
  ],
  [
    1602802800000,
    0.124
  ],
  [
    1602889200000,
    0.129
  ],
  [
    1602975600000,
    0.137
  ],
  [
    1603062000000,
    0.125
  ],
  [
    1603148400000,
    0.157
  ],
  [
    1603234800000,
    0.139
  ],
  [
    1603321200000,
    0.129
  ],
  [
    1603407600000,
    0.119
  ],
  [
    1603494000000,
    0.149
  ],
  [
    1603580400000,
    0.142
  ],
  [
    1603670400000,
    0.138
  ],
  [
    1603756800000,
    0.144
  ],
  [
    1603843200000,
    0.123
  ],
  [
    1603929600000,
    0.143
  ],
  [
    1604016000000,
    0.126
  ],
  [
    1604102400000,
    0.136
  ],
  [
    1604188800000,
    0.408
  ],
  [
    1604275200000,
    0.123
  ],
  [
    1604361600000,
    0.142
  ],
  [
    1604448000000,
    0.148
  ],
  [
    1604534400000,
    0.133
  ],
  [
    1604620800000,
    0.139
  ],
  [
    1604707200000,
    0.15
  ],
  [
    1604793600000,
    0.129
  ],
  [
    1604880000000,
    0.142
  ],
  [
    1604966400000,
    0.131
  ],
  [
    1605052800000,
    0.126
  ],
  [
    1605139200000,
    0.124
  ],
  [
    1605225600000,
    0.131
  ],
  [
    1605312000000,
    0.127
  ],
  [
    1605398400000,
    0.5
  ],
  [
    1605484800000,
    0.123
  ],
  [
    1605571200000,
    0.12
  ],
  [
    1605657600000,
    0.105
  ],
  [
    1605744000000,
    0.107
  ],
  [
    1605830400000,
    0.12
  ],
  [
    1605916800000,
    0.111
  ],
  [
    1606003200000,
    0.122
  ],
  [
    1606089600000,
    0.129
  ],
  [
    1606176000000,
    0.129
  ],
  [
    1606262400000,
    0.104
  ],
  [
    1606348800000,
    0.124
  ],
  [
    1606435200000,
    0.114
  ],
  [
    1606521600000,
    0.115
  ],
  [
    1606608000000,
    0.109
  ],
  [
    1606694400000,
    0.108
  ],
  [
    1606780800000,
    0.118
  ],
  [
    1606867200000,
    0.118
  ],
  [
    1606953600000,
    0.134
  ],
  [
    1607040000000,
    0.117
  ],
  [
    1607126400000,
    0.128
  ],
  [
    1607212800000,
    0.123
  ],
  [
    1607299200000,
    0.11
  ],
  [
    1607385600000,
    0.104
  ],
  [
    1607472000000,
    0.102
  ],
  [
    1607558400000,
    0.109
  ],
  [
    1607644800000,
    0.109
  ],
  [
    1607731200000,
    0.116
  ],
  [
    1607817600000,
    0.104
  ],
  [
    1607904000000,
    0.131
  ],
  [
    1607990400000,
    0.135
  ],
  [
    1608076800000,
    0.291
  ],
  [
    1608163200000,
    0.145
  ],
  [
    1608249600000,
    0.145
  ],
  [
    1608336000000,
    0.175
  ],
  [
    1608422400000,
    0.135
  ],
  [
    1608508800000,
    0.148
  ],
  [
    1608595200000,
    0.133
  ],
  [
    1608681600000,
    0.124
  ],
  [
    1608768000000,
    0.1
  ],
  [
    1608854400000,
    0.116
  ],
  [
    1608940800000,
    0.101
  ],
  [
    1609027200000,
    0.115
  ],
  [
    1609113600000,
    0.119
  ],
  [
    1609200000000,
    0.116
  ],
  [
    1609286400000,
    0.121
  ],
  [
    1609372800000,
    0.267
  ],
  [
    1609459200000,
    0.139
  ],
  [
    1609545600000,
    0.151
  ],
  [
    1609632000000,
    0.14
  ],
  [
    1609718400000,
    0.156
  ],
  [
    1609804800000,
    0.183
  ],
  [
    1609891200000,
    0.176
  ],
  [
    1609977600000,
    0.168
  ],
  [
    1610064000000,
    0.178
  ],
  [
    1610150400000,
    0.271
  ],
  [
    1610236800000,
    0.189
  ],
  [
    1610323200000,
    0.205
  ],
  [
    1610409600000,
    0.195
  ],
  [
    1610496000000,
    0.196
  ],
  [
    1610582400000,
    1.093
  ],
  [
    1610668800000,
    0.201
  ],
  [
    1610755200000,
    0.162
  ],
  [
    1610841600000,
    0.202
  ],
  [
    1610928000000,
    0.195
  ],
  [
    1611014400000,
    0.175
  ],
  [
    1611100800000,
    7.724
  ],
  [
    1611187200000,
    0.191
  ],
  [
    1611273600000,
    0.169
  ],
  [
    1611360000000,
    0.183
  ],
  [
    1611446400000,
    0.179
  ],
  [
    1611532800000,
    0.172
  ],
  [
    1611619200000,
    0.179
  ],
  [
    1611705600000,
    0.19
  ],
  [
    1611792000000,
    0.176
  ],
  [
    1611878400000,
    0.152
  ],
  [
    1611964800000,
    0.165
  ],
  [
    1612051200000,
    0.167
  ],
  [
    1612137600000,
    0.192
  ],
  [
    1612224000000,
    0.182
  ],
  [
    1612310400000,
    0.185
  ],
  [
    1612396800000,
    0.202
  ],
  [
    1612483200000,
    0.19
  ],
  [
    1612569600000,
    0.209
  ],
  [
    1612656000000,
    0.204
  ],
  [
    1612742400000,
    0.208
  ],
  [
    1612828800000,
    0.638
  ],
  [
    1612915200000,
    0.142
  ],
  [
    1613001600000,
    0.189
  ],
  [
    1613088000000,
    0.201
  ],
  [
    1613174400000,
    0.292
  ],
  [
    1613260800000,
    0.214
  ],
  [
    1613347200000,
    2.038
  ],
  [
    1613433600000,
    0.184
  ],
  [
    1613520000000,
    0.204
  ],
  [
    1613606400000,
    0.228
  ],
  [
    1613692800000,
    0.313
  ],
  [
    1613779200000,
    83.479
  ],
  [
    1613865600000,
    0.238
  ],
  [
    1613952000000,
    0.227
  ],
  [
    1614038400000,
    0.227
  ],
  [
    1614124800000,
    0.211
  ],
  [
    1614211200000,
    0.205
  ],
  [
    1614297600000,
    0.206
  ],
  [
    1614384000000,
    0.216
  ],
  [
    1614470400000,
    0.182
  ],
  [
    1614556800000,
    0.216
  ],
  [
    1614643200000,
    0.212
  ],
  [
    1614729600000,
    0.222
  ],
  [
    1614816000000,
    0.192
  ],
  [
    1614902400000,
    0.229
  ],
  [
    1614988800000,
    0.228
  ],
  [
    1615075200000,
    0.204
  ],
  [
    1615161600000,
    0.211
  ],
  [
    1615248000000,
    0.273
  ],
  [
    1615334400000,
    0.26
  ],
  [
    1615420800000,
    0.241
  ],
  [
    1615507200000,
    0.238
  ],
  [
    1615593600000,
    0.26
  ],
  [
    1615680000000,
    0.249
  ],
  [
    1615766400000,
    0.264
  ],
  [
    1615852800000,
    0.24
  ],
  [
    1615939200000,
    0.286
  ],
  [
    1616025600000,
    0.274
  ],
  [
    1616112000000,
    0.255
  ],
  [
    1616198400000,
    0.222
  ],
  [
    1616284800000,
    0.235
  ],
  [
    1616371200000,
    0.285
  ],
  [
    1616457600000,
    0.276
  ],
  [
    1616544000000,
    0.34
  ],
  [
    1616630400000,
    0.36
  ],
  [
    1616716800000,
    0.358
  ],
  [
    1616803200000,
    0.388
  ],
  [
    1616889600000,
    0.363
  ],
  [
    1616972400000,
    0.364
  ],
  [
    1617058800000,
    0.367
  ],
  [
    1617145200000,
    0.355
  ],
  [
    1617231600000,
    0.581
  ],
  [
    1617318000000,
    0.383
  ],
  [
    1617404400000,
    98.512
  ],
  [
    1617490800000,
    0.578
  ],
  [
    1617577200000,
    0.367
  ],
  [
    1617663600000,
    0.386
  ],
  [
    1617750000000,
    0.349
  ],
  [
    1617836400000,
    0.29
  ],
  [
    1617922800000,
    0.271
  ],
  [
    1618009200000,
    0.276
  ],
  [
    1618095600000,
    0.26
  ],
  [
    1618182000000,
    0.245
  ],
  [
    1618268400000,
    0.264
  ],
  [
    1618354800000,
    0.282
  ],
  [
    1618441200000,
    0.346
  ],
  [
    1618527600000,
    0.331
  ],
  [
    1618614000000,
    0.342
  ],
  [
    1618700400000,
    0.306
  ],
  [
    1618786800000,
    0.358
  ],
  [
    1618873200000,
    0.348
  ],
  [
    1618959600000,
    0.266
  ],
  [
    1619046000000,
    0.391
  ],
  [
    1619132400000,
    0.33
  ],
  [
    1619218800000,
    0.345
  ],
  [
    1619305200000,
    0.371
  ],
  [
    1619391600000,
    0.359
  ],
  [
    1619478000000,
    0.367
  ],
  [
    1619564400000,
    0.35
  ],
  [
    1619650800000,
    0.379
  ],
  [
    1619737200000,
    0.342
  ],
  [
    1619823600000,
    0.918
  ],
  [
    1619910000000,
    0.372
  ],
  [
    1619996400000,
    0.391
  ],
  [
    1620082800000,
    0.428
  ],
  [
    1620169200000,
    0.409
  ],
  [
    1620255600000,
    0.424
  ],
  [
    1620342000000,
    0.543
  ],
  [
    1620428400000,
    0.47
  ],
  [
    1620514800000,
    0.461
  ],
  [
    1620601200000,
    0.451
  ],
  [
    1620687600000,
    0.486
  ],
  [
    1620774000000,
    0.54
  ],
  [
    1620860400000,
    0.433
  ],
  [
    1620946800000,
    0.435
  ],
  [
    1621119600000,
    0.477
  ],
  [
    1621206000000,
    0.508
  ],
  [
    1621292400000,
    0.508
  ],
  [
    1621378800000,
    0.57
  ],
  [
    1621465200000,
    0.478
  ],
  [
    1621551600000,
    0.522
  ],
  [
    1621638000000,
    0.581
  ],
  [
    1621724400000,
    0.683
  ],
  [
    1621810800000,
    0.758
  ],
  [
    1621897200000,
    0.948
  ],
  [
    1621983600000,
    1.088
  ],
  [
    1622070000000,
    1.025
  ],
  [
    1622156400000,
    0.892
  ],
  [
    1622242800000,
    0.886
  ],
  [
    1622329200000,
    1.025
  ],
  [
    1622415600000,
    0.899
  ],
  [
    1622502000000,
    0.894
  ],
  [
    1622588400000,
    0.91
  ],
  [
    1622674800000,
    1.005
  ],
  [
    1622761200000,
    0.998
  ],
  [
    1622847600000,
    1.181
  ],
  [
    1622934000000,
    1.04
  ],
  [
    1623020400000,
    1.142
  ],
  [
    1623106800000,
    3.922
  ],
  [
    1623366000000,
    1.129
  ],
  [
    1623452400000,
    1.199
  ],
  [
    1623538800000,
    1.194
  ],
  [
    1623625200000,
    1.014
  ],
  [
    1623711600000,
    0.946
  ],
  [
    1623798000000,
    1.25
  ],
  [
    1623884400000,
    1.16
  ],
  [
    1623970800000,
    1.1
  ],
  [
    1624143600000,
    1.057
  ],
  [
    1624230000000,
    0.794
  ],
  [
    1624316400000,
    1.107
  ],
  [
    1624402800000,
    1.14
  ],
  [
    1624489200000,
    1.063
  ],
  [
    1624575600000,
    0.949
  ],
  [
    1624662000000,
    1.601
  ],
  [
    1624748400000,
    0.924
  ],
  [
    1624834800000,
    0.907
  ],
  [
    1625007600000,
    0.855
  ],
  [
    1625094000000,
    0.857
  ],
  [
    1625180400000,
    0.899
  ],
  [
    1625266800000,
    0.763
  ],
  [
    1625353200000,
    0.847
  ],
  [
    1625439600000,
    0.841
  ],
  [
    1625526000000,
    38.074
  ],
  [
    1625612400000,
    7.778
  ],
  [
    1625698800000,
    0.79
  ],
  [
    1625785200000,
    0.755
  ],
  [
    1625871600000,
    0.771
  ],
  [
    1625958000000,
    0.738
  ],
  [
    1626044400000,
    0.842
  ],
  [
    1626130800000,
    0.777
  ],
  [
    1626217200000,
    0.878
  ],
  [
    1626303600000,
    0.772
  ],
  [
    1626476400000,
    0.751
  ],
  [
    1626562800000,
    0.723
  ],
  [
    1626735600000,
    0.718
  ],
  [
    1626822000000,
    0.792
  ],
  [
    1626908400000,
    0.781
  ],
  [
    1626994800000,
    0.703
  ],
  [
    1627081200000,
    0.883
  ],
  [
    1627167600000,
    0.757
  ],
  [
    1627254000000,
    0.756
  ],
  [
    1627426800000,
    0.74
  ],
  [
    1627599600000,
    0.608
  ],
  [
    1627686000000,
    0.708
  ],
  [
    1627772400000,
    0.739
  ],
  [
    1627858800000,
    0.771
  ],
  [
    1628031600000,
    0.7
  ],
  [
    1628118000000,
    0.576
  ],
  [
    1628204400000,
    0.772
  ],
  [
    1628377200000,
    0.683
  ],
  [
    1628463600000,
    0.717
  ],
  [
    1628636400000,
    0.761
  ],
  [
    1628722800000,
    0.745
  ],
  [
    1628809200000,
    0.812
  ],
  [
    1628895600000,
    0.739
  ],
  [
    1628982000000,
    0.731
  ],
  [
    1629068400000,
    0.708
  ],
  [
    1629154800000,
    0.742
  ],
  [
    1629241200000,
    0.72
  ],
  [
    1629327600000,
    0.699
  ],
  [
    1629414000000,
    0.66
  ],
  [
    1629500400000,
    0.66
  ],
  [
    1629586800000,
    0.755
  ],
  [
    1629673200000,
    0.764
  ],
  [
    1629759600000,
    0.633
  ],
  [
    1629846000000,
    0.743
  ],
  [
    1629932400000,
    0.667
  ],
  [
    1630018800000,
    0.673
  ],
  [
    1630105200000,
    0.722
  ],
  [
    1630191600000,
    0.756
  ],
  [
    1630278000000,
    0.618
  ],
  [
    1630364400000,
    0.617
  ],
  [
    1630450800000,
    0.742
  ],
  [
    1630537200000,
    0.667
  ],
  [
    1630623600000,
    0.772
  ],
  [
    1630710000000,
    0.728
  ],
  [
    1630796400000,
    0.698
  ],
  [
    1630882800000,
    0.623
  ],
  [
    1630969200000,
    0.726
  ],
  [
    1631055600000,
    0.677
  ],
  [
    1631142000000,
    0.784
  ],
  [
    1631228400000,
    0.731
  ],
  [
    1631314800000,
    0.725
  ],
  [
    1631401200000,
    0.748
  ],
  [
    1631487600000,
    0.728
  ],
  [
    1631574000000,
    0.736
  ],
  [
    1631660400000,
    0.747
  ],
  [
    1631746800000,
    5.536
  ],
  [
    1631833200000,
    0.65
  ],
  [
    1631919600000,
    0.719
  ],
  [
    1632006000000,
    0.701
  ],
  [
    1632092400000,
    0.769
  ],
  [
    1632178800000,
    0.754
  ],
  [
    1632265200000,
    0.619
  ],
  [
    1632351600000,
    0.569
  ],
  [
    1632438000000,
    0.652
  ],
  [
    1632524400000,
    0.714
  ],
  [
    1632697200000,
    0.56
  ],
  [
    1632783600000,
    0.537
  ],
  [
    1633042800000,
    0.593
  ],
  [
    1633129200000,
    0.596
  ],
  [
    1633215600000,
    0.598
  ],
  [
    1633302000000,
    0.48
  ],
  [
    1633474800000,
    0.504
  ],
  [
    1633561200000,
    0.492
  ],
  [
    1633647600000,
    0.562
  ],
  [
    1633734000000,
    0.543
  ],
  [
    1633820400000,
    0.554
  ],
  [
    1633906800000,
    0.565
  ],
  [
    1633993200000,
    0.497
  ],
  [
    1634166000000,
    0.551
  ],
  [
    1634252400000,
    0.444
  ],
  [
    1634338800000,
    0.568
  ],
  [
    1634425200000,
    0.529
  ],
  [
    1634511600000,
    0.494
  ],
  [
    1634598000000,
    0.549
  ],
  [
    1634684400000,
    0.557
  ],
  [
    1634770800000,
    0.562
  ],
  [
    1634857200000,
    0.523
  ],
  [
    1634943600000,
    0.474
  ],
  [
    1635030000000,
    0.477
  ],
  [
    1635116400000,
    0.459
  ],
  [
    1635202800000,
    0.493
  ],
  [
    1635289200000,
    0.516
  ],
  [
    1635375600000,
    0.509
  ],
  [
    1635462000000,
    0.475
  ],
  [
    1635548400000,
    0.459
  ],
  [
    1635724800000,
    0.43
  ],
  [
    1635811200000,
    0.493
  ],
  [
    1635897600000,
    0.472
  ],
  [
    1635984000000,
    0.475
  ],
  [
    1636070400000,
    0.514
  ],
  [
    1636156800000,
    0.544
  ],
  [
    1636243200000,
    0.517
  ],
  [
    1636329600000,
    0.531
  ],
  [
    1636416000000,
    0.562
  ],
  [
    1636588800000,
    0.417
  ],
  [
    1636675200000,
    0.546
  ],
  [
    1636848000000,
    0.564
  ],
  [
    1636934400000,
    0.508
  ],
  [
    1637020800000,
    0.42
  ],
  [
    1637107200000,
    0.557
  ],
  [
    1637193600000,
    0.571
  ],
  [
    1637280000000,
    0.551
  ],
  [
    1637366400000,
    0.507
  ],
  [
    1637452800000,
    0.601
  ],
  [
    1637539200000,
    0.545
  ],
  [
    1637625600000,
    0.413
  ],
  [
    1637712000000,
    0.573
  ],
  [
    1637884800000,
    0.555
  ],
  [
    1637971200000,
    0.542
  ],
  [
    1638057600000,
    0.612
  ],
  [
    1638316800000,
    0.51
  ],
  [
    1638403200000,
    0.601
  ],
  [
    1638489600000,
    0.618
  ],
  [
    1638576000000,
    0.628
  ],
  [
    1638662400000,
    0.677
  ],
  [
    1638748800000,
    0.707
  ],
  [
    1638835200000,
    0.727
  ],
  [
    1638921600000,
    0.677
  ],
  [
    1639008000000,
    0.69
  ],
  [
    1639094400000,
    0.787
  ],
  [
    1639180800000,
    0.746
  ],
  [
    1639267200000,
    1.126
  ],
  [
    1639526400000,
    0.663
  ],
  [
    1639612800000,
    0.736
  ],
  [
    1639699200000,
    0.796
  ],
  [
    1639785600000,
    0.779
  ],
  [
    1639872000000,
    0.744
  ],
  [
    1639958400000,
    0.823
  ],
  [
    1640131200000,
    0.724
  ],
  [
    1640217600000,
    0.807
  ],
  [
    1640390400000,
    0.891
  ],
  [
    1640563200000,
    0.736
  ],
  [
    1640649600000,
    0.749
  ],
  [
    1640736000000,
    0.728
  ],
  [
    1640822400000,
    0.781
  ],
  [
    1640908800000,
    0.797
  ],
  [
    1640995200000,
    0.852
  ],
  [
    1641081600000,
    0.853
  ],
  [
    1641168000000,
    0.88
  ],
  [
    1641340800000,
    0.794
  ],
  [
    1641427200000,
    0.895
  ],
  [
    1641513600000,
    0.787
  ],
  [
    1641600000000,
    0.911
  ],
  [
    1641686400000,
    0.535
  ],
  [
    1641772800000,
    0.82
  ],
  [
    1641859200000,
    0.93
  ],
  [
    1642118400000,
    0.884
  ],
  [
    1642204800000,
    0.943
  ],
  [
    1642291200000,
    0.911
  ],
  [
    1642377600000,
    1.88
  ],
  [
    1642464000000,
    0.943
  ],
  [
    1642550400000,
    0.864
  ],
  [
    1642636800000,
    0.904
  ],
  [
    1642723200000,
    0.912
  ],
  [
    1642809600000,
    0.954
  ],
  [
    1642982400000,
    0.851
  ],
  [
    1643068800000,
    0.871
  ],
  [
    1643155200000,
    0.975
  ],
  [
    1643241600000,
    0.974
  ],
  [
    1643328000000,
    0.84
  ],
  [
    1643414400000,
    0.869
  ],
  [
    1643500800000,
    0.71
  ],
  [
    1643673600000,
    0.889
  ],
  [
    1643760000000,
    0.765
  ],
  [
    1643846400000,
    0.78
  ],
  [
    1643932800000,
    0.816
  ],
  [
    1644019200000,
    0.902
  ],
  [
    1644105600000,
    0.96
  ],
  [
    1644192000000,
    0.93
  ],
  [
    1644278400000,
    0.682
  ],
  [
    1644451200000,
    1.038
  ],
  [
    1644537600000,
    0.827
  ],
  [
    1644710400000,
    0.98
  ],
  [
    1644796800000,
    0.814
  ],
  [
    1644883200000,
    0.609
  ],
  [
    1644969600000,
    0.871
  ],
  [
    1645056000000,
    0.873
  ],
  [
    1645142400000,
    0.919
  ],
  [
    1645315200000,
    0.84
  ],
  [
    1645401600000,
    0.908
  ],
  [
    1645488000000,
    0.933
  ],
  [
    1645574400000,
    0.837
  ],
  [
    1645747200000,
    0.936
  ],
  [
    1645833600000,
    0.654
  ],
  [
    1645920000000,
    0.912
  ],
  [
    1646006400000,
    0.649
  ],
  [
    1646092800000,
    0.887
  ],
  [
    1646179200000,
    0.823
  ],
  [
    1646265600000,
    0.919
  ],
  [
    1646352000000,
    0.908
  ],
  [
    1646438400000,
    0.895
  ],
  [
    1646611200000,
    0.75
  ],
  [
    1646697600000,
    0.83
  ],
  [
    1646784000000,
    0.856
  ],
  [
    1646870400000,
    0.801
  ],
  [
    1646956800000,
    0.819
  ],
  [
    1647043200000,
    0.73
  ],
  [
    1647129600000,
    0.995
  ],
  [
    1647302400000,
    0.945
  ],
  [
    1647388800000,
    0.959
  ],
  [
    1647475200000,
    1.017
  ],
  [
    1647561600000,
    0.932
  ],
  [
    1647648000000,
    0.995
  ],
  [
    1647734400000,
    0.899
  ],
  [
    1647820800000,
    0.952
  ],
  [
    1647907200000,
    1.214
  ],
  [
    1647993600000,
    1.038
  ],
  [
    1648080000000,
    0.98
  ],
  [
    1648166400000,
    1.047
  ],
  [
    1648252800000,
    1.011
  ],
  [
    1648339200000,
    1.04
  ],
  [
    1648422000000,
    1.065
  ],
  [
    1648508400000,
    0.955
  ],
  [
    1648594800000,
    0.95
  ],
  [
    1648681200000,
    1.063
  ],
  [
    1648767600000,
    1.12
  ],
  [
    1648854000000,
    1.161
  ],
  [
    1648940400000,
    1.146
  ],
  [
    1649026800000,
    1.24
  ],
  [
    1649458800000,
    1.3
  ],
  [
    1649545200000,
    1.209
  ],
  [
    1649631600000,
    1.12
  ],
  [
    1649890800000,
    1.157
  ],
  [
    1649977200000,
    1.175
  ],
  [
    1650063600000,
    1.171
  ],
  [
    1650150000000,
    1.001
  ],
  [
    1650236400000,
    1.202
  ],
  [
    1650322800000,
    1.284
  ],
  [
    1650409200000,
    1.33
  ],
  [
    1651014000000,
    1.329
  ],
  [
    1651273200000,
    1.27
  ],
  [
    1651532400000,
    1.2
  ],
  [
    1651618800000,
    1.271
  ],
  [
    1651705200000,
    0.756
  ],
  [
    1651791600000,
    1.102
  ],
  [
    1651878000000,
    0.96
  ],
  [
    1651964400000,
    1.155
  ],
  [
    1652137200000,
    1.18
  ],
  [
    1652223600000,
    0.93
  ],
  [
    1652310000000,
    1.12
  ],
  [
    1652396400000,
    1.17
  ],
  [
    1652482800000,
    1.225
  ],
  [
    1652569200000,
    1.174
  ],
  [
    1652655600000,
    1.24
  ],
  [
    1652742000000,
    1.24
  ],
  [
    1653174000000,
    1.11
  ],
  [
    1653260400000,
    1.323
  ],
  [
    1653346800000,
    1.341
  ],
  [
    1653433200000,
    1.274
  ],
  [
    1653519600000,
    1.47
  ],
  [
    1653606000000,
    1.072
  ],
  [
    1653692400000,
    1.185
  ],
  [
    1653865200000,
    1.01
  ],
  [
    1654124400000,
    1.149
  ],
  [
    1654297200000,
    1.027
  ],
  [
    1654556400000,
    1.167
  ],
  [
    1654642800000,
    1.196
  ],
  [
    1654729200000,
    1.12
  ],
  [
    1654815600000,
    1.06
  ],
  [
    1654988400000,
    3.615
  ],
  [
    1655161200000,
    0.98
  ],
  [
    1655247600000,
    1.12
  ],
  [
    1655334000000,
    1.06
  ],
  [
    1655679600000,
    0.97
  ],
  [
    1655766000000,
    0.817
  ],
  [
    1655852400000,
    0.873
  ],
  [
    1656025200000,
    0.727
  ],
  [
    1656111600000,
    0.792
  ],
  [
    1656198000000,
    0.844
  ],
  [
    1656284400000,
    0.953
  ],
  [
    1656370800000,
    0.861
  ],
  [
    1656457200000,
    0.935
  ],
  [
    1656630000000,
    0.942
  ],
  [
    1656716400000,
    0.957
  ],
  [
    1656802800000,
    0.841
  ],
  [
    1656975600000,
    0.896
  ],
  [
    1657062000000,
    0.836
  ],
  [
    1657148400000,
    0.88
  ],
  [
    1657234800000,
    0.939
  ],
  [
    1657407600000,
    0.872
  ],
  [
    1657494000000,
    0.94
  ],
  [
    1657580400000,
    0.81
  ],
  [
    1657666800000,
    0.94
  ],
  [
    1657753200000,
    0.879
  ],
  [
    1657926000000,
    0.62
  ],
  [
    1658012400000,
    0.943
  ],
  [
    1658185200000,
    0.83
  ],
  [
    1658358000000,
    0.8
  ],
  [
    1658444400000,
    0.81
  ],
  [
    1658530800000,
    0.876
  ],
  [
    1658617200000,
    0.858
  ],
  [
    1658703600000,
    0.85
  ],
  [
    1658790000000,
    0.755
  ],
  [
    1658876400000,
    0.85
  ],
  [
    1658962800000,
    0.841
  ],
  [
    1659049200000,
    0.81
  ],
  [
    1659135600000,
    0.845
  ],
  [
    1659222000000,
    0.8
  ],
  [
    1659308400000,
    0.84
  ],
  [
    1659481200000,
    0.879
  ],
  [
    1659567600000,
    0.919
  ],
  [
    1659654000000,
    0.888
  ],
  [
    1659740400000,
    0.967
  ],
  [
    1659913200000,
    0.944
  ],
  [
    1659999600000,
    1.011
  ],
  [
    1660086000000,
    0.936
  ],
  [
    1660258800000,
    1.032
  ],
  [
    1660345200000,
    0.728
  ],
  [
    1660431600000,
    1.003
  ],
  [
    1660518000000,
    0.965
  ],
  [
    1660604400000,
    0.77
  ],
  [
    1660690800000,
    0.941
  ],
  [
    1660777200000,
    1.051
  ],
  [
    1660950000000,
    0.949
  ],
  [
    1661036400000,
    1.005
  ],
  [
    1661209200000,
    0.963
  ],
  [
    1661295600000,
    1.038
  ],
  [
    1661468400000,
    0.83
  ],
  [
    1661554800000,
    0.95
  ],
  [
    1661727600000,
    1.043
  ],
  [
    1661900400000,
    1.036
  ],
  [
    1661986800000,
    1.064
  ],
  [
    1662073200000,
    0.828
  ],
  [
    1662159600000,
    0.918
  ],
  [
    1662246000000,
    1.15
  ],
  [
    1662418800000,
    1.16
  ],
  [
    1662505200000,
    1.095
  ],
  [
    1662678000000,
    1.148
  ],
  [
    1662764400000,
    1.215
  ],
  [
    1662850800000,
    1.178
  ],
  [
    1662937200000,
    1.119
  ],
  [
    1663110000000,
    1.013
  ],
  [
    1663196400000,
    1.166
  ],
  [
    1663282800000,
    1.208
  ],
  [
    1663542000000,
    0.814
  ],
  [
    1663628400000,
    1.175
  ],
  [
    1663801200000,
    1.299
  ],
  [
    1663887600000,
    1.328
  ],
  [
    1663974000000,
    1.42
  ],
  [
    1664060400000,
    1.374
  ],
  [
    1664146800000,
    1.23
  ],
  [
    1664233200000,
    1.368
  ],
  [
    1664319600000,
    1.485
  ],
  [
    1664406000000,
    1.555
  ],
  [
    1664578800000,
    1.598
  ],
  [
    1664665200000,
    1.357
  ],
  [
    1664751600000,
    1.403
  ],
  [
    1664838000000,
    1.377
  ],
  [
    1664924400000,
    1.252
  ],
  [
    1665097200000,
    1.27
  ],
  [
    1665183600000,
    1.171
  ],
  [
    1665270000000,
    1.106
  ],
  [
    1665356400000,
    1.25
  ],
  [
    1665442800000,
    1.137
  ],
  [
    1665615600000,
    1.193
  ],
  [
    1665702000000,
    1.285
  ],
  [
    1665788400000,
    1.634
  ],
  [
    1665874800000,
    1.34
  ],
  [
    1666220400000,
    1.474
  ],
  [
    1666393200000,
    1.083
  ],
  [
    1666479600000,
    1.115
  ],
  [
    1666566000000,
    1.292
  ],
  [
    1666652400000,
    1.25
  ],
  [
    1666738800000,
    1.443
  ],
  [
    1667174400000,
    1.309
  ],
  [
    1667260800000,
    1.46
  ],
  [
    1667347200000,
    1.539
  ],
  [
    1667520000000,
    1.575
  ],
  [
    1667606400000,
    1.608
  ],
  [
    1667692800000,
    1.68
  ],
  [
    1667865600000,
    1.775
  ],
  [
    1668038400000,
    1.463
  ],
  [
    1668124800000,
    1.656
  ],
  [
    1668211200000,
    1.647
  ],
  [
    1668384000000,
    1.54
  ],
  [
    1668556800000,
    1.526
  ],
  [
    1668729600000,
    1.19
  ],
  [
    1668816000000,
    1.566
  ],
  [
    1668902400000,
    1.47
  ],
  [
    1669075200000,
    0.841
  ],
  [
    1669161600000,
    1.4
  ],
  [
    1669248000000,
    1.61
  ],
  [
    1669334400000,
    1.345
  ],
  [
    1669507200000,
    1.351
  ],
  [
    1669593600000,
    1.335
  ],
  [
    1669680000000,
    1.5
  ],
  [
    1669766400000,
    1.425
  ],
  [
    1669852800000,
    1.434
  ],
  [
    1670025600000,
    1.423
  ],
  [
    1670112000000,
    1.7
  ],
  [
    1670198400000,
    1.59
  ],
  [
    1670284800000,
    1.693
  ],
  [
    1670371200000,
    1.706
  ],
  [
    1670457600000,
    1.74
  ],
  [
    1670544000000,
    1.58
  ],
  [
    1670630400000,
    1.728
  ],
  [
    1670803200000,
    1.419
  ],
  [
    1670976000000,
    1.38
  ],
  [
    1671062400000,
    1.423
  ],
  [
    1671148800000,
    1.49
  ],
  [
    1671235200000,
    1.61
  ],
  [
    1671321600000,
    1.61
  ],
  [
    1671494400000,
    1.738
  ],
  [
    1671667200000,
    1.598
  ],
  [
    1671753600000,
    1.48
  ],
  [
    1671840000000,
    1.51
  ],
  [
    1671926400000,
    1.781
  ],
  [
    1672012800000,
    1.47
  ],
  [
    1672099200000,
    1.303
  ],
  [
    1672185600000,
    1.47
  ],
  [
    1672358400000,
    1.453
  ],
  [
    1672531200000,
    1.62
  ],
  [
    1672617600000,
    1.245
  ],
  [
    1672704000000,
    1.251
  ],
  [
    1672790400000,
    1.41
  ],
  [
    1672963200000,
    1.386
  ],
  [
    1673136000000,
    1.52
  ],
  [
    1673222400000,
    1.651
  ],
  [
    1673481600000,
    1.606
  ],
  [
    1673654400000,
    1.653
  ],
  [
    1673740800000,
    1.35
  ],
  [
    1673827200000,
    1.748
  ],
  [
    1673913600000,
    1.33
  ],
  [
    1674000000000,
    1.395
  ],
  [
    1674086400000,
    1.604
  ],
  [
    1674259200000,
    1.667
  ],
  [
    1674345600000,
    1.668
  ],
  [
    1674432000000,
    1.734
  ],
  [
    1674518400000,
    1.455
  ],
  [
    1674604800000,
    1.612
  ],
  [
    1674691200000,
    1.7
  ],
  [
    1674777600000,
    1.675
  ],
  [
    1674950400000,
    1.557
  ],
  [
    1675036800000,
    1.825
  ],
  [
    1675209600000,
    1.98
  ],
  [
    1675296000000,
    2.086
  ],
  [
    1675382400000,
    2.047
  ],
  [
    1675641600000,
    2.02
  ],
  [
    1675728000000,
    2.068
  ],
  [
    1675814400000,
    2.031
  ],
  [
    1675900800000,
    1.855
  ],
  [
    1675987200000,
    1.8
  ],
  [
    1676073600000,
    1.775
  ],
  [
    1676160000000,
    2.061
  ],
  [
    1676246400000,
    1.909
  ],
  [
    1676419200000,
    1.873
  ],
  [
    1676505600000,
    1.533
  ],
  [
    1676592000000,
    2.109
  ],
  [
    1676678400000,
    1.891
  ],
  [
    1676764800000,
    2.032
  ],
  [
    1676851200000,
    1.726
  ],
  [
    1676937600000,
    1.61
  ],
  [
    1677024000000,
    1.909
  ],
  [
    1677110400000,
    1.935
  ],
  [
    1677196800000,
    1.65
  ],
  [
    1677283200000,
    1.922
  ],
  [
    1677369600000,
    1.764
  ],
  [
    1677542400000,
    2.087
  ],
  [
    1677628800000,
    1.636
  ],
  [
    1677715200000,
    1.552
  ],
  [
    1677888000000,
    2.04
  ],
  [
    1678060800000,
    1.81
  ],
  [
    1678147200000,
    1.431
  ],
  [
    1678406400000,
    1.113
  ],
  [
    1678492800000,
    1.342
  ],
  [
    1678579200000,
    1.854
  ],
  [
    1678665600000,
    1.641
  ],
  [
    1678752000000,
    1.93
  ],
  [
    1678838400000,
    1.87
  ],
  [
    1678924800000,
    1.659
  ],
  [
    1679011200000,
    1.486
  ],
  [
    1679097600000,
    1.576
  ],
  [
    1679184000000,
    1.536
  ],
  [
    1679270400000,
    1.354
  ],
  [
    1679356800000,
    1.583
  ],
  [
    1679529600000,
    1.625
  ],
  [
    1679702400000,
    1.767
  ],
  [
    1679788800000,
    1.56
  ],
  [
    1679871600000,
    1.65
  ],
  [
    1679958000000,
    1.314
  ],
  [
    1680130800000,
    1.363
  ],
  [
    1680217200000,
    1.509
  ],
  [
    1680390000000,
    1.589
  ],
  [
    1680476400000,
    1.554
  ],
  [
    1680562800000,
    1.528
  ],
  [
    1680735600000,
    1.695
  ],
  [
    1680908400000,
    1.7
  ],
  [
    1680994800000,
    1.76
  ],
  [
    1681081200000,
    1.805
  ],
  [
    1681167600000,
    1.794
  ],
  [
    1681254000000,
    1.8
  ],
  [
    1681340400000,
    2.475
  ],
  [
    1681513200000,
    1.46
  ],
  [
    1681599600000,
    0.879
  ],
  [
    1681686000000,
    1.238
  ],
  [
    1681772400000,
    0.882
  ],
  [
    1681858800000,
    1.443
  ],
  [
    1681945200000,
    1.713
  ],
  [
    1682031600000,
    1.767
  ],
  [
    1682118000000,
    0.889
  ],
  [
    1682204400000,
    1.938
  ],
  [
    1682290800000,
    1.628
  ],
  [
    1682377200000,
    1.976
  ],
  [
    1682550000000,
    1.59
  ],
  [
    1682636400000,
    1.4
  ],
  [
    1682722800000,
    1.727
  ],
  [
    1682809200000,
    1.634
  ],
  [
    1682982000000,
    1.934
  ],
  [
    1683068400000,
    1.876
  ],
  [
    1683154800000,
    1.838
  ],
  [
    1683241200000,
    1.777
  ],
  [
    1683327600000,
    1.67
  ],
  [
    1683414000000,
    1.64
  ],
  [
    1683673200000,
    1.8
  ],
  [
    1683759600000,
    1.702
  ],
  [
    1683846000000,
    1.459
  ],
  [
    1683932400000,
    1.472
  ],
  [
    1684018800000,
    1.584
  ],
  [
    1684105200000,
    1.805
  ],
  [
    1684278000000,
    1.906
  ],
  [
    1684364400000,
    1.019
  ],
  [
    1684450800000,
    1.324
  ],
  [
    1684537200000,
    1.872
  ],
  [
    1684623600000,
    1.608
  ],
  [
    1684710000000,
    1.946
  ],
  [
    1684796400000,
    2.012
  ],
  [
    1685055600000,
    1.498
  ],
  [
    1685142000000,
    1.887
  ],
  [
    1685228400000,
    1.615
  ],
  [
    1685314800000,
    1.891
  ],
  [
    1685401200000,
    1.925
  ],
  [
    1685487600000,
    1.858
  ],
  [
    1685574000000,
    1.76
  ],
  [
    1685660400000,
    1.041
  ],
  [
    1685746800000,
    2.08
  ],
  [
    1685833200000,
    0.853
  ],
  [
    1685919600000,
    1.627
  ],
  [
    1686006000000,
    0.899
  ],
  [
    1686092400000,
    2.118
  ],
  [
    1686178800000,
    2.21
  ],
  [
    1686265200000,
    2
  ],
  [
    1686351600000,
    2.078
  ],
  [
    1686438000000,
    2.105
  ],
  [
    1686524400000,
    2.215
  ],
  [
    1686610800000,
    2.494
  ],
  [
    1686783600000,
    1.08
  ],
  [
    1686870000000,
    2.248
  ],
  [
    1687042800000,
    2.016
  ],
  [
    1687129200000,
    2.637
  ],
  [
    1687474800000,
    1.387
  ],
  [
    1687561200000,
    2.852
  ],
  [
    1687906800000,
    2.215
  ],
  [
    1688079600000,
    1.76
  ],
  [
    1688338800000,
    1.928
  ],
  [
    1688425200000,
    2.396
  ],
  [
    1688598000000,
    2.19
  ],
  [
    1688684400000,
    2.482
  ],
  [
    1688857200000,
    2.771
  ],
  [
    1689116400000,
    1.837
  ],
  [
    1689202800000,
    2.031
  ],
  [
    1689375600000,
    1.133
  ],
  [
    1689634800000,
    1.972
  ],
  [
    1689721200000,
    2.012
  ],
  [
    1689807600000,
    1.84
  ],
  [
    1689894000000,
    1.855
  ],
  [
    1690066800000,
    1.697
  ],
  [
    1690153200000,
    2.144
  ],
  [
    1690239600000,
    2.25
  ],
  [
    1690412400000,
    1.35
  ],
  [
    1690585200000,
    2.19
  ],
  [
    1690671600000,
    1.836
  ],
  [
    1690758000000,
    2.02
  ],
  [
    1690844400000,
    2.196
  ],
  [
    1690930800000,
    2.193
  ],
  [
    1691017200000,
    1.51
  ],
  [
    1691103600000,
    1.485
  ],
  [
    1691190000000,
    2.21
  ],
  [
    1691276400000,
    2.096
  ],
  [
    1691449200000,
    2.158
  ],
  [
    1691535600000,
    2.184
  ],
  [
    1691622000000,
    1.1
  ],
  [
    1691794800000,
    1.431
  ],
  [
    1691881200000,
    2.633
  ],
  [
    1691967600000,
    1.534
  ],
  [
    1692054000000,
    2.016
  ],
  [
    1692140400000,
    2.187
  ],
  [
    1692226800000,
    2.16
  ],
  [
    1692399600000,
    1.8
  ],
  [
    1692486000000,
    2.09
  ],
  [
    1692572400000,
    2.553
  ],
  [
    1692745200000,
    1.943
  ],
  [
    1692918000000,
    2.3
  ],
  [
    1693004400000,
    1.07
  ],
  [
    1693090800000,
    2.04
  ],
  [
    1693263600000,
    1.468
  ],
  [
    1693436400000,
    2.196
  ],
  [
    1693609200000,
    2.15
  ],
  [
    1693695600000,
    2.03
  ],
  [
    1693782000000,
    2.097
  ],
  [
    1693868400000,
    2.338
  ],
  [
    1693954800000,
    0.786
  ],
  [
    1694041200000,
    1.573
  ],
  [
    1694127600000,
    2.48
  ],
  [
    1694300400000,
    2.468
  ],
  [
    1694473200000,
    2.07
  ],
  [
    1694559600000,
    2.39
  ],
  [
    1694646000000,
    2.045
  ],
  [
    1694732400000,
    2.65
  ],
  [
    1694818800000,
    1.783
  ],
  [
    1694905200000,
    3.575
  ],
  [
    1695078000000,
    1.935
  ],
  [
    1695250800000,
    1.401
  ],
  [
    1695337200000,
    1.07
  ],
  [
    1695423600000,
    2.435
  ],
  [
    1695682800000,
    2.349
  ],
  [
    1695769200000,
    2.365
  ],
  [
    1695855600000,
    2.312
  ],
  [
    1695942000000,
    2.398
  ],
  [
    1696028400000,
    1.919
  ],
  [
    1696114800000,
    2.5
  ],
  [
    1696201200000,
    2.569
  ],
  [
    1696287600000,
    2.434
  ],
  [
    1696374000000,
    2.687
  ],
  [
    1696460400000,
    2.496
  ],
  [
    1696633200000,
    2.489
  ],
  [
    1696719600000,
    2.385
  ],
  [
    1696892400000,
    2.18
  ],
  [
    1697151600000,
    2.61
  ],
  [
    1697238000000,
    2.533
  ],
  [
    1697324400000,
    2.432
  ],
  [
    1697497200000,
    2.637
  ],
  [
    1697583600000,
    2.737
  ],
  [
    1697670000000,
    3.363
  ],
  [
    1697756400000,
    2.94
  ],
  [
    1697842800000,
    2.28
  ],
  [
    1697929200000,
    2.9
  ],
  [
    1698015600000,
    2.77
  ],
  [
    1698102000000,
    1.92
  ],
  [
    1698188400000,
    2.952
  ],
  [
    1698274800000,
    2.316
  ],
  [
    1698361200000,
    3.027
  ],
  [
    1698624000000,
    3.015
  ],
  [
    1698710400000,
    1
  ],
  [
    1698796800000,
    3.028
  ],
  [
    1698969600000,
    2.57
  ],
  [
    1699142400000,
    2.88
  ],
  [
    1699228800000,
    2.037
  ],
  [
    1699315200000,
    3.06
  ],
  [
    1699401600000,
    3.065
  ],
  [
    1699488000000,
    3.135
  ],
  [
    1699660800000,
    1.08
  ],
  [
    1699833600000,
    2.91
  ],
  [
    1700092800000,
    2.485
  ],
  [
    1700352000000,
    2.26
  ],
  [
    1700438400000,
    2.28
  ],
  [
    1700611200000,
    2.68
  ],
  [
    1700697600000,
    1.905
  ],
  [
    1700956800000,
    0.95
  ],
  [
    1701043200000,
    2.6
  ],
  [
    1701129600000,
    2.61
  ],
  [
    1701216000000,
    2.65
  ],
  [
    1701302400000,
    2.675
  ],
  [
    1701475200000,
    2.79
  ],
  [
    1701561600000,
    2.5
  ],
  [
    1701648000000,
    2.783
  ],
  [
    1701734400000,
    2.794
  ],
  [
    1701907200000,
    2.45
  ],
  [
    1701993600000,
    2.41
  ],
  [
    1702080000000,
    2.596
  ],
  [
    1702252800000,
    2.83
  ],
  [
    1702425600000,
    2.885
  ],
  [
    1702857600000,
    2.847
  ],
  [
    1703030400000,
    1.97
  ],
  [
    1703116800000,
    3.117
  ],
  [
    1703289600000,
    3.28
  ],
  [
    1703635200000,
    0.995
  ],
  [
    1703894400000,
    0.98
  ],
  [
    1704067200000,
    2.8
  ],
  [
    1704153600000,
    2.21
  ],
  [
    1704412800000,
    2.577
  ],
  [
    1704499200000,
    2.804
  ],
  [
    1704585600000,
    2.344
  ],
  [
    1704758400000,
    3.28
  ],
  [
    1704931200000,
    3.01
  ],
  [
    1705449600000,
    3.19
  ],
  [
    1705622400000,
    3.25
  ],
  [
    1705708800000,
    3.21
  ],
  [
    1705795200000,
    3.25
  ],
  [
    1705881600000,
    3.23
  ],
  [
    1706140800000,
    2.89
  ],
  [
    1706227200000,
    2.92
  ],
  [
    1706400000000,
    2.96
  ],
  [
    1706486400000,
    3.02
  ],
  [
    1707264000000,
    2.647
  ],
  [
    1707436800000,
    3.053
  ],
  [
    1707523200000,
    3.195
  ],
  [
    1707696000000,
    2.04
  ],
  [
    1707782400000,
    3.124
  ],
  [
    1707868800000,
    1.11
  ],
  [
    1707955200000,
    2.435
  ],
  [
    1708041600000,
    3.468
  ],
  [
    1708128000000,
    3.558
  ],
  [
    1708214400000,
    3.57
  ],
  [
    1708300800000,
    3.765
  ],
  [
    1708387200000,
    2.55
  ],
  [
    1708560000000,
    1.08
  ],
  [
    1708646400000,
    4.18
  ],
  [
    1708992000000,
    1.08
  ],
  [
    1709078400000,
    1.11
  ],
  [
    1709251200000,
    3.812
  ],
  [
    1709424000000,
    0.98
  ],
  [
    1709510400000,
    4.08
  ],
  [
    1709596800000,
    2.57
  ],
  [
    1709769600000,
    4.27
  ],
  [
    1710028800000,
    4.266
  ],
  [
    1710115200000,
    4.11
  ],
  [
    1710201600000,
    4.33
  ],
  [
    1710288000000,
    4
  ],
  [
    1710460800000,
    3.77
  ],
  [
    1710720000000,
    3.76
  ],
  [
    1710979200000,
    4.507
  ],
  [
    1711152000000,
    3.904
  ],
  [
    1711238400000,
    3.59
  ],
  [
    1711497600000,
    3.78
  ],
  [
    1711584000000,
    3.73
  ],
  [
    1711756800000,
    4.03
  ],
  [
    1711843200000,
    4.03
  ],
  [
    1711926000000,
    4.105
  ],
  [
    1712098800000,
    4.09
  ],
  [
    1712185200000,
    4.23
  ],
  [
    1712271600000,
    4.26
  ],
  [
    1712444400000,
    3.88
  ],
  [
    1712530800000,
    3.93
  ],
  [
    1712617200000,
    4.304
  ],
  [
    1712703600000,
    4.341
  ],
  [
    1712790000000,
    4.32
  ],
  [
    1712876400000,
    4.24
  ],
  [
    1712962800000,
    4.952
  ],
  [
    1713049200000,
    5.534
  ],
  [
    1713135600000,
    3.792
  ],
  [
    1713826800000,
    4.171
  ],
  [
    1713999600000,
    4.04
  ],
  [
    1714172400000,
    3.965
  ],
  [
    1714258800000,
    3.078
  ],
  [
    1714431600000,
    4.83
  ],
  [
    1714777200000,
    4.52
  ],
  [
    1715122800000,
    4.485
  ],
  [
    1715209200000,
    4.842
  ],
  [
    1715468400000,
    4.61
  ],
  [
    1715727600000,
    4.63
  ],
  [
    1715986800000,
    4.782
  ],
  [
    1716073200000,
    4.566
  ],
  [
    1716246000000,
    4.234
  ],
  [
    1716548400000,
    4.19
  ],
  [
    1716688800000,
    4.11
  ],
  [
    1716793200000,
    4.14
  ],
  [
    1716818400000,
    4.17
  ],
  [
    1716861600000,
    4.2
  ],
  [
    1717038000000,
    4.98
  ],
  [
    1717293600000,
    4.86
  ],
  [
    1717297200000,
    5.41
  ],
  [
    1717333200000,
    5.72
  ],
  [
    1717354800000,
    5.53
  ],
  [
    1717552800000,
    5.3
  ],
  [
    1717740000000,
    5.44
  ],
  [
    1717786800000,
    5.66
  ],
  [
    1717797600000,
    5.58
  ],
  [
    1718118000000,
    5.802
  ],
  [
    1718229600000,
    4.98
  ],
  [
    1718254800000,
    5.12
  ],
  [
    1718280000000,
    5.09
  ],
  [
    1718290800000,
    5.09
  ]
]