[
  [
    1379718000000,
    4.484
  ],
  [
    1379804400000,
    3.814
  ],
  [
    1379890800000,
    1.433
  ],
  [
    1379977200000,
    1.188
  ],
  [
    1380063600000,
    1.494
  ],
  [
    1380150000000,
    0.567
  ],
  [
    1380236400000,
    0.843
  ],
  [
    1380322800000,
    1.868
  ],
  [
    1380409200000,
    0.984
  ],
  [
    1380495600000,
    0.984
  ],
  [
    1380582000000,
    1.041
  ],
  [
    1380668400000,
    1.242
  ],
  [
    1380754800000,
    1.372
  ],
  [
    1380841200000,
    1.101
  ],
  [
    1380927600000,
    1.174
  ],
  [
    1381014000000,
    0.876
  ],
  [
    1381100400000,
    0.935
  ],
  [
    1381273200000,
    0.87
  ],
  [
    1381359600000,
    0.95
  ],
  [
    1381446000000,
    0.77
  ],
  [
    1381532400000,
    0.777
  ],
  [
    1381618800000,
    0.936
  ],
  [
    1381705200000,
    0.953
  ],
  [
    1381791600000,
    0.622
  ],
  [
    1381878000000,
    0.695
  ],
  [
    1381964400000,
    0.728
  ],
  [
    1382050800000,
    0.811
  ],
  [
    1382137200000,
    0.882
  ],
  [
    1382223600000,
    0.711
  ],
  [
    1382310000000,
    0.695
  ],
  [
    1382396400000,
    0.712
  ],
  [
    1382482800000,
    0.686
  ],
  [
    1382569200000,
    0.936
  ],
  [
    1382655600000,
    1.024
  ],
  [
    1382742000000,
    0.553
  ],
  [
    1382828400000,
    0.607
  ],
  [
    1382918400000,
    0.699
  ],
  [
    1383004800000,
    0.719
  ],
  [
    1383091200000,
    0.649
  ],
  [
    1383177600000,
    0.59
  ],
  [
    1383350400000,
    0.573
  ],
  [
    1383436800000,
    0.6
  ],
  [
    1383523200000,
    0.635
  ],
  [
    1383609600000,
    0.616
  ],
  [
    1383696000000,
    0.452
  ],
  [
    1383782400000,
    0.765
  ],
  [
    1383868800000,
    0.734
  ],
  [
    1383955200000,
    0.525
  ],
  [
    1384041600000,
    0.48
  ],
  [
    1384128000000,
    0.386
  ],
  [
    1384214400000,
    0.387
  ],
  [
    1384300800000,
    0.345
  ],
  [
    1384387200000,
    0.392
  ],
  [
    1384473600000,
    0.457
  ],
  [
    1384560000000,
    0.333
  ],
  [
    1384646400000,
    0.418
  ],
  [
    1384732800000,
    0.34
  ],
  [
    1384819200000,
    0.416
  ],
  [
    1384905600000,
    0.279
  ],
  [
    1384992000000,
    0.476
  ],
  [
    1385078400000,
    0.456
  ],
  [
    1385164800000,
    0.376
  ],
  [
    1385251200000,
    0.413
  ],
  [
    1385337600000,
    0.627
  ],
  [
    1385424000000,
    0.455
  ],
  [
    1385510400000,
    0.387
  ],
  [
    1385596800000,
    0.321
  ],
  [
    1385683200000,
    0.314
  ],
  [
    1385769600000,
    0.349
  ],
  [
    1385856000000,
    0.374
  ],
  [
    1385942400000,
    0.262
  ],
  [
    1386028800000,
    0.273
  ],
  [
    1386115200000,
    0.233
  ],
  [
    1386201600000,
    0.34
  ],
  [
    1386288000000,
    0.289
  ],
  [
    1386374400000,
    0.28
  ],
  [
    1386460800000,
    0.266
  ],
  [
    1386547200000,
    0.251
  ],
  [
    1386633600000,
    0.338
  ],
  [
    1386720000000,
    0.307
  ],
  [
    1386806400000,
    0.257
  ],
  [
    1386892800000,
    0.304
  ],
  [
    1386979200000,
    0.246
  ],
  [
    1387065600000,
    0.367
  ],
  [
    1387152000000,
    0.254
  ],
  [
    1387238400000,
    0.271
  ],
  [
    1387324800000,
    0.304
  ],
  [
    1387411200000,
    0.199
  ],
  [
    1387497600000,
    0.21
  ],
  [
    1387584000000,
    0.177
  ],
  [
    1387670400000,
    0.26
  ],
  [
    1387756800000,
    0.183
  ],
  [
    1387843200000,
    0.249
  ],
  [
    1387929600000,
    0.183
  ],
  [
    1388016000000,
    0.209
  ],
  [
    1388102400000,
    0.229
  ],
  [
    1388188800000,
    0.286
  ],
  [
    1388275200000,
    0.287
  ],
  [
    1388361600000,
    0.215
  ],
  [
    1388448000000,
    0.192
  ],
  [
    1388534400000,
    0.202
  ],
  [
    1388620800000,
    0.148
  ],
  [
    1388707200000,
    0.199
  ],
  [
    1388793600000,
    0.196
  ],
  [
    1388880000000,
    0.214
  ],
  [
    1388966400000,
    0.147
  ],
  [
    1389052800000,
    0.177
  ],
  [
    1389139200000,
    0.218
  ],
  [
    1389225600000,
    0.173
  ],
  [
    1389312000000,
    0.224
  ],
  [
    1389398400000,
    0.256
  ],
  [
    1389484800000,
    0.205
  ],
  [
    1389571200000,
    0.308
  ],
  [
    1389657600000,
    0.273
  ],
  [
    1389744000000,
    0.283
  ],
  [
    1389830400000,
    0.18
  ],
  [
    1389916800000,
    0.222
  ],
  [
    1390003200000,
    0.232
  ],
  [
    1390089600000,
    0.217
  ],
  [
    1390176000000,
    0.215
  ],
  [
    1390262400000,
    0.18
  ],
  [
    1390348800000,
    0.175
  ],
  [
    1390435200000,
    0.186
  ],
  [
    1390521600000,
    0.226
  ],
  [
    1390608000000,
    0.203
  ],
  [
    1390694400000,
    0.152
  ],
  [
    1390780800000,
    0.204
  ],
  [
    1390867200000,
    0.272
  ],
  [
    1390953600000,
    0.219
  ],
  [
    1391040000000,
    0.226
  ],
  [
    1391126400000,
    0.216
  ],
  [
    1391212800000,
    0.218
  ],
  [
    1391299200000,
    0.202
  ],
  [
    1391385600000,
    0.154
  ],
  [
    1391472000000,
    0.186
  ],
  [
    1391558400000,
    0.187
  ],
  [
    1391644800000,
    0.14
  ],
  [
    1391731200000,
    0.195
  ],
  [
    1391817600000,
    0.209
  ],
  [
    1391904000000,
    0.17
  ],
  [
    1391990400000,
    0.223
  ],
  [
    1392076800000,
    0.213
  ],
  [
    1392163200000,
    0.155
  ],
  [
    1392249600000,
    0.161
  ],
  [
    1392336000000,
    0.241
  ],
  [
    1392422400000,
    0.327
  ],
  [
    1392508800000,
    0.176
  ],
  [
    1392595200000,
    0.239
  ],
  [
    1392681600000,
    0.203
  ],
  [
    1392768000000,
    0.17
  ],
  [
    1392854400000,
    0.176
  ],
  [
    1392940800000,
    0.175
  ],
  [
    1393027200000,
    0.178
  ],
  [
    1393113600000,
    0.179
  ],
  [
    1393200000000,
    0.199
  ],
  [
    1393286400000,
    0.232
  ],
  [
    1393372800000,
    0.27
  ],
  [
    1393459200000,
    0.225
  ],
  [
    1393545600000,
    0.221
  ],
  [
    1393632000000,
    0.22
  ],
  [
    1393718400000,
    0.266
  ],
  [
    1393804800000,
    0.206
  ],
  [
    1393891200000,
    0.243
  ],
  [
    1393977600000,
    0.171
  ],
  [
    1394064000000,
    0.26
  ],
  [
    1394150400000,
    0.199
  ],
  [
    1394236800000,
    0.206
  ],
  [
    1394323200000,
    0.198
  ],
  [
    1394409600000,
    0.185
  ],
  [
    1394496000000,
    0.218
  ],
  [
    1394582400000,
    0.22
  ],
  [
    1394755200000,
    0.273
  ],
  [
    1394841600000,
    0.208
  ],
  [
    1394928000000,
    0.169
  ],
  [
    1395014400000,
    0.291
  ],
  [
    1395100800000,
    0.292
  ],
  [
    1395187200000,
    0.304
  ],
  [
    1395273600000,
    0.342
  ],
  [
    1395446400000,
    0.309
  ],
  [
    1395532800000,
    0.178
  ],
  [
    1395619200000,
    0.25
  ],
  [
    1395705600000,
    0.317
  ],
  [
    1395792000000,
    0.315
  ],
  [
    1395878400000,
    0.334
  ],
  [
    1395964800000,
    0.302
  ],
  [
    1396051200000,
    0.398
  ],
  [
    1396137600000,
    0.347
  ],
  [
    1396220400000,
    0.369
  ],
  [
    1396306800000,
    0.31
  ],
  [
    1396393200000,
    0.306
  ],
  [
    1396479600000,
    0.318
  ],
  [
    1396566000000,
    0.349
  ],
  [
    1396652400000,
    0.498
  ],
  [
    1396738800000,
    0.46
  ],
  [
    1396825200000,
    0.489
  ],
  [
    1396911600000,
    0.572
  ],
  [
    1396998000000,
    0.442
  ],
  [
    1397084400000,
    0.333
  ],
  [
    1397170800000,
    0.34
  ],
  [
    1397257200000,
    0.38
  ],
  [
    1397343600000,
    0.31
  ],
  [
    1397430000000,
    0.391
  ],
  [
    1397516400000,
    0.368
  ],
  [
    1397602800000,
    0.402
  ],
  [
    1397689200000,
    0.426
  ],
  [
    1397775600000,
    0.292
  ],
  [
    1397862000000,
    0.4
  ],
  [
    1397948400000,
    0.464
  ],
  [
    1398034800000,
    0.681
  ],
  [
    1398121200000,
    0.882
  ],
  [
    1398207600000,
    0.304
  ],
  [
    1398294000000,
    0.53
  ],
  [
    1398380400000,
    0.542
  ],
  [
    1398466800000,
    0.632
  ],
  [
    1398553200000,
    0.775
  ],
  [
    1398639600000,
    0.8
  ],
  [
    1398726000000,
    0.69
  ],
  [
    1398812400000,
    0.804
  ],
  [
    1398898800000,
    0.448
  ],
  [
    1398985200000,
    0.39
  ],
  [
    1399071600000,
    0.382
  ],
  [
    1399158000000,
    0.33
  ],
  [
    1399244400000,
    0.334
  ],
  [
    1399330800000,
    0.388
  ],
  [
    1399417200000,
    0.39
  ],
  [
    1399503600000,
    0.422
  ],
  [
    1399590000000,
    0.427
  ],
  [
    1399676400000,
    0.47
  ],
  [
    1399762800000,
    0.462
  ],
  [
    1399849200000,
    0.549
  ],
  [
    1400022000000,
    0.537
  ],
  [
    1400108400000,
    0.518
  ],
  [
    1400194800000,
    0.569
  ],
  [
    1400281200000,
    0.514
  ],
  [
    1400367600000,
    0.475
  ],
  [
    1400454000000,
    0.422
  ],
  [
    1400540400000,
    0.33
  ],
  [
    1400626800000,
    0.335
  ],
  [
    1400713200000,
    0.429
  ],
  [
    1400799600000,
    0.45
  ],
  [
    1400886000000,
    0.426
  ],
  [
    1400972400000,
    0.501
  ],
  [
    1401058800000,
    0.435
  ],
  [
    1401145200000,
    0.319
  ],
  [
    1401231600000,
    0.42
  ],
  [
    1401318000000,
    0.386
  ],
  [
    1401404400000,
    0.604
  ],
  [
    1401490800000,
    0.423
  ],
  [
    1401577200000,
    0.59
  ],
  [
    1401663600000,
    0.357
  ],
  [
    1401750000000,
    0.477
  ],
  [
    1401836400000,
    0.465
  ],
  [
    1401922800000,
    0.637
  ],
  [
    1402009200000,
    0.314
  ],
  [
    1402095600000,
    0.441
  ],
  [
    1402268400000,
    0.352
  ],
  [
    1402354800000,
    0.494
  ],
  [
    1402441200000,
    0.468
  ],
  [
    1402527600000,
    0.443
  ],
  [
    1402614000000,
    0.513
  ],
  [
    1402786800000,
    0.62
  ],
  [
    1402873200000,
    0.536
  ],
  [
    1402959600000,
    0.755
  ],
  [
    1403046000000,
    0.586
  ],
  [
    1403132400000,
    0.542
  ],
  [
    1403218800000,
    0.47
  ],
  [
    1403305200000,
    0.424
  ],
  [
    1403391600000,
    0.436
  ],
  [
    1403478000000,
    0.327
  ],
  [
    1403650800000,
    0.32
  ],
  [
    1403737200000,
    0.399
  ],
  [
    1403823600000,
    0.425
  ],
  [
    1403910000000,
    0.427
  ],
  [
    1404082800000,
    0.39
  ],
  [
    1404169200000,
    0.379
  ],
  [
    1404255600000,
    0.4
  ],
  [
    1404342000000,
    0.36
  ],
  [
    1404428400000,
    0.03
  ],
  [
    1404514800000,
    0.522
  ],
  [
    1404946800000,
    0.519
  ],
  [
    1405033200000,
    0.397
  ],
  [
    1405119600000,
    0.498
  ],
  [
    1405206000000,
    0.463
  ],
  [
    1405292400000,
    0.53
  ],
  [
    1405378800000,
    0.356
  ],
  [
    1405465200000,
    0.369
  ],
  [
    1405551600000,
    0.484
  ],
  [
    1405638000000,
    0.561
  ],
  [
    1405724400000,
    0.824
  ],
  [
    1405810800000,
    0.361
  ],
  [
    1405897200000,
    0.401
  ],
  [
    1405983600000,
    0.67
  ],
  [
    1406070000000,
    0.62
  ],
  [
    1406156400000,
    0.39
  ],
  [
    1406242800000,
    0.614
  ],
  [
    1406329200000,
    0.403
  ],
  [
    1406415600000,
    0.415
  ],
  [
    1406502000000,
    0.752
  ],
  [
    1406761200000,
    0.711
  ],
  [
    1406847600000,
    0.442
  ],
  [
    1406934000000,
    0.529
  ],
  [
    1407020400000,
    0.6
  ],
  [
    1407106800000,
    0.567
  ],
  [
    1407193200000,
    0.562
  ],
  [
    1407279600000,
    0.779
  ],
  [
    1407366000000,
    0.678
  ],
  [
    1407452400000,
    0.741
  ],
  [
    1407538800000,
    1.269
  ],
  [
    1407625200000,
    1.45
  ],
  [
    1407711600000,
    1.167
  ],
  [
    1407798000000,
    1.293
  ],
  [
    1407884400000,
    1.207
  ],
  [
    1408057200000,
    0.728
  ],
  [
    1408230000000,
    0.459
  ],
  [
    1408316400000,
    0.544
  ],
  [
    1408402800000,
    0.484
  ],
  [
    1408489200000,
    0.568
  ],
  [
    1408575600000,
    0.68
  ],
  [
    1408662000000,
    0.787
  ],
  [
    1408748400000,
    0.756
  ],
  [
    1408834800000,
    0.628
  ],
  [
    1408921200000,
    0.726
  ],
  [
    1409007600000,
    0.767
  ],
  [
    1409094000000,
    0.824
  ],
  [
    1409180400000,
    1.08
  ],
  [
    1409266800000,
    0.913
  ],
  [
    1409353200000,
    1.064
  ],
  [
    1409439600000,
    0.996
  ],
  [
    1409526000000,
    0.678
  ],
  [
    1409612400000,
    0.725
  ],
  [
    1409698800000,
    0.793
  ],
  [
    1409785200000,
    1
  ],
  [
    1409871600000,
    1.027
  ],
  [
    1409958000000,
    1.051
  ],
  [
    1410130800000,
    0.705
  ],
  [
    1410217200000,
    1.05
  ],
  [
    1410303600000,
    0.946
  ],
  [
    1410476400000,
    0.88
  ],
  [
    1410562800000,
    0.926
  ],
  [
    1410649200000,
    0.842
  ],
  [
    1410735600000,
    0.69
  ],
  [
    1410822000000,
    0.562
  ],
  [
    1410908400000,
    0.789
  ],
  [
    1410994800000,
    0.789
  ],
  [
    1411081200000,
    0.621
  ],
  [
    1411167600000,
    0.717
  ],
  [
    1411254000000,
    0.782
  ],
  [
    1411513200000,
    1.318
  ],
  [
    1411686000000,
    1.207
  ],
  [
    1411858800000,
    1.079
  ],
  [
    1412031600000,
    1.01
  ],
  [
    1412204400000,
    0.58
  ],
  [
    1412290800000,
    0.736
  ],
  [
    1412377200000,
    0.295
  ],
  [
    1412463600000,
    0.883
  ],
  [
    1412550000000,
    0.866
  ],
  [
    1412636400000,
    0.89
  ],
  [
    1412722800000,
    0.865
  ],
  [
    1412809200000,
    0.861
  ],
  [
    1412895600000,
    0.848
  ],
  [
    1412982000000,
    0.888
  ],
  [
    1413068400000,
    0.838
  ],
  [
    1413154800000,
    0.926
  ],
  [
    1413241200000,
    1
  ],
  [
    1413327600000,
    0.884
  ],
  [
    1413500400000,
    1.163
  ],
  [
    1413586800000,
    1.71
  ],
  [
    1413673200000,
    2.236
  ],
  [
    1413759600000,
    2.5
  ],
  [
    1413932400000,
    1.532
  ],
  [
    1414105200000,
    1.267
  ],
  [
    1414191600000,
    1.216
  ],
  [
    1414368000000,
    0.92
  ],
  [
    1414454400000,
    0.219
  ],
  [
    1414713600000,
    1.335
  ],
  [
    1414800000000,
    1.338
  ],
  [
    1414886400000,
    1.162
  ],
  [
    1414972800000,
    1.339
  ],
  [
    1415059200000,
    0.4
  ],
  [
    1415145600000,
    1.012
  ],
  [
    1415232000000,
    0.92
  ],
  [
    1415318400000,
    1.05
  ],
  [
    1415404800000,
    1.038
  ],
  [
    1415491200000,
    0.659
  ],
  [
    1415577600000,
    0.804
  ],
  [
    1415664000000,
    0.599
  ],
  [
    1415750400000,
    0.423
  ],
  [
    1415836800000,
    0.759
  ],
  [
    1415923200000,
    0.74
  ],
  [
    1416009600000,
    0.955
  ],
  [
    1416182400000,
    0.934
  ],
  [
    1416268800000,
    0.898
  ],
  [
    1416355200000,
    0.962
  ],
  [
    1416787200000,
    0.803
  ],
  [
    1416960000000,
    0.807
  ],
  [
    1417046400000,
    0.701
  ],
  [
    1417132800000,
    0.672
  ],
  [
    1417219200000,
    0.722
  ],
  [
    1417305600000,
    0.65
  ],
  [
    1417478400000,
    0.698
  ],
  [
    1417564800000,
    0.665
  ],
  [
    1417737600000,
    0.75
  ],
  [
    1417910400000,
    0.823
  ],
  [
    1418083200000,
    0.73
  ],
  [
    1418169600000,
    0.825
  ],
  [
    1418256000000,
    0.819
  ],
  [
    1418342400000,
    0.704
  ],
  [
    1418428800000,
    0.729
  ],
  [
    1418515200000,
    0.72
  ],
  [
    1418601600000,
    0.75
  ],
  [
    1418688000000,
    0.703
  ],
  [
    1418774400000,
    0.824
  ],
  [
    1418860800000,
    0.644
  ],
  [
    1419033600000,
    0.368
  ],
  [
    1419120000000,
    0.638
  ],
  [
    1419465600000,
    0.777
  ],
  [
    1419552000000,
    0.92
  ],
  [
    1419638400000,
    0.881
  ],
  [
    1419724800000,
    0.878
  ],
  [
    1419811200000,
    0.905
  ],
  [
    1419984000000,
    0.888
  ],
  [
    1420070400000,
    0.936
  ],
  [
    1420156800000,
    1.04
  ],
  [
    1420243200000,
    1.15
  ],
  [
    1420329600000,
    1.213
  ],
  [
    1420416000000,
    1.268
  ],
  [
    1420502400000,
    1.335
  ],
  [
    1420588800000,
    1.099
  ],
  [
    1420848000000,
    1.177
  ],
  [
    1420934400000,
    1.119
  ],
  [
    1421020800000,
    0.939
  ],
  [
    1421107200000,
    1.18
  ],
  [
    1421193600000,
    1.243
  ],
  [
    1421280000000,
    1.297
  ],
  [
    1421366400000,
    1.905
  ],
  [
    1421625600000,
    1.662
  ],
  [
    1421798400000,
    2.265
  ],
  [
    1421884800000,
    1.58
  ],
  [
    1421971200000,
    1.827
  ],
  [
    1422057600000,
    1.846
  ],
  [
    1422144000000,
    1.636
  ],
  [
    1422230400000,
    1.713
  ],
  [
    1422316800000,
    1.641
  ],
  [
    1422403200000,
    2.04
  ],
  [
    1422489600000,
    1.72
  ],
  [
    1422576000000,
    1.833
  ],
  [
    1422662400000,
    1.65
  ],
  [
    1422835200000,
    1.545
  ],
  [
    1423008000000,
    1.64
  ],
  [
    1423180800000,
    1.886
  ],
  [
    1423353600000,
    1.134
  ],
  [
    1423440000000,
    1.574
  ],
  [
    1423526400000,
    1.588
  ],
  [
    1423612800000,
    1.626
  ],
  [
    1423699200000,
    1.64
  ],
  [
    1423872000000,
    1.239
  ],
  [
    1423958400000,
    1.96
  ],
  [
    1424044800000,
    1.368
  ],
  [
    1424217600000,
    1.646
  ],
  [
    1424304000000,
    1.174
  ],
  [
    1424390400000,
    1.298
  ],
  [
    1424563200000,
    1.24
  ],
  [
    1424649600000,
    1.337
  ],
  [
    1424736000000,
    1.663
  ],
  [
    1424822400000,
    1.496
  ],
  [
    1424908800000,
    1.55
  ],
  [
    1424995200000,
    1.54
  ],
  [
    1425081600000,
    1.543
  ],
  [
    1425254400000,
    1.305
  ],
  [
    1425340800000,
    1.374
  ],
  [
    1425427200000,
    1.483
  ],
  [
    1425513600000,
    1.43
  ],
  [
    1425600000000,
    1.537
  ],
  [
    1425686400000,
    1.624
  ],
  [
    1425772800000,
    1.207
  ],
  [
    1426032000000,
    1.24
  ],
  [
    1426118400000,
    1.646
  ],
  [
    1426291200000,
    1.528
  ],
  [
    1426377600000,
    1.507
  ],
  [
    1426464000000,
    1.015
  ],
  [
    1426636800000,
    1.456
  ],
  [
    1426723200000,
    1.682
  ],
  [
    1426809600000,
    1.291
  ],
  [
    1426896000000,
    1.406
  ],
  [
    1427155200000,
    1.571
  ],
  [
    1427241600000,
    1.517
  ],
  [
    1427328000000,
    1.352
  ],
  [
    1427500800000,
    1.811
  ],
  [
    1427587200000,
    1.914
  ],
  [
    1427670000000,
    0.432
  ],
  [
    1427842800000,
    2.018
  ],
  [
    1428188400000,
    1.568
  ],
  [
    1428274800000,
    3.306
  ],
  [
    1428361200000,
    4.42
  ],
  [
    1428534000000,
    1.555
  ],
  [
    1428620400000,
    1.187
  ],
  [
    1428706800000,
    1.273
  ],
  [
    1428793200000,
    1.64
  ],
  [
    1428879600000,
    1.653
  ],
  [
    1428966000000,
    1.776
  ],
  [
    1429138800000,
    1.56
  ],
  [
    1429225200000,
    1.04
  ],
  [
    1429398000000,
    1.555
  ],
  [
    1429484400000,
    1.052
  ],
  [
    1429657200000,
    1.511
  ],
  [
    1429743600000,
    1.6
  ],
  [
    1429916400000,
    3.51
  ],
  [
    1430002800000,
    8.457
  ],
  [
    1430089200000,
    11.977
  ],
  [
    1430175600000,
    15.122
  ],
  [
    1430262000000,
    10.657
  ],
  [
    1430348400000,
    7.317
  ],
  [
    1430521200000,
    13.485
  ],
  [
    1430607600000,
    21.373
  ],
  [
    1430694000000,
    5.014
  ],
  [
    1430780400000,
    5.282
  ],
  [
    1430866800000,
    4.719
  ],
  [
    1431039600000,
    3.143
  ],
  [
    1431126000000,
    3.212
  ],
  [
    1431212400000,
    13.664
  ],
  [
    1431298800000,
    4.941
  ],
  [
    1431385200000,
    7.29
  ],
  [
    1431558000000,
    6.372
  ],
  [
    1431644400000,
    9.322
  ],
  [
    1431730800000,
    7.907
  ],
  [
    1431817200000,
    6.51
  ],
  [
    1431990000000,
    6.407
  ],
  [
    1432162800000,
    5.978
  ],
  [
    1432249200000,
    4.804
  ],
  [
    1432335600000,
    4.589
  ],
  [
    1432422000000,
    4.45
  ],
  [
    1432508400000,
    3.76
  ],
  [
    1432594800000,
    3.392
  ],
  [
    1432681200000,
    2.76
  ],
  [
    1432854000000,
    3.211
  ],
  [
    1433113200000,
    2.152
  ],
  [
    1433199600000,
    2.44
  ],
  [
    1433286000000,
    2.507
  ],
  [
    1433372400000,
    1.534
  ],
  [
    1433458800000,
    1.945
  ],
  [
    1433545200000,
    1.838
  ],
  [
    1433718000000,
    1.858
  ],
  [
    1433804400000,
    1.909
  ],
  [
    1433890800000,
    1.4
  ],
  [
    1433977200000,
    1.68
  ],
  [
    1434063600000,
    1.704
  ],
  [
    1434150000000,
    1.91
  ],
  [
    1434495600000,
    1.87
  ],
  [
    1434582000000,
    1.881
  ],
  [
    1434754800000,
    1.81
  ],
  [
    1435014000000,
    1.526
  ],
  [
    1435100400000,
    1.485
  ],
  [
    1435186800000,
    1.59
  ],
  [
    1435273200000,
    1.408
  ],
  [
    1435446000000,
    3.325
  ],
  [
    1435532400000,
    1.763
  ],
  [
    1435618800000,
    1.679
  ],
  [
    1435791600000,
    1.495
  ],
  [
    1435878000000,
    1.69
  ],
  [
    1435964400000,
    1.347
  ],
  [
    1436050800000,
    1.663
  ],
  [
    1436223600000,
    1.922
  ],
  [
    1436569200000,
    4.851
  ],
  [
    1436655600000,
    13.413
  ],
  [
    1436914800000,
    3.996
  ],
  [
    1437174000000,
    2.16
  ],
  [
    1437346800000,
    1.811
  ],
  [
    1437433200000,
    2.044
  ],
  [
    1437778800000,
    1.387
  ],
  [
    1437865200000,
    1.65
  ],
  [
    1437951600000,
    1.597
  ],
  [
    1438124400000,
    2.216
  ],
  [
    1438210800000,
    2.107
  ],
  [
    1438470000000,
    1.746
  ],
  [
    1438729200000,
    1.81
  ],
  [
    1438815600000,
    2.07
  ],
  [
    1438902000000,
    2.19
  ],
  [
    1439334000000,
    2.209
  ],
  [
    1439420400000,
    2.393
  ],
  [
    1439593200000,
    1.774
  ],
  [
    1439938800000,
    7.524
  ],
  [
    1440025200000,
    2.001
  ],
  [
    1440198000000,
    1.918
  ],
  [
    1440284400000,
    1.455
  ],
  [
    1440457200000,
    3.348
  ],
  [
    1440630000000,
    3.56
  ],
  [
    1440802800000,
    5.511
  ],
  [
    1440889200000,
    10.213
  ],
  [
    1441062000000,
    10
  ],
  [
    1441407600000,
    2.631
  ],
  [
    1441580400000,
    2.286
  ],
  [
    1442271600000,
    2.299
  ],
  [
    1442617200000,
    2.606
  ],
  [
    1442703600000,
    2.358
  ],
  [
    1442962800000,
    2.716
  ],
  [
    1443308400000,
    2.374
  ],
  [
    1443567600000,
    1.81
  ],
  [
    1443654000000,
    1.677
  ],
  [
    1443740400000,
    2.241
  ],
  [
    1443999600000,
    2.374
  ],
  [
    1444086000000,
    2.131
  ],
  [
    1444518000000,
    2.49
  ],
  [
    1444604400000,
    1.993
  ],
  [
    1444863600000,
    1.15
  ],
  [
    1444950000000,
    1.966
  ],
  [
    1445122800000,
    2.32
  ],
  [
    1445295600000,
    2.39
  ],
  [
    1445554800000,
    1.848
  ],
  [
    1445641200000,
    2.347
  ],
  [
    1445727600000,
    1.841
  ],
  [
    1446163200000,
    2.365
  ],
  [
    1446336000000,
    2.301
  ],
  [
    1446595200000,
    2.09
  ],
  [
    1446681600000,
    2.163
  ],
  [
    1446768000000,
    2.07
  ],
  [
    1446940800000,
    2.12
  ],
  [
    1447027200000,
    1.941
  ],
  [
    1447113600000,
    1.953
  ],
  [
    1447286400000,
    2.107
  ],
  [
    1447372800000,
    2.07
  ],
  [
    1447804800000,
    1.828
  ],
  [
    1448150400000,
    2.012
  ],
  [
    1448323200000,
    1.437
  ],
  [
    1448409600000,
    1.819
  ],
  [
    1448496000000,
    1.777
  ],
  [
    1448582400000,
    1.547
  ],
  [
    1448755200000,
    1.368
  ],
  [
    1448841600000,
    1.633
  ],
  [
    1449014400000,
    1.78
  ],
  [
    1449100800000,
    94.009
  ],
  [
    1449187200000,
    2.317
  ],
  [
    1449273600000,
    2.997
  ],
  [
    1449446400000,
    4.14
  ],
  [
    1449792000000,
    6.23
  ],
  [
    1450137600000,
    3.394
  ],
  [
    1450569600000,
    3.001
  ],
  [
    1450742400000,
    3.068
  ],
  [
    1451088000000,
    2.695
  ],
  [
    1451433600000,
    2.862
  ],
  [
    1452211200000,
    4.115
  ],
  [
    1452470400000,
    4.328
  ],
  [
    1453420800000,
    3.001
  ],
  [
    1453680000000,
    2.057
  ],
  [
    1454371200000,
    1.99
  ],
  [
    1454457600000,
    3.235
  ],
  [
    1454630400000,
    3.129
  ],
  [
    1454976000000,
    2.2
  ],
  [
    1455235200000,
    3.307
  ],
  [
    1455494400000,
    3.84
  ],
  [
    1456012800000,
    2.6
  ],
  [
    1456099200000,
    2.05
  ],
  [
    1456444800000,
    3.317
  ],
  [
    1456617600000,
    2.206
  ],
  [
    1456790400000,
    2.766
  ],
  [
    1456876800000,
    2.137
  ],
  [
    1456963200000,
    1.972
  ],
  [
    1457654400000,
    2.194
  ],
  [
    1457827200000,
    2.211
  ],
  [
    1458086400000,
    2.189
  ],
  [
    1458432000000,
    2.198
  ],
  [
    1458518400000,
    2.198
  ],
  [
    1458604800000,
    2.194
  ],
  [
    1458691200000,
    2.112
  ],
  [
    1458864000000,
    2.33
  ],
  [
    1458950400000,
    2.198
  ],
  [
    1459036800000,
    1.759
  ],
  [
    1459119600000,
    2.213
  ],
  [
    1459465200000,
    2.708
  ],
  [
    1459551600000,
    2.64
  ],
  [
    1459638000000,
    2.639
  ],
  [
    1459897200000,
    3.157
  ],
  [
    1459983600000,
    2.272
  ],
  [
    1460070000000,
    3.133
  ],
  [
    1460242800000,
    3.22
  ],
  [
    1460329200000,
    4.036
  ],
  [
    1460934000000,
    4.279
  ],
  [
    1461193200000,
    3.361
  ],
  [
    1461279600000,
    2.42
  ],
  [
    1461538800000,
    3.001
  ],
  [
    1461970800000,
    3.357
  ],
  [
    1462316400000,
    3.694
  ],
  [
    1462402800000,
    5.794
  ],
  [
    1462489200000,
    3.032
  ],
  [
    1462662000000,
    3.205
  ],
  [
    1462748400000,
    3.422
  ],
  [
    1462834800000,
    3.414
  ],
  [
    1463007600000,
    4.556
  ],
  [
    1463526000000,
    7.15
  ],
  [
    1463698800000,
    2.45
  ],
  [
    1463785200000,
    72.872
  ],
  [
    1463871600000,
    3.978
  ],
  [
    1464822000000,
    3.335
  ],
  [
    1465686000000,
    7.481
  ],
  [
    1465772400000,
    7.966
  ],
  [
    1466031600000,
    6.728
  ],
  [
    1466204400000,
    6.665
  ],
  [
    1466290800000,
    6.738
  ],
  [
    1466550000000,
    5.639
  ],
  [
    1466722800000,
    5.688
  ],
  [
    1467241200000,
    5.56
  ],
  [
    1467327600000,
    146.187
  ],
  [
    1467500400000,
    100.35
  ],
  [
    1467586800000,
    193.55
  ],
  [
    1468018800000,
    12.593
  ],
  [
    1468191600000,
    6.882
  ],
  [
    1468364400000,
    8.88
  ],
  [
    1468450800000,
    11.08
  ],
  [
    1468710000000,
    6.785
  ],
  [
    1468882800000,
    5.008
  ],
  [
    1469228400000,
    6.85
  ],
  [
    1469487600000,
    6.852
  ],
  [
    1469746800000,
    6.841
  ],
  [
    1470870000000,
    6.919
  ],
  [
    1470956400000,
    7.016
  ],
  [
    1472511600000,
    5.163
  ],
  [
    1473548400000,
    0.468
  ],
  [
    1473894000000,
    2.56
  ],
  [
    1474239600000,
    2.725
  ],
  [
    1474412400000,
    2.194
  ],
  [
    1476486000000,
    1.793
  ],
  [
    1479427200000,
    3.001
  ],
  [
    1479600000000,
    2.978
  ],
  [
    1479686400000,
    2.978
  ],
  [
    1479772800000,
    3.98
  ],
  [
    1479945600000,
    15.865
  ],
  [
    1480118400000,
    15.415
  ],
  [
    1480809600000,
    10.94
  ],
  [
    1482451200000,
    13.686
  ],
  [
    1482537600000,
    13.42
  ],
  [
    1482796800000,
    12.494
  ],
  [
    1482969600000,
    12.449
  ],
  [
    1483747200000,
    12.596
  ],
  [
    1485561600000,
    12.836
  ],
  [
    1488240000000,
    8.336
  ],
  [
    1488326400000,
    18
  ],
  [
    1488758400000,
    0.57
  ],
  [
    1490486400000,
    6.451
  ],
  [
    1490742000000,
    6.458
  ],
  [
    1491260400000,
    6.47
  ],
  [
    1491519600000,
    7.5
  ],
  [
    1491778800000,
    5
  ],
  [
    1491951600000,
    12.49
  ],
  [
    1493506800000,
    7.08
  ],
  [
    1493593200000,
    6.55
  ],
  [
    1494198000000,
    6.88
  ],
  [
    1494284400000,
    7.09
  ],
  [
    1494370800000,
    6.89
  ],
  [
    1494543600000,
    5.43
  ],
  [
    1494716400000,
    7.503
  ],
  [
    1494889200000,
    7.671
  ],
  [
    1495494000000,
    13.045
  ],
  [
    1495666800000,
    10.5
  ],
  [
    1495753200000,
    10.58
  ],
  [
    1495839600000,
    10
  ],
  [
    1496098800000,
    15.3
  ],
  [
    1496444400000,
    1.714
  ],
  [
    1496530800000,
    15.259
  ],
  [
    1496703600000,
    12.92
  ],
  [
    1496790000000,
    12.85
  ],
  [
    1498172400000,
    7.1
  ],
  [
    1498863600000,
    8.487
  ],
  [
    1499036400000,
    3.579
  ],
  [
    1499382000000,
    7.847
  ],
  [
    1500678000000,
    7.725
  ],
  [
    1500764400000,
    9.4
  ],
  [
    1501714800000,
    7.68
  ],
  [
    1502319600000,
    11.701
  ],
  [
    1502578800000,
    7.5
  ],
  [
    1506121200000,
    24.309
  ],
  [
    1506207600000,
    21.14
  ],
  [
    1506294000000,
    38.059
  ],
  [
    1506380400000,
    19.914
  ],
  [
    1506466800000,
    30.384
  ],
  [
    1506553200000,
    26.309
  ],
  [
    1507676400000,
    6.526
  ],
  [
    1510272000000,
    7.525
  ],
  [
    1510531200000,
    8.736
  ],
  [
    1511049600000,
    9.854
  ],
  [
    1511136000000,
    7.544
  ],
  [
    1512950400000,
    8.824
  ],
  [
    1513900800000,
    7.785
  ],
  [
    1515542400000,
    8.545
  ],
  [
    1515801600000,
    6.795
  ],
  [
    1516147200000,
    8.589
  ],
  [
    1517702400000,
    23.299
  ],
  [
    1519430400000,
    6.811
  ],
  [
    1519603200000,
    7.71
  ],
  [
    1521763200000,
    6.9
  ],
  [
    1522969200000,
    6.51
  ],
  [
    1524092400000,
    5.41
  ],
  [
    1524351600000,
    5.509
  ],
  [
    1526684400000,
    5.596
  ],
  [
    1527548400000,
    2.211
  ],
  [
    1527634800000,
    5.04
  ],
  [
    1529535600000,
    5.014
  ],
  [
    1531090800000,
    5.545
  ],
  [
    1531350000000,
    5.75
  ],
  [
    1541635200000,
    5.024
  ],
  [
    1542672000000,
    3.406
  ],
  [
    1543708800000,
    3.244
  ],
  [
    1544486400000,
    4.57
  ],
  [
    1545091200000,
    3.001
  ],
  [
    1545177600000,
    2.513
  ],
  [
    1552348800000,
    1.951
  ],
  [
    1552435200000,
    4.511
  ],
  [
    1552521600000,
    1.932
  ],
  [
    1553990400000,
    5.492
  ],
  [
    1555196400000,
    5.515
  ],
  [
    1555714800000,
    6.864
  ],
  [
    1555801200000,
    27.16
  ],
  [
    1564009200000,
    4.8
  ],
  [
    1566428400000,
    3.989
  ],
  [
    1569106800000,
    4.094
  ],
  [
    1571439600000,
    4.315
  ],
  [
    1582675200000,
    3.766
  ],
  [
    1587510000000,
    4.564
  ],
  [
    1587942000000,
    3.77
  ],
  [
    1590015600000,
    3.726
  ],
  [
    1591398000000,
    3.743
  ],
  [
    1594335600000,
    4.064
  ],
  [
    1596236400000,
    4.05
  ],
  [
    1599174000000,
    4.477
  ],
  [
    1604361600000,
    8.801
  ],
  [
    1605571200000,
    4.262
  ],
  [
    1606003200000,
    3.88
  ],
  [
    1606780800000,
    3.72
  ],
  [
    1607126400000,
    3.88
  ],
  [
    1607299200000,
    5.282
  ],
  [
    1611964800000,
    3.7
  ],
  [
    1612310400000,
    3.545
  ],
  [
    1614038400000,
    4.001
  ],
  [
    1614643200000,
    3.699
  ],
  [
    1614729600000,
    3.987
  ],
  [
    1614816000000,
    4.052
  ],
  [
    1614988800000,
    4.575
  ],
  [
    1615680000000,
    5.924
  ],
  [
    1615939200000,
    5.07
  ],
  [
    1616284800000,
    3.314
  ],
  [
    1617145200000,
    4.173
  ],
  [
    1617750000000,
    3.538
  ],
  [
    1618441200000,
    3.221
  ],
  [
    1619218800000,
    4.486
  ],
  [
    1620169200000,
    3.671
  ],
  [
    1620514800000,
    2.783
  ],
  [
    1620774000000,
    4.574
  ],
  [
    1620860400000,
    3.96
  ],
  [
    1621638000000,
    3.818
  ],
  [
    1622502000000,
    7.228
  ],
  [
    1622588400000,
    5.375
  ],
  [
    1622761200000,
    4.19
  ],
  [
    1622934000000,
    3.995
  ],
  [
    1623106800000,
    5.178
  ],
  [
    1623193200000,
    4.06
  ],
  [
    1623279600000,
    6.103
  ],
  [
    1623366000000,
    4.418
  ],
  [
    1624748400000,
    4.147
  ],
  [
    1625698800000,
    4.03
  ],
  [
    1626303600000,
    3.452
  ],
  [
    1627426800000,
    3.802
  ],
  [
    1627513200000,
    5.427
  ],
  [
    1629154800000,
    5.359
  ],
  [
    1633129200000,
    4.37
  ],
  [
    1633302000000,
    10.56
  ],
  [
    1636416000000,
    40.608
  ],
  [
    1637280000000,
    5.351
  ],
  [
    1637539200000,
    4.825
  ],
  [
    1637971200000,
    4.328
  ],
  [
    1638921600000,
    4.269
  ],
  [
    1639699200000,
    4.73
  ],
  [
    1639785600000,
    5.396
  ],
  [
    1640736000000,
    5.458
  ],
  [
    1640908800000,
    5.485
  ],
  [
    1640995200000,
    4.949
  ],
  [
    1645660800000,
    5.463
  ],
  [
    1645920000000,
    5.121
  ],
  [
    1646092800000,
    4.6
  ],
  [
    1646611200000,
    4.857
  ],
  [
    1646697600000,
    4.429
  ],
  [
    1646870400000,
    6.441
  ],
  [
    1650236400000,
    4.505
  ],
  [
    1650322800000,
    5.533
  ],
  [
    1650927600000,
    5.868
  ],
  [
    1651532400000,
    4.34
  ],
  [
    1651618800000,
    5.84
  ],
  [
    1651705200000,
    4.6
  ],
  [
    1652137200000,
    4.229
  ],
  [
    1652396400000,
    3.517
  ],
  [
    1652569200000,
    4.359
  ],
  [
    1653519600000,
    4.407
  ],
  [
    1654470000000,
    4.558
  ],
  [
    1655074800000,
    6.856
  ],
  [
    1655593200000,
    4.466
  ],
  [
    1656802800000,
    3.59
  ],
  [
    1657753200000,
    3.464
  ],
  [
    1658358000000,
    4.906
  ],
  [
    1659049200000,
    5.675
  ],
  [
    1659308400000,
    7.396
  ],
  [
    1659567600000,
    3.891
  ],
  [
    1661900400000,
    4.618
  ],
  [
    1663887600000,
    4.525
  ],
  [
    1665874800000,
    2.54
  ],
  [
    1665961200000,
    2.526
  ],
  [
    1666652400000,
    5.75
  ],
  [
    1667260800000,
    2.573
  ],
  [
    1667779200000,
    2.49
  ],
  [
    1668124800000,
    3.578
  ],
  [
    1668297600000,
    7.065
  ],
  [
    1671926400000,
    3.564
  ],
  [
    1672272000000,
    5.468
  ],
  [
    1672704000000,
    5.491
  ],
  [
    1674518400000,
    4.625
  ],
  [
    1674604800000,
    4.319
  ],
  [
    1674864000000,
    4.46
  ],
  [
    1674950400000,
    5.554
  ],
  [
    1675036800000,
    5.576
  ],
  [
    1675123200000,
    5.724
  ],
  [
    1675382400000,
    5.616
  ],
  [
    1675987200000,
    4.122
  ],
  [
    1677196800000,
    7.065
  ],
  [
    1677456000000,
    4.79
  ],
  [
    1678147200000,
    5.019
  ],
  [
    1678320000000,
    5.83
  ],
  [
    1678665600000,
    6.774
  ],
  [
    1679702400000,
    4.472
  ],
  [
    1679788800000,
    5.871
  ],
  [
    1680044400000,
    5.873
  ],
  [
    1681254000000,
    7.608
  ],
  [
    1681513200000,
    5.49
  ],
  [
    1682031600000,
    8.142
  ],
  [
    1682118000000,
    8.521
  ],
  [
    1682290800000,
    7.5
  ],
  [
    1682982000000,
    5.64
  ],
  [
    1683327600000,
    7.7
  ],
  [
    1683846000000,
    5.95
  ],
  [
    1684018800000,
    5.927
  ],
  [
    1684105200000,
    7.667
  ],
  [
    1684278000000,
    6.097
  ],
  [
    1684364400000,
    6.1
  ],
  [
    1684537200000,
    7.634
  ],
  [
    1684623600000,
    6.26
  ],
  [
    1685142000000,
    8.311
  ],
  [
    1685574000000,
    6.957
  ],
  [
    1685660400000,
    8.31
  ],
  [
    1685833200000,
    9.073
  ],
  [
    1685919600000,
    7
  ],
  [
    1686006000000,
    7.765
  ],
  [
    1686178800000,
    8.111
  ],
  [
    1686956400000,
    7.88
  ],
  [
    1687042800000,
    8.798
  ],
  [
    1687820400000,
    7.97
  ],
  [
    1688166000000,
    6.36
  ],
  [
    1689202800000,
    8.286
  ],
  [
    1689289200000,
    5.83
  ],
  [
    1690153200000,
    6.06
  ],
  [
    1690239600000,
    6.043
  ],
  [
    1691103600000,
    7.647
  ],
  [
    1691622000000,
    7.719
  ],
  [
    1691794800000,
    7.445
  ],
  [
    1692313200000,
    9.739
  ],
  [
    1693004400000,
    9.864
  ],
  [
    1694818800000,
    6.147
  ],
  [
    1696028400000,
    10.275
  ],
  [
    1696719600000,
    11.11
  ],
  [
    1699747200000,
    8.634
  ],
  [
    1700870400000,
    6.451
  ],
  [
    1700956800000,
    10.105
  ],
  [
    1701043200000,
    7.523
  ],
  [
    1701734400000,
    7.53
  ],
  [
    1703203200000,
    6.318
  ],
  [
    1703462400000,
    7.22
  ],
  [
    1703894400000,
    7.75
  ],
  [
    1704412800000,
    11.093
  ],
  [
    1704585600000,
    25.135
  ],
  [
    1705276800000,
    51.894
  ],
  [
    1707264000000,
    43.889
  ],
  [
    1708560000000,
    10.813
  ],
  [
    1708992000000,
    11.13
  ],
  [
    1709078400000,
    15.998
  ],
  [
    1709596800000,
    12.786
  ],
  [
    1710201600000,
    17.078
  ],
  [
    1711324800000,
    18.664
  ],
  [
    1711926000000,
    13.11
  ],
  [
    1713308400000,
    11.706
  ],
  [
    1713567600000,
    11.76
  ],
  [
    1715209200000,
    12.535
  ],
  [
    1716580800000,
    12.39
  ],
  [
    1716652800000,
    12.43
  ],
  [
    1717077600000,
    12.58
  ],
  [
    1717138800000,
    12.67
  ],
  [
    1717257600000,
    12.76
  ],
  [
    1717326000000,
    13.273
  ],
  [
    1717340400000,
    12.89
  ],
  [
    1718042400000,
    13.2
  ],
  [
    1718647200000,
    11.707
  ]
]