[
  [
    1380754800000,
    13.59
  ],
  [
    1381100400000,
    7.44
  ],
  [
    1381359600000,
    8.537
  ],
  [
    1381532400000,
    8.057
  ],
  [
    1381618800000,
    11.525
  ],
  [
    1381791600000,
    5.751
  ],
  [
    1381964400000,
    9.79
  ],
  [
    1382050800000,
    10.7
  ],
  [
    1382137200000,
    10.69
  ],
  [
    1382223600000,
    11.5
  ],
  [
    1382396400000,
    12.6
  ],
  [
    1382482800000,
    5.845
  ],
  [
    1382742000000,
    9.941
  ],
  [
    1382918400000,
    12.39
  ],
  [
    1383350400000,
    11.59
  ],
  [
    1383696000000,
    11.61
  ],
  [
    1383868800000,
    11.877
  ],
  [
    1383955200000,
    8.985
  ],
  [
    1384387200000,
    1.241
  ],
  [
    1384473600000,
    9.17
  ],
  [
    1384819200000,
    9
  ],
  [
    1384905600000,
    9.167
  ],
  [
    1384992000000,
    2.855
  ],
  [
    1385078400000,
    6.84
  ],
  [
    1385164800000,
    8.795
  ],
  [
    1385510400000,
    6.054
  ],
  [
    1385596800000,
    8.079
  ],
  [
    1385769600000,
    10.011
  ],
  [
    1386115200000,
    11.513
  ],
  [
    1386201600000,
    4.248
  ],
  [
    1386288000000,
    0.145
  ],
  [
    1386374400000,
    7.489
  ],
  [
    1386460800000,
    4.483
  ],
  [
    1386547200000,
    6.273
  ],
  [
    1386633600000,
    9.59
  ],
  [
    1386720000000,
    9.936
  ],
  [
    1387065600000,
    5.748
  ],
  [
    1387238400000,
    6.043
  ],
  [
    1387324800000,
    0.275
  ],
  [
    1387497600000,
    1.504
  ],
  [
    1387584000000,
    2.985
  ],
  [
    1387670400000,
    6.725
  ],
  [
    1387756800000,
    6.359
  ],
  [
    1387929600000,
    6.761
  ],
  [
    1388102400000,
    9.58
  ],
  [
    1388534400000,
    6.88
  ],
  [
    1388793600000,
    3.992
  ],
  [
    1388880000000,
    5.805
  ],
  [
    1389052800000,
    5
  ],
  [
    1389139200000,
    5.976
  ],
  [
    1389312000000,
    5.346
  ],
  [
    1389398400000,
    6.6
  ],
  [
    1389484800000,
    5.9
  ],
  [
    1389744000000,
    5.962
  ],
  [
    1389916800000,
    5.6
  ],
  [
    1390003200000,
    5.625
  ],
  [
    1390089600000,
    4.961
  ],
  [
    1390435200000,
    4.95
  ],
  [
    1390521600000,
    5.015
  ],
  [
    1390608000000,
    0.19
  ],
  [
    1390694400000,
    2.645
  ],
  [
    1390780800000,
    3.108
  ],
  [
    1390867200000,
    3.62
  ],
  [
    1390953600000,
    4.123
  ],
  [
    1391040000000,
    4.11
  ],
  [
    1391126400000,
    4.563
  ],
  [
    1391212800000,
    5.399
  ],
  [
    1391472000000,
    3.105
  ],
  [
    1391558400000,
    4.216
  ],
  [
    1391644800000,
    4.217
  ],
  [
    1391731200000,
    5.2
  ],
  [
    1391904000000,
    5.47
  ],
  [
    1391990400000,
    5.266
  ],
  [
    1392249600000,
    7.735
  ],
  [
    1392336000000,
    8.48
  ],
  [
    1392508800000,
    7.338
  ],
  [
    1392681600000,
    6.514
  ],
  [
    1392940800000,
    6.897
  ],
  [
    1393027200000,
    5.017
  ],
  [
    1393113600000,
    6.45
  ],
  [
    1393200000000,
    6.427
  ],
  [
    1393286400000,
    6.86
  ],
  [
    1393372800000,
    5.52
  ],
  [
    1393459200000,
    6.415
  ],
  [
    1393545600000,
    8.104
  ],
  [
    1393632000000,
    5.53
  ],
  [
    1393718400000,
    6.475
  ],
  [
    1394064000000,
    19.92
  ],
  [
    1394150400000,
    17.219
  ],
  [
    1394323200000,
    10.164
  ],
  [
    1394668800000,
    8.727
  ],
  [
    1394755200000,
    6.886
  ],
  [
    1394841600000,
    6.9
  ],
  [
    1395187200000,
    8.06
  ],
  [
    1395273600000,
    8.282
  ],
  [
    1395446400000,
    9.201
  ],
  [
    1395532800000,
    8.925
  ],
  [
    1395619200000,
    8.85
  ],
  [
    1395705600000,
    9.361
  ],
  [
    1395792000000,
    9
  ],
  [
    1395878400000,
    8.18
  ],
  [
    1396137600000,
    9.835
  ],
  [
    1396479600000,
    9.831
  ],
  [
    1396566000000,
    10
  ],
  [
    1396825200000,
    9.89
  ],
  [
    1396911600000,
    15.74
  ],
  [
    1397084400000,
    12.99
  ],
  [
    1397170800000,
    12.65
  ],
  [
    1397689200000,
    12.57
  ],
  [
    1397862000000,
    14.924
  ],
  [
    1398034800000,
    14.193
  ],
  [
    1398380400000,
    17.684
  ],
  [
    1398466800000,
    19.616
  ],
  [
    1398985200000,
    14.34
  ],
  [
    1399330800000,
    14.89
  ],
  [
    1399417200000,
    15.295
  ],
  [
    1399503600000,
    16.914
  ],
  [
    1399590000000,
    11.443
  ],
  [
    1399676400000,
    16.85
  ],
  [
    1399762800000,
    13
  ],
  [
    1399935600000,
    15.483
  ],
  [
    1400194800000,
    13.98
  ],
  [
    1400367600000,
    14.355
  ],
  [
    1400799600000,
    13.32
  ],
  [
    1400886000000,
    15
  ],
  [
    1400972400000,
    23.15
  ],
  [
    1401058800000,
    15.675
  ],
  [
    1401145200000,
    18.97
  ],
  [
    1401577200000,
    19.053
  ],
  [
    1401836400000,
    21.9
  ],
  [
    1402441200000,
    21.67
  ],
  [
    1402614000000,
    22.003
  ],
  [
    1403132400000,
    20.347
  ],
  [
    1403218800000,
    23.245
  ],
  [
    1403305200000,
    31.065
  ],
  [
    1403737200000,
    27.525
  ],
  [
    1403996400000,
    18.77
  ],
  [
    1404082800000,
    14.091
  ],
  [
    1404169200000,
    17.628
  ],
  [
    1404428400000,
    20.012
  ],
  [
    1404601200000,
    14.135
  ],
  [
    1404774000000,
    17.116
  ],
  [
    1405378800000,
    21.78
  ],
  [
    1405465200000,
    16.27
  ],
  [
    1405724400000,
    22.97
  ],
  [
    1405810800000,
    22.012
  ],
  [
    1406847600000,
    26.74
  ],
  [
    1407193200000,
    26
  ],
  [
    1407366000000,
    22.984
  ],
  [
    1407625200000,
    26.74
  ],
  [
    1407798000000,
    28.89
  ],
  [
    1408057200000,
    19.98
  ],
  [
    1408143600000,
    24.09
  ],
  [
    1408316400000,
    18.27
  ],
  [
    1408748400000,
    17.248
  ],
  [
    1408834800000,
    17.248
  ],
  [
    1408921200000,
    18.965
  ],
  [
    1409180400000,
    22.735
  ],
  [
    1409353200000,
    18.162
  ],
  [
    1409526000000,
    19.98
  ],
  [
    1409612400000,
    23.43
  ],
  [
    1409698800000,
    22.69
  ],
  [
    1409958000000,
    15
  ],
  [
    1410044400000,
    19.271
  ],
  [
    1410303600000,
    26.98
  ],
  [
    1410476400000,
    18.165
  ],
  [
    1410562800000,
    21.94
  ],
  [
    1410649200000,
    23.738
  ],
  [
    1410908400000,
    20.06
  ],
  [
    1410994800000,
    25.72
  ],
  [
    1411513200000,
    17.246
  ],
  [
    1411599600000,
    24.067
  ],
  [
    1412118000000,
    18.001
  ],
  [
    1412204400000,
    25.186
  ],
  [
    1412377200000,
    35.845
  ],
  [
    1413068400000,
    17.63
  ],
  [
    1413327600000,
    27.61
  ],
  [
    1413759600000,
    26.77
  ],
  [
    1413846000000,
    31.02
  ],
  [
    1414540800000,
    25.5
  ],
  [
    1414627200000,
    28.316
  ],
  [
    1414800000000,
    19.617
  ],
  [
    1414972800000,
    28.072
  ],
  [
    1415318400000,
    14.893
  ],
  [
    1415491200000,
    27.9
  ],
  [
    1415750400000,
    18.641
  ],
  [
    1415836800000,
    23.638
  ],
  [
    1416096000000,
    18.565
  ],
  [
    1416182400000,
    22.465
  ],
  [
    1416268800000,
    22.41
  ],
  [
    1416355200000,
    22.367
  ],
  [
    1416614400000,
    17.4
  ],
  [
    1416873600000,
    19.98
  ],
  [
    1417046400000,
    21.99
  ],
  [
    1417478400000,
    13.38
  ],
  [
    1418083200000,
    14.141
  ],
  [
    1418601600000,
    14.316
  ],
  [
    1418688000000,
    18.78
  ],
  [
    1418860800000,
    14.779
  ],
  [
    1418947200000,
    15.14
  ],
  [
    1419033600000,
    20.763
  ],
  [
    1419120000000,
    21
  ],
  [
    1419206400000,
    21.571
  ],
  [
    1419292800000,
    20.98
  ],
  [
    1419465600000,
    20.028
  ],
  [
    1419724800000,
    20.74
  ],
  [
    1420156800000,
    30.184
  ],
  [
    1420588800000,
    24.914
  ],
  [
    1420848000000,
    18.407
  ],
  [
    1421020800000,
    27.06
  ],
  [
    1421107200000,
    19.34
  ],
  [
    1421193600000,
    21.86
  ],
  [
    1421366400000,
    26.438
  ],
  [
    1421452800000,
    29.729
  ],
  [
    1421625600000,
    32.19
  ],
  [
    1421971200000,
    31.785
  ],
  [
    1422144000000,
    33.921
  ],
  [
    1422489600000,
    30.971
  ],
  [
    1422576000000,
    34.389
  ],
  [
    1422835200000,
    38.416
  ],
  [
    1423008000000,
    39.345
  ],
  [
    1423094400000,
    20.658
  ],
  [
    1423353600000,
    39.6
  ],
  [
    1423526400000,
    44.19
  ],
  [
    1424044800000,
    34.81
  ],
  [
    1424217600000,
    32.383
  ],
  [
    1424390400000,
    43.64
  ],
  [
    1424649600000,
    42.932
  ],
  [
    1425081600000,
    43.689
  ],
  [
    1425254400000,
    28.039
  ],
  [
    1425340800000,
    45.065
  ],
  [
    1425600000000,
    32.582
  ],
  [
    1426032000000,
    34.5
  ],
  [
    1426118400000,
    35.006
  ],
  [
    1426204800000,
    31.524
  ],
  [
    1426377600000,
    29.998
  ],
  [
    1426464000000,
    31.668
  ],
  [
    1426896000000,
    27.505
  ],
  [
    1427155200000,
    32.2
  ],
  [
    1427670000000,
    35.006
  ],
  [
    1427756400000,
    36.629
  ],
  [
    1427929200000,
    31.13
  ],
  [
    1428274800000,
    34.574
  ],
  [
    1428447600000,
    32.72
  ],
  [
    1428534000000,
    32.807
  ],
  [
    1428620400000,
    31.256
  ],
  [
    1428879600000,
    36.447
  ],
  [
    1429311600000,
    34.329
  ],
  [
    1429657200000,
    39.68
  ],
  [
    1429916400000,
    41.182
  ],
  [
    1430089200000,
    58.412
  ],
  [
    1430434800000,
    0.03
  ],
  [
    1430953200000,
    39.979
  ],
  [
    1431212400000,
    38.976
  ],
  [
    1431644400000,
    57.13
  ],
  [
    1431817200000,
    59.99
  ],
  [
    1431903600000,
    49.998
  ],
  [
    1432076400000,
    58
  ],
  [
    1432508400000,
    48.6
  ],
  [
    1433199600000,
    40.566
  ],
  [
    1433458800000,
    33.069
  ],
  [
    1433631600000,
    30.48
  ],
  [
    1433718000000,
    30.681
  ],
  [
    1433804400000,
    35.127
  ],
  [
    1433890800000,
    45.134
  ],
  [
    1434495600000,
    28.413
  ],
  [
    1434754800000,
    50
  ],
  [
    1434841200000,
    31.94
  ],
  [
    1435100400000,
    44.046
  ],
  [
    1436050800000,
    39.998
  ],
  [
    1436482800000,
    44.188
  ],
  [
    1436655600000,
    44.57
  ],
  [
    1436828400000,
    50.788
  ],
  [
    1437433200000,
    61.03
  ],
  [
    1437519600000,
    59.05
  ],
  [
    1437606000000,
    58.817
  ],
  [
    1438210800000,
    38.166
  ],
  [
    1438642800000,
    49.142
  ],
  [
    1438815600000,
    49.942
  ],
  [
    1439334000000,
    62.05
  ],
  [
    1439766000000,
    59.966
  ],
  [
    1441062000000,
    55.572
  ],
  [
    1441148400000,
    71.857
  ],
  [
    1441321200000,
    95
  ],
  [
    1441407600000,
    324.615
  ],
  [
    1441494000000,
    372
  ],
  [
    1441580400000,
    75.002
  ],
  [
    1441666800000,
    88.74
  ],
  [
    1442098800000,
    117.54
  ],
  [
    1443567600000,
    85.034
  ],
  [
    1443654000000,
    79.99
  ],
  [
    1444345200000,
    76.33
  ],
  [
    1445122800000,
    130.58
  ],
  [
    1448236800000,
    79.333
  ],
  [
    1450224000000,
    71.057
  ],
  [
    1450310400000,
    32.486
  ],
  [
    1450396800000,
    113.829
  ],
  [
    1452470400000,
    104.675
  ],
  [
    1453248000000,
    102.83
  ],
  [
    1453766400000,
    97.75
  ],
  [
    1454025600000,
    115
  ],
  [
    1454976000000,
    122.076
  ],
  [
    1456790400000,
    115
  ],
  [
    1456876800000,
    119.006
  ],
  [
    1457827200000,
    249.98
  ],
  [
    1460761200000,
    150.006
  ],
  [
    1461625200000,
    131.449
  ],
  [
    1462489200000,
    129.993
  ],
  [
    1462834800000,
    231.33
  ],
  [
    1464044400000,
    194.25
  ],
  [
    1468105200000,
    222.849
  ],
  [
    1471215600000,
    133.729
  ],
  [
    1471820400000,
    169.01
  ],
  [
    1473289200000,
    57.423
  ],
  [
    1475708400000,
    153.01
  ],
  [
    1476313200000,
    0.36
  ],
  [
    1476399600000,
    0.36
  ],
  [
    1476831600000,
    57.191
  ],
  [
    1476918000000,
    55.004
  ],
  [
    1477090800000,
    45
  ],
  [
    1477522800000,
    138
  ],
  [
    1479600000000,
    136.3
  ],
  [
    1480032000000,
    80
  ],
  [
    1483315200000,
    61.387
  ],
  [
    1484956800000,
    75.371
  ],
  [
    1486080000000,
    67.576
  ],
  [
    1486512000000,
    60.519
  ],
  [
    1486857600000,
    71.96
  ],
  [
    1487721600000,
    71.95
  ],
  [
    1493074800000,
    54.23
  ],
  [
    1493420400000,
    65.12
  ],
  [
    1494543600000,
    60.6
  ],
  [
    1494716400000,
    49.117
  ],
  [
    1496444400000,
    49.469
  ],
  [
    1497222000000,
    68.001
  ],
  [
    1499986800000,
    50.249
  ],
  [
    1500073200000,
    69.269
  ],
  [
    1500937200000,
    79.92
  ],
  [
    1501282800000,
    83.462
  ],
  [
    1504998000000,
    154.21
  ],
  [
    1505170800000,
    146.67
  ],
  [
    1508367600000,
    106.605
  ],
  [
    1509408000000,
    69.138
  ],
  [
    1514246400000,
    139.049
  ],
  [
    1521849600000,
    123.015
  ],
  [
    1523055600000,
    55.815
  ],
  [
    1524956400000,
    57.65
  ],
  [
    1528066800000,
    55.004
  ],
  [
    1534892400000,
    71.47
  ],
  [
    1535238000000,
    59.201
  ],
  [
    1552176000000,
    72.077
  ],
  [
    1560812400000,
    62.859
  ],
  [
    1563318000000,
    106.503
  ],
  [
    1564009200000,
    110.33
  ],
  [
    1570057200000,
    59.04
  ],
  [
    1574985600000,
    142.08
  ],
  [
    1575936000000,
    75
  ],
  [
    1577404800000,
    100.015
  ],
  [
    1577923200000,
    65.519
  ],
  [
    1581552000000,
    95.905
  ],
  [
    1582502400000,
    64.951
  ],
  [
    1582588800000,
    64.269
  ],
  [
    1583625600000,
    82.3
  ],
  [
    1587942000000,
    63.07
  ],
  [
    1588287600000,
    148.41
  ],
  [
    1588460400000,
    64.562
  ],
  [
    1590361200000,
    58.327
  ],
  [
    1590447600000,
    55.504
  ],
  [
    1591311600000,
    58.888
  ],
  [
    1591743600000,
    56.798
  ],
  [
    1591830000000,
    62.1
  ],
  [
    1594594800000,
    69.908
  ],
  [
    1594681200000,
    57.792
  ],
  [
    1597878000000,
    178.698
  ],
  [
    1598310000000,
    89.505
  ],
  [
    1603062000000,
    69.97
  ],
  [
    1605571200000,
    69.773
  ],
  [
    1606608000000,
    71.574
  ],
  [
    1607040000000,
    58.88
  ],
  [
    1611273600000,
    463.687
  ],
  [
    1612137600000,
    110.237
  ],
  [
    1614211200000,
    82.386
  ],
  [
    1616284800000,
    64.476
  ],
  [
    1621983600000,
    64.56
  ],
  [
    1623106800000,
    78.271
  ],
  [
    1625439600000,
    51.033
  ],
  [
    1626822000000,
    69.28
  ],
  [
    1626994800000,
    69.99
  ],
  [
    1627945200000,
    47.504
  ],
  [
    1628550000000,
    53.073
  ],
  [
    1629068400000,
    50.565
  ],
  [
    1631314800000,
    59.744
  ],
  [
    1632524400000,
    54.239
  ],
  [
    1634943600000,
    49.27
  ],
  [
    1635030000000,
    60.149
  ],
  [
    1636156800000,
    47.591
  ],
  [
    1636329600000,
    44.419
  ],
  [
    1637625600000,
    30.003
  ],
  [
    1638576000000,
    42.345
  ],
  [
    1639180800000,
    63.25
  ],
  [
    1639872000000,
    74.252
  ],
  [
    1640217600000,
    49.862
  ],
  [
    1642204800000,
    48
  ],
  [
    1642723200000,
    49.994
  ],
  [
    1642896000000,
    49.951
  ],
  [
    1643155200000,
    132.578
  ],
  [
    1643500800000,
    53.096
  ],
  [
    1644278400000,
    51.537
  ],
  [
    1644796800000,
    50.876
  ],
  [
    1645747200000,
    53.625
  ],
  [
    1646179200000,
    51.922
  ],
  [
    1647993600000,
    53.175
  ],
  [
    1648422000000,
    53.055
  ],
  [
    1649113200000,
    50.483
  ],
  [
    1650236400000,
    158.453
  ],
  [
    1651705200000,
    54.185
  ],
  [
    1651964400000,
    67.36
  ],
  [
    1653519600000,
    86.521
  ],
  [
    1653951600000,
    53.003
  ],
  [
    1655766000000,
    46.547
  ],
  [
    1657234800000,
    44.7
  ],
  [
    1658358000000,
    43.805
  ],
  [
    1660086000000,
    50.013
  ],
  [
    1661382000000,
    73.75
  ],
  [
    1662418800000,
    59.065
  ],
  [
    1663023600000,
    87.24
  ],
  [
    1668902400000,
    40.445
  ],
  [
    1669766400000,
    42.806
  ],
  [
    1670889600000,
    65.326
  ],
  [
    1672444800000,
    68.31
  ],
  [
    1675900800000,
    42.89
  ],
  [
    1677110400000,
    43.621
  ],
  [
    1678752000000,
    45.91
  ],
  [
    1679788800000,
    62.849
  ],
  [
    1679871600000,
    46.09
  ],
  [
    1680044400000,
    58.327
  ],
  [
    1680303600000,
    62.485
  ],
  [
    1681858800000,
    80.017
  ],
  [
    1681945200000,
    82.624
  ],
  [
    1682204400000,
    47.86
  ],
  [
    1682982000000,
    67.62
  ],
  [
    1684018800000,
    56.003
  ],
  [
    1684278000000,
    60.969
  ],
  [
    1687906800000,
    90
  ],
  [
    1690671600000,
    66.316
  ],
  [
    1694905200000,
    100.483
  ],
  [
    1694991600000,
    110.009
  ],
  [
    1700006400000,
    200.096
  ],
  [
    1704499200000,
    172.061
  ],
  [
    1705708800000,
    174.63
  ],
  [
    1707868800000,
    75.21
  ]
]