[
  [
    1379631600000,
    3.483
  ],
  [
    1379718000000,
    1.49
  ],
  [
    1379804400000,
    1.691
  ],
  [
    1379890800000,
    0.933
  ],
  [
    1379977200000,
    0.826
  ],
  [
    1380063600000,
    1.092
  ],
  [
    1380150000000,
    1.362
  ],
  [
    1380322800000,
    1.195
  ],
  [
    1380409200000,
    0.724
  ],
  [
    1380495600000,
    0.855
  ],
  [
    1380582000000,
    0.853
  ],
  [
    1380668400000,
    1.124
  ],
  [
    1380754800000,
    1.734
  ],
  [
    1380841200000,
    1.996
  ],
  [
    1380927600000,
    0.624
  ],
  [
    1381014000000,
    0.754
  ],
  [
    1381100400000,
    0.765
  ],
  [
    1381186800000,
    0.585
  ],
  [
    1381273200000,
    0.637
  ],
  [
    1381359600000,
    0.965
  ],
  [
    1381446000000,
    0.757
  ],
  [
    1381532400000,
    0.809
  ],
  [
    1381618800000,
    0.797
  ],
  [
    1381705200000,
    0.877
  ],
  [
    1381791600000,
    0.758
  ],
  [
    1381878000000,
    0.529
  ],
  [
    1381964400000,
    0.608
  ],
  [
    1382050800000,
    0.64
  ],
  [
    1382137200000,
    0.807
  ],
  [
    1382223600000,
    0.588
  ],
  [
    1382310000000,
    0.708
  ],
  [
    1382396400000,
    0.807
  ],
  [
    1382482800000,
    0.559
  ],
  [
    1382569200000,
    0.634
  ],
  [
    1382655600000,
    0.828
  ],
  [
    1382742000000,
    0.719
  ],
  [
    1382828400000,
    0.659
  ],
  [
    1382918400000,
    0.678
  ],
  [
    1383004800000,
    0.552
  ],
  [
    1383091200000,
    0.425
  ],
  [
    1383177600000,
    0.482
  ],
  [
    1383264000000,
    0.51
  ],
  [
    1383350400000,
    0.508
  ],
  [
    1383436800000,
    0.566
  ],
  [
    1383523200000,
    0.583
  ],
  [
    1383609600000,
    0.571
  ],
  [
    1383696000000,
    0.565
  ],
  [
    1383782400000,
    0.415
  ],
  [
    1383868800000,
    0.519
  ],
  [
    1383955200000,
    0.461
  ],
  [
    1384041600000,
    0.49
  ],
  [
    1384128000000,
    0.359
  ],
  [
    1384214400000,
    0.286
  ],
  [
    1384300800000,
    0.34
  ],
  [
    1384387200000,
    0.308
  ],
  [
    1384473600000,
    0.346
  ],
  [
    1384560000000,
    0.291
  ],
  [
    1384646400000,
    0.277
  ],
  [
    1384732800000,
    0.287
  ],
  [
    1384819200000,
    0.135
  ],
  [
    1384905600000,
    0.29
  ],
  [
    1384992000000,
    0.417
  ],
  [
    1385078400000,
    0.322
  ],
  [
    1385164800000,
    0.347
  ],
  [
    1385251200000,
    0.399
  ],
  [
    1385337600000,
    0.342
  ],
  [
    1385424000000,
    0.367
  ],
  [
    1385510400000,
    0.488
  ],
  [
    1385596800000,
    0.371
  ],
  [
    1385683200000,
    0.252
  ],
  [
    1385769600000,
    0.185
  ],
  [
    1385856000000,
    0.221
  ],
  [
    1385942400000,
    0.192
  ],
  [
    1386028800000,
    0.255
  ],
  [
    1386115200000,
    0.282
  ],
  [
    1386201600000,
    0.241
  ],
  [
    1386288000000,
    0.295
  ],
  [
    1386374400000,
    0.238
  ],
  [
    1386460800000,
    0.225
  ],
  [
    1386547200000,
    0.197
  ],
  [
    1386633600000,
    0.346
  ],
  [
    1386720000000,
    0.235
  ],
  [
    1386806400000,
    0.265
  ],
  [
    1386892800000,
    0.162
  ],
  [
    1386979200000,
    0.231
  ],
  [
    1387065600000,
    0.279
  ],
  [
    1387152000000,
    0.217
  ],
  [
    1387238400000,
    0.221
  ],
  [
    1387324800000,
    0.278
  ],
  [
    1387411200000,
    0.254
  ],
  [
    1387497600000,
    0.127
  ],
  [
    1387584000000,
    0.137
  ],
  [
    1387670400000,
    0.171
  ],
  [
    1387756800000,
    0.154
  ],
  [
    1387843200000,
    0.197
  ],
  [
    1387929600000,
    0.167
  ],
  [
    1388016000000,
    0.199
  ],
  [
    1388102400000,
    0.221
  ],
  [
    1388188800000,
    0.164
  ],
  [
    1388275200000,
    0.156
  ],
  [
    1388361600000,
    0.206
  ],
  [
    1388448000000,
    0.238
  ],
  [
    1388534400000,
    0.203
  ],
  [
    1388620800000,
    0.158
  ],
  [
    1388707200000,
    0.143
  ],
  [
    1388793600000,
    0.149
  ],
  [
    1388880000000,
    0.196
  ],
  [
    1388966400000,
    0.171
  ],
  [
    1389052800000,
    0.193
  ],
  [
    1389139200000,
    0.172
  ],
  [
    1389225600000,
    0.214
  ],
  [
    1389312000000,
    0.233
  ],
  [
    1389398400000,
    0.247
  ],
  [
    1389484800000,
    0.197
  ],
  [
    1389571200000,
    0.175
  ],
  [
    1389657600000,
    0.197
  ],
  [
    1389744000000,
    0.224
  ],
  [
    1389830400000,
    0.162
  ],
  [
    1389916800000,
    0.147
  ],
  [
    1390003200000,
    0.218
  ],
  [
    1390089600000,
    0.167
  ],
  [
    1390176000000,
    0.124
  ],
  [
    1390262400000,
    0.173
  ],
  [
    1390348800000,
    0.169
  ],
  [
    1390435200000,
    0.175
  ],
  [
    1390521600000,
    0.174
  ],
  [
    1390608000000,
    0.179
  ],
  [
    1390694400000,
    0.15
  ],
  [
    1390780800000,
    0.17
  ],
  [
    1390867200000,
    0.164
  ],
  [
    1390953600000,
    0.172
  ],
  [
    1391040000000,
    0.149
  ],
  [
    1391126400000,
    0.158
  ],
  [
    1391212800000,
    0.171
  ],
  [
    1391299200000,
    0.187
  ],
  [
    1391385600000,
    0.153
  ],
  [
    1391472000000,
    0.147
  ],
  [
    1391558400000,
    0.151
  ],
  [
    1391644800000,
    0.166
  ],
  [
    1391731200000,
    0.201
  ],
  [
    1391817600000,
    0.216
  ],
  [
    1391904000000,
    0.173
  ],
  [
    1391990400000,
    0.141
  ],
  [
    1392076800000,
    0.192
  ],
  [
    1392163200000,
    0.167
  ],
  [
    1392249600000,
    0.165
  ],
  [
    1392336000000,
    0.193
  ],
  [
    1392422400000,
    0.178
  ],
  [
    1392508800000,
    0.19
  ],
  [
    1392595200000,
    0.203
  ],
  [
    1392681600000,
    0.187
  ],
  [
    1392768000000,
    0.187
  ],
  [
    1392854400000,
    0.192
  ],
  [
    1392940800000,
    0.143
  ],
  [
    1393027200000,
    0.119
  ],
  [
    1393113600000,
    0.16
  ],
  [
    1393200000000,
    0.156
  ],
  [
    1393286400000,
    0.143
  ],
  [
    1393372800000,
    0.185
  ],
  [
    1393459200000,
    0.173
  ],
  [
    1393545600000,
    0.201
  ],
  [
    1393632000000,
    0.232
  ],
  [
    1393718400000,
    0.202
  ],
  [
    1393804800000,
    0.205
  ],
  [
    1393891200000,
    0.248
  ],
  [
    1393977600000,
    0.224
  ],
  [
    1394064000000,
    0.3
  ],
  [
    1394150400000,
    0.472
  ],
  [
    1394236800000,
    0.197
  ],
  [
    1394323200000,
    0.293
  ],
  [
    1394409600000,
    0.209
  ],
  [
    1394496000000,
    0.226
  ],
  [
    1394582400000,
    0.217
  ],
  [
    1394755200000,
    0.227
  ],
  [
    1394841600000,
    0.248
  ],
  [
    1394928000000,
    0.241
  ],
  [
    1395014400000,
    0.248
  ],
  [
    1395100800000,
    0.223
  ],
  [
    1395187200000,
    0.185
  ],
  [
    1395273600000,
    0.226
  ],
  [
    1395360000000,
    0.172
  ],
  [
    1395446400000,
    0.195
  ],
  [
    1395532800000,
    0.162
  ],
  [
    1395619200000,
    0.169
  ],
  [
    1395705600000,
    0.297
  ],
  [
    1395792000000,
    0.411
  ],
  [
    1395878400000,
    0.3
  ],
  [
    1395964800000,
    0.459
  ],
  [
    1396051200000,
    0.35
  ],
  [
    1396137600000,
    0.393
  ],
  [
    1396220400000,
    0.347
  ],
  [
    1396306800000,
    0.3
  ],
  [
    1396393200000,
    0.25
  ],
  [
    1396479600000,
    0.489
  ],
  [
    1396566000000,
    0.349
  ],
  [
    1396652400000,
    0.284
  ],
  [
    1396738800000,
    0.283
  ],
  [
    1396825200000,
    0.281
  ],
  [
    1396911600000,
    0.395
  ],
  [
    1396998000000,
    0.441
  ],
  [
    1397084400000,
    0.397
  ],
  [
    1397170800000,
    0.423
  ],
  [
    1397257200000,
    0.405
  ],
  [
    1397343600000,
    0.375
  ],
  [
    1397430000000,
    0.398
  ],
  [
    1397516400000,
    0.463
  ],
  [
    1397602800000,
    0.464
  ],
  [
    1397689200000,
    0.393
  ],
  [
    1397775600000,
    0.424
  ],
  [
    1397862000000,
    0.459
  ],
  [
    1397948400000,
    0.444
  ],
  [
    1398034800000,
    0.42
  ],
  [
    1398121200000,
    0.519
  ],
  [
    1398207600000,
    0.528
  ],
  [
    1398294000000,
    0.501
  ],
  [
    1398380400000,
    0.56
  ],
  [
    1398466800000,
    0.583
  ],
  [
    1398553200000,
    0.964
  ],
  [
    1398639600000,
    0.5
  ],
  [
    1398726000000,
    0.521
  ],
  [
    1398812400000,
    0.689
  ],
  [
    1398898800000,
    0.534
  ],
  [
    1398985200000,
    0.395
  ],
  [
    1399071600000,
    0.413
  ],
  [
    1399158000000,
    0.437
  ],
  [
    1399244400000,
    0.935
  ],
  [
    1399330800000,
    0.359
  ],
  [
    1399417200000,
    0.42
  ],
  [
    1399503600000,
    0.624
  ],
  [
    1399590000000,
    0.425
  ],
  [
    1399676400000,
    0.693
  ],
  [
    1399849200000,
    0.488
  ],
  [
    1399935600000,
    0.5
  ],
  [
    1400022000000,
    0.423
  ],
  [
    1400108400000,
    0.454
  ],
  [
    1400194800000,
    0.479
  ],
  [
    1400281200000,
    0.397
  ],
  [
    1400367600000,
    0.434
  ],
  [
    1400454000000,
    0.712
  ],
  [
    1400540400000,
    0.478
  ],
  [
    1400626800000,
    0.705
  ],
  [
    1400713200000,
    0.468
  ],
  [
    1400799600000,
    0.377
  ],
  [
    1400886000000,
    0.365
  ],
  [
    1400972400000,
    0.473
  ],
  [
    1401058800000,
    0.401
  ],
  [
    1401145200000,
    0.345
  ],
  [
    1401231600000,
    0.443
  ],
  [
    1401318000000,
    0.441
  ],
  [
    1401490800000,
    0.446
  ],
  [
    1401577200000,
    0.632
  ],
  [
    1401663600000,
    0.427
  ],
  [
    1401750000000,
    0.428
  ],
  [
    1401836400000,
    0.375
  ],
  [
    1401922800000,
    0.433
  ],
  [
    1402095600000,
    0.622
  ],
  [
    1402268400000,
    0.4
  ],
  [
    1402441200000,
    0.43
  ],
  [
    1402527600000,
    0.406
  ],
  [
    1402614000000,
    0.463
  ],
  [
    1402700400000,
    0.42
  ],
  [
    1402786800000,
    0.53
  ],
  [
    1402873200000,
    0.529
  ],
  [
    1402959600000,
    0.54
  ],
  [
    1403046000000,
    0.47
  ],
  [
    1403132400000,
    0.394
  ],
  [
    1403218800000,
    0.351
  ],
  [
    1403305200000,
    0.325
  ],
  [
    1403391600000,
    0.488
  ],
  [
    1403564400000,
    0.301
  ],
  [
    1403650800000,
    0.415
  ],
  [
    1403737200000,
    0.17
  ],
  [
    1403823600000,
    0.331
  ],
  [
    1403910000000,
    0.279
  ],
  [
    1403996400000,
    0.31
  ],
  [
    1404082800000,
    0.311
  ],
  [
    1404169200000,
    0.478
  ],
  [
    1404255600000,
    0.43
  ],
  [
    1404428400000,
    0.313
  ],
  [
    1404514800000,
    0.479
  ],
  [
    1404601200000,
    0.544
  ],
  [
    1404687600000,
    0.391
  ],
  [
    1404774000000,
    0.49
  ],
  [
    1404860400000,
    0.383
  ],
  [
    1404946800000,
    0.408
  ],
  [
    1405033200000,
    0.407
  ],
  [
    1405119600000,
    0.394
  ],
  [
    1405206000000,
    0.375
  ],
  [
    1405378800000,
    0.125
  ],
  [
    1405465200000,
    0.354
  ],
  [
    1405551600000,
    0.485
  ],
  [
    1405638000000,
    0.389
  ],
  [
    1405724400000,
    0.735
  ],
  [
    1405810800000,
    0.741
  ],
  [
    1405897200000,
    0.458
  ],
  [
    1405983600000,
    0.346
  ],
  [
    1406070000000,
    0.48
  ],
  [
    1406156400000,
    0.672
  ],
  [
    1406329200000,
    0.49
  ],
  [
    1406502000000,
    0.607
  ],
  [
    1406588400000,
    0.487
  ],
  [
    1406847600000,
    0.421
  ],
  [
    1406934000000,
    0.4
  ],
  [
    1407020400000,
    0.48
  ],
  [
    1407106800000,
    0.657
  ],
  [
    1407193200000,
    0.482
  ],
  [
    1407279600000,
    0.553
  ],
  [
    1407452400000,
    0.528
  ],
  [
    1407538800000,
    0.565
  ],
  [
    1407625200000,
    0.591
  ],
  [
    1407798000000,
    0.908
  ],
  [
    1407884400000,
    1.02
  ],
  [
    1407970800000,
    0.67
  ],
  [
    1408143600000,
    0.53
  ],
  [
    1408230000000,
    0.522
  ],
  [
    1408316400000,
    0.461
  ],
  [
    1408402800000,
    0.543
  ],
  [
    1408489200000,
    0.536
  ],
  [
    1408575600000,
    0.589
  ],
  [
    1408662000000,
    0.432
  ],
  [
    1408748400000,
    0.623
  ],
  [
    1408921200000,
    0.6
  ],
  [
    1409007600000,
    0.896
  ],
  [
    1409180400000,
    0.445
  ],
  [
    1409266800000,
    0.36
  ],
  [
    1409353200000,
    0.817
  ],
  [
    1409439600000,
    0.716
  ],
  [
    1409526000000,
    0.778
  ],
  [
    1409612400000,
    0.69
  ],
  [
    1409698800000,
    0.816
  ],
  [
    1409785200000,
    0.8
  ],
  [
    1409871600000,
    0.88
  ],
  [
    1410044400000,
    0.816
  ],
  [
    1410130800000,
    0.836
  ],
  [
    1410217200000,
    0.89
  ],
  [
    1410562800000,
    0.996
  ],
  [
    1410649200000,
    0.764
  ],
  [
    1410908400000,
    0.815
  ],
  [
    1410994800000,
    0.88
  ],
  [
    1411167600000,
    0.753
  ],
  [
    1411254000000,
    0.886
  ],
  [
    1411340400000,
    0.78
  ],
  [
    1411426800000,
    0.634
  ],
  [
    1411513200000,
    0.839
  ],
  [
    1411599600000,
    0.754
  ],
  [
    1411686000000,
    0.68
  ],
  [
    1411772400000,
    0.812
  ],
  [
    1411858800000,
    0.835
  ],
  [
    1411945200000,
    0.82
  ],
  [
    1412031600000,
    0.896
  ],
  [
    1412118000000,
    0.755
  ],
  [
    1412204400000,
    0.98
  ],
  [
    1412377200000,
    0.713
  ],
  [
    1412463600000,
    0.83
  ],
  [
    1412550000000,
    0.775
  ],
  [
    1412636400000,
    0.938
  ],
  [
    1412722800000,
    0.605
  ],
  [
    1412809200000,
    1.173
  ],
  [
    1412895600000,
    1.29
  ],
  [
    1412982000000,
    1.553
  ],
  [
    1413154800000,
    1.154
  ],
  [
    1413327600000,
    0.721
  ],
  [
    1413414000000,
    1.035
  ],
  [
    1413500400000,
    0.752
  ],
  [
    1413586800000,
    0.862
  ],
  [
    1413673200000,
    0.933
  ],
  [
    1413759600000,
    1.074
  ],
  [
    1413932400000,
    1.15
  ],
  [
    1414018800000,
    1.212
  ],
  [
    1414105200000,
    1.105
  ],
  [
    1414191600000,
    1.242
  ],
  [
    1414278000000,
    1.233
  ],
  [
    1414368000000,
    0.676
  ],
  [
    1414540800000,
    0.862
  ],
  [
    1414627200000,
    1.077
  ],
  [
    1414713600000,
    0.841
  ],
  [
    1414800000000,
    0.943
  ],
  [
    1414972800000,
    0.914
  ],
  [
    1415059200000,
    0.986
  ],
  [
    1415145600000,
    0.912
  ],
  [
    1415232000000,
    0.797
  ],
  [
    1415318400000,
    0.927
  ],
  [
    1415404800000,
    0.935
  ],
  [
    1415491200000,
    0.819
  ],
  [
    1415577600000,
    0.916
  ],
  [
    1415664000000,
    1.096
  ],
  [
    1415836800000,
    0.556
  ],
  [
    1415923200000,
    0.664
  ],
  [
    1416009600000,
    0.739
  ],
  [
    1416096000000,
    0.486
  ],
  [
    1416182400000,
    1.51
  ],
  [
    1416268800000,
    0.711
  ],
  [
    1416355200000,
    0.703
  ],
  [
    1416441600000,
    0.97
  ],
  [
    1416528000000,
    0.902
  ],
  [
    1416787200000,
    0.782
  ],
  [
    1416873600000,
    0.755
  ],
  [
    1416960000000,
    0.837
  ],
  [
    1417046400000,
    0.956
  ],
  [
    1417219200000,
    1.127
  ],
  [
    1417305600000,
    1.097
  ],
  [
    1417478400000,
    0.667
  ],
  [
    1417564800000,
    0.911
  ],
  [
    1417824000000,
    1.043
  ],
  [
    1417910400000,
    0.853
  ],
  [
    1418169600000,
    0.869
  ],
  [
    1418256000000,
    0.598
  ],
  [
    1418342400000,
    2.637
  ],
  [
    1418428800000,
    0.754
  ],
  [
    1418601600000,
    1.07
  ],
  [
    1418688000000,
    1.059
  ],
  [
    1418774400000,
    1.03
  ],
  [
    1418860800000,
    0.699
  ],
  [
    1418947200000,
    0.8
  ],
  [
    1419120000000,
    0.688
  ],
  [
    1419206400000,
    0.756
  ],
  [
    1419379200000,
    0.85
  ],
  [
    1419465600000,
    0.99
  ],
  [
    1419638400000,
    0.73
  ],
  [
    1419724800000,
    0.96
  ],
  [
    1419811200000,
    1.2
  ],
  [
    1419984000000,
    0.61
  ],
  [
    1420070400000,
    0.823
  ],
  [
    1420156800000,
    0.98
  ],
  [
    1420243200000,
    1.202
  ],
  [
    1420329600000,
    1.177
  ],
  [
    1420502400000,
    1.269
  ],
  [
    1420588800000,
    0.884
  ],
  [
    1420761600000,
    0.688
  ],
  [
    1420848000000,
    0.904
  ],
  [
    1420934400000,
    1.039
  ],
  [
    1421020800000,
    0.971
  ],
  [
    1421107200000,
    1.06
  ],
  [
    1421193600000,
    1.148
  ],
  [
    1421280000000,
    1.081
  ],
  [
    1421366400000,
    1.223
  ],
  [
    1421539200000,
    1.251
  ],
  [
    1421625600000,
    1.466
  ],
  [
    1421712000000,
    1.489
  ],
  [
    1421798400000,
    1.417
  ],
  [
    1421971200000,
    1.386
  ],
  [
    1422057600000,
    1.555
  ],
  [
    1422144000000,
    1.74
  ],
  [
    1422230400000,
    1.499
  ],
  [
    1422316800000,
    1.567
  ],
  [
    1422403200000,
    1.363
  ],
  [
    1422489600000,
    1.427
  ],
  [
    1422576000000,
    1.517
  ],
  [
    1422662400000,
    1.646
  ],
  [
    1422748800000,
    1.41
  ],
  [
    1422835200000,
    1.26
  ],
  [
    1422921600000,
    1.52
  ],
  [
    1423008000000,
    1.482
  ],
  [
    1423094400000,
    1.513
  ],
  [
    1423180800000,
    1.373
  ],
  [
    1423267200000,
    2.401
  ],
  [
    1423353600000,
    1.445
  ],
  [
    1423440000000,
    1.498
  ],
  [
    1423526400000,
    1.565
  ],
  [
    1423612800000,
    1.146
  ],
  [
    1423699200000,
    1.468
  ],
  [
    1423785600000,
    1.396
  ],
  [
    1423872000000,
    1.436
  ],
  [
    1424044800000,
    1.446
  ],
  [
    1424131200000,
    1.444
  ],
  [
    1424217600000,
    1.629
  ],
  [
    1424304000000,
    1.154
  ],
  [
    1424390400000,
    1.309
  ],
  [
    1424476800000,
    1.21
  ],
  [
    1424563200000,
    0.114
  ],
  [
    1424649600000,
    1.42
  ],
  [
    1424736000000,
    1.371
  ],
  [
    1424822400000,
    1.109
  ],
  [
    1424908800000,
    1.48
  ],
  [
    1425081600000,
    1.477
  ],
  [
    1425340800000,
    0.737
  ],
  [
    1425427200000,
    1.838
  ],
  [
    1425513600000,
    1.695
  ],
  [
    1425600000000,
    1.575
  ],
  [
    1425686400000,
    1.653
  ],
  [
    1425859200000,
    1.358
  ],
  [
    1426032000000,
    1.496
  ],
  [
    1426118400000,
    1.48
  ],
  [
    1426204800000,
    1.644
  ],
  [
    1426291200000,
    1.924
  ],
  [
    1426464000000,
    0.25
  ],
  [
    1426550400000,
    1.033
  ],
  [
    1426636800000,
    1.63
  ],
  [
    1426896000000,
    1.694
  ],
  [
    1426982400000,
    1.675
  ],
  [
    1427155200000,
    2.162
  ],
  [
    1427414400000,
    2.977
  ],
  [
    1427500800000,
    1.871
  ],
  [
    1427587200000,
    2.72
  ],
  [
    1427670000000,
    1.88
  ],
  [
    1427756400000,
    2.6
  ],
  [
    1427842800000,
    1.26
  ],
  [
    1427929200000,
    1.754
  ],
  [
    1428102000000,
    4.601
  ],
  [
    1428188400000,
    2.032
  ],
  [
    1428274800000,
    1.52
  ],
  [
    1428361200000,
    1.682
  ],
  [
    1428447600000,
    1.644
  ],
  [
    1428534000000,
    1.689
  ],
  [
    1428620400000,
    2.123
  ],
  [
    1428879600000,
    1.707
  ],
  [
    1428966000000,
    1.961
  ],
  [
    1429052400000,
    2.349
  ],
  [
    1429138800000,
    1.133
  ],
  [
    1429225200000,
    1.5
  ],
  [
    1429311600000,
    1.327
  ],
  [
    1429398000000,
    1.204
  ],
  [
    1429484400000,
    1.432
  ],
  [
    1429570800000,
    1.665
  ],
  [
    1429743600000,
    0.979
  ],
  [
    1429830000000,
    2.051
  ],
  [
    1429916400000,
    1.246
  ],
  [
    1430089200000,
    1.974
  ],
  [
    1430175600000,
    3.728
  ],
  [
    1430262000000,
    6.03
  ],
  [
    1430434800000,
    1.532
  ],
  [
    1430521200000,
    2.227
  ],
  [
    1430607600000,
    1.138
  ],
  [
    1430694000000,
    1.11
  ],
  [
    1430866800000,
    1.584
  ],
  [
    1430953200000,
    1.629
  ],
  [
    1431039600000,
    1.505
  ],
  [
    1431212400000,
    1.525
  ],
  [
    1431298800000,
    1.52
  ],
  [
    1431385200000,
    3.657
  ],
  [
    1431471600000,
    1.661
  ],
  [
    1431644400000,
    1.626
  ],
  [
    1431817200000,
    1.3
  ],
  [
    1431903600000,
    1.767
  ],
  [
    1432076400000,
    3.773
  ],
  [
    1432422000000,
    1.378
  ],
  [
    1432508400000,
    2.3
  ],
  [
    1432681200000,
    1.949
  ],
  [
    1432767600000,
    4.017
  ],
  [
    1432940400000,
    1.973
  ],
  [
    1433113200000,
    1.819
  ],
  [
    1433199600000,
    1.995
  ],
  [
    1433286000000,
    1.846
  ],
  [
    1433372400000,
    2.992
  ],
  [
    1433458800000,
    1.411
  ],
  [
    1433545200000,
    1
  ],
  [
    1433631600000,
    5.781
  ],
  [
    1433718000000,
    1.743
  ],
  [
    1433804400000,
    1.85
  ],
  [
    1433890800000,
    1.854
  ],
  [
    1433977200000,
    1.669
  ],
  [
    1434150000000,
    1.411
  ],
  [
    1434322800000,
    1.605
  ],
  [
    1434409200000,
    0.831
  ],
  [
    1434495600000,
    1.352
  ],
  [
    1434582000000,
    1.459
  ],
  [
    1434668400000,
    1.88
  ],
  [
    1434754800000,
    1.302
  ],
  [
    1434841200000,
    1.663
  ],
  [
    1434927600000,
    1.17
  ],
  [
    1435014000000,
    1.638
  ],
  [
    1435100400000,
    1.844
  ],
  [
    1435186800000,
    2.259
  ],
  [
    1435273200000,
    2.244
  ],
  [
    1435359600000,
    31.382
  ],
  [
    1435446000000,
    2.502
  ],
  [
    1435532400000,
    9.958
  ],
  [
    1435618800000,
    3.375
  ],
  [
    1435705200000,
    2.68
  ],
  [
    1435791600000,
    6.701
  ],
  [
    1436050800000,
    2.874
  ],
  [
    1436137200000,
    2.516
  ],
  [
    1436310000000,
    2.006
  ],
  [
    1436396400000,
    1.878
  ],
  [
    1436482800000,
    1.732
  ],
  [
    1436655600000,
    1.64
  ],
  [
    1436742000000,
    1.01
  ],
  [
    1436914800000,
    1.497
  ],
  [
    1437087600000,
    1.384
  ],
  [
    1437260400000,
    1.45
  ],
  [
    1437346800000,
    1.232
  ],
  [
    1437433200000,
    1.46
  ],
  [
    1437519600000,
    1.449
  ],
  [
    1437606000000,
    2.982
  ],
  [
    1437692400000,
    1.44
  ],
  [
    1437778800000,
    2.862
  ],
  [
    1438124400000,
    2.657
  ],
  [
    1438210800000,
    5.07
  ],
  [
    1438470000000,
    1.787
  ],
  [
    1438556400000,
    2.024
  ],
  [
    1438642800000,
    1.84
  ],
  [
    1438988400000,
    1.97
  ],
  [
    1439334000000,
    1.84
  ],
  [
    1439420400000,
    1.788
  ],
  [
    1439852400000,
    1.102
  ],
  [
    1439938800000,
    1.439
  ],
  [
    1440198000000,
    1.139
  ],
  [
    1440284400000,
    1.209
  ],
  [
    1440370800000,
    1.438
  ],
  [
    1440457200000,
    1.709
  ],
  [
    1440543600000,
    1.262
  ],
  [
    1440630000000,
    1.179
  ],
  [
    1440716400000,
    1.303
  ],
  [
    1440802800000,
    1.618
  ],
  [
    1440975600000,
    2.644
  ],
  [
    1441062000000,
    3.441
  ],
  [
    1441148400000,
    3.807
  ],
  [
    1441494000000,
    2.496
  ],
  [
    1441580400000,
    2.765
  ],
  [
    1441753200000,
    2.761
  ],
  [
    1441926000000,
    2.809
  ],
  [
    1442185200000,
    2.733
  ],
  [
    1442530800000,
    2.632
  ],
  [
    1442703600000,
    2.92
  ],
  [
    1442876400000,
    2.684
  ],
  [
    1443049200000,
    2.3
  ],
  [
    1443481200000,
    1.27
  ],
  [
    1443567600000,
    1.677
  ],
  [
    1443654000000,
    2.36
  ],
  [
    1443826800000,
    2.88
  ],
  [
    1443913200000,
    4.809
  ],
  [
    1444172400000,
    6.845
  ],
  [
    1444431600000,
    14.08
  ],
  [
    1444863600000,
    3.16
  ],
  [
    1445554800000,
    2.686
  ],
  [
    1445641200000,
    2.256
  ],
  [
    1445727600000,
    3.442
  ],
  [
    1445990400000,
    2.922
  ],
  [
    1446076800000,
    3.059
  ],
  [
    1446163200000,
    3.073
  ],
  [
    1446681600000,
    2.941
  ],
  [
    1447027200000,
    3.086
  ],
  [
    1447113600000,
    3.967
  ],
  [
    1447718400000,
    3.187
  ],
  [
    1448150400000,
    3.8
  ],
  [
    1448323200000,
    4.275
  ],
  [
    1448409600000,
    28.711
  ],
  [
    1448755200000,
    7.402
  ],
  [
    1449014400000,
    5.237
  ],
  [
    1449187200000,
    4.808
  ],
  [
    1449360000000,
    6.151
  ],
  [
    1449619200000,
    5.46
  ],
  [
    1449878400000,
    6.18
  ],
  [
    1449964800000,
    6.034
  ],
  [
    1450051200000,
    7.03
  ],
  [
    1450310400000,
    6.846
  ],
  [
    1450483200000,
    7.09
  ],
  [
    1450915200000,
    5.753
  ],
  [
    1451174400000,
    4.99
  ],
  [
    1451260800000,
    5.02
  ],
  [
    1451520000000,
    5.67
  ],
  [
    1451692800000,
    5.682
  ],
  [
    1451865600000,
    3.414
  ],
  [
    1451952000000,
    3.229
  ],
  [
    1452211200000,
    4.075
  ],
  [
    1452384000000,
    5.348
  ],
  [
    1452470400000,
    6.5
  ],
  [
    1452643200000,
    6.581
  ],
  [
    1452729600000,
    7.55
  ],
  [
    1452988800000,
    2.604
  ],
  [
    1453248000000,
    4.33
  ],
  [
    1453507200000,
    9.94
  ],
  [
    1453939200000,
    6.263
  ],
  [
    1454025600000,
    2.512
  ],
  [
    1454112000000,
    6.999
  ],
  [
    1454284800000,
    9.98
  ],
  [
    1455148800000,
    11.533
  ],
  [
    1455753600000,
    4.497
  ],
  [
    1456099200000,
    4.605
  ],
  [
    1456185600000,
    3.45
  ],
  [
    1456358400000,
    1.95
  ],
  [
    1456531200000,
    1.4
  ],
  [
    1456704000000,
    4.003
  ],
  [
    1456963200000,
    3.398
  ],
  [
    1457222400000,
    3.79
  ],
  [
    1457308800000,
    3.535
  ],
  [
    1457481600000,
    3.724
  ],
  [
    1457654400000,
    3.769
  ],
  [
    1457827200000,
    2.82
  ],
  [
    1458000000000,
    3.898
  ],
  [
    1458604800000,
    3.95
  ],
  [
    1459119600000,
    3.96
  ],
  [
    1459378800000,
    3.488
  ],
  [
    1459465200000,
    3.505
  ],
  [
    1459638000000,
    3.53
  ],
  [
    1459724400000,
    2.818
  ],
  [
    1460242800000,
    3.786
  ],
  [
    1460329200000,
    6.945
  ],
  [
    1460502000000,
    13.34
  ],
  [
    1460847600000,
    7.246
  ],
  [
    1461020400000,
    1.7
  ],
  [
    1461366000000,
    5.988
  ],
  [
    1461625200000,
    5.056
  ],
  [
    1461711600000,
    15.605
  ],
  [
    1461884400000,
    4.76
  ],
  [
    1462402800000,
    4.937
  ],
  [
    1462834800000,
    6.834
  ],
  [
    1462921200000,
    22.703
  ],
  [
    1463007600000,
    4.784
  ],
  [
    1463180400000,
    6.904
  ],
  [
    1463439600000,
    6.35
  ],
  [
    1463526000000,
    6.337
  ],
  [
    1463785200000,
    4.659
  ],
  [
    1464044400000,
    3.857
  ],
  [
    1464562800000,
    3.28
  ],
  [
    1464735600000,
    4.15
  ],
  [
    1464822000000,
    22.261
  ],
  [
    1464908400000,
    12.29
  ],
  [
    1465081200000,
    5.638
  ],
  [
    1465167600000,
    5.514
  ],
  [
    1465254000000,
    5.435
  ],
  [
    1465340400000,
    5.589
  ],
  [
    1465686000000,
    5.8
  ],
  [
    1466031600000,
    5.697
  ],
  [
    1466550000000,
    5.639
  ],
  [
    1466636400000,
    5.639
  ],
  [
    1466722800000,
    5.1
  ],
  [
    1466809200000,
    4.494
  ],
  [
    1467241200000,
    5
  ],
  [
    1467414000000,
    3.725
  ],
  [
    1467500400000,
    3.643
  ],
  [
    1467759600000,
    3.761
  ],
  [
    1468018800000,
    3.738
  ],
  [
    1468105200000,
    3.784
  ],
  [
    1468191600000,
    6.665
  ],
  [
    1468278000000,
    100
  ],
  [
    1469487600000,
    5.12
  ],
  [
    1469746800000,
    5.02
  ],
  [
    1469833200000,
    4.679
  ],
  [
    1470006000000,
    4.37
  ],
  [
    1470351600000,
    4.347
  ],
  [
    1470610800000,
    5.093
  ],
  [
    1470783600000,
    4.986
  ],
  [
    1470956400000,
    5.016
  ],
  [
    1473634800000,
    3.6
  ],
  [
    1473807600000,
    3.6
  ],
  [
    1474844400000,
    2.105
  ],
  [
    1475103600000,
    2.007
  ],
  [
    1475449200000,
    2.003
  ],
  [
    1475622000000,
    2.009
  ],
  [
    1475794800000,
    1.999
  ],
  [
    1475967600000,
    3.784
  ],
  [
    1476831600000,
    3.08
  ],
  [
    1476918000000,
    3.15
  ],
  [
    1477090800000,
    3.658
  ],
  [
    1477436400000,
    3.528
  ],
  [
    1478908800000,
    2.33
  ],
  [
    1479340800000,
    2.215
  ],
  [
    1480118400000,
    2.52
  ],
  [
    1481068800000,
    2.73
  ],
  [
    1481241600000,
    3.093
  ],
  [
    1481500800000,
    2.857
  ],
  [
    1481932800000,
    2.5
  ],
  [
    1482105600000,
    2.53
  ],
  [
    1482192000000,
    2.42
  ],
  [
    1482278400000,
    3.07
  ],
  [
    1483488000000,
    2.5
  ],
  [
    1483574400000,
    2.933
  ],
  [
    1483833600000,
    3.078
  ],
  [
    1484524800000,
    3.205
  ],
  [
    1484611200000,
    3.235
  ],
  [
    1485216000000,
    2.562
  ],
  [
    1485734400000,
    5.19
  ],
  [
    1486252800000,
    3.82
  ],
  [
    1486512000000,
    3.763
  ],
  [
    1486598400000,
    5.315
  ],
  [
    1487462400000,
    4.376
  ],
  [
    1487808000000,
    3.661
  ],
  [
    1488326400000,
    3.955
  ],
  [
    1488412800000,
    4.34
  ],
  [
    1488499200000,
    4.169
  ],
  [
    1489795200000,
    3.975
  ],
  [
    1489968000000,
    4.063
  ],
  [
    1490227200000,
    5.583
  ],
  [
    1490742000000,
    4.204
  ],
  [
    1491174000000,
    3.18
  ],
  [
    1491260400000,
    3.19
  ],
  [
    1491692400000,
    3.28
  ],
  [
    1491778800000,
    3.215
  ],
  [
    1491951600000,
    2.12
  ],
  [
    1492642800000,
    5.23
  ],
  [
    1493074800000,
    2.62
  ],
  [
    1493247600000,
    2.62
  ],
  [
    1494284400000,
    2.603
  ],
  [
    1494370800000,
    2.322
  ],
  [
    1494630000000,
    2.963
  ],
  [
    1494716400000,
    3.129
  ],
  [
    1494802800000,
    3.19
  ],
  [
    1494889200000,
    3.439
  ],
  [
    1495062000000,
    4.492
  ],
  [
    1496012400000,
    2.81
  ],
  [
    1496098800000,
    3.346
  ],
  [
    1496185200000,
    3.19
  ],
  [
    1496271600000,
    3.516
  ],
  [
    1496358000000,
    3.063
  ],
  [
    1496444400000,
    3.652
  ],
  [
    1496617200000,
    4.197
  ],
  [
    1496790000000,
    3.08
  ],
  [
    1497135600000,
    3.58
  ],
  [
    1497308400000,
    3.586
  ],
  [
    1497654000000,
    2.961
  ],
  [
    1497826800000,
    2.065
  ],
  [
    1498345200000,
    2.052
  ],
  [
    1498431600000,
    1.936
  ],
  [
    1499036400000,
    5.266
  ],
  [
    1499122800000,
    4.543
  ],
  [
    1499209200000,
    4.543
  ],
  [
    1499382000000,
    5.686
  ],
  [
    1499641200000,
    4.132
  ],
  [
    1501110000000,
    5.832
  ],
  [
    1501369200000,
    25.17
  ],
  [
    1501455600000,
    16.397
  ],
  [
    1501628400000,
    22.43
  ],
  [
    1501714800000,
    5.555
  ],
  [
    1502233200000,
    5.216
  ],
  [
    1502406000000,
    3.884
  ],
  [
    1502492400000,
    5.604
  ],
  [
    1502665200000,
    3.896
  ],
  [
    1502838000000,
    4.608
  ],
  [
    1503874800000,
    17.883
  ],
  [
    1504393200000,
    15.485
  ],
  [
    1505430000000,
    4.14
  ],
  [
    1505775600000,
    4.988
  ],
  [
    1510272000000,
    4.614
  ],
  [
    1511136000000,
    5
  ],
  [
    1511654400000,
    4.037
  ],
  [
    1514419200000,
    4.99
  ],
  [
    1518652800000,
    4.797
  ],
  [
    1518739200000,
    4.997
  ],
  [
    1519603200000,
    4.939
  ],
  [
    1520035200000,
    4.886
  ],
  [
    1521417600000,
    4.735
  ],
  [
    1522191600000,
    3.91
  ],
  [
    1525388400000,
    2.361
  ],
  [
    1528153200000,
    0.42
  ],
  [
    1529103600000,
    4.6
  ],
  [
    1530658800000,
    4.561
  ],
  [
    1531177200000,
    2.711
  ],
  [
    1532818800000,
    4.586
  ],
  [
    1534201200000,
    8.165
  ],
  [
    1536015600000,
    2.055
  ],
  [
    1536361200000,
    2.081
  ],
  [
    1536793200000,
    3.874
  ],
  [
    1537830000000,
    1.33
  ],
  [
    1538434800000,
    3.164
  ],
  [
    1539903600000,
    2.714
  ],
  [
    1540335600000,
    2.282
  ],
  [
    1540594800000,
    2.243
  ],
  [
    1541030400000,
    17.742
  ],
  [
    1542240000000,
    2.518
  ],
  [
    1543363200000,
    1.778
  ],
  [
    1545264000000,
    1.693
  ],
  [
    1546905600000,
    1.725
  ],
  [
    1548806400000,
    2.573
  ],
  [
    1549152000000,
    2.628
  ],
  [
    1549929600000,
    1.923
  ],
  [
    1551225600000,
    2.518
  ],
  [
    1551744000000,
    1.901
  ],
  [
    1553385600000,
    2.61
  ],
  [
    1553731200000,
    2.433
  ],
  [
    1555887600000,
    3.359
  ],
  [
    1556233200000,
    2.62
  ],
  [
    1556578800000,
    1.967
  ],
  [
    1558566000000,
    3.358
  ],
  [
    1558738800000,
    3.367
  ],
  [
    1560726000000,
    3.921
  ],
  [
    1563750000000,
    2.379
  ],
  [
    1563836400000,
    4.192
  ],
  [
    1566342000000,
    3.883
  ],
  [
    1566428400000,
    2.49
  ],
  [
    1566946800000,
    2.532
  ],
  [
    1567465200000,
    3.11
  ],
  [
    1567897200000,
    2.547
  ],
  [
    1569193200000,
    4.007
  ],
  [
    1569538800000,
    3.789
  ],
  [
    1569970800000,
    4.005
  ],
  [
    1571353200000,
    2.964
  ],
  [
    1571785200000,
    2.979
  ],
  [
    1572480000000,
    2.952
  ],
  [
    1574035200000,
    4.42
  ],
  [
    1574467200000,
    4.281
  ],
  [
    1574812800000,
    3.588
  ],
  [
    1575676800000,
    2.663
  ],
  [
    1576368000000,
    2.589
  ],
  [
    1576800000000,
    3.118
  ],
  [
    1576886400000,
    7.756
  ],
  [
    1577404800000,
    2.808
  ],
  [
    1578441600000,
    3.076
  ],
  [
    1578528000000,
    4.69
  ],
  [
    1578960000000,
    4.728
  ],
  [
    1579046400000,
    4.921
  ],
  [
    1579305600000,
    3.979
  ],
  [
    1579392000000,
    4.893
  ],
  [
    1579478400000,
    4.071
  ],
  [
    1579564800000,
    3.924
  ],
  [
    1579651200000,
    4.995
  ],
  [
    1579737600000,
    3.326
  ],
  [
    1581292800000,
    4.059
  ],
  [
    1582848000000,
    3.854
  ],
  [
    1583020800000,
    3.795
  ],
  [
    1583280000000,
    3.809
  ],
  [
    1583712000000,
    3.697
  ],
  [
    1584144000000,
    3.324
  ],
  [
    1584230400000,
    3.403
  ],
  [
    1584403200000,
    3.563
  ],
  [
    1584662400000,
    4.94
  ],
  [
    1584835200000,
    1.88
  ],
  [
    1585868400000,
    3.116
  ],
  [
    1586559600000,
    3.228
  ],
  [
    1586646000000,
    3.214
  ],
  [
    1587596400000,
    3.542
  ],
  [
    1587769200000,
    3.535
  ],
  [
    1587855600000,
    2.83
  ],
  [
    1588546800000,
    3.42
  ],
  [
    1588978800000,
    16.055
  ],
  [
    1589151600000,
    3.887
  ],
  [
    1589410800000,
    2.928
  ],
  [
    1590274800000,
    11.406
  ],
  [
    1591225200000,
    4.328
  ],
  [
    1591311600000,
    4.293
  ],
  [
    1591743600000,
    4.312
  ],
  [
    1592002800000,
    3.544
  ],
  [
    1592780400000,
    3.333
  ],
  [
    1593298800000,
    3.3
  ],
  [
    1596150000000,
    3.757
  ],
  [
    1596495600000,
    3.783
  ],
  [
    1597100400000,
    3.788
  ],
  [
    1597186800000,
    3.14
  ],
  [
    1597273200000,
    3.93
  ],
  [
    1597791600000,
    4.806
  ],
  [
    1598569200000,
    3.781
  ],
  [
    1599087600000,
    4.049
  ],
  [
    1599346800000,
    3.836
  ],
  [
    1599519600000,
    3.779
  ],
  [
    1600297200000,
    3.927
  ],
  [
    1600988400000,
    4.648
  ],
  [
    1602025200000,
    3.723
  ],
  [
    1603234800000,
    3.73
  ],
  [
    1603321200000,
    0.887
  ],
  [
    1604620800000,
    4.816
  ],
  [
    1605398400000,
    3.552
  ],
  [
    1605657600000,
    4.183
  ],
  [
    1606176000000,
    4.106
  ],
  [
    1606262400000,
    4.116
  ],
  [
    1606435200000,
    3.29
  ],
  [
    1607644800000,
    3.073
  ],
  [
    1607731200000,
    3.281
  ],
  [
    1608854400000,
    5.343
  ],
  [
    1609459200000,
    3.09
  ],
  [
    1609545600000,
    3.094
  ],
  [
    1610409600000,
    2.78
  ],
  [
    1610496000000,
    3.779
  ],
  [
    1610582400000,
    3.753
  ],
  [
    1610928000000,
    4.757
  ],
  [
    1611532800000,
    3.682
  ],
  [
    1611964800000,
    2.793
  ],
  [
    1612137600000,
    3.038
  ],
  [
    1612224000000,
    4.379
  ],
  [
    1613347200000,
    3.625
  ],
  [
    1614297600000,
    4.601
  ],
  [
    1614556800000,
    4.082
  ],
  [
    1615507200000,
    3.99
  ],
  [
    1615680000000,
    4.601
  ],
  [
    1616198400000,
    4.044
  ],
  [
    1616889600000,
    3.386
  ],
  [
    1617058800000,
    4.209
  ],
  [
    1617490800000,
    4.392
  ],
  [
    1617836400000,
    3.845
  ],
  [
    1617922800000,
    3.895
  ],
  [
    1619046000000,
    3.34
  ],
  [
    1619391600000,
    4.026
  ],
  [
    1621983600000,
    3.827
  ],
  [
    1622156400000,
    4.493
  ],
  [
    1622502000000,
    3.939
  ],
  [
    1622588400000,
    5.045
  ],
  [
    1622847600000,
    4.091
  ],
  [
    1622934000000,
    4.542
  ],
  [
    1624057200000,
    4.209
  ],
  [
    1624230000000,
    5.4
  ],
  [
    1624834800000,
    2.765
  ],
  [
    1625094000000,
    2.362
  ],
  [
    1625266800000,
    4.129
  ],
  [
    1625526000000,
    4.112
  ],
  [
    1627513200000,
    3.689
  ],
  [
    1627599600000,
    4.128
  ],
  [
    1627772400000,
    3.668
  ],
  [
    1628031600000,
    3.93
  ],
  [
    1628290800000,
    3.893
  ],
  [
    1628463600000,
    4.365
  ],
  [
    1628809200000,
    4.641
  ],
  [
    1630710000000,
    4.123
  ],
  [
    1630796400000,
    3.848
  ],
  [
    1631228400000,
    4.187
  ],
  [
    1631660400000,
    3.572
  ],
  [
    1632265200000,
    4.08
  ],
  [
    1632697200000,
    4.29
  ],
  [
    1632870000000,
    5.572
  ],
  [
    1632956400000,
    5.418
  ],
  [
    1634943600000,
    5.754
  ],
  [
    1636588800000,
    4.055
  ],
  [
    1637539200000,
    3.454
  ],
  [
    1637712000000,
    3.94
  ],
  [
    1638230400000,
    3.691
  ],
  [
    1638576000000,
    4.124
  ],
  [
    1639699200000,
    4.227
  ],
  [
    1640563200000,
    5.856
  ],
  [
    1640995200000,
    5.159
  ],
  [
    1641600000000,
    4.654
  ],
  [
    1644192000000,
    5.163
  ],
  [
    1644278400000,
    4.78
  ],
  [
    1644364800000,
    4.564
  ],
  [
    1644624000000,
    4.507
  ],
  [
    1644883200000,
    5.319
  ],
  [
    1645142400000,
    4.781
  ],
  [
    1646265600000,
    4.51
  ],
  [
    1646697600000,
    4.993
  ],
  [
    1646784000000,
    5.738
  ],
  [
    1647475200000,
    5.216
  ],
  [
    1647993600000,
    5.55
  ],
  [
    1648080000000,
    4.902
  ],
  [
    1648594800000,
    7.82
  ],
  [
    1649372400000,
    5.637
  ],
  [
    1649458800000,
    5.84
  ],
  [
    1649545200000,
    5.84
  ],
  [
    1649977200000,
    7.412
  ],
  [
    1661727600000,
    6.904
  ],
  [
    1666134000000,
    5.029
  ],
  [
    1666911600000,
    7.24
  ],
  [
    1667347200000,
    5.055
  ],
  [
    1667692800000,
    4.87
  ],
  [
    1668297600000,
    6.994
  ],
  [
    1668556800000,
    80.5
  ],
  [
    1669680000000,
    4.68
  ],
  [
    1670025600000,
    4.92
  ],
  [
    1670544000000,
    7.74
  ],
  [
    1671062400000,
    7.22
  ],
  [
    1671408000000,
    4.925
  ],
  [
    1672099200000,
    4.9
  ],
  [
    1672963200000,
    4.9
  ],
  [
    1673136000000,
    4.87
  ],
  [
    1674777600000,
    4.91
  ],
  [
    1675123200000,
    6.365
  ],
  [
    1675209600000,
    6.364
  ],
  [
    1676160000000,
    7.277
  ],
  [
    1676419200000,
    5.632
  ],
  [
    1676764800000,
    4.983
  ],
  [
    1677974400000,
    4.87
  ],
  [
    1678060800000,
    4.87
  ],
  [
    1678838400000,
    4.87
  ],
  [
    1679270400000,
    4.56
  ],
  [
    1679788800000,
    4.53
  ],
  [
    1680562800000,
    4.84
  ],
  [
    1681945200000,
    7.646
  ],
  [
    1683068400000,
    7.177
  ],
  [
    1684018800000,
    4.87
  ],
  [
    1684191600000,
    7.78
  ],
  [
    1684537200000,
    7.75
  ],
  [
    1686178800000,
    4.98
  ],
  [
    1686265200000,
    8.01
  ],
  [
    1686524400000,
    7.65
  ],
  [
    1686610800000,
    7.937
  ],
  [
    1686783600000,
    8.123
  ],
  [
    1687302000000,
    8.321
  ],
  [
    1688166000000,
    7.66
  ],
  [
    1688252400000,
    8.258
  ],
  [
    1688598000000,
    8.082
  ],
  [
    1689721200000,
    7.54
  ],
  [
    1689807600000,
    7.42
  ],
  [
    1690498800000,
    7.705
  ],
  [
    1691103600000,
    8.393
  ],
  [
    1692399600000,
    8.1
  ],
  [
    1692918000000,
    8.745
  ],
  [
    1693868400000,
    8.092
  ],
  [
    1694818800000,
    7.442
  ],
  [
    1695078000000,
    5.119
  ],
  [
    1695423600000,
    12.78
  ],
  [
    1698710400000,
    8.745
  ],
  [
    1700438400000,
    6.657
  ],
  [
    1702598400000,
    8.774
  ],
  [
    1702771200000,
    12.091
  ],
  [
    1703894400000,
    9.51
  ],
  [
    1704326400000,
    9.057
  ],
  [
    1705968000000,
    8.466
  ],
  [
    1706572800000,
    9.77
  ],
  [
    1707696000000,
    10.155
  ],
  [
    1709337600000,
    13.864
  ],
  [
    1709596800000,
    10.42
  ],
  [
    1709683200000,
    12.178
  ],
  [
    1711324800000,
    11.789
  ],
  [
    1712271600000,
    12.206
  ],
  [
    1712962800000,
    8.889
  ],
  [
    1713222000000,
    10.659
  ],
  [
    1714086000000,
    8.983
  ],
  [
    1714258800000,
    12.988
  ],
  [
    1716159600000,
    9.758
  ],
  [
    1716246000000,
    9.79
  ],
  [
    1717297200000,
    10.86
  ],
  [
    1717347600000,
    11.948
  ],
  [
    1717416000000,
    10.03
  ],
  [
    1717678800000,
    10.488
  ]
]