[
  [
    1574035200000,
    0.03
  ],
  [
    1574121600000,
    0.03
  ],
  [
    1574208000000,
    0.03
  ],
  [
    1574294400000,
    0.031
  ],
  [
    1574380800000,
    0.032
  ],
  [
    1574467200000,
    1.324
  ],
  [
    1574553600000,
    0.053
  ],
  [
    1574640000000,
    9.131
  ],
  [
    1574726400000,
    0.037
  ],
  [
    1574812800000,
    1.217
  ],
  [
    1574899200000,
    0.046
  ],
  [
    1574985600000,
    0.044
  ],
  [
    1575072000000,
    0.044
  ],
  [
    1575158400000,
    0.049
  ],
  [
    1575244800000,
    3.293
  ],
  [
    1575331200000,
    0.048
  ],
  [
    1575417600000,
    0.038
  ],
  [
    1575504000000,
    0.034
  ],
  [
    1575590400000,
    0.037
  ],
  [
    1575676800000,
    0.035
  ],
  [
    1575763200000,
    0.04
  ],
  [
    1575849600000,
    0.037
  ],
  [
    1575936000000,
    0.035
  ],
  [
    1576022400000,
    0.036
  ],
  [
    1576108800000,
    0.032
  ],
  [
    1576195200000,
    0.034
  ],
  [
    1576281600000,
    1.084
  ],
  [
    1576368000000,
    0.037
  ],
  [
    1576454400000,
    0.037
  ],
  [
    1576540800000,
    0.035
  ],
  [
    1576627200000,
    0.033
  ],
  [
    1576713600000,
    0.032
  ],
  [
    1576800000000,
    0.09
  ],
  [
    1576886400000,
    0.034
  ],
  [
    1576972800000,
    0.03
  ],
  [
    1577059200000,
    0.446
  ],
  [
    1577145600000,
    0.897
  ],
  [
    1577232000000,
    0.037
  ],
  [
    1577318400000,
    0.036
  ],
  [
    1577404800000,
    0.037
  ],
  [
    1577491200000,
    0.039
  ],
  [
    1577577600000,
    0.2
  ],
  [
    1577664000000,
    0.035
  ],
  [
    1577750400000,
    1.714
  ],
  [
    1577836800000,
    0.03
  ],
  [
    1577923200000,
    0.03
  ],
  [
    1578009600000,
    12.291
  ],
  [
    1578096000000,
    0.03
  ],
  [
    1578182400000,
    0.03
  ],
  [
    1578268800000,
    0.03
  ],
  [
    1578355200000,
    0.035
  ],
  [
    1578441600000,
    0.03
  ],
  [
    1578528000000,
    0.034
  ],
  [
    1578614400000,
    0.034
  ],
  [
    1578700800000,
    0.17
  ],
  [
    1578787200000,
    0.031
  ],
  [
    1578873600000,
    0.034
  ],
  [
    1578960000000,
    0.035
  ],
  [
    1579046400000,
    0.158
  ],
  [
    1579132800000,
    0.032
  ],
  [
    1579219200000,
    14.706
  ],
  [
    1579305600000,
    0.032
  ],
  [
    1579392000000,
    0.034
  ],
  [
    1579478400000,
    0.032
  ],
  [
    1579564800000,
    0.743
  ],
  [
    1579651200000,
    0.031
  ],
  [
    1579737600000,
    0.03
  ],
  [
    1579824000000,
    1.195
  ],
  [
    1579910400000,
    0.03
  ],
  [
    1579996800000,
    0.033
  ],
  [
    1580083200000,
    0.404
  ],
  [
    1580169600000,
    0.084
  ],
  [
    1580256000000,
    0.03
  ],
  [
    1580342400000,
    0.095
  ],
  [
    1580428800000,
    0.033
  ],
  [
    1580515200000,
    0.039
  ],
  [
    1580601600000,
    0.041
  ],
  [
    1580688000000,
    0.043
  ],
  [
    1580774400000,
    0.064
  ],
  [
    1580860800000,
    0.06
  ],
  [
    1580947200000,
    0.055
  ],
  [
    1581033600000,
    0.053
  ],
  [
    1581120000000,
    1.34
  ],
  [
    1581206400000,
    0.044
  ],
  [
    1581292800000,
    0.041
  ],
  [
    1581379200000,
    0.035
  ],
  [
    1581465600000,
    0.039
  ],
  [
    1581552000000,
    0.038
  ],
  [
    1581638400000,
    0.04
  ],
  [
    1581724800000,
    0.038
  ],
  [
    1581811200000,
    0.044
  ],
  [
    1581897600000,
    0.04
  ],
  [
    1581984000000,
    13.495
  ],
  [
    1582070400000,
    0.038
  ],
  [
    1582156800000,
    0.036
  ],
  [
    1582243200000,
    0.039
  ],
  [
    1582329600000,
    0.039
  ],
  [
    1582416000000,
    0.097
  ],
  [
    1582502400000,
    0.052
  ],
  [
    1582588800000,
    0.049
  ],
  [
    1582675200000,
    0.047
  ],
  [
    1582761600000,
    0.045
  ],
  [
    1582848000000,
    0.047
  ],
  [
    1582934400000,
    0.052
  ],
  [
    1583020800000,
    0.05
  ],
  [
    1583107200000,
    0.05
  ],
  [
    1583193600000,
    0.051
  ],
  [
    1583280000000,
    0.299
  ],
  [
    1583366400000,
    0.045
  ],
  [
    1583452800000,
    0.045
  ],
  [
    1583539200000,
    0.046
  ],
  [
    1583625600000,
    0.045
  ],
  [
    1583712000000,
    0.044
  ],
  [
    1583798400000,
    0.042
  ],
  [
    1583884800000,
    0.043
  ],
  [
    1583971200000,
    0.039
  ],
  [
    1584057600000,
    0.042
  ],
  [
    1584144000000,
    0.044
  ],
  [
    1584230400000,
    0.043
  ],
  [
    1584316800000,
    0.042
  ],
  [
    1584403200000,
    0.04
  ],
  [
    1584489600000,
    0.068
  ],
  [
    1584576000000,
    0.044
  ],
  [
    1584662400000,
    0.042
  ],
  [
    1584748800000,
    0.044
  ],
  [
    1584835200000,
    0.048
  ],
  [
    1584921600000,
    0.044
  ],
  [
    1585008000000,
    0.045
  ],
  [
    1585094400000,
    0.042
  ],
  [
    1585180800000,
    0.045
  ],
  [
    1585267200000,
    0.047
  ],
  [
    1585353600000,
    0.05
  ],
  [
    1585440000000,
    0.049
  ],
  [
    1585522800000,
    0.049
  ],
  [
    1585609200000,
    0.044
  ],
  [
    1585695600000,
    0.043
  ],
  [
    1585782000000,
    0.046
  ],
  [
    1585868400000,
    0.046
  ],
  [
    1585954800000,
    0.046
  ],
  [
    1586041200000,
    0.046
  ],
  [
    1586127600000,
    0.045
  ],
  [
    1586214000000,
    0.048
  ],
  [
    1586300400000,
    0.049
  ],
  [
    1586386800000,
    0.048
  ],
  [
    1586473200000,
    0.046
  ],
  [
    1586559600000,
    0.052
  ],
  [
    1586646000000,
    0.044
  ],
  [
    1586732400000,
    0.044
  ],
  [
    1586818800000,
    0.047
  ],
  [
    1586905200000,
    0.044
  ],
  [
    1586991600000,
    0.047
  ],
  [
    1587078000000,
    0.046
  ],
  [
    1587164400000,
    0.049
  ],
  [
    1587250800000,
    0.047
  ],
  [
    1587337200000,
    0.05
  ],
  [
    1587423600000,
    0.055
  ],
  [
    1587510000000,
    0.052
  ],
  [
    1587596400000,
    0.047
  ],
  [
    1587682800000,
    0.051
  ],
  [
    1587769200000,
    0.051
  ],
  [
    1587855600000,
    0.056
  ],
  [
    1587942000000,
    0.052
  ],
  [
    1588028400000,
    0.053
  ],
  [
    1588114800000,
    0.056
  ],
  [
    1588201200000,
    0.06
  ],
  [
    1588287600000,
    0.062
  ],
  [
    1588374000000,
    0.062
  ],
  [
    1588460400000,
    0.063
  ],
  [
    1588546800000,
    0.073
  ],
  [
    1588633200000,
    0.076
  ],
  [
    1588719600000,
    0.084
  ],
  [
    1588806000000,
    0.084
  ],
  [
    1588892400000,
    0.08
  ],
  [
    1588978800000,
    0.085
  ],
  [
    1589065200000,
    0.088
  ],
  [
    1589151600000,
    0.085
  ],
  [
    1589238000000,
    0.085
  ],
  [
    1589324400000,
    0.079
  ],
  [
    1589410800000,
    0.084
  ],
  [
    1589497200000,
    0.081
  ],
  [
    1589583600000,
    0.088
  ],
  [
    1589670000000,
    0.089
  ],
  [
    1589756400000,
    0.101
  ],
  [
    1589842800000,
    0.102
  ],
  [
    1589929200000,
    0.102
  ],
  [
    1590015600000,
    0.097
  ],
  [
    1590102000000,
    0.111
  ],
  [
    1590188400000,
    0.11
  ],
  [
    1590274800000,
    0.106
  ],
  [
    1590361200000,
    0.11
  ],
  [
    1590447600000,
    0.092
  ],
  [
    1590534000000,
    0.098
  ],
  [
    1590620400000,
    0.091
  ],
  [
    1590706800000,
    0.093
  ],
  [
    1590793200000,
    0.093
  ],
  [
    1590879600000,
    0.096
  ],
  [
    1590966000000,
    0.438
  ],
  [
    1591052400000,
    0.097
  ],
  [
    1591138800000,
    0.097
  ],
  [
    1591225200000,
    0.093
  ],
  [
    1591311600000,
    0.092
  ],
  [
    1591398000000,
    0.091
  ],
  [
    1591484400000,
    0.094
  ],
  [
    1591570800000,
    0.094
  ],
  [
    1591657200000,
    0.089
  ],
  [
    1591743600000,
    0.084
  ],
  [
    1591830000000,
    0.093
  ],
  [
    1591916400000,
    0.094
  ],
  [
    1592002800000,
    0.186
  ],
  [
    1592089200000,
    0.094
  ],
  [
    1592175600000,
    0.092
  ],
  [
    1592262000000,
    0.085
  ],
  [
    1592348400000,
    0.091
  ],
  [
    1592434800000,
    0.087
  ],
  [
    1592521200000,
    0.077
  ],
  [
    1592607600000,
    0.088
  ],
  [
    1592694000000,
    0.077
  ],
  [
    1592780400000,
    0.078
  ],
  [
    1592866800000,
    0.085
  ],
  [
    1592953200000,
    0.087
  ],
  [
    1593039600000,
    0.079
  ],
  [
    1593126000000,
    0.074
  ],
  [
    1593212400000,
    0.087
  ],
  [
    1593298800000,
    0.073
  ],
  [
    1593385200000,
    0.071
  ],
  [
    1593471600000,
    0.077
  ],
  [
    1593558000000,
    0.072
  ],
  [
    1593644400000,
    0.072
  ],
  [
    1593730800000,
    0.073
  ],
  [
    1593817200000,
    0.075
  ],
  [
    1593903600000,
    0.079
  ],
  [
    1593990000000,
    0.084
  ],
  [
    1594076400000,
    0.083
  ],
  [
    1594162800000,
    0.079
  ],
  [
    1594249200000,
    0.084
  ],
  [
    1594335600000,
    0.086
  ],
  [
    1594422000000,
    0.256
  ],
  [
    1594508400000,
    0.088
  ],
  [
    1594594800000,
    0.099
  ],
  [
    1594681200000,
    0.089
  ],
  [
    1594767600000,
    0.095
  ],
  [
    1594854000000,
    0.087
  ],
  [
    1594940400000,
    0.094
  ],
  [
    1595026800000,
    0.098
  ],
  [
    1595113200000,
    0.111
  ],
  [
    1595199600000,
    0.099
  ],
  [
    1595286000000,
    0.095
  ],
  [
    1595372400000,
    0.104
  ],
  [
    1595458800000,
    0.097
  ],
  [
    1595545200000,
    0.098
  ],
  [
    1595631600000,
    0.103
  ],
  [
    1595718000000,
    0.64
  ],
  [
    1595804400000,
    0.104
  ],
  [
    1595890800000,
    0.101
  ],
  [
    1595977200000,
    0.118
  ],
  [
    1596063600000,
    0.117
  ],
  [
    1596150000000,
    0.126
  ],
  [
    1596236400000,
    0.118
  ],
  [
    1596322800000,
    0.122
  ],
  [
    1596409200000,
    0.125
  ],
  [
    1596495600000,
    0.111
  ],
  [
    1596582000000,
    0.123
  ],
  [
    1596668400000,
    0.123
  ],
  [
    1596754800000,
    0.118
  ],
  [
    1596841200000,
    0.115
  ],
  [
    1596927600000,
    0.115
  ],
  [
    1597014000000,
    0.118
  ],
  [
    1597100400000,
    0.116
  ],
  [
    1597186800000,
    0.113
  ],
  [
    1597273200000,
    0.109
  ],
  [
    1597359600000,
    0.118
  ],
  [
    1597446000000,
    0.116
  ],
  [
    1597532400000,
    0.116
  ],
  [
    1597618800000,
    0.111
  ],
  [
    1597705200000,
    0.107
  ],
  [
    1597791600000,
    0.106
  ],
  [
    1597878000000,
    0.112
  ],
  [
    1597964400000,
    0.114
  ],
  [
    1598050800000,
    0.114
  ],
  [
    1598137200000,
    0.107
  ],
  [
    1598223600000,
    0.11
  ],
  [
    1598310000000,
    0.105
  ],
  [
    1598396400000,
    0.11
  ],
  [
    1598482800000,
    0.101
  ],
  [
    1598569200000,
    0.085
  ],
  [
    1598655600000,
    0.103
  ],
  [
    1598742000000,
    0.098
  ],
  [
    1598828400000,
    0.1
  ],
  [
    1598914800000,
    0.098
  ],
  [
    1599001200000,
    0.082
  ],
  [
    1599087600000,
    0.107
  ],
  [
    1599174000000,
    0.102
  ],
  [
    1599260400000,
    0.107
  ],
  [
    1599346800000,
    0.104
  ],
  [
    1599433200000,
    0.103
  ],
  [
    1599519600000,
    0.107
  ],
  [
    1599606000000,
    0.108
  ],
  [
    1599692400000,
    0.109
  ],
  [
    1599778800000,
    0.098
  ],
  [
    1599865200000,
    0.105
  ],
  [
    1599951600000,
    0.11
  ],
  [
    1600038000000,
    0.105
  ],
  [
    1600124400000,
    0.101
  ],
  [
    1600210800000,
    0.102
  ],
  [
    1600297200000,
    0.098
  ],
  [
    1600383600000,
    9.354
  ],
  [
    1600470000000,
    0.1
  ],
  [
    1600556400000,
    0.102
  ],
  [
    1600642800000,
    0.095
  ],
  [
    1600729200000,
    0.109
  ],
  [
    1600815600000,
    0.1
  ],
  [
    1600902000000,
    0.103
  ],
  [
    1600988400000,
    0.108
  ],
  [
    1601074800000,
    0.103
  ],
  [
    1601161200000,
    0.092
  ],
  [
    1601247600000,
    0.098
  ],
  [
    1601334000000,
    0.102
  ],
  [
    1601420400000,
    0.102
  ],
  [
    1601506800000,
    0.102
  ],
  [
    1601593200000,
    0.105
  ],
  [
    1601679600000,
    0.102
  ],
  [
    1601766000000,
    0.11
  ],
  [
    1601852400000,
    0.101
  ],
  [
    1601938800000,
    0.105
  ],
  [
    1602025200000,
    0.119
  ],
  [
    1602111600000,
    0.117
  ],
  [
    1602198000000,
    0.124
  ],
  [
    1602284400000,
    0.126
  ],
  [
    1602370800000,
    0.122
  ],
  [
    1602457200000,
    0.126
  ],
  [
    1602543600000,
    0.129
  ],
  [
    1602630000000,
    0.122
  ],
  [
    1602716400000,
    0.113
  ],
  [
    1602802800000,
    0.126
  ],
  [
    1602889200000,
    0.123
  ],
  [
    1602975600000,
    0.133
  ],
  [
    1603062000000,
    0.123
  ],
  [
    1603148400000,
    0.132
  ],
  [
    1603234800000,
    0.136
  ],
  [
    1603321200000,
    0.142
  ],
  [
    1603407600000,
    0.139
  ],
  [
    1603494000000,
    0.142
  ],
  [
    1603580400000,
    0.144
  ],
  [
    1603670400000,
    0.13
  ],
  [
    1603756800000,
    0.127
  ],
  [
    1603843200000,
    0.128
  ],
  [
    1603929600000,
    0.145
  ],
  [
    1604016000000,
    0.118
  ],
  [
    1604102400000,
    0.124
  ],
  [
    1604188800000,
    0.13
  ],
  [
    1604275200000,
    0.122
  ],
  [
    1604361600000,
    0.137
  ],
  [
    1604448000000,
    0.293
  ],
  [
    1604534400000,
    0.13
  ],
  [
    1604620800000,
    0.13
  ],
  [
    1604707200000,
    0.124
  ],
  [
    1604793600000,
    0.129
  ],
  [
    1604880000000,
    0.133
  ],
  [
    1604966400000,
    0.198
  ],
  [
    1605052800000,
    0.125
  ],
  [
    1605139200000,
    0.117
  ],
  [
    1605225600000,
    0.118
  ],
  [
    1605312000000,
    0.123
  ],
  [
    1605398400000,
    0.12
  ],
  [
    1605484800000,
    0.12
  ],
  [
    1605571200000,
    0.239
  ],
  [
    1605657600000,
    0.112
  ],
  [
    1605744000000,
    0.116
  ],
  [
    1605830400000,
    0.117
  ],
  [
    1605916800000,
    0.128
  ],
  [
    1606003200000,
    0.234
  ],
  [
    1606089600000,
    0.125
  ],
  [
    1606176000000,
    0.12
  ],
  [
    1606262400000,
    0.121
  ],
  [
    1606348800000,
    0.115
  ],
  [
    1606435200000,
    0.115
  ],
  [
    1606521600000,
    0.118
  ],
  [
    1606608000000,
    0.117
  ],
  [
    1606694400000,
    0.11
  ],
  [
    1606780800000,
    0.119
  ],
  [
    1606867200000,
    0.125
  ],
  [
    1606953600000,
    0.116
  ],
  [
    1607040000000,
    0.106
  ],
  [
    1607126400000,
    0.102
  ],
  [
    1607212800000,
    0.103
  ],
  [
    1607299200000,
    0.099
  ],
  [
    1607385600000,
    0.098
  ],
  [
    1607472000000,
    0.103
  ],
  [
    1607558400000,
    0.821
  ],
  [
    1607644800000,
    0.088
  ],
  [
    1607731200000,
    0.102
  ],
  [
    1607817600000,
    0.093
  ],
  [
    1607904000000,
    0.114
  ],
  [
    1607990400000,
    0.096
  ],
  [
    1608076800000,
    0.144
  ],
  [
    1608163200000,
    0.121
  ],
  [
    1608249600000,
    0.101
  ],
  [
    1608336000000,
    0.104
  ],
  [
    1608422400000,
    0.107
  ],
  [
    1608508800000,
    0.134
  ],
  [
    1608595200000,
    0.093
  ],
  [
    1608681600000,
    0.098
  ],
  [
    1608768000000,
    0.103
  ],
  [
    1608854400000,
    0.123
  ],
  [
    1608940800000,
    0.101
  ],
  [
    1609027200000,
    0.105
  ],
  [
    1609113600000,
    0.103
  ],
  [
    1609200000000,
    0.107
  ],
  [
    1609286400000,
    0.117
  ],
  [
    1609372800000,
    0.118
  ],
  [
    1609459200000,
    0.14
  ],
  [
    1609545600000,
    0.138
  ],
  [
    1609632000000,
    0.146
  ],
  [
    1609718400000,
    1.163
  ],
  [
    1609804800000,
    0.154
  ],
  [
    1609891200000,
    0.156
  ],
  [
    1609977600000,
    0.157
  ],
  [
    1610064000000,
    0.192
  ],
  [
    1610150400000,
    0.178
  ],
  [
    1610236800000,
    0.18
  ],
  [
    1610323200000,
    0.178
  ],
  [
    1610409600000,
    0.32
  ],
  [
    1610496000000,
    0.205
  ],
  [
    1610582400000,
    0.177
  ],
  [
    1610668800000,
    0.183
  ],
  [
    1610755200000,
    0.172
  ],
  [
    1610841600000,
    0.171
  ],
  [
    1610928000000,
    0.185
  ],
  [
    1611014400000,
    0.175
  ],
  [
    1611100800000,
    0.178
  ],
  [
    1611187200000,
    0.183
  ],
  [
    1611273600000,
    0.165
  ],
  [
    1611360000000,
    0.582
  ],
  [
    1611446400000,
    0.163
  ],
  [
    1611532800000,
    0.161
  ],
  [
    1611619200000,
    0.138
  ],
  [
    1611705600000,
    0.352
  ],
  [
    1611792000000,
    0.158
  ],
  [
    1611878400000,
    0.153
  ],
  [
    1611964800000,
    0.161
  ],
  [
    1612051200000,
    0.165
  ],
  [
    1612137600000,
    0.184
  ],
  [
    1612224000000,
    0.166
  ],
  [
    1612310400000,
    0.188
  ],
  [
    1612396800000,
    0.198
  ],
  [
    1612483200000,
    0.212
  ],
  [
    1612569600000,
    0.205
  ],
  [
    1612656000000,
    0.208
  ],
  [
    1612742400000,
    0.29
  ],
  [
    1612828800000,
    0.194
  ],
  [
    1612915200000,
    0.197
  ],
  [
    1613001600000,
    0.187
  ],
  [
    1613088000000,
    0.185
  ],
  [
    1613174400000,
    0.181
  ],
  [
    1613260800000,
    0.2
  ],
  [
    1613347200000,
    0.203
  ],
  [
    1613433600000,
    0.179
  ],
  [
    1613520000000,
    0.198
  ],
  [
    1613606400000,
    0.184
  ],
  [
    1613692800000,
    0.186
  ],
  [
    1613779200000,
    0.202
  ],
  [
    1613865600000,
    0.206
  ],
  [
    1613952000000,
    0.211
  ],
  [
    1614038400000,
    0.218
  ],
  [
    1614124800000,
    0.397
  ],
  [
    1614211200000,
    0.201
  ],
  [
    1614297600000,
    0.556
  ],
  [
    1614384000000,
    0.208
  ],
  [
    1614470400000,
    0.198
  ],
  [
    1614556800000,
    61.881
  ],
  [
    1614643200000,
    0.19
  ],
  [
    1614729600000,
    0.229
  ],
  [
    1614816000000,
    0.232
  ],
  [
    1614902400000,
    0.213
  ],
  [
    1614988800000,
    0.231
  ],
  [
    1615075200000,
    0.243
  ],
  [
    1615161600000,
    0.241
  ],
  [
    1615248000000,
    0.259
  ],
  [
    1615334400000,
    2.699
  ],
  [
    1615420800000,
    0.227
  ],
  [
    1615507200000,
    0.362
  ],
  [
    1615593600000,
    0.573
  ],
  [
    1615680000000,
    0.252
  ],
  [
    1615766400000,
    0.249
  ],
  [
    1615852800000,
    0.223
  ],
  [
    1615939200000,
    0.208
  ],
  [
    1616025600000,
    0.226
  ],
  [
    1616112000000,
    0.242
  ],
  [
    1616198400000,
    0.235
  ],
  [
    1616284800000,
    0.226
  ],
  [
    1616371200000,
    0.278
  ],
  [
    1616457600000,
    0.292
  ],
  [
    1616544000000,
    0.333
  ],
  [
    1616630400000,
    0.354
  ],
  [
    1616716800000,
    0.387
  ],
  [
    1616803200000,
    0.369
  ],
  [
    1616889600000,
    0.395
  ],
  [
    1616972400000,
    0.329
  ],
  [
    1617058800000,
    0.361
  ],
  [
    1617145200000,
    0.42
  ],
  [
    1617231600000,
    0.37
  ],
  [
    1617318000000,
    0.335
  ],
  [
    1617404400000,
    0.335
  ],
  [
    1617490800000,
    0.339
  ],
  [
    1617577200000,
    0.72
  ],
  [
    1617663600000,
    0.356
  ],
  [
    1617750000000,
    0.282
  ],
  [
    1617836400000,
    0.251
  ],
  [
    1617922800000,
    0.254
  ],
  [
    1618009200000,
    0.268
  ],
  [
    1618095600000,
    0.225
  ],
  [
    1618182000000,
    4.437
  ],
  [
    1618268400000,
    0.258
  ],
  [
    1618354800000,
    0.242
  ],
  [
    1618441200000,
    0.298
  ],
  [
    1618527600000,
    0.335
  ],
  [
    1618614000000,
    0.344
  ],
  [
    1618700400000,
    0.367
  ],
  [
    1618786800000,
    0.355
  ],
  [
    1618873200000,
    0.348
  ],
  [
    1618959600000,
    0.324
  ],
  [
    1619046000000,
    0.366
  ],
  [
    1619132400000,
    0.35
  ],
  [
    1619218800000,
    0.348
  ],
  [
    1619305200000,
    0.342
  ],
  [
    1619391600000,
    0.308
  ],
  [
    1619478000000,
    0.357
  ],
  [
    1619564400000,
    0.329
  ],
  [
    1619650800000,
    0.4
  ],
  [
    1619737200000,
    0.373
  ],
  [
    1619823600000,
    0.391
  ],
  [
    1619910000000,
    0.377
  ],
  [
    1619996400000,
    0.383
  ],
  [
    1620082800000,
    0.45
  ],
  [
    1620169200000,
    0.435
  ],
  [
    1620255600000,
    0.414
  ],
  [
    1620342000000,
    0.43
  ],
  [
    1620428400000,
    5.207
  ],
  [
    1620514800000,
    0.434
  ],
  [
    1620601200000,
    0.475
  ],
  [
    1620687600000,
    0.468
  ],
  [
    1620774000000,
    0.535
  ],
  [
    1620860400000,
    0.517
  ],
  [
    1620946800000,
    0.546
  ],
  [
    1621033200000,
    0.557
  ],
  [
    1621119600000,
    0.504
  ],
  [
    1621206000000,
    0.493
  ],
  [
    1621292400000,
    0.465
  ],
  [
    1621378800000,
    0.471
  ],
  [
    1621465200000,
    0.533
  ],
  [
    1621551600000,
    0.811
  ],
  [
    1621638000000,
    0.583
  ],
  [
    1621724400000,
    0.635
  ],
  [
    1621810800000,
    0.617
  ],
  [
    1621897200000,
    0.911
  ],
  [
    1621983600000,
    0.86
  ],
  [
    1622070000000,
    0.849
  ],
  [
    1622156400000,
    0.978
  ],
  [
    1622242800000,
    1.134
  ],
  [
    1622329200000,
    0.918
  ],
  [
    1622415600000,
    0.937
  ],
  [
    1622502000000,
    0.892
  ],
  [
    1622588400000,
    0.894
  ],
  [
    1622674800000,
    0.984
  ],
  [
    1622761200000,
    1.038
  ],
  [
    1622847600000,
    0.988
  ],
  [
    1622934000000,
    1.055
  ],
  [
    1623020400000,
    1.155
  ],
  [
    1623106800000,
    1.05
  ],
  [
    1623193200000,
    1.093
  ],
  [
    1623279600000,
    1.161
  ],
  [
    1623366000000,
    1.145
  ],
  [
    1623452400000,
    1.142
  ],
  [
    1623538800000,
    1.166
  ],
  [
    1623625200000,
    1.08
  ],
  [
    1623711600000,
    1.12
  ],
  [
    1623798000000,
    1.098
  ],
  [
    1623884400000,
    1.113
  ],
  [
    1623970800000,
    1.102
  ],
  [
    1624057200000,
    1.091
  ],
  [
    1624143600000,
    1.142
  ],
  [
    1624230000000,
    0.993
  ],
  [
    1624316400000,
    1.253
  ],
  [
    1624402800000,
    1.104
  ],
  [
    1624489200000,
    1.049
  ],
  [
    1624575600000,
    1.068
  ],
  [
    1624662000000,
    1.091
  ],
  [
    1624748400000,
    1.026
  ],
  [
    1624834800000,
    0.985
  ],
  [
    1624921200000,
    0.877
  ],
  [
    1625007600000,
    0.845
  ],
  [
    1625094000000,
    14.043
  ],
  [
    1625180400000,
    0.856
  ],
  [
    1625266800000,
    0.822
  ],
  [
    1625353200000,
    17.689
  ],
  [
    1625439600000,
    0.836
  ],
  [
    1625526000000,
    0.877
  ],
  [
    1625612400000,
    0.8
  ],
  [
    1625698800000,
    0.737
  ],
  [
    1625785200000,
    0.745
  ],
  [
    1625871600000,
    0.789
  ],
  [
    1625958000000,
    0.819
  ],
  [
    1626044400000,
    0.74
  ],
  [
    1626130800000,
    0.678
  ],
  [
    1626217200000,
    0.695
  ],
  [
    1626303600000,
    0.919
  ],
  [
    1626390000000,
    0.679
  ],
  [
    1626476400000,
    0.734
  ],
  [
    1626562800000,
    0.718
  ],
  [
    1626649200000,
    0.729
  ],
  [
    1626735600000,
    0.732
  ],
  [
    1626822000000,
    0.758
  ],
  [
    1626908400000,
    0.739
  ],
  [
    1626994800000,
    0.788
  ],
  [
    1627081200000,
    0.74
  ],
  [
    1627167600000,
    0.79
  ],
  [
    1627254000000,
    0.752
  ],
  [
    1627340400000,
    17.503
  ],
  [
    1627426800000,
    0.76
  ],
  [
    1627513200000,
    0.704
  ],
  [
    1627599600000,
    0.696
  ],
  [
    1627686000000,
    0.795
  ],
  [
    1627772400000,
    0.7
  ],
  [
    1627858800000,
    0.758
  ],
  [
    1627945200000,
    0.681
  ],
  [
    1628031600000,
    0.739
  ],
  [
    1628118000000,
    0.793
  ],
  [
    1628204400000,
    0.7
  ],
  [
    1628290800000,
    0.794
  ],
  [
    1628377200000,
    0.742
  ],
  [
    1628463600000,
    0.715
  ],
  [
    1628550000000,
    0.713
  ],
  [
    1628636400000,
    0.753
  ],
  [
    1628722800000,
    0.688
  ],
  [
    1628809200000,
    0.677
  ],
  [
    1628895600000,
    9.25
  ],
  [
    1628982000000,
    0.72
  ],
  [
    1629068400000,
    0.692
  ],
  [
    1629154800000,
    0.73
  ],
  [
    1629241200000,
    0.682
  ],
  [
    1629327600000,
    0.659
  ],
  [
    1629414000000,
    0.699
  ],
  [
    1629500400000,
    0.635
  ],
  [
    1629586800000,
    0.681
  ],
  [
    1629673200000,
    0.687
  ],
  [
    1629759600000,
    0.68
  ],
  [
    1629846000000,
    0.714
  ],
  [
    1629932400000,
    0.693
  ],
  [
    1630018800000,
    0.738
  ],
  [
    1630105200000,
    0.674
  ],
  [
    1630191600000,
    0.73
  ],
  [
    1630364400000,
    0.662
  ],
  [
    1630450800000,
    0.741
  ],
  [
    1630537200000,
    2.305
  ],
  [
    1630623600000,
    0.61
  ],
  [
    1630710000000,
    0.756
  ],
  [
    1630796400000,
    0.679
  ],
  [
    1630882800000,
    0.715
  ],
  [
    1630969200000,
    0.714
  ],
  [
    1631055600000,
    2.069
  ],
  [
    1631142000000,
    0.713
  ],
  [
    1631228400000,
    2.407
  ],
  [
    1631314800000,
    0.691
  ],
  [
    1631401200000,
    0.713
  ],
  [
    1631487600000,
    0.72
  ],
  [
    1631574000000,
    0.761
  ],
  [
    1631660400000,
    0.741
  ],
  [
    1631746800000,
    0.992
  ],
  [
    1631833200000,
    0.7
  ],
  [
    1631919600000,
    0.707
  ],
  [
    1632006000000,
    0.706
  ],
  [
    1632092400000,
    0.676
  ],
  [
    1632178800000,
    0.708
  ],
  [
    1632265200000,
    0.536
  ],
  [
    1632351600000,
    2.461
  ],
  [
    1632438000000,
    0.496
  ],
  [
    1632524400000,
    0.792
  ],
  [
    1632610800000,
    0.514
  ],
  [
    1632697200000,
    0.545
  ],
  [
    1632783600000,
    0.48
  ],
  [
    1632870000000,
    0.513
  ],
  [
    1632956400000,
    0.518
  ],
  [
    1633042800000,
    0.577
  ],
  [
    1633129200000,
    0.537
  ],
  [
    1633215600000,
    0.553
  ],
  [
    1633302000000,
    0.518
  ],
  [
    1633388400000,
    0.548
  ],
  [
    1633474800000,
    0.555
  ],
  [
    1633561200000,
    0.507
  ],
  [
    1633647600000,
    0.561
  ],
  [
    1633734000000,
    0.448
  ],
  [
    1633820400000,
    0.543
  ],
  [
    1633906800000,
    0.56
  ],
  [
    1633993200000,
    0.574
  ],
  [
    1634079600000,
    0.547
  ],
  [
    1634166000000,
    0.451
  ],
  [
    1634252400000,
    0.522
  ],
  [
    1634338800000,
    0.537
  ],
  [
    1634425200000,
    0.47
  ],
  [
    1634598000000,
    0.526
  ],
  [
    1634684400000,
    0.545
  ],
  [
    1634770800000,
    0.496
  ],
  [
    1634857200000,
    0.473
  ],
  [
    1634943600000,
    0.446
  ],
  [
    1635030000000,
    0.489
  ],
  [
    1635116400000,
    0.489
  ],
  [
    1635202800000,
    0.438
  ],
  [
    1635289200000,
    0.49
  ],
  [
    1635375600000,
    0.459
  ],
  [
    1635462000000,
    0.43
  ],
  [
    1635548400000,
    0.333
  ],
  [
    1635634800000,
    0.463
  ],
  [
    1635724800000,
    0.493
  ],
  [
    1635811200000,
    0.493
  ],
  [
    1635897600000,
    0.499
  ],
  [
    1635984000000,
    0.525
  ],
  [
    1636070400000,
    0.533
  ],
  [
    1636156800000,
    0.531
  ],
  [
    1636243200000,
    0.445
  ],
  [
    1636329600000,
    0.554
  ],
  [
    1636416000000,
    0.507
  ],
  [
    1636502400000,
    0.518
  ],
  [
    1636675200000,
    0.516
  ],
  [
    1636761600000,
    0.553
  ],
  [
    1636848000000,
    0.495
  ],
  [
    1636934400000,
    0.521
  ],
  [
    1637020800000,
    0.448
  ],
  [
    1637193600000,
    0.533
  ],
  [
    1637280000000,
    0.553
  ],
  [
    1637366400000,
    0.587
  ],
  [
    1637452800000,
    0.488
  ],
  [
    1637539200000,
    0.561
  ],
  [
    1637625600000,
    0.603
  ],
  [
    1637712000000,
    0.561
  ],
  [
    1637798400000,
    0.543
  ],
  [
    1637884800000,
    0.551
  ],
  [
    1637971200000,
    0.648
  ],
  [
    1638057600000,
    0.585
  ],
  [
    1638144000000,
    0.521
  ],
  [
    1638230400000,
    0.591
  ],
  [
    1638316800000,
    0.579
  ],
  [
    1638403200000,
    0.559
  ],
  [
    1638489600000,
    7.217
  ],
  [
    1638576000000,
    0.661
  ],
  [
    1638662400000,
    0.651
  ],
  [
    1638748800000,
    0.656
  ],
  [
    1638835200000,
    0.707
  ],
  [
    1638921600000,
    0.734
  ],
  [
    1639008000000,
    0.724
  ],
  [
    1639094400000,
    0.735
  ],
  [
    1639180800000,
    0.745
  ],
  [
    1639267200000,
    0.759
  ],
  [
    1639353600000,
    0.821
  ],
  [
    1639440000000,
    0.824
  ],
  [
    1639526400000,
    0.804
  ],
  [
    1639785600000,
    1.013
  ],
  [
    1639872000000,
    0.76
  ],
  [
    1639958400000,
    0.737
  ],
  [
    1640044800000,
    0.793
  ],
  [
    1640131200000,
    0.772
  ],
  [
    1640217600000,
    0.864
  ],
  [
    1640304000000,
    4.602
  ],
  [
    1640390400000,
    0.782
  ],
  [
    1640476800000,
    0.779
  ],
  [
    1640563200000,
    0.77
  ],
  [
    1640649600000,
    0.708
  ],
  [
    1640736000000,
    0.746
  ],
  [
    1640822400000,
    0.671
  ],
  [
    1640908800000,
    0.807
  ],
  [
    1640995200000,
    0.787
  ],
  [
    1641081600000,
    0.871
  ],
  [
    1641168000000,
    0.787
  ],
  [
    1641254400000,
    0.804
  ],
  [
    1641340800000,
    0.801
  ],
  [
    1641427200000,
    0.874
  ],
  [
    1641513600000,
    0.685
  ],
  [
    1641600000000,
    0.89
  ],
  [
    1641686400000,
    1.11
  ],
  [
    1641772800000,
    0.914
  ],
  [
    1641859200000,
    0.874
  ],
  [
    1641945600000,
    0.845
  ],
  [
    1642032000000,
    0.914
  ],
  [
    1642118400000,
    0.843
  ],
  [
    1642204800000,
    0.773
  ],
  [
    1642291200000,
    0.919
  ],
  [
    1642377600000,
    0.82
  ],
  [
    1642464000000,
    0.921
  ],
  [
    1642550400000,
    0.891
  ],
  [
    1642636800000,
    0.946
  ],
  [
    1642723200000,
    0.896
  ],
  [
    1642809600000,
    0.974
  ],
  [
    1642896000000,
    0.896
  ],
  [
    1642982400000,
    0.914
  ],
  [
    1643068800000,
    0.894
  ],
  [
    1643155200000,
    0.877
  ],
  [
    1643328000000,
    0.908
  ],
  [
    1643414400000,
    0.812
  ],
  [
    1643500800000,
    0.831
  ],
  [
    1643587200000,
    0.823
  ],
  [
    1643673600000,
    0.755
  ],
  [
    1643760000000,
    0.766
  ],
  [
    1643846400000,
    0.81
  ],
  [
    1643932800000,
    0.802
  ],
  [
    1644019200000,
    0.843
  ],
  [
    1644105600000,
    0.851
  ],
  [
    1644192000000,
    0.871
  ],
  [
    1644278400000,
    0.91
  ],
  [
    1644364800000,
    0.78
  ],
  [
    1644451200000,
    0.828
  ],
  [
    1644537600000,
    0.881
  ],
  [
    1644624000000,
    0.901
  ],
  [
    1644710400000,
    0.781
  ],
  [
    1644796800000,
    0.861
  ],
  [
    1644883200000,
    0.846
  ],
  [
    1644969600000,
    0.894
  ],
  [
    1645056000000,
    0.897
  ],
  [
    1645142400000,
    0.866
  ],
  [
    1645228800000,
    0.863
  ],
  [
    1645315200000,
    0.89
  ],
  [
    1645401600000,
    0.931
  ],
  [
    1645488000000,
    0.98
  ],
  [
    1645574400000,
    0.873
  ],
  [
    1645660800000,
    0.923
  ],
  [
    1645747200000,
    0.85
  ],
  [
    1645833600000,
    0.868
  ],
  [
    1645920000000,
    0.795
  ],
  [
    1646006400000,
    0.823
  ],
  [
    1646092800000,
    0.905
  ],
  [
    1646265600000,
    0.831
  ],
  [
    1646352000000,
    0.851
  ],
  [
    1646438400000,
    0.874
  ],
  [
    1646524800000,
    0.647
  ],
  [
    1646611200000,
    0.879
  ],
  [
    1646697600000,
    0.855
  ],
  [
    1646784000000,
    0.798
  ],
  [
    1646870400000,
    0.859
  ],
  [
    1646956800000,
    0.848
  ],
  [
    1647043200000,
    0.897
  ],
  [
    1647129600000,
    0.949
  ],
  [
    1647216000000,
    0.793
  ],
  [
    1647302400000,
    0.635
  ],
  [
    1647388800000,
    0.773
  ],
  [
    1647475200000,
    0.832
  ],
  [
    1647561600000,
    0.929
  ],
  [
    1647648000000,
    0.915
  ],
  [
    1647734400000,
    0.94
  ],
  [
    1647820800000,
    0.931
  ],
  [
    1647907200000,
    0.978
  ],
  [
    1647993600000,
    0.888
  ],
  [
    1648080000000,
    1.137
  ],
  [
    1648166400000,
    0.958
  ],
  [
    1648252800000,
    1.074
  ],
  [
    1648422000000,
    1.017
  ],
  [
    1648508400000,
    1.063
  ],
  [
    1648594800000,
    1.059
  ],
  [
    1648681200000,
    0.987
  ],
  [
    1648767600000,
    0.95
  ],
  [
    1648854000000,
    1.133
  ],
  [
    1648940400000,
    1.09
  ],
  [
    1649113200000,
    1.064
  ],
  [
    1649286000000,
    1.343
  ],
  [
    1649372400000,
    1.17
  ],
  [
    1649458800000,
    1.055
  ],
  [
    1649545200000,
    0.996
  ],
  [
    1649631600000,
    1.089
  ],
  [
    1649718000000,
    1.3
  ],
  [
    1649804400000,
    1.163
  ],
  [
    1649890800000,
    1.156
  ],
  [
    1649977200000,
    1.16
  ],
  [
    1650063600000,
    1.301
  ],
  [
    1650150000000,
    1.112
  ],
  [
    1650322800000,
    1.075
  ],
  [
    1650495600000,
    1.103
  ],
  [
    1650582000000,
    1.176
  ],
  [
    1650668400000,
    1.158
  ],
  [
    1650754800000,
    1.249
  ],
  [
    1650841200000,
    1.132
  ],
  [
    1650927600000,
    1.12
  ],
  [
    1651014000000,
    1.161
  ],
  [
    1651100400000,
    1.313
  ],
  [
    1651273200000,
    1.082
  ],
  [
    1651359600000,
    1.005
  ],
  [
    1651446000000,
    1.255
  ],
  [
    1651532400000,
    1.207
  ],
  [
    1651618800000,
    1.112
  ],
  [
    1651705200000,
    1.118
  ],
  [
    1651791600000,
    0.981
  ],
  [
    1651964400000,
    1.149
  ],
  [
    1652050800000,
    1.117
  ],
  [
    1652137200000,
    0.669
  ],
  [
    1652223600000,
    1.096
  ],
  [
    1652310000000,
    1.124
  ],
  [
    1652396400000,
    1.236
  ],
  [
    1652482800000,
    1.245
  ],
  [
    1652569200000,
    1.326
  ],
  [
    1652655600000,
    1.01
  ],
  [
    1652914800000,
    1.196
  ],
  [
    1653001200000,
    1.11
  ],
  [
    1653087600000,
    1.11
  ],
  [
    1653174000000,
    1.15
  ],
  [
    1653260400000,
    1.292
  ],
  [
    1653346800000,
    1.193
  ],
  [
    1653433200000,
    1.054
  ],
  [
    1653519600000,
    1.011
  ],
  [
    1653606000000,
    0.862
  ],
  [
    1653692400000,
    1.065
  ],
  [
    1653778800000,
    1.03
  ],
  [
    1653865200000,
    1.15
  ],
  [
    1653951600000,
    1.182
  ],
  [
    1654038000000,
    0.99
  ],
  [
    1654124400000,
    1.136
  ],
  [
    1654210800000,
    1.192
  ],
  [
    1654297200000,
    0.99
  ],
  [
    1654383600000,
    0.989
  ],
  [
    1654470000000,
    1.126
  ],
  [
    1654556400000,
    1.06
  ],
  [
    1654642800000,
    1.08
  ],
  [
    1654729200000,
    1.009
  ],
  [
    1654815600000,
    1.01
  ],
  [
    1654902000000,
    0.889
  ],
  [
    1655074800000,
    0.985
  ],
  [
    1655247600000,
    0.989
  ],
  [
    1655334000000,
    0.965
  ],
  [
    1655420400000,
    1.03
  ],
  [
    1655506800000,
    0.959
  ],
  [
    1655593200000,
    0.891
  ],
  [
    1655679600000,
    0.942
  ],
  [
    1655766000000,
    0.947
  ],
  [
    1655938800000,
    1.002
  ],
  [
    1656025200000,
    0.91
  ],
  [
    1656111600000,
    0.883
  ],
  [
    1656198000000,
    0.848
  ],
  [
    1656284400000,
    0.934
  ],
  [
    1656370800000,
    0.963
  ],
  [
    1656457200000,
    0.973
  ],
  [
    1656543600000,
    0.935
  ],
  [
    1656716400000,
    0.827
  ],
  [
    1656802800000,
    0.922
  ],
  [
    1656889200000,
    0.91
  ],
  [
    1656975600000,
    0.886
  ],
  [
    1657062000000,
    1.012
  ],
  [
    1657148400000,
    0.906
  ],
  [
    1657234800000,
    0.89
  ],
  [
    1657321200000,
    0.89
  ],
  [
    1657407600000,
    0.91
  ],
  [
    1657494000000,
    0.868
  ],
  [
    1657666800000,
    0.885
  ],
  [
    1657753200000,
    1.012
  ],
  [
    1657839600000,
    0.975
  ],
  [
    1657926000000,
    0.506
  ],
  [
    1658012400000,
    0.923
  ],
  [
    1658098800000,
    0.879
  ],
  [
    1658185200000,
    1.03
  ],
  [
    1658271600000,
    0.84
  ],
  [
    1658358000000,
    0.822
  ],
  [
    1658444400000,
    0.901
  ],
  [
    1658617200000,
    0.916
  ],
  [
    1658703600000,
    0.813
  ],
  [
    1658790000000,
    0.761
  ],
  [
    1658876400000,
    0.893
  ],
  [
    1658962800000,
    0.913
  ],
  [
    1659049200000,
    0.898
  ],
  [
    1659222000000,
    0.918
  ],
  [
    1659308400000,
    0.908
  ],
  [
    1659394800000,
    0.825
  ],
  [
    1659481200000,
    0.975
  ],
  [
    1659654000000,
    0.69
  ],
  [
    1659740400000,
    0.913
  ],
  [
    1659826800000,
    0.978
  ],
  [
    1659913200000,
    0.89
  ],
  [
    1659999600000,
    0.996
  ],
  [
    1660086000000,
    1.059
  ],
  [
    1660172400000,
    1.077
  ],
  [
    1660258800000,
    0.855
  ],
  [
    1660345200000,
    0.85
  ],
  [
    1660431600000,
    0.985
  ],
  [
    1660518000000,
    0.871
  ],
  [
    1660604400000,
    0.828
  ],
  [
    1660690800000,
    0.976
  ],
  [
    1660777200000,
    0.82
  ],
  [
    1660863600000,
    0.918
  ],
  [
    1660950000000,
    1.051
  ],
  [
    1661122800000,
    0.935
  ],
  [
    1661209200000,
    1.016
  ],
  [
    1661295600000,
    0.959
  ],
  [
    1661382000000,
    0.73
  ],
  [
    1661468400000,
    0.885
  ],
  [
    1661554800000,
    0.955
  ],
  [
    1661641200000,
    0.89
  ],
  [
    1661727600000,
    1.051
  ],
  [
    1661814000000,
    1.021
  ],
  [
    1661900400000,
    0.97
  ],
  [
    1661986800000,
    1.018
  ],
  [
    1662073200000,
    1.01
  ],
  [
    1662159600000,
    1.081
  ],
  [
    1662246000000,
    1.09
  ],
  [
    1662332400000,
    1.174
  ],
  [
    1662505200000,
    1.01
  ],
  [
    1662591600000,
    1.01
  ],
  [
    1662678000000,
    1.154
  ],
  [
    1662764400000,
    1.133
  ],
  [
    1662850800000,
    1.204
  ],
  [
    1662937200000,
    1.197
  ],
  [
    1663023600000,
    1.325
  ],
  [
    1663110000000,
    1.12
  ],
  [
    1663282800000,
    1.069
  ],
  [
    1663369200000,
    1.046
  ],
  [
    1663455600000,
    1.132
  ],
  [
    1663542000000,
    1.197
  ],
  [
    1663628400000,
    1.117
  ],
  [
    1663714800000,
    1.191
  ],
  [
    1663801200000,
    1.104
  ],
  [
    1663887600000,
    1.058
  ],
  [
    1664060400000,
    1.143
  ],
  [
    1664233200000,
    1.122
  ],
  [
    1664319600000,
    1.132
  ],
  [
    1664406000000,
    1.08
  ],
  [
    1664492400000,
    1.09
  ],
  [
    1664578800000,
    1.086
  ],
  [
    1664665200000,
    1.199
  ],
  [
    1664751600000,
    1.081
  ],
  [
    1664838000000,
    1.09
  ],
  [
    1664924400000,
    1.085
  ],
  [
    1665010800000,
    1.005
  ],
  [
    1665097200000,
    1.127
  ],
  [
    1665183600000,
    1.121
  ],
  [
    1665270000000,
    1.147
  ],
  [
    1665356400000,
    1.229
  ],
  [
    1665442800000,
    1.162
  ],
  [
    1665529200000,
    1.245
  ],
  [
    1665615600000,
    1.281
  ],
  [
    1665702000000,
    1.321
  ],
  [
    1665788400000,
    1.389
  ],
  [
    1665874800000,
    1.277
  ],
  [
    1666047600000,
    1.302
  ],
  [
    1666134000000,
    1.205
  ],
  [
    1666306800000,
    1.343
  ],
  [
    1666393200000,
    0.955
  ],
  [
    1666479600000,
    1.21
  ],
  [
    1666566000000,
    1.255
  ],
  [
    1666652400000,
    1.29
  ],
  [
    1666738800000,
    1.264
  ],
  [
    1666825200000,
    1.205
  ],
  [
    1666911600000,
    1.132
  ],
  [
    1666998000000,
    1.287
  ],
  [
    1667084400000,
    1.31
  ],
  [
    1667174400000,
    1.364
  ],
  [
    1667260800000,
    1.406
  ],
  [
    1667347200000,
    1.39
  ],
  [
    1667520000000,
    1.64
  ],
  [
    1667606400000,
    1.628
  ],
  [
    1667865600000,
    1.659
  ],
  [
    1667952000000,
    1.34
  ],
  [
    1668124800000,
    1.494
  ],
  [
    1668211200000,
    1.552
  ],
  [
    1668297600000,
    1.703
  ],
  [
    1668384000000,
    1.742
  ],
  [
    1668556800000,
    1.46
  ],
  [
    1668816000000,
    0.81
  ],
  [
    1668988800000,
    1.304
  ],
  [
    1669075200000,
    1.67
  ],
  [
    1669161600000,
    1.477
  ],
  [
    1669334400000,
    1.345
  ],
  [
    1669420800000,
    1.433
  ],
  [
    1669507200000,
    1.572
  ],
  [
    1669593600000,
    1.46
  ],
  [
    1669766400000,
    1.577
  ],
  [
    1669852800000,
    1.569
  ],
  [
    1669939200000,
    1.861
  ],
  [
    1670025600000,
    1.821
  ],
  [
    1670198400000,
    1.819
  ],
  [
    1670457600000,
    1.58
  ],
  [
    1670544000000,
    1.68
  ],
  [
    1670630400000,
    1.808
  ],
  [
    1670716800000,
    1.7
  ],
  [
    1670803200000,
    1.64
  ],
  [
    1670889600000,
    1.735
  ],
  [
    1670976000000,
    1.786
  ],
  [
    1671148800000,
    1.435
  ],
  [
    1671235200000,
    1.79
  ],
  [
    1671321600000,
    1.683
  ],
  [
    1671408000000,
    1.583
  ],
  [
    1671580800000,
    1.58
  ],
  [
    1671667200000,
    1.53
  ],
  [
    1671753600000,
    1.544
  ],
  [
    1671840000000,
    1.455
  ],
  [
    1671926400000,
    1.47
  ],
  [
    1672012800000,
    1.412
  ],
  [
    1672099200000,
    1.264
  ],
  [
    1672185600000,
    1.387
  ],
  [
    1672272000000,
    1.505
  ],
  [
    1672358400000,
    1.468
  ],
  [
    1672444800000,
    1.44
  ],
  [
    1672531200000,
    1.345
  ],
  [
    1672617600000,
    1.409
  ],
  [
    1672704000000,
    0.969
  ],
  [
    1672790400000,
    1.272
  ],
  [
    1672876800000,
    1.345
  ],
  [
    1673049600000,
    1.383
  ],
  [
    1673136000000,
    1.347
  ],
  [
    1673222400000,
    1.539
  ],
  [
    1673308800000,
    1.443
  ],
  [
    1673395200000,
    1.401
  ],
  [
    1673481600000,
    1.591
  ],
  [
    1673568000000,
    1.449
  ],
  [
    1673654400000,
    1.379
  ],
  [
    1673740800000,
    1.49
  ],
  [
    1673827200000,
    1.61
  ],
  [
    1673913600000,
    1.452
  ],
  [
    1674000000000,
    1.453
  ],
  [
    1674086400000,
    1.391
  ],
  [
    1674172800000,
    1.606
  ],
  [
    1674259200000,
    1.525
  ],
  [
    1674345600000,
    1.545
  ],
  [
    1674432000000,
    1.772
  ],
  [
    1674518400000,
    1.634
  ],
  [
    1674604800000,
    1.608
  ],
  [
    1674691200000,
    1.575
  ],
  [
    1674777600000,
    1.38
  ],
  [
    1675036800000,
    1.755
  ],
  [
    1675123200000,
    1.862
  ],
  [
    1675209600000,
    1.822
  ],
  [
    1675296000000,
    1.912
  ],
  [
    1675382400000,
    1.716
  ],
  [
    1675468800000,
    1.85
  ],
  [
    1675641600000,
    1.982
  ],
  [
    1675728000000,
    1.944
  ],
  [
    1675814400000,
    1.942
  ],
  [
    1675900800000,
    1.782
  ],
  [
    1675987200000,
    1.863
  ],
  [
    1676073600000,
    1.46
  ],
  [
    1676160000000,
    1.664
  ],
  [
    1676246400000,
    1.701
  ],
  [
    1676332800000,
    0.96
  ],
  [
    1676419200000,
    1.965
  ],
  [
    1676505600000,
    1.847
  ],
  [
    1676592000000,
    1.278
  ],
  [
    1676764800000,
    1.38
  ],
  [
    1676851200000,
    1.383
  ],
  [
    1676937600000,
    1.868
  ],
  [
    1677024000000,
    1.797
  ],
  [
    1677196800000,
    1.9
  ],
  [
    1677283200000,
    1.55
  ],
  [
    1677369600000,
    1.885
  ],
  [
    1677456000000,
    1.68
  ],
  [
    1677542400000,
    1.697
  ],
  [
    1677628800000,
    1.667
  ],
  [
    1677715200000,
    2.037
  ],
  [
    1677801600000,
    1.995
  ],
  [
    1677888000000,
    1.489
  ],
  [
    1677974400000,
    2.02
  ],
  [
    1678060800000,
    1.96
  ],
  [
    1678233600000,
    1.09
  ],
  [
    1678320000000,
    1.673
  ],
  [
    1678406400000,
    1.974
  ],
  [
    1678492800000,
    1.899
  ],
  [
    1678579200000,
    1.72
  ],
  [
    1678665600000,
    2.009
  ],
  [
    1678752000000,
    1.066
  ],
  [
    1678838400000,
    1.939
  ],
  [
    1678924800000,
    1.703
  ],
  [
    1679011200000,
    1.66
  ],
  [
    1679097600000,
    1.552
  ],
  [
    1679184000000,
    1.521
  ],
  [
    1679270400000,
    1.566
  ],
  [
    1679356800000,
    1.522
  ],
  [
    1679443200000,
    1.811
  ],
  [
    1679529600000,
    1.193
  ],
  [
    1679702400000,
    1.667
  ],
  [
    1679788800000,
    1.517
  ],
  [
    1679871600000,
    1.538
  ],
  [
    1679958000000,
    1.367
  ],
  [
    1680044400000,
    1.349
  ],
  [
    1680130800000,
    1.671
  ],
  [
    1680303600000,
    1.484
  ],
  [
    1680390000000,
    1.58
  ],
  [
    1680476400000,
    1.591
  ],
  [
    1680562800000,
    1.354
  ],
  [
    1680649200000,
    1.621
  ],
  [
    1680735600000,
    1.523
  ],
  [
    1680822000000,
    1.522
  ],
  [
    1680908400000,
    1.111
  ],
  [
    1680994800000,
    1.547
  ],
  [
    1681081200000,
    1.546
  ],
  [
    1681167600000,
    1.66
  ],
  [
    1681254000000,
    1.244
  ],
  [
    1681340400000,
    1.538
  ],
  [
    1681426800000,
    1.53
  ],
  [
    1681513200000,
    1.77
  ],
  [
    1681599600000,
    1.408
  ],
  [
    1681686000000,
    1.637
  ],
  [
    1681772400000,
    1.609
  ],
  [
    1681858800000,
    1.715
  ],
  [
    1681945200000,
    1.693
  ],
  [
    1682031600000,
    1.629
  ],
  [
    1682118000000,
    1.839
  ],
  [
    1682204400000,
    1.649
  ],
  [
    1682290800000,
    1.776
  ],
  [
    1682377200000,
    1.918
  ],
  [
    1682463600000,
    1.703
  ],
  [
    1682550000000,
    1.67
  ],
  [
    1682636400000,
    1.734
  ],
  [
    1682722800000,
    1.989
  ],
  [
    1682809200000,
    1.554
  ],
  [
    1682895600000,
    1.771
  ],
  [
    1682982000000,
    1.546
  ],
  [
    1683154800000,
    1.586
  ],
  [
    1683241200000,
    1.476
  ],
  [
    1683327600000,
    1.471
  ],
  [
    1683414000000,
    1.398
  ],
  [
    1683500400000,
    1.281
  ],
  [
    1683586800000,
    1.423
  ],
  [
    1683673200000,
    1.377
  ],
  [
    1683759600000,
    1.691
  ],
  [
    1683846000000,
    1.724
  ],
  [
    1683932400000,
    1.632
  ],
  [
    1684018800000,
    1.591
  ],
  [
    1684105200000,
    1.854
  ],
  [
    1684191600000,
    1.81
  ],
  [
    1684278000000,
    1.877
  ],
  [
    1684364400000,
    1.855
  ],
  [
    1684450800000,
    1.863
  ],
  [
    1684537200000,
    1.921
  ],
  [
    1684623600000,
    1.842
  ],
  [
    1684710000000,
    1.631
  ],
  [
    1684796400000,
    1.93
  ],
  [
    1684882800000,
    1.436
  ],
  [
    1684969200000,
    1.062
  ],
  [
    1685055600000,
    1.18
  ],
  [
    1685142000000,
    1.497
  ],
  [
    1685228400000,
    1.872
  ],
  [
    1685314800000,
    1.875
  ],
  [
    1685401200000,
    1.412
  ],
  [
    1685487600000,
    1.771
  ],
  [
    1685574000000,
    1.938
  ],
  [
    1685660400000,
    1.809
  ],
  [
    1685746800000,
    1.585
  ],
  [
    1685833200000,
    1.418
  ],
  [
    1685919600000,
    1.7
  ],
  [
    1686006000000,
    2.12
  ],
  [
    1686092400000,
    1.857
  ],
  [
    1686178800000,
    1.722
  ],
  [
    1686351600000,
    1.754
  ],
  [
    1686438000000,
    1.82
  ],
  [
    1686524400000,
    1.529
  ],
  [
    1686610800000,
    1.895
  ],
  [
    1686697200000,
    1.462
  ],
  [
    1686783600000,
    2.48
  ],
  [
    1686870000000,
    2.243
  ],
  [
    1687042800000,
    2.14
  ],
  [
    1687129200000,
    2.18
  ],
  [
    1687215600000,
    2.511
  ],
  [
    1687302000000,
    0.84
  ],
  [
    1687388400000,
    3.019
  ],
  [
    1687474800000,
    2.48
  ],
  [
    1687561200000,
    1.182
  ],
  [
    1687647600000,
    2.327
  ],
  [
    1687734000000,
    2.539
  ],
  [
    1687820400000,
    0.834
  ],
  [
    1687906800000,
    2.083
  ],
  [
    1687993200000,
    1.83
  ],
  [
    1688079600000,
    1.081
  ],
  [
    1688166000000,
    2.125
  ],
  [
    1688252400000,
    2
  ],
  [
    1688338800000,
    1.811
  ],
  [
    1688425200000,
    1.949
  ],
  [
    1688511600000,
    2.243
  ],
  [
    1688598000000,
    1.968
  ],
  [
    1688684400000,
    0.966
  ],
  [
    1688770800000,
    1.138
  ],
  [
    1688857200000,
    1.583
  ],
  [
    1688943600000,
    1.75
  ],
  [
    1689030000000,
    1.885
  ],
  [
    1689116400000,
    1.742
  ],
  [
    1689202800000,
    2.042
  ],
  [
    1689289200000,
    1.716
  ],
  [
    1689375600000,
    1.134
  ],
  [
    1689548400000,
    1.928
  ],
  [
    1689634800000,
    1.972
  ],
  [
    1689721200000,
    1.924
  ],
  [
    1689807600000,
    1.852
  ],
  [
    1689894000000,
    1.983
  ],
  [
    1689980400000,
    2.061
  ],
  [
    1690066800000,
    1.632
  ],
  [
    1690153200000,
    2.01
  ],
  [
    1690239600000,
    2.016
  ],
  [
    1690498800000,
    2.178
  ],
  [
    1690585200000,
    1.737
  ],
  [
    1690671600000,
    1.857
  ],
  [
    1690758000000,
    2.236
  ],
  [
    1690844400000,
    1.972
  ],
  [
    1691103600000,
    2.198
  ],
  [
    1691190000000,
    1.247
  ],
  [
    1691362800000,
    2.214
  ],
  [
    1691449200000,
    1.58
  ],
  [
    1691535600000,
    2.275
  ],
  [
    1691622000000,
    1.995
  ],
  [
    1691708400000,
    1.95
  ],
  [
    1691794800000,
    1.022
  ],
  [
    1691881200000,
    2.031
  ],
  [
    1691967600000,
    2.019
  ],
  [
    1692054000000,
    2.098
  ],
  [
    1692140400000,
    2.031
  ],
  [
    1692226800000,
    2.16
  ],
  [
    1692313200000,
    2.049
  ],
  [
    1692399600000,
    1.927
  ],
  [
    1692486000000,
    2.349
  ],
  [
    1692572400000,
    2.19
  ],
  [
    1692658800000,
    1.942
  ],
  [
    1692745200000,
    2.26
  ],
  [
    1692831600000,
    1.509
  ],
  [
    1692918000000,
    1.917
  ],
  [
    1693004400000,
    1.537
  ],
  [
    1693090800000,
    2.206
  ],
  [
    1693177200000,
    2.216
  ],
  [
    1693263600000,
    2.122
  ],
  [
    1693350000000,
    2.139
  ],
  [
    1693695600000,
    2.009
  ],
  [
    1693782000000,
    2.2
  ],
  [
    1693868400000,
    2.272
  ],
  [
    1693954800000,
    1.935
  ],
  [
    1694041200000,
    2.339
  ],
  [
    1694127600000,
    2.405
  ],
  [
    1694214000000,
    1.143
  ],
  [
    1694300400000,
    2.095
  ],
  [
    1694386800000,
    1.719
  ],
  [
    1694473200000,
    2.458
  ],
  [
    1694559600000,
    2.414
  ],
  [
    1694646000000,
    2.06
  ],
  [
    1694732400000,
    2.438
  ],
  [
    1694818800000,
    2.53
  ],
  [
    1694905200000,
    1.012
  ],
  [
    1694991600000,
    2.3
  ],
  [
    1695078000000,
    2.52
  ],
  [
    1695164400000,
    2.431
  ],
  [
    1695337200000,
    2.13
  ],
  [
    1695423600000,
    2.206
  ],
  [
    1695510000000,
    2.435
  ],
  [
    1695596400000,
    2.458
  ],
  [
    1695682800000,
    2.405
  ],
  [
    1695769200000,
    1.807
  ],
  [
    1695855600000,
    2.2
  ],
  [
    1695942000000,
    2.16
  ],
  [
    1696028400000,
    2.143
  ],
  [
    1696201200000,
    1.93
  ],
  [
    1696287600000,
    2.102
  ],
  [
    1696374000000,
    2.15
  ],
  [
    1696460400000,
    1.578
  ],
  [
    1696546800000,
    2.15
  ],
  [
    1696633200000,
    2.348
  ],
  [
    1696719600000,
    2.429
  ],
  [
    1696806000000,
    2.208
  ],
  [
    1696892400000,
    2.564
  ],
  [
    1696978800000,
    2.025
  ],
  [
    1697065200000,
    2.571
  ],
  [
    1697151600000,
    2.213
  ],
  [
    1697238000000,
    2.54
  ],
  [
    1697324400000,
    2.337
  ],
  [
    1697410800000,
    2.739
  ],
  [
    1697497200000,
    2.658
  ],
  [
    1697583600000,
    2.68
  ],
  [
    1697756400000,
    2.794
  ],
  [
    1697842800000,
    2.831
  ],
  [
    1697929200000,
    2.807
  ],
  [
    1698015600000,
    2.648
  ],
  [
    1698102000000,
    2.671
  ],
  [
    1698188400000,
    2.664
  ],
  [
    1698274800000,
    2.77
  ],
  [
    1698361200000,
    2.209
  ],
  [
    1698447600000,
    2.57
  ],
  [
    1698534000000,
    2.607
  ],
  [
    1698624000000,
    2.581
  ],
  [
    1698710400000,
    2.61
  ],
  [
    1698796800000,
    2.723
  ],
  [
    1698883200000,
    2.585
  ],
  [
    1698969600000,
    2.613
  ],
  [
    1699056000000,
    2.685
  ],
  [
    1699142400000,
    2.737
  ],
  [
    1699228800000,
    1.952
  ],
  [
    1699315200000,
    1.141
  ],
  [
    1699401600000,
    2.783
  ],
  [
    1699488000000,
    2.703
  ],
  [
    1699574400000,
    2.16
  ],
  [
    1699660800000,
    2.841
  ],
  [
    1699747200000,
    2.54
  ],
  [
    1699833600000,
    2.685
  ],
  [
    1699920000000,
    2.781
  ],
  [
    1700006400000,
    2.946
  ],
  [
    1700092800000,
    2.58
  ],
  [
    1700179200000,
    2.55
  ],
  [
    1700524800000,
    2.533
  ],
  [
    1700611200000,
    2.7
  ],
  [
    1700697600000,
    1.613
  ],
  [
    1700784000000,
    2.654
  ],
  [
    1700870400000,
    2.24
  ],
  [
    1700956800000,
    2.441
  ],
  [
    1701129600000,
    2.39
  ],
  [
    1701216000000,
    2.6
  ],
  [
    1701302400000,
    2.048
  ],
  [
    1701388800000,
    2.718
  ],
  [
    1701475200000,
    2.81
  ],
  [
    1701561600000,
    2.86
  ],
  [
    1701648000000,
    2.5
  ],
  [
    1701734400000,
    2.952
  ],
  [
    1701820800000,
    3
  ],
  [
    1702080000000,
    2.84
  ],
  [
    1702166400000,
    2.8
  ],
  [
    1702339200000,
    2.863
  ],
  [
    1702425600000,
    2.92
  ],
  [
    1702512000000,
    2.88
  ],
  [
    1702598400000,
    2.85
  ],
  [
    1702684800000,
    2.961
  ],
  [
    1702771200000,
    2.95
  ],
  [
    1702857600000,
    3.044
  ],
  [
    1702944000000,
    2.669
  ],
  [
    1703030400000,
    3.14
  ],
  [
    1703116800000,
    2.119
  ],
  [
    1703203200000,
    1.079
  ],
  [
    1703376000000,
    2.58
  ],
  [
    1703462400000,
    1.88
  ],
  [
    1703721600000,
    2.812
  ],
  [
    1703808000000,
    2.675
  ],
  [
    1703894400000,
    2.56
  ],
  [
    1703980800000,
    1.035
  ],
  [
    1704067200000,
    1.035
  ],
  [
    1704153600000,
    2.635
  ],
  [
    1704326400000,
    2.567
  ],
  [
    1704412800000,
    2.76
  ],
  [
    1704499200000,
    2.921
  ],
  [
    1704672000000,
    3.134
  ],
  [
    1704844800000,
    3.06
  ],
  [
    1704931200000,
    3.232
  ],
  [
    1705017600000,
    2.155
  ],
  [
    1705276800000,
    3.29
  ],
  [
    1705363200000,
    2.705
  ],
  [
    1705449600000,
    3.667
  ],
  [
    1705536000000,
    3.77
  ],
  [
    1705708800000,
    3.76
  ],
  [
    1705968000000,
    3
  ],
  [
    1706054400000,
    3.205
  ],
  [
    1706140800000,
    3.042
  ],
  [
    1706227200000,
    1.657
  ],
  [
    1706486400000,
    2.197
  ],
  [
    1706745600000,
    2.79
  ],
  [
    1706832000000,
    2.77
  ],
  [
    1706918400000,
    2.99
  ],
  [
    1707091200000,
    2.89
  ],
  [
    1707177600000,
    2.475
  ],
  [
    1707350400000,
    2.993
  ],
  [
    1707436800000,
    2.038
  ],
  [
    1707523200000,
    2.809
  ],
  [
    1707696000000,
    2.71
  ],
  [
    1707782400000,
    2.579
  ],
  [
    1707868800000,
    1.775
  ],
  [
    1707955200000,
    2.852
  ],
  [
    1708041600000,
    3.34
  ],
  [
    1708128000000,
    3.051
  ],
  [
    1708214400000,
    2.339
  ],
  [
    1708300800000,
    3.532
  ],
  [
    1708387200000,
    2.442
  ],
  [
    1708473600000,
    3.76
  ],
  [
    1708560000000,
    3.84
  ],
  [
    1708646400000,
    3.9
  ],
  [
    1708732800000,
    3.45
  ],
  [
    1708819200000,
    4.076
  ],
  [
    1709078400000,
    3.485
  ],
  [
    1709164800000,
    1.155
  ],
  [
    1709596800000,
    4.112
  ],
  [
    1709683200000,
    4.156
  ],
  [
    1709769600000,
    4.298
  ],
  [
    1710028800000,
    4.27
  ],
  [
    1710115200000,
    4.53
  ],
  [
    1710201600000,
    4.57
  ],
  [
    1710288000000,
    4.68
  ],
  [
    1710547200000,
    3.562
  ],
  [
    1710633600000,
    3.36
  ],
  [
    1710720000000,
    3.07
  ],
  [
    1710806400000,
    3.656
  ],
  [
    1710892800000,
    2.377
  ],
  [
    1710979200000,
    3.662
  ],
  [
    1711065600000,
    3.6
  ],
  [
    1711152000000,
    3.634
  ],
  [
    1711238400000,
    3.643
  ],
  [
    1711324800000,
    3.83
  ],
  [
    1711497600000,
    3.623
  ],
  [
    1711670400000,
    3.557
  ],
  [
    1711756800000,
    3.886
  ],
  [
    1711843200000,
    3.602
  ],
  [
    1711926000000,
    3.815
  ],
  [
    1712012400000,
    3.896
  ],
  [
    1712185200000,
    3.24
  ],
  [
    1712271600000,
    4.215
  ],
  [
    1712358000000,
    4.35
  ],
  [
    1712530800000,
    4.47
  ],
  [
    1712617200000,
    4.653
  ],
  [
    1712790000000,
    4.68
  ],
  [
    1712876400000,
    4.727
  ],
  [
    1712962800000,
    4.54
  ],
  [
    1713049200000,
    4.57
  ],
  [
    1713481200000,
    2.76
  ],
  [
    1713999600000,
    4.41
  ],
  [
    1714258800000,
    4.136
  ],
  [
    1714345200000,
    4.095
  ],
  [
    1714431600000,
    4.2
  ],
  [
    1714518000000,
    4.39
  ],
  [
    1714604400000,
    4.45
  ],
  [
    1714777200000,
    4.85
  ],
  [
    1714950000000,
    4.415
  ],
  [
    1715122800000,
    4.443
  ],
  [
    1715295600000,
    4.5
  ],
  [
    1715382000000,
    4.146
  ],
  [
    1715641200000,
    4.15
  ],
  [
    1715814000000,
    4.37
  ],
  [
    1716159600000,
    4.96
  ],
  [
    1716246000000,
    4.88
  ],
  [
    1716332400000,
    4.97
  ],
  [
    1716796800000,
    4.75
  ],
  [
    1716876000000,
    4.73
  ],
  [
    1716915600000,
    4.84
  ],
  [
    1717099200000,
    5.1
  ],
  [
    1717171200000,
    5.22
  ],
  [
    1717196400000,
    5.49
  ],
  [
    1717286400000,
    6.245
  ],
  [
    1717322400000,
    5.685
  ],
  [
    1717520400000,
    6.03
  ],
  [
    1717693200000,
    6.33
  ],
  [
    1717707600000,
    7.6
  ],
  [
    1717905600000,
    6.47
  ],
  [
    1717941600000,
    6.55
  ],
  [
    1718197200000,
    5
  ],
  [
    1718672400000,
    4.61
  ],
  [
    1719018000000,
    4.4
  ]
]