[
  [
    1574121600000,
    1.214
  ],
  [
    1574208000000,
    0.039
  ],
  [
    1574294400000,
    0.042
  ],
  [
    1574380800000,
    0.046
  ],
  [
    1574467200000,
    0.054
  ],
  [
    1574553600000,
    0.052
  ],
  [
    1574640000000,
    0.045
  ],
  [
    1574726400000,
    0.051
  ],
  [
    1574812800000,
    0.062
  ],
  [
    1574899200000,
    0.057
  ],
  [
    1574985600000,
    0.066
  ],
  [
    1575072000000,
    0.082
  ],
  [
    1575158400000,
    0.059
  ],
  [
    1575244800000,
    0.06
  ],
  [
    1575331200000,
    0.08
  ],
  [
    1575417600000,
    0.052
  ],
  [
    1575504000000,
    0.05
  ],
  [
    1575590400000,
    6.611
  ],
  [
    1575676800000,
    0.047
  ],
  [
    1575763200000,
    0.057
  ],
  [
    1575849600000,
    5.846
  ],
  [
    1575936000000,
    0.05
  ],
  [
    1576022400000,
    0.051
  ],
  [
    1576108800000,
    2.468
  ],
  [
    1576195200000,
    0.052
  ],
  [
    1576281600000,
    0.912
  ],
  [
    1576368000000,
    0.045
  ],
  [
    1576454400000,
    0.05
  ],
  [
    1576540800000,
    0.043
  ],
  [
    1576627200000,
    0.041
  ],
  [
    1576713600000,
    0.044
  ],
  [
    1576800000000,
    0.044
  ],
  [
    1576886400000,
    0.037
  ],
  [
    1576972800000,
    0.038
  ],
  [
    1577059200000,
    0.04
  ],
  [
    1577145600000,
    0.037
  ],
  [
    1577232000000,
    0.037
  ],
  [
    1577318400000,
    0.049
  ],
  [
    1577404800000,
    0.04
  ],
  [
    1577491200000,
    0.04
  ],
  [
    1577577600000,
    0.04
  ],
  [
    1577664000000,
    0.046
  ],
  [
    1577750400000,
    0.042
  ],
  [
    1577836800000,
    0.03
  ],
  [
    1577923200000,
    0.03
  ],
  [
    1578009600000,
    0.033
  ],
  [
    1578096000000,
    0.032
  ],
  [
    1578182400000,
    0.036
  ],
  [
    1578268800000,
    0.036
  ],
  [
    1578355200000,
    1.454
  ],
  [
    1578441600000,
    0.032
  ],
  [
    1578528000000,
    0.038
  ],
  [
    1578614400000,
    0.038
  ],
  [
    1578700800000,
    0.036
  ],
  [
    1578787200000,
    0.209
  ],
  [
    1578873600000,
    0.042
  ],
  [
    1578960000000,
    0.037
  ],
  [
    1579046400000,
    0.033
  ],
  [
    1579132800000,
    0.392
  ],
  [
    1579219200000,
    0.036
  ],
  [
    1579305600000,
    0.036
  ],
  [
    1579392000000,
    0.04
  ],
  [
    1579478400000,
    0.446
  ],
  [
    1579564800000,
    0.177
  ],
  [
    1579651200000,
    0.366
  ],
  [
    1579737600000,
    0.042
  ],
  [
    1579824000000,
    0.045
  ],
  [
    1579910400000,
    2.885
  ],
  [
    1579996800000,
    0.751
  ],
  [
    1580083200000,
    0.039
  ],
  [
    1580169600000,
    0.039
  ],
  [
    1580256000000,
    0.036
  ],
  [
    1580342400000,
    0.453
  ],
  [
    1580428800000,
    0.037
  ],
  [
    1580515200000,
    0.064
  ],
  [
    1580601600000,
    0.068
  ],
  [
    1580688000000,
    0.053
  ],
  [
    1580774400000,
    0.071
  ],
  [
    1580860800000,
    0.079
  ],
  [
    1580947200000,
    0.068
  ],
  [
    1581033600000,
    0.06
  ],
  [
    1581120000000,
    0.055
  ],
  [
    1581206400000,
    0.052
  ],
  [
    1581292800000,
    0.042
  ],
  [
    1581379200000,
    0.047
  ],
  [
    1581465600000,
    0.045
  ],
  [
    1581552000000,
    0.044
  ],
  [
    1581638400000,
    0.045
  ],
  [
    1581724800000,
    0.047
  ],
  [
    1581811200000,
    0.046
  ],
  [
    1581897600000,
    0.052
  ],
  [
    1581984000000,
    0.048
  ],
  [
    1582070400000,
    0.045
  ],
  [
    1582156800000,
    0.042
  ],
  [
    1582243200000,
    0.041
  ],
  [
    1582329600000,
    0.047
  ],
  [
    1582416000000,
    0.322
  ],
  [
    1582502400000,
    0.056
  ],
  [
    1582588800000,
    0.056
  ],
  [
    1582675200000,
    0.051
  ],
  [
    1582761600000,
    0.047
  ],
  [
    1582848000000,
    0.051
  ],
  [
    1582934400000,
    0.053
  ],
  [
    1583020800000,
    0.054
  ],
  [
    1583107200000,
    0.055
  ],
  [
    1583193600000,
    0.052
  ],
  [
    1583280000000,
    0.049
  ],
  [
    1583366400000,
    0.048
  ],
  [
    1583452800000,
    0.05
  ],
  [
    1583539200000,
    0.047
  ],
  [
    1583625600000,
    0.048
  ],
  [
    1583712000000,
    0.046
  ],
  [
    1583798400000,
    0.044
  ],
  [
    1583884800000,
    0.047
  ],
  [
    1583971200000,
    0.045
  ],
  [
    1584057600000,
    0.046
  ],
  [
    1584144000000,
    1.008
  ],
  [
    1584230400000,
    0.047
  ],
  [
    1584316800000,
    0.046
  ],
  [
    1584403200000,
    0.044
  ],
  [
    1584489600000,
    0.047
  ],
  [
    1584576000000,
    0.047
  ],
  [
    1584662400000,
    0.047
  ],
  [
    1584748800000,
    0.049
  ],
  [
    1584835200000,
    0.047
  ],
  [
    1584921600000,
    0.048
  ],
  [
    1585008000000,
    0.049
  ],
  [
    1585094400000,
    0.049
  ],
  [
    1585180800000,
    0.048
  ],
  [
    1585267200000,
    0.053
  ],
  [
    1585353600000,
    0.053
  ],
  [
    1585440000000,
    0.054
  ],
  [
    1585522800000,
    0.058
  ],
  [
    1585609200000,
    0.049
  ],
  [
    1585695600000,
    0.047
  ],
  [
    1585782000000,
    0.05
  ],
  [
    1585868400000,
    0.053
  ],
  [
    1585954800000,
    0.047
  ],
  [
    1586041200000,
    0.049
  ],
  [
    1586127600000,
    0.664
  ],
  [
    1586214000000,
    0.046
  ],
  [
    1586300400000,
    0.047
  ],
  [
    1586386800000,
    0.05
  ],
  [
    1586473200000,
    0.057
  ],
  [
    1586559600000,
    0.051
  ],
  [
    1586646000000,
    0.048
  ],
  [
    1586732400000,
    0.057
  ],
  [
    1586818800000,
    0.051
  ],
  [
    1586905200000,
    0.05
  ],
  [
    1586991600000,
    0.05
  ],
  [
    1587078000000,
    0.051
  ],
  [
    1587164400000,
    0.05
  ],
  [
    1587250800000,
    0.053
  ],
  [
    1587337200000,
    0.053
  ],
  [
    1587423600000,
    0.058
  ],
  [
    1587510000000,
    0.056
  ],
  [
    1587596400000,
    0.052
  ],
  [
    1587682800000,
    0.052
  ],
  [
    1587769200000,
    0.058
  ],
  [
    1587855600000,
    0.056
  ],
  [
    1587942000000,
    0.056
  ],
  [
    1588028400000,
    0.057
  ],
  [
    1588114800000,
    0.061
  ],
  [
    1588201200000,
    0.06
  ],
  [
    1588287600000,
    0.059
  ],
  [
    1588374000000,
    0.064
  ],
  [
    1588460400000,
    0.066
  ],
  [
    1588546800000,
    0.076
  ],
  [
    1588633200000,
    0.077
  ],
  [
    1588719600000,
    0.083
  ],
  [
    1588806000000,
    0.087
  ],
  [
    1588892400000,
    0.085
  ],
  [
    1588978800000,
    0.087
  ],
  [
    1589065200000,
    0.083
  ],
  [
    1589151600000,
    0.087
  ],
  [
    1589238000000,
    0.087
  ],
  [
    1589324400000,
    0.088
  ],
  [
    1589410800000,
    0.085
  ],
  [
    1589497200000,
    0.089
  ],
  [
    1589583600000,
    0.092
  ],
  [
    1589670000000,
    0.095
  ],
  [
    1589756400000,
    0.104
  ],
  [
    1589842800000,
    0.109
  ],
  [
    1589929200000,
    0.103
  ],
  [
    1590015600000,
    0.106
  ],
  [
    1590102000000,
    0.111
  ],
  [
    1590188400000,
    0.104
  ],
  [
    1590274800000,
    0.108
  ],
  [
    1590361200000,
    0.112
  ],
  [
    1590447600000,
    0.104
  ],
  [
    1590534000000,
    0.113
  ],
  [
    1590620400000,
    0.108
  ],
  [
    1590706800000,
    0.109
  ],
  [
    1590793200000,
    0.103
  ],
  [
    1590879600000,
    0.101
  ],
  [
    1590966000000,
    0.091
  ],
  [
    1591052400000,
    0.091
  ],
  [
    1591138800000,
    0.094
  ],
  [
    1591225200000,
    0.092
  ],
  [
    1591311600000,
    0.094
  ],
  [
    1591398000000,
    0.096
  ],
  [
    1591484400000,
    0.09
  ],
  [
    1591570800000,
    0.093
  ],
  [
    1591657200000,
    0.093
  ],
  [
    1591743600000,
    0.095
  ],
  [
    1591830000000,
    0.105
  ],
  [
    1591916400000,
    0.1
  ],
  [
    1592002800000,
    0.096
  ],
  [
    1592089200000,
    0.101
  ],
  [
    1592175600000,
    0.134
  ],
  [
    1592262000000,
    0.091
  ],
  [
    1592348400000,
    0.09
  ],
  [
    1592434800000,
    0.088
  ],
  [
    1592521200000,
    0.095
  ],
  [
    1592607600000,
    0.085
  ],
  [
    1592694000000,
    0.086
  ],
  [
    1592780400000,
    0.086
  ],
  [
    1592866800000,
    0.087
  ],
  [
    1592953200000,
    0.087
  ],
  [
    1593039600000,
    0.091
  ],
  [
    1593126000000,
    0.078
  ],
  [
    1593212400000,
    0.078
  ],
  [
    1593298800000,
    0.084
  ],
  [
    1593385200000,
    0.078
  ],
  [
    1593471600000,
    0.074
  ],
  [
    1593558000000,
    0.074
  ],
  [
    1593644400000,
    0.071
  ],
  [
    1593730800000,
    0.078
  ],
  [
    1593817200000,
    0.081
  ],
  [
    1593903600000,
    0.081
  ],
  [
    1593990000000,
    0.083
  ],
  [
    1594076400000,
    0.139
  ],
  [
    1594162800000,
    0.089
  ],
  [
    1594249200000,
    0.55
  ],
  [
    1594335600000,
    0.093
  ],
  [
    1594422000000,
    0.178
  ],
  [
    1594508400000,
    0.274
  ],
  [
    1594594800000,
    0.261
  ],
  [
    1594681200000,
    0.103
  ],
  [
    1594767600000,
    0.099
  ],
  [
    1594854000000,
    0.105
  ],
  [
    1594940400000,
    0.094
  ],
  [
    1595026800000,
    0.102
  ],
  [
    1595113200000,
    0.099
  ],
  [
    1595199600000,
    0.108
  ],
  [
    1595286000000,
    0.098
  ],
  [
    1595372400000,
    0.091
  ],
  [
    1595458800000,
    0.104
  ],
  [
    1595545200000,
    0.114
  ],
  [
    1595631600000,
    0.103
  ],
  [
    1595718000000,
    0.107
  ],
  [
    1595804400000,
    0.102
  ],
  [
    1595890800000,
    0.107
  ],
  [
    1595977200000,
    0.117
  ],
  [
    1596063600000,
    0.108
  ],
  [
    1596150000000,
    0.115
  ],
  [
    1596236400000,
    0.134
  ],
  [
    1596322800000,
    0.126
  ],
  [
    1596409200000,
    0.118
  ],
  [
    1596495600000,
    0.118
  ],
  [
    1596582000000,
    0.126
  ],
  [
    1596668400000,
    0.124
  ],
  [
    1596754800000,
    0.314
  ],
  [
    1596841200000,
    0.124
  ],
  [
    1596927600000,
    0.115
  ],
  [
    1597014000000,
    0.114
  ],
  [
    1597100400000,
    0.12
  ],
  [
    1597186800000,
    0.113
  ],
  [
    1597273200000,
    0.116
  ],
  [
    1597359600000,
    0.115
  ],
  [
    1597446000000,
    0.244
  ],
  [
    1597532400000,
    0.099
  ],
  [
    1597618800000,
    0.11
  ],
  [
    1597705200000,
    0.11
  ],
  [
    1597791600000,
    0.113
  ],
  [
    1597878000000,
    0.243
  ],
  [
    1597964400000,
    0.116
  ],
  [
    1598050800000,
    0.117
  ],
  [
    1598137200000,
    0.123
  ],
  [
    1598223600000,
    0.109
  ],
  [
    1598310000000,
    0.109
  ],
  [
    1598396400000,
    0.109
  ],
  [
    1598482800000,
    0.104
  ],
  [
    1598569200000,
    0.107
  ],
  [
    1598655600000,
    0.115
  ],
  [
    1598742000000,
    0.109
  ],
  [
    1598828400000,
    0.131
  ],
  [
    1598914800000,
    0.119
  ],
  [
    1599001200000,
    0.108
  ],
  [
    1599087600000,
    0.113
  ],
  [
    1599174000000,
    0.098
  ],
  [
    1599260400000,
    0.105
  ],
  [
    1599346800000,
    0.107
  ],
  [
    1599433200000,
    0.112
  ],
  [
    1599519600000,
    0.105
  ],
  [
    1599606000000,
    0.108
  ],
  [
    1599692400000,
    0.112
  ],
  [
    1599778800000,
    0.107
  ],
  [
    1599865200000,
    0.106
  ],
  [
    1599951600000,
    0.098
  ],
  [
    1600038000000,
    0.11
  ],
  [
    1600124400000,
    0.105
  ],
  [
    1600210800000,
    0.106
  ],
  [
    1600297200000,
    0.108
  ],
  [
    1600383600000,
    0.107
  ],
  [
    1600470000000,
    0.114
  ],
  [
    1600556400000,
    0.105
  ],
  [
    1600642800000,
    0.108
  ],
  [
    1600729200000,
    0.108
  ],
  [
    1600815600000,
    0.109
  ],
  [
    1600902000000,
    0.108
  ],
  [
    1600988400000,
    0.108
  ],
  [
    1601074800000,
    0.109
  ],
  [
    1601161200000,
    0.106
  ],
  [
    1601247600000,
    0.11
  ],
  [
    1601334000000,
    0.109
  ],
  [
    1601420400000,
    0.108
  ],
  [
    1601506800000,
    0.111
  ],
  [
    1601593200000,
    0.115
  ],
  [
    1601679600000,
    0.112
  ],
  [
    1601766000000,
    0.355
  ],
  [
    1601852400000,
    0.118
  ],
  [
    1601938800000,
    0.116
  ],
  [
    1602025200000,
    0.116
  ],
  [
    1602111600000,
    0.115
  ],
  [
    1602198000000,
    0.12
  ],
  [
    1602284400000,
    0.129
  ],
  [
    1602370800000,
    0.125
  ],
  [
    1602457200000,
    0.127
  ],
  [
    1602543600000,
    0.128
  ],
  [
    1602630000000,
    0.131
  ],
  [
    1602716400000,
    0.136
  ],
  [
    1602802800000,
    0.127
  ],
  [
    1602889200000,
    0.141
  ],
  [
    1602975600000,
    0.14
  ],
  [
    1603062000000,
    0.149
  ],
  [
    1603148400000,
    0.139
  ],
  [
    1603234800000,
    0.151
  ],
  [
    1603321200000,
    0.148
  ],
  [
    1603407600000,
    0.138
  ],
  [
    1603494000000,
    0.134
  ],
  [
    1603580400000,
    0.135
  ],
  [
    1603670400000,
    0.131
  ],
  [
    1603756800000,
    0.141
  ],
  [
    1603843200000,
    0.135
  ],
  [
    1603929600000,
    0.146
  ],
  [
    1604016000000,
    0.135
  ],
  [
    1604102400000,
    0.135
  ],
  [
    1604188800000,
    0.144
  ],
  [
    1604275200000,
    0.366
  ],
  [
    1604361600000,
    0.271
  ],
  [
    1604448000000,
    0.136
  ],
  [
    1604534400000,
    0.136
  ],
  [
    1604620800000,
    0.135
  ],
  [
    1604707200000,
    0.194
  ],
  [
    1604793600000,
    1.008
  ],
  [
    1604880000000,
    0.133
  ],
  [
    1604966400000,
    0.291
  ],
  [
    1605052800000,
    0.13
  ],
  [
    1605139200000,
    0.132
  ],
  [
    1605225600000,
    0.129
  ],
  [
    1605312000000,
    0.136
  ],
  [
    1605398400000,
    0.283
  ],
  [
    1605484800000,
    0.122
  ],
  [
    1605571200000,
    0.127
  ],
  [
    1605657600000,
    0.119
  ],
  [
    1605744000000,
    0.127
  ],
  [
    1605830400000,
    0.129
  ],
  [
    1605916800000,
    0.123
  ],
  [
    1606003200000,
    0.131
  ],
  [
    1606089600000,
    0.122
  ],
  [
    1606176000000,
    0.125
  ],
  [
    1606262400000,
    1.364
  ],
  [
    1606348800000,
    0.117
  ],
  [
    1606435200000,
    0.119
  ],
  [
    1606521600000,
    0.122
  ],
  [
    1606608000000,
    0.128
  ],
  [
    1606694400000,
    0.133
  ],
  [
    1606780800000,
    0.124
  ],
  [
    1606867200000,
    0.133
  ],
  [
    1606953600000,
    0.127
  ],
  [
    1607040000000,
    0.124
  ],
  [
    1607126400000,
    0.125
  ],
  [
    1607212800000,
    1.756
  ],
  [
    1607299200000,
    0.112
  ],
  [
    1607385600000,
    0.126
  ],
  [
    1607472000000,
    0.115
  ],
  [
    1607558400000,
    0.112
  ],
  [
    1607644800000,
    4.161
  ],
  [
    1607731200000,
    0.11
  ],
  [
    1607817600000,
    0.118
  ],
  [
    1607904000000,
    0.127
  ],
  [
    1607990400000,
    0.121
  ],
  [
    1608076800000,
    0.125
  ],
  [
    1608163200000,
    0.124
  ],
  [
    1608249600000,
    0.128
  ],
  [
    1608336000000,
    0.129
  ],
  [
    1608422400000,
    0.132
  ],
  [
    1608508800000,
    0.132
  ],
  [
    1608595200000,
    0.122
  ],
  [
    1608681600000,
    0.122
  ],
  [
    1608768000000,
    0.12
  ],
  [
    1608854400000,
    5.352
  ],
  [
    1608940800000,
    0.119
  ],
  [
    1609027200000,
    0.131
  ],
  [
    1609113600000,
    0.125
  ],
  [
    1609200000000,
    0.126
  ],
  [
    1609286400000,
    0.123
  ],
  [
    1609372800000,
    0.134
  ],
  [
    1609459200000,
    0.249
  ],
  [
    1609545600000,
    0.147
  ],
  [
    1609632000000,
    0.171
  ],
  [
    1609718400000,
    0.161
  ],
  [
    1609804800000,
    0.169
  ],
  [
    1609891200000,
    0.158
  ],
  [
    1609977600000,
    0.279
  ],
  [
    1610064000000,
    0.193
  ],
  [
    1610150400000,
    0.193
  ],
  [
    1610236800000,
    0.197
  ],
  [
    1610323200000,
    0.196
  ],
  [
    1610409600000,
    0.197
  ],
  [
    1610496000000,
    0.202
  ],
  [
    1610582400000,
    0.335
  ],
  [
    1610668800000,
    0.184
  ],
  [
    1610755200000,
    0.192
  ],
  [
    1610841600000,
    0.192
  ],
  [
    1610928000000,
    0.185
  ],
  [
    1611014400000,
    0.188
  ],
  [
    1611100800000,
    0.177
  ],
  [
    1611187200000,
    0.211
  ],
  [
    1611273600000,
    0.182
  ],
  [
    1611360000000,
    0.187
  ],
  [
    1611446400000,
    0.193
  ],
  [
    1611532800000,
    0.189
  ],
  [
    1611619200000,
    0.182
  ],
  [
    1611705600000,
    0.202
  ],
  [
    1611792000000,
    0.175
  ],
  [
    1611878400000,
    0.166
  ],
  [
    1611964800000,
    0.168
  ],
  [
    1612051200000,
    0.177
  ],
  [
    1612137600000,
    0.187
  ],
  [
    1612224000000,
    0.189
  ],
  [
    1612310400000,
    0.197
  ],
  [
    1612396800000,
    0.203
  ],
  [
    1612483200000,
    0.203
  ],
  [
    1612569600000,
    0.221
  ],
  [
    1612656000000,
    0.203
  ],
  [
    1612742400000,
    0.364
  ],
  [
    1612828800000,
    0.218
  ],
  [
    1612915200000,
    0.209
  ],
  [
    1613001600000,
    0.209
  ],
  [
    1613088000000,
    0.204
  ],
  [
    1613174400000,
    0.192
  ],
  [
    1613260800000,
    2.397
  ],
  [
    1613347200000,
    0.202
  ],
  [
    1613433600000,
    0.213
  ],
  [
    1613520000000,
    0.203
  ],
  [
    1613606400000,
    0.192
  ],
  [
    1613692800000,
    0.192
  ],
  [
    1613779200000,
    0.206
  ],
  [
    1613865600000,
    0.201
  ],
  [
    1613952000000,
    0.219
  ],
  [
    1614038400000,
    0.217
  ],
  [
    1614124800000,
    0.228
  ],
  [
    1614211200000,
    0.21
  ],
  [
    1614297600000,
    0.208
  ],
  [
    1614384000000,
    0.219
  ],
  [
    1614470400000,
    0.219
  ],
  [
    1614556800000,
    0.227
  ],
  [
    1614643200000,
    0.229
  ],
  [
    1614729600000,
    0.227
  ],
  [
    1614816000000,
    0.236
  ],
  [
    1614902400000,
    0.222
  ],
  [
    1614988800000,
    0.264
  ],
  [
    1615075200000,
    0.247
  ],
  [
    1615161600000,
    0.256
  ],
  [
    1615248000000,
    0.238
  ],
  [
    1615334400000,
    0.408
  ],
  [
    1615420800000,
    0.282
  ],
  [
    1615507200000,
    0.289
  ],
  [
    1615593600000,
    0.264
  ],
  [
    1615680000000,
    0.255
  ],
  [
    1615766400000,
    0.246
  ],
  [
    1615852800000,
    0.253
  ],
  [
    1615939200000,
    0.264
  ],
  [
    1616025600000,
    0.267
  ],
  [
    1616112000000,
    0.354
  ],
  [
    1616198400000,
    0.246
  ],
  [
    1616284800000,
    0.244
  ],
  [
    1616371200000,
    0.279
  ],
  [
    1616457600000,
    0.331
  ],
  [
    1616544000000,
    0.341
  ],
  [
    1616630400000,
    0.351
  ],
  [
    1616716800000,
    0.366
  ],
  [
    1616803200000,
    0.37
  ],
  [
    1616889600000,
    0.368
  ],
  [
    1616972400000,
    0.402
  ],
  [
    1617058800000,
    0.382
  ],
  [
    1617145200000,
    0.386
  ],
  [
    1617231600000,
    0.356
  ],
  [
    1617318000000,
    0.364
  ],
  [
    1617404400000,
    0.369
  ],
  [
    1617490800000,
    0.362
  ],
  [
    1617577200000,
    0.329
  ],
  [
    1617663600000,
    0.296
  ],
  [
    1617750000000,
    0.307
  ],
  [
    1617836400000,
    0.308
  ],
  [
    1617922800000,
    0.276
  ],
  [
    1618009200000,
    0.29
  ],
  [
    1618095600000,
    0.245
  ],
  [
    1618182000000,
    0.262
  ],
  [
    1618268400000,
    0.256
  ],
  [
    1618354800000,
    0.292
  ],
  [
    1618441200000,
    0.3
  ],
  [
    1618527600000,
    0.309
  ],
  [
    1618614000000,
    0.322
  ],
  [
    1618700400000,
    0.399
  ],
  [
    1618786800000,
    0.34
  ],
  [
    1618873200000,
    0.332
  ],
  [
    1618959600000,
    0.313
  ],
  [
    1619046000000,
    0.368
  ],
  [
    1619132400000,
    0.332
  ],
  [
    1619218800000,
    0.374
  ],
  [
    1619305200000,
    0.346
  ],
  [
    1619391600000,
    0.381
  ],
  [
    1619478000000,
    0.35
  ],
  [
    1619564400000,
    0.35
  ],
  [
    1619650800000,
    0.391
  ],
  [
    1619737200000,
    0.394
  ],
  [
    1619823600000,
    0.414
  ],
  [
    1619910000000,
    0.367
  ],
  [
    1619996400000,
    0.403
  ],
  [
    1620082800000,
    0.445
  ],
  [
    1620169200000,
    0.429
  ],
  [
    1620255600000,
    0.423
  ],
  [
    1620342000000,
    0.46
  ],
  [
    1620428400000,
    0.437
  ],
  [
    1620514800000,
    0.445
  ],
  [
    1620601200000,
    0.429
  ],
  [
    1620687600000,
    0.515
  ],
  [
    1620774000000,
    0.472
  ],
  [
    1620860400000,
    0.525
  ],
  [
    1620946800000,
    0.557
  ],
  [
    1621033200000,
    0.458
  ],
  [
    1621119600000,
    0.508
  ],
  [
    1621206000000,
    0.506
  ],
  [
    1621292400000,
    0.417
  ],
  [
    1621378800000,
    0.464
  ],
  [
    1621465200000,
    0.544
  ],
  [
    1621551600000,
    0.553
  ],
  [
    1621638000000,
    0.615
  ],
  [
    1621724400000,
    0.636
  ],
  [
    1621810800000,
    0.706
  ],
  [
    1621897200000,
    0.858
  ],
  [
    1621983600000,
    0.802
  ],
  [
    1622070000000,
    1.022
  ],
  [
    1622156400000,
    0.906
  ],
  [
    1622242800000,
    0.884
  ],
  [
    1622329200000,
    0.942
  ],
  [
    1622415600000,
    0.942
  ],
  [
    1622502000000,
    0.805
  ],
  [
    1622588400000,
    0.875
  ],
  [
    1622674800000,
    1.096
  ],
  [
    1622761200000,
    1.1
  ],
  [
    1622847600000,
    1.022
  ],
  [
    1622934000000,
    1.183
  ],
  [
    1623020400000,
    0.902
  ],
  [
    1623106800000,
    1.217
  ],
  [
    1623193200000,
    1.217
  ],
  [
    1623279600000,
    1.17
  ],
  [
    1623366000000,
    1.189
  ],
  [
    1623452400000,
    1.175
  ],
  [
    1623538800000,
    1.207
  ],
  [
    1623625200000,
    1.156
  ],
  [
    1623711600000,
    1.206
  ],
  [
    1623798000000,
    1.188
  ],
  [
    1623884400000,
    8.665
  ],
  [
    1623970800000,
    1.149
  ],
  [
    1624057200000,
    1.168
  ],
  [
    1624143600000,
    1.131
  ],
  [
    1624230000000,
    1.097
  ],
  [
    1624316400000,
    1.135
  ],
  [
    1624402800000,
    1.048
  ],
  [
    1624489200000,
    1.026
  ],
  [
    1624575600000,
    0.954
  ],
  [
    1624662000000,
    0.927
  ],
  [
    1624748400000,
    0.985
  ],
  [
    1624834800000,
    0.947
  ],
  [
    1624921200000,
    0.905
  ],
  [
    1625007600000,
    0.872
  ],
  [
    1625094000000,
    0.87
  ],
  [
    1625180400000,
    0.828
  ],
  [
    1625266800000,
    0.782
  ],
  [
    1625353200000,
    0.743
  ],
  [
    1625439600000,
    0.774
  ],
  [
    1625526000000,
    0.83
  ],
  [
    1625612400000,
    0.773
  ],
  [
    1625698800000,
    0.817
  ],
  [
    1625785200000,
    0.797
  ],
  [
    1625871600000,
    5.185
  ],
  [
    1625958000000,
    0.787
  ],
  [
    1626044400000,
    0.693
  ],
  [
    1626130800000,
    0.803
  ],
  [
    1626217200000,
    0.78
  ],
  [
    1626303600000,
    0.722
  ],
  [
    1626390000000,
    0.706
  ],
  [
    1626476400000,
    0.716
  ],
  [
    1626562800000,
    0.799
  ],
  [
    1626649200000,
    0.806
  ],
  [
    1626735600000,
    0.736
  ],
  [
    1626822000000,
    0.711
  ],
  [
    1626908400000,
    0.737
  ],
  [
    1627081200000,
    0.826
  ],
  [
    1627167600000,
    0.78
  ],
  [
    1627254000000,
    0.76
  ],
  [
    1627340400000,
    0.818
  ],
  [
    1627426800000,
    0.83
  ],
  [
    1627513200000,
    0.762
  ],
  [
    1627599600000,
    0.766
  ],
  [
    1627686000000,
    0.827
  ],
  [
    1627772400000,
    0.791
  ],
  [
    1627945200000,
    0.816
  ],
  [
    1628031600000,
    0.777
  ],
  [
    1628118000000,
    0.828
  ],
  [
    1628204400000,
    0.759
  ],
  [
    1628290800000,
    0.748
  ],
  [
    1628377200000,
    0.772
  ],
  [
    1628463600000,
    0.762
  ],
  [
    1628550000000,
    0.743
  ],
  [
    1628636400000,
    0.723
  ],
  [
    1628722800000,
    0.775
  ],
  [
    1628809200000,
    0.685
  ],
  [
    1628895600000,
    0.733
  ],
  [
    1628982000000,
    0.656
  ],
  [
    1629068400000,
    0.754
  ],
  [
    1629154800000,
    0.79
  ],
  [
    1629241200000,
    0.723
  ],
  [
    1629327600000,
    0.698
  ],
  [
    1629414000000,
    0.651
  ],
  [
    1629500400000,
    0.679
  ],
  [
    1629586800000,
    0.649
  ],
  [
    1629673200000,
    0.737
  ],
  [
    1629759600000,
    0.735
  ],
  [
    1629846000000,
    0.735
  ],
  [
    1629932400000,
    0.747
  ],
  [
    1630018800000,
    0.699
  ],
  [
    1630105200000,
    0.707
  ],
  [
    1630191600000,
    0.767
  ],
  [
    1630278000000,
    0.706
  ],
  [
    1630450800000,
    0.734
  ],
  [
    1630537200000,
    0.726
  ],
  [
    1630623600000,
    0.748
  ],
  [
    1630710000000,
    0.755
  ],
  [
    1630796400000,
    0.748
  ],
  [
    1630882800000,
    0.643
  ],
  [
    1630969200000,
    0.735
  ],
  [
    1631055600000,
    0.749
  ],
  [
    1631142000000,
    0.741
  ],
  [
    1631228400000,
    0.59
  ],
  [
    1631314800000,
    0.752
  ],
  [
    1631401200000,
    0.742
  ],
  [
    1631487600000,
    0.776
  ],
  [
    1631574000000,
    0.757
  ],
  [
    1631660400000,
    0.723
  ],
  [
    1631746800000,
    0.733
  ],
  [
    1631833200000,
    0.75
  ],
  [
    1631919600000,
    0.741
  ],
  [
    1632006000000,
    0.668
  ],
  [
    1632092400000,
    0.706
  ],
  [
    1632178800000,
    2.84
  ],
  [
    1632265200000,
    0.662
  ],
  [
    1632351600000,
    0.483
  ],
  [
    1632438000000,
    0.522
  ],
  [
    1632524400000,
    0.526
  ],
  [
    1632610800000,
    0.524
  ],
  [
    1632697200000,
    0.522
  ],
  [
    1632783600000,
    0.545
  ],
  [
    1632870000000,
    0.527
  ],
  [
    1632956400000,
    0.516
  ],
  [
    1633042800000,
    0.519
  ],
  [
    1633129200000,
    0.611
  ],
  [
    1633215600000,
    0.535
  ],
  [
    1633302000000,
    0.541
  ],
  [
    1633388400000,
    0.514
  ],
  [
    1633474800000,
    0.523
  ],
  [
    1633561200000,
    0.541
  ],
  [
    1633647600000,
    0.556
  ],
  [
    1633734000000,
    0.546
  ],
  [
    1633820400000,
    0.549
  ],
  [
    1633906800000,
    0.551
  ],
  [
    1633993200000,
    0.556
  ],
  [
    1634079600000,
    0.546
  ],
  [
    1634166000000,
    0.558
  ],
  [
    1634252400000,
    0.534
  ],
  [
    1634338800000,
    0.577
  ],
  [
    1634425200000,
    0.615
  ],
  [
    1634598000000,
    0.483
  ],
  [
    1634684400000,
    0.933
  ],
  [
    1634770800000,
    1.153
  ],
  [
    1634857200000,
    0.466
  ],
  [
    1634943600000,
    0.578
  ],
  [
    1635030000000,
    0.56
  ],
  [
    1635116400000,
    0.506
  ],
  [
    1635202800000,
    0.507
  ],
  [
    1635289200000,
    0.527
  ],
  [
    1635375600000,
    0.515
  ],
  [
    1635462000000,
    0.532
  ],
  [
    1635548400000,
    0.49
  ],
  [
    1635634800000,
    0.542
  ],
  [
    1635724800000,
    0.546
  ],
  [
    1635811200000,
    1.799
  ],
  [
    1635897600000,
    0.514
  ],
  [
    1635984000000,
    0.597
  ],
  [
    1636070400000,
    0.568
  ],
  [
    1636156800000,
    0.567
  ],
  [
    1636243200000,
    0.559
  ],
  [
    1636329600000,
    0.613
  ],
  [
    1636502400000,
    0.54
  ],
  [
    1636588800000,
    0.577
  ],
  [
    1636675200000,
    0.6
  ],
  [
    1636761600000,
    0.557
  ],
  [
    1636848000000,
    0.59
  ],
  [
    1636934400000,
    0.524
  ],
  [
    1637020800000,
    0.535
  ],
  [
    1637107200000,
    0.549
  ],
  [
    1637193600000,
    0.556
  ],
  [
    1637280000000,
    1.315
  ],
  [
    1637366400000,
    0.502
  ],
  [
    1637452800000,
    0.596
  ],
  [
    1637539200000,
    0.631
  ],
  [
    1637625600000,
    0.696
  ],
  [
    1637712000000,
    0.677
  ],
  [
    1637798400000,
    0.633
  ],
  [
    1637884800000,
    0.619
  ],
  [
    1637971200000,
    0.576
  ],
  [
    1638057600000,
    0.658
  ],
  [
    1638144000000,
    0.609
  ],
  [
    1638230400000,
    0.659
  ],
  [
    1638316800000,
    0.633
  ],
  [
    1638403200000,
    0.628
  ],
  [
    1638489600000,
    0.598
  ],
  [
    1638576000000,
    0.678
  ],
  [
    1638662400000,
    0.682
  ],
  [
    1638748800000,
    0.661
  ],
  [
    1638835200000,
    0.715
  ],
  [
    1638921600000,
    0.705
  ],
  [
    1639008000000,
    0.742
  ],
  [
    1639094400000,
    0.758
  ],
  [
    1639180800000,
    0.795
  ],
  [
    1639267200000,
    0.787
  ],
  [
    1639353600000,
    0.803
  ],
  [
    1639440000000,
    0.821
  ],
  [
    1639526400000,
    0.802
  ],
  [
    1639612800000,
    0.802
  ],
  [
    1639699200000,
    0.793
  ],
  [
    1639785600000,
    0.689
  ],
  [
    1639872000000,
    0.786
  ],
  [
    1639958400000,
    0.875
  ],
  [
    1640131200000,
    0.825
  ],
  [
    1640217600000,
    0.692
  ],
  [
    1640304000000,
    0.853
  ],
  [
    1640390400000,
    0.887
  ],
  [
    1640476800000,
    0.894
  ],
  [
    1640563200000,
    0.863
  ],
  [
    1640649600000,
    0.834
  ],
  [
    1640736000000,
    0.904
  ],
  [
    1640822400000,
    0.92
  ],
  [
    1640908800000,
    0.78
  ],
  [
    1640995200000,
    0.85
  ],
  [
    1641081600000,
    0.876
  ],
  [
    1641168000000,
    0.826
  ],
  [
    1641254400000,
    0.838
  ],
  [
    1641340800000,
    0.896
  ],
  [
    1641427200000,
    0.828
  ],
  [
    1641513600000,
    0.854
  ],
  [
    1641600000000,
    0.898
  ],
  [
    1641686400000,
    0.915
  ],
  [
    1641772800000,
    0.924
  ],
  [
    1641859200000,
    0.976
  ],
  [
    1641945600000,
    0.859
  ],
  [
    1642032000000,
    0.907
  ],
  [
    1642118400000,
    0.791
  ],
  [
    1642204800000,
    0.894
  ],
  [
    1642291200000,
    0.943
  ],
  [
    1642377600000,
    0.838
  ],
  [
    1642464000000,
    0.959
  ],
  [
    1642550400000,
    0.958
  ],
  [
    1642636800000,
    0.978
  ],
  [
    1642723200000,
    0.935
  ],
  [
    1642809600000,
    0.91
  ],
  [
    1642896000000,
    0.939
  ],
  [
    1642982400000,
    0.918
  ],
  [
    1643068800000,
    0.879
  ],
  [
    1643155200000,
    0.948
  ],
  [
    1643241600000,
    0.865
  ],
  [
    1643328000000,
    0.88
  ],
  [
    1643414400000,
    0.853
  ],
  [
    1643500800000,
    0.857
  ],
  [
    1643587200000,
    0.884
  ],
  [
    1643673600000,
    0.817
  ],
  [
    1643760000000,
    0.92
  ],
  [
    1643846400000,
    0.87
  ],
  [
    1643932800000,
    0.93
  ],
  [
    1644019200000,
    0.789
  ],
  [
    1644105600000,
    0.931
  ],
  [
    1644192000000,
    0.922
  ],
  [
    1644278400000,
    0.819
  ],
  [
    1644364800000,
    0.861
  ],
  [
    1644451200000,
    0.852
  ],
  [
    1644537600000,
    0.783
  ],
  [
    1644624000000,
    0.808
  ],
  [
    1644710400000,
    0.868
  ],
  [
    1644796800000,
    0.89
  ],
  [
    1644883200000,
    0.86
  ],
  [
    1644969600000,
    2.57
  ],
  [
    1645056000000,
    0.97
  ],
  [
    1645142400000,
    0.972
  ],
  [
    1645315200000,
    0.931
  ],
  [
    1645401600000,
    0.984
  ],
  [
    1645488000000,
    0.943
  ],
  [
    1645660800000,
    0.843
  ],
  [
    1645747200000,
    0.851
  ],
  [
    1645833600000,
    0.883
  ],
  [
    1645920000000,
    0.808
  ],
  [
    1646006400000,
    0.882
  ],
  [
    1646092800000,
    0.884
  ],
  [
    1646179200000,
    1.822
  ],
  [
    1646352000000,
    0.879
  ],
  [
    1646438400000,
    0.992
  ],
  [
    1646524800000,
    0.923
  ],
  [
    1646611200000,
    0.75
  ],
  [
    1646697600000,
    0.922
  ],
  [
    1646784000000,
    0.89
  ],
  [
    1646870400000,
    0.898
  ],
  [
    1646956800000,
    1.027
  ],
  [
    1647043200000,
    1.049
  ],
  [
    1647129600000,
    0.777
  ],
  [
    1647216000000,
    0.837
  ],
  [
    1647302400000,
    0.921
  ],
  [
    1647475200000,
    1.005
  ],
  [
    1647561600000,
    0.94
  ],
  [
    1647648000000,
    1.084
  ],
  [
    1647734400000,
    0.914
  ],
  [
    1647820800000,
    0.86
  ],
  [
    1647907200000,
    1.056
  ],
  [
    1647993600000,
    1.024
  ],
  [
    1648080000000,
    1.057
  ],
  [
    1648166400000,
    1.097
  ],
  [
    1648252800000,
    1.077
  ],
  [
    1648339200000,
    1.052
  ],
  [
    1648422000000,
    1.072
  ],
  [
    1648508400000,
    0.88
  ],
  [
    1648594800000,
    1.024
  ],
  [
    1648681200000,
    1.033
  ],
  [
    1648767600000,
    1.161
  ],
  [
    1648854000000,
    1.241
  ],
  [
    1648940400000,
    1.914
  ],
  [
    1649026800000,
    1.295
  ],
  [
    1649113200000,
    1.159
  ],
  [
    1649199600000,
    1.301
  ],
  [
    1649286000000,
    1.258
  ],
  [
    1649372400000,
    1.132
  ],
  [
    1649458800000,
    1.08
  ],
  [
    1649545200000,
    1.2
  ],
  [
    1649718000000,
    1.302
  ],
  [
    1649804400000,
    1.21
  ],
  [
    1649890800000,
    1.257
  ],
  [
    1649977200000,
    1.06
  ],
  [
    1650063600000,
    1.078
  ],
  [
    1650236400000,
    1.194
  ],
  [
    1650322800000,
    1.208
  ],
  [
    1650409200000,
    1.286
  ],
  [
    1650495600000,
    1.293
  ],
  [
    1650668400000,
    1.337
  ],
  [
    1650754800000,
    1.5
  ],
  [
    1650927600000,
    1.36
  ],
  [
    1651014000000,
    1.315
  ],
  [
    1651100400000,
    1.209
  ],
  [
    1651186800000,
    1.386
  ],
  [
    1651273200000,
    1.335
  ],
  [
    1651359600000,
    1.337
  ],
  [
    1651446000000,
    1.443
  ],
  [
    1651532400000,
    1.203
  ],
  [
    1651618800000,
    1.259
  ],
  [
    1651705200000,
    1.137
  ],
  [
    1651791600000,
    1.18
  ],
  [
    1651878000000,
    1.243
  ],
  [
    1651964400000,
    1.21
  ],
  [
    1652050800000,
    1.175
  ],
  [
    1652137200000,
    1.086
  ],
  [
    1652223600000,
    0.905
  ],
  [
    1652310000000,
    1.245
  ],
  [
    1652482800000,
    1.248
  ],
  [
    1652569200000,
    1.283
  ],
  [
    1652655600000,
    1.261
  ],
  [
    1652742000000,
    1.255
  ],
  [
    1652828400000,
    1.17
  ],
  [
    1652914800000,
    1.199
  ],
  [
    1653087600000,
    1.172
  ],
  [
    1653174000000,
    1.191
  ],
  [
    1653260400000,
    1.11
  ],
  [
    1653346800000,
    1.15
  ],
  [
    1653433200000,
    1.09
  ],
  [
    1653519600000,
    1.162
  ],
  [
    1653606000000,
    1.251
  ],
  [
    1653692400000,
    0.176
  ],
  [
    1653778800000,
    1.137
  ],
  [
    1653865200000,
    1.083
  ],
  [
    1653951600000,
    1.084
  ],
  [
    1654038000000,
    1.08
  ],
  [
    1654124400000,
    1.174
  ],
  [
    1654297200000,
    1.063
  ],
  [
    1654383600000,
    0.389
  ],
  [
    1654470000000,
    0.92
  ],
  [
    1654556400000,
    1.067
  ],
  [
    1654642800000,
    1.103
  ],
  [
    1654729200000,
    1.134
  ],
  [
    1654815600000,
    1.085
  ],
  [
    1654902000000,
    1.192
  ],
  [
    1654988400000,
    1.183
  ],
  [
    1655074800000,
    0.807
  ],
  [
    1655161200000,
    1.086
  ],
  [
    1655247600000,
    1.027
  ],
  [
    1655334000000,
    1.099
  ],
  [
    1655420400000,
    1.03
  ],
  [
    1655506800000,
    0.99
  ],
  [
    1655593200000,
    0.925
  ],
  [
    1655679600000,
    0.912
  ],
  [
    1655766000000,
    0.966
  ],
  [
    1655852400000,
    1.007
  ],
  [
    1655938800000,
    0.775
  ],
  [
    1656025200000,
    0.838
  ],
  [
    1656111600000,
    0.883
  ],
  [
    1656198000000,
    0.9
  ],
  [
    1656284400000,
    1.09
  ],
  [
    1656370800000,
    1.121
  ],
  [
    1656457200000,
    0.99
  ],
  [
    1656543600000,
    0.918
  ],
  [
    1656630000000,
    0.991
  ],
  [
    1656716400000,
    1.049
  ],
  [
    1656802800000,
    1.71
  ],
  [
    1656889200000,
    0.954
  ],
  [
    1656975600000,
    0.967
  ],
  [
    1657062000000,
    0.962
  ],
  [
    1657148400000,
    0.971
  ],
  [
    1657234800000,
    0.934
  ],
  [
    1657321200000,
    0.923
  ],
  [
    1657494000000,
    0.986
  ],
  [
    1657580400000,
    1.049
  ],
  [
    1657666800000,
    1.044
  ],
  [
    1657753200000,
    0.963
  ],
  [
    1657839600000,
    1.008
  ],
  [
    1658012400000,
    1.017
  ],
  [
    1658098800000,
    0.978
  ],
  [
    1658185200000,
    0.911
  ],
  [
    1658271600000,
    1.037
  ],
  [
    1658358000000,
    0.954
  ],
  [
    1658444400000,
    1.064
  ],
  [
    1658617200000,
    0.817
  ],
  [
    1658703600000,
    0.947
  ],
  [
    1658790000000,
    0.95
  ],
  [
    1658876400000,
    0.932
  ],
  [
    1658962800000,
    0.9
  ],
  [
    1659049200000,
    0.84
  ],
  [
    1659222000000,
    0.868
  ],
  [
    1659308400000,
    0.88
  ],
  [
    1659394800000,
    0.923
  ],
  [
    1659481200000,
    0.945
  ],
  [
    1659567600000,
    0.968
  ],
  [
    1659654000000,
    1.011
  ],
  [
    1659740400000,
    1.198
  ],
  [
    1659913200000,
    1.025
  ],
  [
    1660086000000,
    0.755
  ],
  [
    1660172400000,
    0.981
  ],
  [
    1660258800000,
    1.122
  ],
  [
    1660431600000,
    1.07
  ],
  [
    1660518000000,
    1.099
  ],
  [
    1660604400000,
    1.09
  ],
  [
    1660690800000,
    1.117
  ],
  [
    1660777200000,
    0.97
  ],
  [
    1660863600000,
    1.026
  ],
  [
    1660950000000,
    1.04
  ],
  [
    1661036400000,
    1.08
  ],
  [
    1661122800000,
    1.076
  ],
  [
    1661209200000,
    0.99
  ],
  [
    1661295600000,
    0.99
  ],
  [
    1661382000000,
    1.043
  ],
  [
    1661468400000,
    1.04
  ],
  [
    1661554800000,
    1.004
  ],
  [
    1661641200000,
    1.069
  ],
  [
    1661727600000,
    1.119
  ],
  [
    1661814000000,
    1.059
  ],
  [
    1661900400000,
    0.985
  ],
  [
    1661986800000,
    1.07
  ],
  [
    1662073200000,
    1.092
  ],
  [
    1662159600000,
    1.1
  ],
  [
    1662246000000,
    1.259
  ],
  [
    1662418800000,
    1.06
  ],
  [
    1662505200000,
    1.151
  ],
  [
    1662591600000,
    1.327
  ],
  [
    1662678000000,
    1.215
  ],
  [
    1662764400000,
    1.092
  ],
  [
    1662850800000,
    1.231
  ],
  [
    1663023600000,
    1.118
  ],
  [
    1663110000000,
    1.212
  ],
  [
    1663196400000,
    1.818
  ],
  [
    1663282800000,
    1.335
  ],
  [
    1663369200000,
    1.981
  ],
  [
    1663455600000,
    1.196
  ],
  [
    1663542000000,
    1.295
  ],
  [
    1663628400000,
    1.085
  ],
  [
    1663714800000,
    1.15
  ],
  [
    1663801200000,
    1.266
  ],
  [
    1663887600000,
    1.315
  ],
  [
    1663974000000,
    1.157
  ],
  [
    1664060400000,
    1.431
  ],
  [
    1664146800000,
    1.104
  ],
  [
    1664233200000,
    1.21
  ],
  [
    1664319600000,
    1.26
  ],
  [
    1664406000000,
    1.157
  ],
  [
    1664492400000,
    1.072
  ],
  [
    1664578800000,
    0.784
  ],
  [
    1664751600000,
    1.163
  ],
  [
    1664838000000,
    1.085
  ],
  [
    1664924400000,
    1.115
  ],
  [
    1665010800000,
    1.12
  ],
  [
    1665097200000,
    1.12
  ],
  [
    1665183600000,
    1.221
  ],
  [
    1665270000000,
    1.256
  ],
  [
    1665356400000,
    1.187
  ],
  [
    1665442800000,
    1.277
  ],
  [
    1665529200000,
    1.276
  ],
  [
    1665615600000,
    1.149
  ],
  [
    1665702000000,
    1.283
  ],
  [
    1665788400000,
    1.3
  ],
  [
    1665874800000,
    1.288
  ],
  [
    1665961200000,
    1.415
  ],
  [
    1666047600000,
    1.238
  ],
  [
    1666134000000,
    1.305
  ],
  [
    1666220400000,
    1.399
  ],
  [
    1666306800000,
    1.534
  ],
  [
    1666393200000,
    1.258
  ],
  [
    1666566000000,
    1.529
  ],
  [
    1666738800000,
    1.385
  ],
  [
    1666825200000,
    1.306
  ],
  [
    1666911600000,
    1.278
  ],
  [
    1666998000000,
    1.233
  ],
  [
    1667084400000,
    1.457
  ],
  [
    1667174400000,
    1.855
  ],
  [
    1667260800000,
    1.49
  ],
  [
    1667347200000,
    1.465
  ],
  [
    1667433600000,
    1.599
  ],
  [
    1667520000000,
    1.559
  ],
  [
    1667606400000,
    1.749
  ],
  [
    1667865600000,
    1.708
  ],
  [
    1667952000000,
    1.598
  ],
  [
    1668124800000,
    2.88
  ],
  [
    1668211200000,
    1.587
  ],
  [
    1668297600000,
    1.13
  ],
  [
    1668384000000,
    1.598
  ],
  [
    1668470400000,
    1.51
  ],
  [
    1668556800000,
    1.529
  ],
  [
    1668729600000,
    1.565
  ],
  [
    1668816000000,
    1.489
  ],
  [
    1668902400000,
    2.367
  ],
  [
    1669075200000,
    1.629
  ],
  [
    1669161600000,
    1.448
  ],
  [
    1669248000000,
    1.689
  ],
  [
    1669334400000,
    1.631
  ],
  [
    1669420800000,
    1.805
  ],
  [
    1669507200000,
    1.592
  ],
  [
    1669593600000,
    1.61
  ],
  [
    1669680000000,
    1.653
  ],
  [
    1669766400000,
    1.517
  ],
  [
    1669852800000,
    1.58
  ],
  [
    1669939200000,
    1.843
  ],
  [
    1670025600000,
    1.699
  ],
  [
    1670112000000,
    1.237
  ],
  [
    1670198400000,
    1.634
  ],
  [
    1670284800000,
    1.771
  ],
  [
    1670371200000,
    1.787
  ],
  [
    1670457600000,
    1.653
  ],
  [
    1670544000000,
    1.435
  ],
  [
    1670630400000,
    1.927
  ],
  [
    1670716800000,
    1.24
  ],
  [
    1670803200000,
    1.839
  ],
  [
    1670889600000,
    1.525
  ],
  [
    1670976000000,
    1.7
  ],
  [
    1671062400000,
    1.61
  ],
  [
    1671148800000,
    1.613
  ],
  [
    1671235200000,
    1.58
  ],
  [
    1671321600000,
    1.34
  ],
  [
    1671494400000,
    1.5
  ],
  [
    1671580800000,
    1.598
  ],
  [
    1671667200000,
    1.677
  ],
  [
    1671753600000,
    1.529
  ],
  [
    1671840000000,
    1.523
  ],
  [
    1671926400000,
    1.43
  ],
  [
    1672012800000,
    1.665
  ],
  [
    1672099200000,
    1.5
  ],
  [
    1672185600000,
    1.625
  ],
  [
    1672272000000,
    1.46
  ],
  [
    1672358400000,
    0.877
  ],
  [
    1672444800000,
    1.54
  ],
  [
    1672531200000,
    2.371
  ],
  [
    1672617600000,
    1.067
  ],
  [
    1672704000000,
    1.483
  ],
  [
    1672876800000,
    1.42
  ],
  [
    1673049600000,
    1.536
  ],
  [
    1673136000000,
    1.437
  ],
  [
    1673222400000,
    1.437
  ],
  [
    1673308800000,
    1.579
  ],
  [
    1673395200000,
    1.35
  ],
  [
    1673481600000,
    1.44
  ],
  [
    1673568000000,
    1.154
  ],
  [
    1673654400000,
    1.5
  ],
  [
    1673740800000,
    1.564
  ],
  [
    1673827200000,
    1.3
  ],
  [
    1673913600000,
    1.65
  ],
  [
    1674000000000,
    1.335
  ],
  [
    1674086400000,
    1.568
  ],
  [
    1674172800000,
    1.623
  ],
  [
    1674259200000,
    1.425
  ],
  [
    1674432000000,
    1.525
  ],
  [
    1674518400000,
    1.677
  ],
  [
    1674691200000,
    1.47
  ],
  [
    1674777600000,
    1.541
  ],
  [
    1674864000000,
    1.736
  ],
  [
    1674950400000,
    1.655
  ],
  [
    1675036800000,
    1.734
  ],
  [
    1675123200000,
    1.8
  ],
  [
    1675209600000,
    1.888
  ],
  [
    1675296000000,
    1.906
  ],
  [
    1675382400000,
    1.723
  ],
  [
    1675468800000,
    1.761
  ],
  [
    1675555200000,
    1.8
  ],
  [
    1675641600000,
    1.996
  ],
  [
    1675728000000,
    1.955
  ],
  [
    1675814400000,
    1.894
  ],
  [
    1675900800000,
    1.961
  ],
  [
    1676073600000,
    1.742
  ],
  [
    1676160000000,
    1.804
  ],
  [
    1676246400000,
    1.082
  ],
  [
    1676332800000,
    2.097
  ],
  [
    1676419200000,
    1.9
  ],
  [
    1676505600000,
    2.45
  ],
  [
    1676592000000,
    1.939
  ],
  [
    1676678400000,
    1.78
  ],
  [
    1676764800000,
    1.895
  ],
  [
    1676937600000,
    0.868
  ],
  [
    1677024000000,
    1.369
  ],
  [
    1677110400000,
    2.036
  ],
  [
    1677196800000,
    2.002
  ],
  [
    1677283200000,
    1.855
  ],
  [
    1677369600000,
    1.72
  ],
  [
    1677456000000,
    1.947
  ],
  [
    1677628800000,
    1.608
  ],
  [
    1677715200000,
    1.426
  ],
  [
    1677888000000,
    1.337
  ],
  [
    1677974400000,
    1.72
  ],
  [
    1678060800000,
    1.836
  ],
  [
    1678147200000,
    1.805
  ],
  [
    1678233600000,
    1.802
  ],
  [
    1678320000000,
    1.851
  ],
  [
    1678406400000,
    1.869
  ],
  [
    1678492800000,
    1.58
  ],
  [
    1678579200000,
    1.674
  ],
  [
    1678665600000,
    1.8
  ],
  [
    1678752000000,
    2.01
  ],
  [
    1678838400000,
    1.829
  ],
  [
    1678924800000,
    1.361
  ],
  [
    1679011200000,
    1.862
  ],
  [
    1679097600000,
    1.384
  ],
  [
    1679184000000,
    1.63
  ],
  [
    1679270400000,
    1.193
  ],
  [
    1679356800000,
    1.495
  ],
  [
    1679443200000,
    1.752
  ],
  [
    1679529600000,
    1.651
  ],
  [
    1679616000000,
    1.767
  ],
  [
    1679702400000,
    1.659
  ],
  [
    1679788800000,
    1.562
  ],
  [
    1679871600000,
    1.598
  ],
  [
    1679958000000,
    1.458
  ],
  [
    1680044400000,
    1.35
  ],
  [
    1680217200000,
    1.613
  ],
  [
    1680303600000,
    1.554
  ],
  [
    1680390000000,
    1.58
  ],
  [
    1680476400000,
    1.548
  ],
  [
    1680562800000,
    1.477
  ],
  [
    1680649200000,
    1.579
  ],
  [
    1680735600000,
    1.485
  ],
  [
    1680822000000,
    1.665
  ],
  [
    1680908400000,
    1.484
  ],
  [
    1680994800000,
    1.61
  ],
  [
    1681081200000,
    1.647
  ],
  [
    1681167600000,
    1.686
  ],
  [
    1681254000000,
    1.629
  ],
  [
    1681340400000,
    1.596
  ],
  [
    1681426800000,
    1.695
  ],
  [
    1681513200000,
    1.146
  ],
  [
    1681599600000,
    1.746
  ],
  [
    1681686000000,
    1.593
  ],
  [
    1681772400000,
    1.762
  ],
  [
    1681858800000,
    1.53
  ],
  [
    1681945200000,
    1.521
  ],
  [
    1682031600000,
    1.596
  ],
  [
    1682118000000,
    1.845
  ],
  [
    1682290800000,
    1.922
  ],
  [
    1682377200000,
    1.772
  ],
  [
    1682463600000,
    1.664
  ],
  [
    1682550000000,
    1.708
  ],
  [
    1682636400000,
    1.597
  ],
  [
    1682722800000,
    1.901
  ],
  [
    1682809200000,
    1.75
  ],
  [
    1682895600000,
    2.049
  ],
  [
    1682982000000,
    1.61
  ],
  [
    1683068400000,
    1.927
  ],
  [
    1683154800000,
    1.928
  ],
  [
    1683241200000,
    1.493
  ],
  [
    1683327600000,
    1.608
  ],
  [
    1683414000000,
    1.506
  ],
  [
    1683500400000,
    1.22
  ],
  [
    1683586800000,
    1.527
  ],
  [
    1683673200000,
    1.569
  ],
  [
    1683759600000,
    1.55
  ],
  [
    1683846000000,
    1.452
  ],
  [
    1683932400000,
    1.15
  ],
  [
    1684018800000,
    1.623
  ],
  [
    1684105200000,
    1.624
  ],
  [
    1684191600000,
    1.7
  ],
  [
    1684278000000,
    2.002
  ],
  [
    1684364400000,
    1.695
  ],
  [
    1684450800000,
    3.093
  ],
  [
    1684537200000,
    2.003
  ],
  [
    1684623600000,
    1.682
  ],
  [
    1684796400000,
    2.016
  ],
  [
    1684882800000,
    1.428
  ],
  [
    1684969200000,
    1.535
  ],
  [
    1685055600000,
    1.844
  ],
  [
    1685142000000,
    1.476
  ],
  [
    1685228400000,
    1.311
  ],
  [
    1685314800000,
    1.857
  ],
  [
    1685401200000,
    1.949
  ],
  [
    1685487600000,
    1.717
  ],
  [
    1685574000000,
    1.723
  ],
  [
    1685660400000,
    2.096
  ],
  [
    1685746800000,
    1.651
  ],
  [
    1685833200000,
    1.984
  ],
  [
    1685919600000,
    2.15
  ],
  [
    1686006000000,
    2.42
  ],
  [
    1686092400000,
    1.523
  ],
  [
    1686178800000,
    2.27
  ],
  [
    1686265200000,
    2.3
  ],
  [
    1686351600000,
    1.781
  ],
  [
    1686438000000,
    2.136
  ],
  [
    1686524400000,
    1.694
  ],
  [
    1686610800000,
    2.297
  ],
  [
    1686697200000,
    0.843
  ],
  [
    1686783600000,
    2.19
  ],
  [
    1686870000000,
    2.273
  ],
  [
    1687042800000,
    2.44
  ],
  [
    1687129200000,
    2.424
  ],
  [
    1687215600000,
    2.33
  ],
  [
    1687302000000,
    2.71
  ],
  [
    1687388400000,
    2.828
  ],
  [
    1687561200000,
    2.446
  ],
  [
    1687734000000,
    2.352
  ],
  [
    1687820400000,
    0.878
  ],
  [
    1687906800000,
    2.2
  ],
  [
    1687993200000,
    2.527
  ],
  [
    1688079600000,
    2.235
  ],
  [
    1688166000000,
    1.685
  ],
  [
    1688252400000,
    1.312
  ],
  [
    1688338800000,
    2.106
  ],
  [
    1688425200000,
    1.56
  ],
  [
    1688511600000,
    1.98
  ],
  [
    1688598000000,
    1.597
  ],
  [
    1688684400000,
    1.489
  ],
  [
    1688770800000,
    1.875
  ],
  [
    1688857200000,
    2.33
  ],
  [
    1688943600000,
    2.148
  ],
  [
    1689030000000,
    1.645
  ],
  [
    1689116400000,
    2.098
  ],
  [
    1689202800000,
    1.906
  ],
  [
    1689375600000,
    2.029
  ],
  [
    1689548400000,
    1.845
  ],
  [
    1689634800000,
    1.49
  ],
  [
    1689807600000,
    2.003
  ],
  [
    1689894000000,
    2.041
  ],
  [
    1689980400000,
    2.077
  ],
  [
    1690066800000,
    1.994
  ],
  [
    1690239600000,
    2.255
  ],
  [
    1690326000000,
    2.527
  ],
  [
    1690412400000,
    1.972
  ],
  [
    1690498800000,
    2.515
  ],
  [
    1690585200000,
    1.044
  ],
  [
    1690671600000,
    1.671
  ],
  [
    1690758000000,
    2.147
  ],
  [
    1690844400000,
    2.241
  ],
  [
    1690930800000,
    2.366
  ],
  [
    1691017200000,
    2.355
  ],
  [
    1691276400000,
    1.99
  ],
  [
    1691362800000,
    4.209
  ],
  [
    1691449200000,
    1.235
  ],
  [
    1691535600000,
    1.642
  ],
  [
    1691622000000,
    1.11
  ],
  [
    1691708400000,
    2.044
  ],
  [
    1691794800000,
    1.71
  ],
  [
    1691881200000,
    1.767
  ],
  [
    1691967600000,
    2.037
  ],
  [
    1692054000000,
    1.957
  ],
  [
    1692140400000,
    2.063
  ],
  [
    1692226800000,
    1.237
  ],
  [
    1692313200000,
    2.26
  ],
  [
    1692399600000,
    2.293
  ],
  [
    1692486000000,
    1.248
  ],
  [
    1692572400000,
    2.385
  ],
  [
    1692658800000,
    2.086
  ],
  [
    1692745200000,
    2.31
  ],
  [
    1692831600000,
    1.815
  ],
  [
    1692918000000,
    1.726
  ],
  [
    1693004400000,
    2.275
  ],
  [
    1693090800000,
    1.985
  ],
  [
    1693263600000,
    2.177
  ],
  [
    1693350000000,
    2.131
  ],
  [
    1693436400000,
    2.11
  ],
  [
    1693522800000,
    2.224
  ],
  [
    1693609200000,
    2.1
  ],
  [
    1693695600000,
    2.261
  ],
  [
    1693868400000,
    2.132
  ],
  [
    1693954800000,
    1.62
  ],
  [
    1694041200000,
    2.13
  ],
  [
    1694127600000,
    2.286
  ],
  [
    1694214000000,
    2.444
  ],
  [
    1694300400000,
    2.915
  ],
  [
    1694386800000,
    2.74
  ],
  [
    1694473200000,
    3.19
  ],
  [
    1694559600000,
    3.233
  ],
  [
    1694646000000,
    2.925
  ],
  [
    1694732400000,
    2.18
  ],
  [
    1694818800000,
    2.883
  ],
  [
    1694905200000,
    3.195
  ],
  [
    1694991600000,
    3.213
  ],
  [
    1695078000000,
    2.76
  ],
  [
    1695164400000,
    2.808
  ],
  [
    1695250800000,
    2.614
  ],
  [
    1695337200000,
    2.727
  ],
  [
    1695510000000,
    2.565
  ],
  [
    1695596400000,
    1.992
  ],
  [
    1695682800000,
    2.42
  ],
  [
    1695855600000,
    2.387
  ],
  [
    1695942000000,
    2.565
  ],
  [
    1696028400000,
    2.213
  ],
  [
    1696114800000,
    2.07
  ],
  [
    1696201200000,
    1.53
  ],
  [
    1696287600000,
    2.266
  ],
  [
    1696374000000,
    1.96
  ],
  [
    1696546800000,
    2.367
  ],
  [
    1696633200000,
    2.41
  ],
  [
    1696719600000,
    2.42
  ],
  [
    1696806000000,
    2.588
  ],
  [
    1696892400000,
    2.735
  ],
  [
    1696978800000,
    2.713
  ],
  [
    1697065200000,
    2.586
  ],
  [
    1697151600000,
    2.632
  ],
  [
    1697238000000,
    2.741
  ],
  [
    1697324400000,
    2.76
  ],
  [
    1697410800000,
    2.307
  ],
  [
    1697497200000,
    2.625
  ],
  [
    1697583600000,
    2.759
  ],
  [
    1697670000000,
    2.844
  ],
  [
    1697756400000,
    2.895
  ],
  [
    1697929200000,
    3.02
  ],
  [
    1698015600000,
    2.691
  ],
  [
    1698102000000,
    2.9
  ],
  [
    1698188400000,
    2.928
  ],
  [
    1698274800000,
    2.58
  ],
  [
    1698361200000,
    2.724
  ],
  [
    1698447600000,
    2.55
  ],
  [
    1698534000000,
    0.96
  ],
  [
    1698624000000,
    2.004
  ],
  [
    1698710400000,
    2.673
  ],
  [
    1698796800000,
    2.799
  ],
  [
    1698883200000,
    2.66
  ],
  [
    1698969600000,
    3.163
  ],
  [
    1699142400000,
    2.827
  ],
  [
    1699401600000,
    1.805
  ],
  [
    1699488000000,
    2.651
  ],
  [
    1699574400000,
    2.843
  ],
  [
    1699660800000,
    1.404
  ],
  [
    1699747200000,
    2.483
  ],
  [
    1699833600000,
    2.72
  ],
  [
    1699920000000,
    2.852
  ],
  [
    1700006400000,
    2.673
  ],
  [
    1700092800000,
    2.63
  ],
  [
    1700438400000,
    2.497
  ],
  [
    1700524800000,
    2.457
  ],
  [
    1700611200000,
    2.108
  ],
  [
    1700784000000,
    2.43
  ],
  [
    1700956800000,
    1.473
  ],
  [
    1701043200000,
    2.286
  ],
  [
    1701129600000,
    2.511
  ],
  [
    1701216000000,
    2.683
  ],
  [
    1701302400000,
    2.39
  ],
  [
    1701388800000,
    1.87
  ],
  [
    1701561600000,
    2.975
  ],
  [
    1701648000000,
    2.128
  ],
  [
    1701734400000,
    2.56
  ],
  [
    1701820800000,
    2.951
  ],
  [
    1701907200000,
    3.01
  ],
  [
    1701993600000,
    2.919
  ],
  [
    1702080000000,
    2.68
  ],
  [
    1702339200000,
    3.151
  ],
  [
    1702425600000,
    3.166
  ],
  [
    1702684800000,
    3.26
  ],
  [
    1702944000000,
    3.22
  ],
  [
    1703030400000,
    3.369
  ],
  [
    1703116800000,
    1.04
  ],
  [
    1703203200000,
    2.352
  ],
  [
    1703376000000,
    2.96
  ],
  [
    1703462400000,
    3.415
  ],
  [
    1703548800000,
    2.825
  ],
  [
    1703635200000,
    1.07
  ],
  [
    1703721600000,
    1.04
  ],
  [
    1703808000000,
    2.76
  ],
  [
    1703894400000,
    3.226
  ],
  [
    1703980800000,
    1.43
  ],
  [
    1704067200000,
    0.97
  ],
  [
    1704153600000,
    2.758
  ],
  [
    1704240000000,
    2.563
  ],
  [
    1704326400000,
    2.271
  ],
  [
    1704412800000,
    2.59
  ],
  [
    1704499200000,
    0.99
  ],
  [
    1704585600000,
    2.935
  ],
  [
    1704672000000,
    3.05
  ],
  [
    1704844800000,
    2.951
  ],
  [
    1704931200000,
    2.485
  ],
  [
    1705017600000,
    2.35
  ],
  [
    1705104000000,
    3.137
  ],
  [
    1705190400000,
    3.19
  ],
  [
    1705276800000,
    3.23
  ],
  [
    1705449600000,
    3.23
  ],
  [
    1705536000000,
    3.18
  ],
  [
    1705622400000,
    3.18
  ],
  [
    1705708800000,
    3.23
  ],
  [
    1706054400000,
    3.17
  ],
  [
    1706140800000,
    3.27
  ],
  [
    1706227200000,
    2.913
  ],
  [
    1706313600000,
    2.25
  ],
  [
    1706400000000,
    2.623
  ],
  [
    1706486400000,
    2.203
  ],
  [
    1706659200000,
    0.98
  ],
  [
    1706832000000,
    3.355
  ],
  [
    1706918400000,
    3.47
  ],
  [
    1707177600000,
    2.493
  ],
  [
    1707350400000,
    2.367
  ],
  [
    1707436800000,
    1.5
  ],
  [
    1707609600000,
    2.538
  ],
  [
    1707696000000,
    3.101
  ],
  [
    1707782400000,
    3.163
  ],
  [
    1707868800000,
    3.144
  ],
  [
    1707955200000,
    2.717
  ],
  [
    1708041600000,
    3.466
  ],
  [
    1708128000000,
    3.554
  ],
  [
    1708214400000,
    3.677
  ],
  [
    1708300800000,
    4.212
  ],
  [
    1708387200000,
    3.037
  ],
  [
    1708473600000,
    3.77
  ],
  [
    1708819200000,
    3.825
  ],
  [
    1708905600000,
    3.73
  ],
  [
    1708992000000,
    0.912
  ],
  [
    1709078400000,
    2.47
  ],
  [
    1709251200000,
    4.06
  ],
  [
    1709337600000,
    4.08
  ],
  [
    1709424000000,
    3.95
  ],
  [
    1709510400000,
    4.02
  ],
  [
    1709596800000,
    2.58
  ],
  [
    1709683200000,
    4.073
  ],
  [
    1709769600000,
    3.12
  ],
  [
    1709856000000,
    3.787
  ],
  [
    1709942400000,
    2.807
  ],
  [
    1710028800000,
    1.07
  ],
  [
    1710201600000,
    1.08
  ],
  [
    1710288000000,
    4.135
  ],
  [
    1710374400000,
    4.068
  ],
  [
    1710633600000,
    1.436
  ],
  [
    1710806400000,
    3.5
  ],
  [
    1711065600000,
    3.747
  ],
  [
    1711238400000,
    3.901
  ],
  [
    1711411200000,
    3.92
  ],
  [
    1711497600000,
    3.92
  ],
  [
    1711584000000,
    3.5
  ],
  [
    1711670400000,
    3.72
  ],
  [
    1711756800000,
    3.96
  ],
  [
    1711843200000,
    3.987
  ],
  [
    1711926000000,
    4.117
  ],
  [
    1712012400000,
    4.123
  ],
  [
    1712098800000,
    3.511
  ],
  [
    1712185200000,
    4.203
  ],
  [
    1712444400000,
    5.075
  ],
  [
    1712530800000,
    5.032
  ],
  [
    1712790000000,
    4.49
  ],
  [
    1712876400000,
    4.64
  ],
  [
    1712962800000,
    4.31
  ],
  [
    1713049200000,
    4.943
  ],
  [
    1713135600000,
    4.062
  ],
  [
    1713222000000,
    5.24
  ],
  [
    1713308400000,
    5.248
  ],
  [
    1713394800000,
    5.06
  ],
  [
    1713567600000,
    4.385
  ],
  [
    1713654000000,
    4.48
  ],
  [
    1713826800000,
    4.51
  ],
  [
    1714172400000,
    4.141
  ],
  [
    1714258800000,
    4.15
  ],
  [
    1714690800000,
    4
  ],
  [
    1714950000000,
    4.06
  ],
  [
    1715036400000,
    4.475
  ],
  [
    1715122800000,
    4.3
  ],
  [
    1715209200000,
    4.4
  ],
  [
    1715468400000,
    4.401
  ],
  [
    1715986800000,
    4.696
  ],
  [
    1716073200000,
    4.723
  ],
  [
    1716246000000,
    4.773
  ],
  [
    1716390000000,
    4.95
  ],
  [
    1716426000000,
    4.95
  ],
  [
    1716562800000,
    4.61
  ],
  [
    1716606000000,
    4.37
  ],
  [
    1716829200000,
    4.66
  ],
  [
    1716912000000,
    4.97
  ],
  [
    1717146000000,
    4.88
  ],
  [
    1717160400000,
    5.21
  ],
  [
    1717225200000,
    5.26
  ],
  [
    1717282800000,
    5.3
  ],
  [
    1717354800000,
    5.58
  ],
  [
    1717520400000,
    5.61
  ],
  [
    1717534800000,
    5.61
  ],
  [
    1717538400000,
    5.635
  ],
  [
    1717596000000,
    5.56
  ],
  [
    1717606800000,
    5.6
  ],
  [
    1717624800000,
    5.72
  ],
  [
    1717635600000,
    5.75
  ],
  [
    1717729200000,
    5.83
  ],
  [
    1717797600000,
    5.78
  ],
  [
    1718179200000,
    5.52
  ],
  [
    1718218800000,
    4.44
  ],
  [
    1718395200000,
    6.135
  ],
  [
    1718823600000,
    3.712
  ],
  [
    1718827200000,
    4.421
  ],
  [
    1718859600000,
    4.45
  ],
  [
    1718971200000,
    4.495
  ]
]