[
  [
    1574121600000,
    0.046
  ],
  [
    1574208000000,
    0.054
  ],
  [
    1574294400000,
    0.076
  ],
  [
    1574380800000,
    0.076
  ],
  [
    1574467200000,
    0.077
  ],
  [
    1574553600000,
    0.074
  ],
  [
    1574640000000,
    0.077
  ],
  [
    1574726400000,
    0.071
  ],
  [
    1574812800000,
    0.084
  ],
  [
    1574899200000,
    0.093
  ],
  [
    1574985600000,
    0.088
  ],
  [
    1575072000000,
    0.085
  ],
  [
    1575158400000,
    0.083
  ],
  [
    1575244800000,
    0.089
  ],
  [
    1575331200000,
    0.089
  ],
  [
    1575417600000,
    0.072
  ],
  [
    1575504000000,
    0.065
  ],
  [
    1575590400000,
    0.063
  ],
  [
    1575676800000,
    0.059
  ],
  [
    1575763200000,
    0.056
  ],
  [
    1575849600000,
    0.054
  ],
  [
    1575936000000,
    0.053
  ],
  [
    1576022400000,
    0.049
  ],
  [
    1576108800000,
    0.053
  ],
  [
    1576195200000,
    0.051
  ],
  [
    1576281600000,
    0.047
  ],
  [
    1576368000000,
    0.05
  ],
  [
    1576454400000,
    1.356
  ],
  [
    1576540800000,
    0.051
  ],
  [
    1576627200000,
    0.051
  ],
  [
    1576713600000,
    0.05
  ],
  [
    1576800000000,
    0.052
  ],
  [
    1576886400000,
    0.048
  ],
  [
    1576972800000,
    0.048
  ],
  [
    1577059200000,
    0.047
  ],
  [
    1577145600000,
    0.049
  ],
  [
    1577232000000,
    0.049
  ],
  [
    1577318400000,
    0.049
  ],
  [
    1577404800000,
    0.051
  ],
  [
    1577491200000,
    0.053
  ],
  [
    1577577600000,
    0.053
  ],
  [
    1577664000000,
    0.052
  ],
  [
    1577750400000,
    0.056
  ],
  [
    1577836800000,
    0.045
  ],
  [
    1577923200000,
    0.042
  ],
  [
    1578009600000,
    0.044
  ],
  [
    1578096000000,
    0.045
  ],
  [
    1578182400000,
    0.046
  ],
  [
    1578268800000,
    0.046
  ],
  [
    1578355200000,
    0.044
  ],
  [
    1578441600000,
    0.047
  ],
  [
    1578528000000,
    0.045
  ],
  [
    1578614400000,
    0.046
  ],
  [
    1578700800000,
    0.046
  ],
  [
    1578787200000,
    0.049
  ],
  [
    1578873600000,
    0.048
  ],
  [
    1578960000000,
    0.049
  ],
  [
    1579046400000,
    0.047
  ],
  [
    1579132800000,
    0.048
  ],
  [
    1579219200000,
    0.049
  ],
  [
    1579305600000,
    0.049
  ],
  [
    1579392000000,
    0.048
  ],
  [
    1579478400000,
    0.048
  ],
  [
    1579564800000,
    0.051
  ],
  [
    1579651200000,
    0.051
  ],
  [
    1579737600000,
    0.049
  ],
  [
    1579824000000,
    0.048
  ],
  [
    1579910400000,
    0.047
  ],
  [
    1579996800000,
    0.05
  ],
  [
    1580083200000,
    0.05
  ],
  [
    1580169600000,
    0.046
  ],
  [
    1580256000000,
    0.048
  ],
  [
    1580342400000,
    0.049
  ],
  [
    1580428800000,
    0.052
  ],
  [
    1580515200000,
    0.054
  ],
  [
    1580601600000,
    0.058
  ],
  [
    1580688000000,
    0.067
  ],
  [
    1580774400000,
    0.111
  ],
  [
    1580860800000,
    0.088
  ],
  [
    1580947200000,
    0.09
  ],
  [
    1581033600000,
    0.076
  ],
  [
    1581120000000,
    0.061
  ],
  [
    1581206400000,
    0.057
  ],
  [
    1581292800000,
    0.061
  ],
  [
    1581379200000,
    0.06
  ],
  [
    1581465600000,
    0.058
  ],
  [
    1581552000000,
    0.061
  ],
  [
    1581638400000,
    0.067
  ],
  [
    1581724800000,
    0.059
  ],
  [
    1581811200000,
    0.062
  ],
  [
    1581897600000,
    0.057
  ],
  [
    1581984000000,
    0.056
  ],
  [
    1582070400000,
    0.055
  ],
  [
    1582156800000,
    0.054
  ],
  [
    1582243200000,
    0.054
  ],
  [
    1582329600000,
    0.058
  ],
  [
    1582416000000,
    0.06
  ],
  [
    1582502400000,
    0.099
  ],
  [
    1582588800000,
    0.081
  ],
  [
    1582675200000,
    0.079
  ],
  [
    1582761600000,
    0.067
  ],
  [
    1582848000000,
    0.07
  ],
  [
    1582934400000,
    0.076
  ],
  [
    1583020800000,
    0.077
  ],
  [
    1583107200000,
    0.071
  ],
  [
    1583193600000,
    0.074
  ],
  [
    1583280000000,
    0.073
  ],
  [
    1583366400000,
    0.073
  ],
  [
    1583452800000,
    0.067
  ],
  [
    1583539200000,
    0.066
  ],
  [
    1583625600000,
    0.063
  ],
  [
    1583712000000,
    0.059
  ],
  [
    1583798400000,
    0.06
  ],
  [
    1583884800000,
    0.062
  ],
  [
    1583971200000,
    0.06
  ],
  [
    1584057600000,
    0.055
  ],
  [
    1584144000000,
    0.059
  ],
  [
    1584230400000,
    0.059
  ],
  [
    1584316800000,
    0.059
  ],
  [
    1584403200000,
    0.062
  ],
  [
    1584489600000,
    0.059
  ],
  [
    1584576000000,
    0.056
  ],
  [
    1584662400000,
    0.06
  ],
  [
    1584748800000,
    0.063
  ],
  [
    1584835200000,
    0.064
  ],
  [
    1584921600000,
    0.059
  ],
  [
    1585008000000,
    0.056
  ],
  [
    1585094400000,
    0.055
  ],
  [
    1585180800000,
    0.058
  ],
  [
    1585267200000,
    0.061
  ],
  [
    1585353600000,
    0.068
  ],
  [
    1585440000000,
    0.078
  ],
  [
    1585522800000,
    0.072
  ],
  [
    1585609200000,
    0.063
  ],
  [
    1585695600000,
    0.059
  ],
  [
    1585782000000,
    0.059
  ],
  [
    1585868400000,
    0.058
  ],
  [
    1585954800000,
    0.056
  ],
  [
    1586041200000,
    0.06
  ],
  [
    1586127600000,
    0.062
  ],
  [
    1586214000000,
    0.06
  ],
  [
    1586300400000,
    0.061
  ],
  [
    1586386800000,
    0.061
  ],
  [
    1586473200000,
    0.061
  ],
  [
    1586559600000,
    0.06
  ],
  [
    1586646000000,
    0.059
  ],
  [
    1586732400000,
    0.06
  ],
  [
    1586818800000,
    0.059
  ],
  [
    1586905200000,
    0.061
  ],
  [
    1586991600000,
    0.061
  ],
  [
    1587078000000,
    0.06
  ],
  [
    1587164400000,
    0.061
  ],
  [
    1587250800000,
    0.065
  ],
  [
    1587337200000,
    0.067
  ],
  [
    1587423600000,
    0.067
  ],
  [
    1587510000000,
    0.067
  ],
  [
    1587596400000,
    0.064
  ],
  [
    1587682800000,
    0.064
  ],
  [
    1587769200000,
    0.066
  ],
  [
    1587855600000,
    0.068
  ],
  [
    1587942000000,
    0.07
  ],
  [
    1588028400000,
    0.072
  ],
  [
    1588114800000,
    0.069
  ],
  [
    1588201200000,
    0.071
  ],
  [
    1588287600000,
    0.071
  ],
  [
    1588374000000,
    0.077
  ],
  [
    1588460400000,
    0.081
  ],
  [
    1588546800000,
    0.085
  ],
  [
    1588633200000,
    0.091
  ],
  [
    1588719600000,
    0.098
  ],
  [
    1588806000000,
    0.097
  ],
  [
    1588892400000,
    0.096
  ],
  [
    1588978800000,
    0.103
  ],
  [
    1589065200000,
    0.103
  ],
  [
    1589151600000,
    0.103
  ],
  [
    1589238000000,
    0.1
  ],
  [
    1589324400000,
    0.099
  ],
  [
    1589410800000,
    0.097
  ],
  [
    1589497200000,
    0.098
  ],
  [
    1589583600000,
    0.104
  ],
  [
    1589670000000,
    0.109
  ],
  [
    1589756400000,
    0.114
  ],
  [
    1589842800000,
    0.117
  ],
  [
    1589929200000,
    0.116
  ],
  [
    1590015600000,
    0.117
  ],
  [
    1590102000000,
    0.126
  ],
  [
    1590188400000,
    0.132
  ],
  [
    1590274800000,
    0.127
  ],
  [
    1590361200000,
    0.128
  ],
  [
    1590447600000,
    0.119
  ],
  [
    1590534000000,
    0.115
  ],
  [
    1590620400000,
    0.11
  ],
  [
    1590706800000,
    0.109
  ],
  [
    1590793200000,
    0.109
  ],
  [
    1590879600000,
    0.108
  ],
  [
    1590966000000,
    0.102
  ],
  [
    1591052400000,
    0.105
  ],
  [
    1591138800000,
    0.113
  ],
  [
    1591225200000,
    0.107
  ],
  [
    1591311600000,
    0.112
  ],
  [
    1591398000000,
    0.114
  ],
  [
    1591484400000,
    0.111
  ],
  [
    1591570800000,
    0.11
  ],
  [
    1591657200000,
    0.111
  ],
  [
    1591743600000,
    0.106
  ],
  [
    1591830000000,
    0.108
  ],
  [
    1591916400000,
    0.108
  ],
  [
    1592002800000,
    0.107
  ],
  [
    1592089200000,
    0.113
  ],
  [
    1592175600000,
    0.111
  ],
  [
    1592262000000,
    0.107
  ],
  [
    1592348400000,
    0.11
  ],
  [
    1592434800000,
    0.104
  ],
  [
    1592521200000,
    0.101
  ],
  [
    1592607600000,
    0.106
  ],
  [
    1592694000000,
    0.101
  ],
  [
    1592780400000,
    0.102
  ],
  [
    1592866800000,
    0.1
  ],
  [
    1592953200000,
    0.1
  ],
  [
    1593039600000,
    0.092
  ],
  [
    1593126000000,
    0.087
  ],
  [
    1593212400000,
    0.088
  ],
  [
    1593298800000,
    0.088
  ],
  [
    1593385200000,
    0.086
  ],
  [
    1593471600000,
    0.086
  ],
  [
    1593558000000,
    0.089
  ],
  [
    1593644400000,
    0.09
  ],
  [
    1593730800000,
    0.089
  ],
  [
    1593817200000,
    0.098
  ],
  [
    1593903600000,
    0.098
  ],
  [
    1593990000000,
    0.102
  ],
  [
    1594076400000,
    0.104
  ],
  [
    1594162800000,
    0.104
  ],
  [
    1594249200000,
    0.098
  ],
  [
    1594335600000,
    0.101
  ],
  [
    1594422000000,
    0.166
  ],
  [
    1594508400000,
    0.399
  ],
  [
    1594594800000,
    0.108
  ],
  [
    1594681200000,
    0.111
  ],
  [
    1594767600000,
    0.11
  ],
  [
    1594854000000,
    0.118
  ],
  [
    1594940400000,
    0.115
  ],
  [
    1595026800000,
    0.115
  ],
  [
    1595113200000,
    0.113
  ],
  [
    1595199600000,
    0.116
  ],
  [
    1595286000000,
    0.116
  ],
  [
    1595372400000,
    0.11
  ],
  [
    1595458800000,
    0.121
  ],
  [
    1595545200000,
    0.117
  ],
  [
    1595631600000,
    0.119
  ],
  [
    1595718000000,
    0.115
  ],
  [
    1595804400000,
    0.729
  ],
  [
    1595890800000,
    0.136
  ],
  [
    1595977200000,
    0.138
  ],
  [
    1596063600000,
    0.139
  ],
  [
    1596150000000,
    0.133
  ],
  [
    1596236400000,
    0.136
  ],
  [
    1596322800000,
    0.137
  ],
  [
    1596409200000,
    0.134
  ],
  [
    1596495600000,
    0.131
  ],
  [
    1596582000000,
    0.135
  ],
  [
    1596668400000,
    0.131
  ],
  [
    1596754800000,
    0.133
  ],
  [
    1596841200000,
    0.128
  ],
  [
    1596927600000,
    0.129
  ],
  [
    1597014000000,
    0.129
  ],
  [
    1597100400000,
    0.127
  ],
  [
    1597186800000,
    0.124
  ],
  [
    1597273200000,
    0.128
  ],
  [
    1597359600000,
    0.127
  ],
  [
    1597446000000,
    0.129
  ],
  [
    1597532400000,
    0.125
  ],
  [
    1597618800000,
    0.121
  ],
  [
    1597705200000,
    0.121
  ],
  [
    1597791600000,
    0.126
  ],
  [
    1597878000000,
    0.123
  ],
  [
    1597964400000,
    0.126
  ],
  [
    1598050800000,
    0.12
  ],
  [
    1598137200000,
    0.12
  ],
  [
    1598223600000,
    0.124
  ],
  [
    1598310000000,
    0.115
  ],
  [
    1598396400000,
    0.119
  ],
  [
    1598482800000,
    0.121
  ],
  [
    1598569200000,
    0.119
  ],
  [
    1598655600000,
    0.115
  ],
  [
    1598742000000,
    0.117
  ],
  [
    1598828400000,
    0.118
  ],
  [
    1598914800000,
    0.116
  ],
  [
    1599001200000,
    0.113
  ],
  [
    1599087600000,
    0.126
  ],
  [
    1599174000000,
    0.117
  ],
  [
    1599260400000,
    0.116
  ],
  [
    1599346800000,
    0.119
  ],
  [
    1599433200000,
    0.119
  ],
  [
    1599519600000,
    0.207
  ],
  [
    1599606000000,
    0.114
  ],
  [
    1599692400000,
    0.117
  ],
  [
    1599778800000,
    0.115
  ],
  [
    1599865200000,
    0.116
  ],
  [
    1599951600000,
    0.117
  ],
  [
    1600038000000,
    0.119
  ],
  [
    1600124400000,
    0.117
  ],
  [
    1600210800000,
    0.118
  ],
  [
    1600297200000,
    0.117
  ],
  [
    1600383600000,
    0.113
  ],
  [
    1600470000000,
    0.184
  ],
  [
    1600556400000,
    0.121
  ],
  [
    1600642800000,
    0.12
  ],
  [
    1600729200000,
    0.12
  ],
  [
    1600815600000,
    0.122
  ],
  [
    1600902000000,
    0.118
  ],
  [
    1600988400000,
    0.118
  ],
  [
    1601074800000,
    0.116
  ],
  [
    1601161200000,
    0.125
  ],
  [
    1601247600000,
    0.127
  ],
  [
    1601334000000,
    0.155
  ],
  [
    1601420400000,
    0.13
  ],
  [
    1601506800000,
    0.13
  ],
  [
    1601593200000,
    0.135
  ],
  [
    1601679600000,
    0.134
  ],
  [
    1601766000000,
    0.132
  ],
  [
    1601852400000,
    0.134
  ],
  [
    1601938800000,
    0.135
  ],
  [
    1602025200000,
    0.133
  ],
  [
    1602111600000,
    0.134
  ],
  [
    1602198000000,
    0.136
  ],
  [
    1602284400000,
    0.138
  ],
  [
    1602370800000,
    0.141
  ],
  [
    1602457200000,
    0.144
  ],
  [
    1602543600000,
    0.146
  ],
  [
    1602630000000,
    0.144
  ],
  [
    1602716400000,
    0.15
  ],
  [
    1602802800000,
    0.147
  ],
  [
    1602889200000,
    0.156
  ],
  [
    1602975600000,
    0.154
  ],
  [
    1603062000000,
    0.148
  ],
  [
    1603148400000,
    0.152
  ],
  [
    1603234800000,
    0.154
  ],
  [
    1603321200000,
    0.155
  ],
  [
    1603407600000,
    0.159
  ],
  [
    1603494000000,
    0.159
  ],
  [
    1603580400000,
    0.161
  ],
  [
    1603670400000,
    0.154
  ],
  [
    1603756800000,
    0.152
  ],
  [
    1603843200000,
    0.154
  ],
  [
    1603929600000,
    0.15
  ],
  [
    1604016000000,
    0.14
  ],
  [
    1604102400000,
    0.141
  ],
  [
    1604188800000,
    0.249
  ],
  [
    1604275200000,
    0.145
  ],
  [
    1604361600000,
    0.146
  ],
  [
    1604448000000,
    0.149
  ],
  [
    1604534400000,
    0.215
  ],
  [
    1604620800000,
    0.146
  ],
  [
    1604707200000,
    0.137
  ],
  [
    1604793600000,
    0.135
  ],
  [
    1604880000000,
    0.135
  ],
  [
    1604966400000,
    0.134
  ],
  [
    1605052800000,
    0.148
  ],
  [
    1605139200000,
    0.134
  ],
  [
    1605225600000,
    0.143
  ],
  [
    1605312000000,
    0.135
  ],
  [
    1605398400000,
    0.134
  ],
  [
    1605484800000,
    0.129
  ],
  [
    1605571200000,
    0.132
  ],
  [
    1605657600000,
    0.14
  ],
  [
    1605744000000,
    0.134
  ],
  [
    1605830400000,
    0.131
  ],
  [
    1605916800000,
    0.137
  ],
  [
    1606003200000,
    0.14
  ],
  [
    1606089600000,
    0.139
  ],
  [
    1606176000000,
    0.14
  ],
  [
    1606262400000,
    0.132
  ],
  [
    1606348800000,
    0.124
  ],
  [
    1606435200000,
    0.127
  ],
  [
    1606521600000,
    0.118
  ],
  [
    1606608000000,
    0.125
  ],
  [
    1606694400000,
    0.124
  ],
  [
    1606780800000,
    0.123
  ],
  [
    1606867200000,
    0.186
  ],
  [
    1606953600000,
    0.627
  ],
  [
    1607040000000,
    0.222
  ],
  [
    1607126400000,
    0.107
  ],
  [
    1607212800000,
    0.11
  ],
  [
    1607299200000,
    0.107
  ],
  [
    1607385600000,
    1.051
  ],
  [
    1607472000000,
    0.115
  ],
  [
    1607558400000,
    0.11
  ],
  [
    1607644800000,
    0.112
  ],
  [
    1607731200000,
    0.112
  ],
  [
    1607817600000,
    0.114
  ],
  [
    1607904000000,
    0.113
  ],
  [
    1607990400000,
    0.114
  ],
  [
    1608076800000,
    0.114
  ],
  [
    1608163200000,
    0.114
  ],
  [
    1608249600000,
    0.113
  ],
  [
    1608336000000,
    0.125
  ],
  [
    1608422400000,
    0.128
  ],
  [
    1608508800000,
    0.12
  ],
  [
    1608595200000,
    0.118
  ],
  [
    1608681600000,
    0.111
  ],
  [
    1608768000000,
    0.111
  ],
  [
    1608854400000,
    0.111
  ],
  [
    1608940800000,
    0.14
  ],
  [
    1609027200000,
    0.124
  ],
  [
    1609113600000,
    0.12
  ],
  [
    1609200000000,
    0.127
  ],
  [
    1609286400000,
    0.128
  ],
  [
    1609372800000,
    0.136
  ],
  [
    1609459200000,
    0.169
  ],
  [
    1609545600000,
    0.164
  ],
  [
    1609632000000,
    0.16
  ],
  [
    1609718400000,
    0.169
  ],
  [
    1609804800000,
    0.173
  ],
  [
    1609891200000,
    0.174
  ],
  [
    1609977600000,
    0.186
  ],
  [
    1610064000000,
    0.191
  ],
  [
    1610150400000,
    0.192
  ],
  [
    1610236800000,
    0.198
  ],
  [
    1610323200000,
    0.189
  ],
  [
    1610409600000,
    0.273
  ],
  [
    1610496000000,
    0.201
  ],
  [
    1610582400000,
    0.191
  ],
  [
    1610668800000,
    0.187
  ],
  [
    1610755200000,
    0.186
  ],
  [
    1610841600000,
    1.625
  ],
  [
    1610928000000,
    0.184
  ],
  [
    1611014400000,
    0.201
  ],
  [
    1611100800000,
    0.202
  ],
  [
    1611187200000,
    0.194
  ],
  [
    1611273600000,
    0.192
  ],
  [
    1611360000000,
    0.186
  ],
  [
    1611446400000,
    0.192
  ],
  [
    1611532800000,
    0.189
  ],
  [
    1611619200000,
    0.187
  ],
  [
    1611705600000,
    0.227
  ],
  [
    1611792000000,
    0.227
  ],
  [
    1611878400000,
    0.342
  ],
  [
    1611964800000,
    0.187
  ],
  [
    1612051200000,
    0.196
  ],
  [
    1612137600000,
    0.189
  ],
  [
    1612224000000,
    0.197
  ],
  [
    1612310400000,
    0.21
  ],
  [
    1612396800000,
    0.224
  ],
  [
    1612483200000,
    0.228
  ],
  [
    1612569600000,
    0.24
  ],
  [
    1612656000000,
    0.47
  ],
  [
    1612742400000,
    0.251
  ],
  [
    1612828800000,
    0.256
  ],
  [
    1612915200000,
    0.253
  ],
  [
    1613001600000,
    0.254
  ],
  [
    1613088000000,
    0.22
  ],
  [
    1613174400000,
    0.217
  ],
  [
    1613260800000,
    0.211
  ],
  [
    1613347200000,
    0.216
  ],
  [
    1613433600000,
    0.214
  ],
  [
    1613520000000,
    0.213
  ],
  [
    1613606400000,
    0.208
  ],
  [
    1613692800000,
    0.212
  ],
  [
    1613779200000,
    0.757
  ],
  [
    1613865600000,
    0.214
  ],
  [
    1613952000000,
    0.227
  ],
  [
    1614038400000,
    0.233
  ],
  [
    1614124800000,
    0.235
  ],
  [
    1614211200000,
    0.235
  ],
  [
    1614297600000,
    0.219
  ],
  [
    1614384000000,
    0.238
  ],
  [
    1614470400000,
    0.231
  ],
  [
    1614556800000,
    0.24
  ],
  [
    1614643200000,
    0.236
  ],
  [
    1614729600000,
    0.239
  ],
  [
    1614816000000,
    0.261
  ],
  [
    1614902400000,
    0.26
  ],
  [
    1614988800000,
    0.304
  ],
  [
    1615075200000,
    0.278
  ],
  [
    1615161600000,
    0.266
  ],
  [
    1615248000000,
    0.263
  ],
  [
    1615334400000,
    0.272
  ],
  [
    1615420800000,
    0.277
  ],
  [
    1615507200000,
    0.277
  ],
  [
    1615593600000,
    0.269
  ],
  [
    1615680000000,
    0.269
  ],
  [
    1615766400000,
    0.276
  ],
  [
    1615852800000,
    0.307
  ],
  [
    1615939200000,
    0.267
  ],
  [
    1616025600000,
    0.265
  ],
  [
    1616112000000,
    0.266
  ],
  [
    1616198400000,
    0.275
  ],
  [
    1616284800000,
    0.287
  ],
  [
    1616371200000,
    0.321
  ],
  [
    1616457600000,
    0.344
  ],
  [
    1616544000000,
    0.37
  ],
  [
    1616630400000,
    0.422
  ],
  [
    1616716800000,
    6.623
  ],
  [
    1616803200000,
    0.427
  ],
  [
    1616889600000,
    0.448
  ],
  [
    1616972400000,
    0.414
  ],
  [
    1617058800000,
    0.435
  ],
  [
    1617145200000,
    0.424
  ],
  [
    1617231600000,
    0.409
  ],
  [
    1617318000000,
    0.401
  ],
  [
    1617404400000,
    0.393
  ],
  [
    1617490800000,
    0.786
  ],
  [
    1617577200000,
    0.375
  ],
  [
    1617663600000,
    0.426
  ],
  [
    1617750000000,
    0.348
  ],
  [
    1617836400000,
    0.338
  ],
  [
    1617922800000,
    0.329
  ],
  [
    1618009200000,
    0.31
  ],
  [
    1618095600000,
    0.316
  ],
  [
    1618182000000,
    0.316
  ],
  [
    1618268400000,
    0.326
  ],
  [
    1618354800000,
    0.328
  ],
  [
    1618441200000,
    0.339
  ],
  [
    1618527600000,
    0.364
  ],
  [
    1618614000000,
    0.383
  ],
  [
    1618700400000,
    0.413
  ],
  [
    1618786800000,
    0.416
  ],
  [
    1618873200000,
    0.411
  ],
  [
    1618959600000,
    0.405
  ],
  [
    1619046000000,
    0.401
  ],
  [
    1619132400000,
    0.397
  ],
  [
    1619218800000,
    0.459
  ],
  [
    1619305200000,
    0.409
  ],
  [
    1619391600000,
    0.395
  ],
  [
    1619478000000,
    0.392
  ],
  [
    1619564400000,
    0.379
  ],
  [
    1619650800000,
    0.398
  ],
  [
    1619737200000,
    0.402
  ],
  [
    1619823600000,
    0.417
  ],
  [
    1619910000000,
    0.461
  ],
  [
    1619996400000,
    16.3
  ],
  [
    1620082800000,
    0.465
  ],
  [
    1620169200000,
    0.455
  ],
  [
    1620255600000,
    0.459
  ],
  [
    1620342000000,
    0.482
  ],
  [
    1620428400000,
    0.506
  ],
  [
    1620514800000,
    0.539
  ],
  [
    1620601200000,
    0.55
  ],
  [
    1620687600000,
    0.57
  ],
  [
    1620774000000,
    0.588
  ],
  [
    1620860400000,
    0.553
  ],
  [
    1620946800000,
    0.545
  ],
  [
    1621033200000,
    0.565
  ],
  [
    1621119600000,
    0.519
  ],
  [
    1621206000000,
    0.517
  ],
  [
    1621292400000,
    0.513
  ],
  [
    1621378800000,
    0.54
  ],
  [
    1621465200000,
    0.652
  ],
  [
    1621551600000,
    0.751
  ],
  [
    1621638000000,
    0.677
  ],
  [
    1621724400000,
    0.783
  ],
  [
    1621810800000,
    0.847
  ],
  [
    1621897200000,
    0.951
  ],
  [
    1621983600000,
    1.133
  ],
  [
    1622070000000,
    1.264
  ],
  [
    1622156400000,
    1.208
  ],
  [
    1622242800000,
    1.155
  ],
  [
    1622329200000,
    1.124
  ],
  [
    1622415600000,
    1.202
  ],
  [
    1622502000000,
    1.05
  ],
  [
    1622588400000,
    1.102
  ],
  [
    1622674800000,
    1.154
  ],
  [
    1622761200000,
    1.278
  ],
  [
    1622847600000,
    1.465
  ],
  [
    1622934000000,
    1.4
  ],
  [
    1623020400000,
    1.303
  ],
  [
    1623106800000,
    1.203
  ],
  [
    1623193200000,
    1.284
  ],
  [
    1623279600000,
    1.245
  ],
  [
    1623366000000,
    1.316
  ],
  [
    1623452400000,
    1.312
  ],
  [
    1623538800000,
    1.279
  ],
  [
    1623625200000,
    1.184
  ],
  [
    1623711600000,
    1.23
  ],
  [
    1623798000000,
    1.224
  ],
  [
    1623884400000,
    1.206
  ],
  [
    1623970800000,
    1.206
  ],
  [
    1624057200000,
    1.26
  ],
  [
    1624143600000,
    1.225
  ],
  [
    1624230000000,
    1.233
  ],
  [
    1624316400000,
    1.16
  ],
  [
    1624402800000,
    1.197
  ],
  [
    1624489200000,
    1.111
  ],
  [
    1624575600000,
    1.006
  ],
  [
    1624662000000,
    1.003
  ],
  [
    1624748400000,
    0.944
  ],
  [
    1624834800000,
    0.929
  ],
  [
    1624921200000,
    0.925
  ],
  [
    1625007600000,
    0.927
  ],
  [
    1625094000000,
    0.911
  ],
  [
    1625180400000,
    0.916
  ],
  [
    1625266800000,
    0.976
  ],
  [
    1625353200000,
    0.884
  ],
  [
    1625439600000,
    0.886
  ],
  [
    1625526000000,
    0.852
  ],
  [
    1625612400000,
    1.29
  ],
  [
    1625698800000,
    0.85
  ],
  [
    1625785200000,
    0.859
  ],
  [
    1625871600000,
    0.87
  ],
  [
    1625958000000,
    0.852
  ],
  [
    1626044400000,
    0.903
  ],
  [
    1626130800000,
    0.803
  ],
  [
    1626217200000,
    0.781
  ],
  [
    1626303600000,
    0.811
  ],
  [
    1626390000000,
    0.756
  ],
  [
    1626476400000,
    0.786
  ],
  [
    1626562800000,
    0.766
  ],
  [
    1626649200000,
    0.811
  ],
  [
    1626735600000,
    0.809
  ],
  [
    1626822000000,
    0.77
  ],
  [
    1626908400000,
    0.805
  ],
  [
    1626994800000,
    0.814
  ],
  [
    1627081200000,
    4.276
  ],
  [
    1627167600000,
    0.83
  ],
  [
    1627254000000,
    0.825
  ],
  [
    1627340400000,
    3.221
  ],
  [
    1627426800000,
    0.825
  ],
  [
    1627513200000,
    0.818
  ],
  [
    1627599600000,
    0.82
  ],
  [
    1627686000000,
    0.831
  ],
  [
    1627772400000,
    0.807
  ],
  [
    1627858800000,
    0.79
  ],
  [
    1627945200000,
    0.836
  ],
  [
    1628031600000,
    0.791
  ],
  [
    1628118000000,
    22.333
  ],
  [
    1628204400000,
    0.831
  ],
  [
    1628290800000,
    0.832
  ],
  [
    1628377200000,
    0.782
  ],
  [
    1628463600000,
    0.78
  ],
  [
    1628550000000,
    0.788
  ],
  [
    1628636400000,
    0.762
  ],
  [
    1628722800000,
    0.816
  ],
  [
    1628809200000,
    0.782
  ],
  [
    1628895600000,
    0.812
  ],
  [
    1628982000000,
    0.782
  ],
  [
    1629068400000,
    0.731
  ],
  [
    1629154800000,
    0.729
  ],
  [
    1629241200000,
    0.751
  ],
  [
    1629327600000,
    20.671
  ],
  [
    1629414000000,
    0.72
  ],
  [
    1629500400000,
    0.743
  ],
  [
    1629586800000,
    0.768
  ],
  [
    1629673200000,
    0.795
  ],
  [
    1629759600000,
    0.797
  ],
  [
    1629846000000,
    2.125
  ],
  [
    1629932400000,
    0.838
  ],
  [
    1630018800000,
    0.796
  ],
  [
    1630105200000,
    0.744
  ],
  [
    1630191600000,
    0.763
  ],
  [
    1630278000000,
    0.797
  ],
  [
    1630364400000,
    0.772
  ],
  [
    1630450800000,
    0.756
  ],
  [
    1630537200000,
    0.722
  ],
  [
    1630623600000,
    0.789
  ],
  [
    1630710000000,
    0.776
  ],
  [
    1630796400000,
    0.744
  ],
  [
    1630882800000,
    0.74
  ],
  [
    1630969200000,
    0.766
  ],
  [
    1631055600000,
    0.76
  ],
  [
    1631142000000,
    0.762
  ],
  [
    1631228400000,
    1.093
  ],
  [
    1631314800000,
    0.718
  ],
  [
    1631401200000,
    0.79
  ],
  [
    1631487600000,
    0.779
  ],
  [
    1631574000000,
    0.784
  ],
  [
    1631660400000,
    0.783
  ],
  [
    1631746800000,
    2.946
  ],
  [
    1631833200000,
    0.74
  ],
  [
    1631919600000,
    1.356
  ],
  [
    1632006000000,
    0.761
  ],
  [
    1632092400000,
    0.743
  ],
  [
    1632178800000,
    0.739
  ],
  [
    1632265200000,
    0.695
  ],
  [
    1632351600000,
    0.628
  ],
  [
    1632438000000,
    0.589
  ],
  [
    1632524400000,
    0.56
  ],
  [
    1632610800000,
    0.609
  ],
  [
    1632697200000,
    0.572
  ],
  [
    1632783600000,
    1.082
  ],
  [
    1632870000000,
    0.576
  ],
  [
    1632956400000,
    0.563
  ],
  [
    1633042800000,
    0.573
  ],
  [
    1633129200000,
    0.587
  ],
  [
    1633215600000,
    0.574
  ],
  [
    1633302000000,
    0.611
  ],
  [
    1633388400000,
    0.577
  ],
  [
    1633474800000,
    0.581
  ],
  [
    1633561200000,
    0.642
  ],
  [
    1633647600000,
    0.572
  ],
  [
    1633734000000,
    0.65
  ],
  [
    1633820400000,
    0.576
  ],
  [
    1633906800000,
    0.606
  ],
  [
    1633993200000,
    0.61
  ],
  [
    1634079600000,
    0.617
  ],
  [
    1634166000000,
    0.587
  ],
  [
    1634252400000,
    0.549
  ],
  [
    1634338800000,
    0.578
  ],
  [
    1634425200000,
    1.221
  ],
  [
    1634511600000,
    0.551
  ],
  [
    1634598000000,
    0.582
  ],
  [
    1634684400000,
    0.551
  ],
  [
    1634770800000,
    0.578
  ],
  [
    1634857200000,
    0.518
  ],
  [
    1634943600000,
    0.512
  ],
  [
    1635030000000,
    0.658
  ],
  [
    1635116400000,
    0.527
  ],
  [
    1635202800000,
    0.595
  ],
  [
    1635289200000,
    0.501
  ],
  [
    1635375600000,
    0.517
  ],
  [
    1635462000000,
    0.537
  ],
  [
    1635548400000,
    0.537
  ],
  [
    1635634800000,
    0.537
  ],
  [
    1635724800000,
    0.532
  ],
  [
    1635811200000,
    0.548
  ],
  [
    1635897600000,
    1.899
  ],
  [
    1635984000000,
    0.593
  ],
  [
    1636070400000,
    0.639
  ],
  [
    1636156800000,
    0.567
  ],
  [
    1636243200000,
    0.613
  ],
  [
    1636329600000,
    0.553
  ],
  [
    1636416000000,
    0.588
  ],
  [
    1636502400000,
    0.576
  ],
  [
    1636588800000,
    0.556
  ],
  [
    1636675200000,
    0.555
  ],
  [
    1636761600000,
    0.574
  ],
  [
    1636848000000,
    0.635
  ],
  [
    1636934400000,
    1.614
  ],
  [
    1637020800000,
    0.589
  ],
  [
    1637107200000,
    3.262
  ],
  [
    1637193600000,
    0.587
  ],
  [
    1637280000000,
    0.591
  ],
  [
    1637366400000,
    0.624
  ],
  [
    1637452800000,
    0.589
  ],
  [
    1637539200000,
    0.734
  ],
  [
    1637625600000,
    0.669
  ],
  [
    1637712000000,
    0.668
  ],
  [
    1637798400000,
    0.632
  ],
  [
    1637884800000,
    0.653
  ],
  [
    1637971200000,
    0.652
  ],
  [
    1638057600000,
    1.379
  ],
  [
    1638144000000,
    0.651
  ],
  [
    1638230400000,
    0.651
  ],
  [
    1638316800000,
    0.608
  ],
  [
    1638403200000,
    0.652
  ],
  [
    1638489600000,
    0.668
  ],
  [
    1638576000000,
    0.733
  ],
  [
    1638662400000,
    0.71
  ],
  [
    1638748800000,
    2.455
  ],
  [
    1638835200000,
    0.756
  ],
  [
    1638921600000,
    0.751
  ],
  [
    1639008000000,
    0.755
  ],
  [
    1639094400000,
    0.782
  ],
  [
    1639180800000,
    0.774
  ],
  [
    1639267200000,
    0.806
  ],
  [
    1639353600000,
    0.814
  ],
  [
    1639440000000,
    0.894
  ],
  [
    1639526400000,
    0.829
  ],
  [
    1639612800000,
    0.836
  ],
  [
    1639699200000,
    0.826
  ],
  [
    1639785600000,
    0.882
  ],
  [
    1639872000000,
    0.876
  ],
  [
    1639958400000,
    0.849
  ],
  [
    1640044800000,
    0.855
  ],
  [
    1640131200000,
    0.882
  ],
  [
    1640217600000,
    0.868
  ],
  [
    1640304000000,
    0.874
  ],
  [
    1640390400000,
    0.868
  ],
  [
    1640476800000,
    0.849
  ],
  [
    1640563200000,
    0.82
  ],
  [
    1640649600000,
    0.863
  ],
  [
    1640736000000,
    0.87
  ],
  [
    1640822400000,
    0.881
  ],
  [
    1640908800000,
    0.897
  ],
  [
    1640995200000,
    0.92
  ],
  [
    1641081600000,
    0.912
  ],
  [
    1641168000000,
    0.817
  ],
  [
    1641254400000,
    0.913
  ],
  [
    1641340800000,
    0.903
  ],
  [
    1641427200000,
    0.903
  ],
  [
    1641513600000,
    0.879
  ],
  [
    1641600000000,
    0.911
  ],
  [
    1641686400000,
    0.9
  ],
  [
    1641772800000,
    0.972
  ],
  [
    1641859200000,
    0.946
  ],
  [
    1641945600000,
    0.953
  ],
  [
    1642032000000,
    1.008
  ],
  [
    1642118400000,
    0.896
  ],
  [
    1642204800000,
    0.908
  ],
  [
    1642291200000,
    1.008
  ],
  [
    1642377600000,
    0.968
  ],
  [
    1642464000000,
    0.994
  ],
  [
    1642550400000,
    0.962
  ],
  [
    1642636800000,
    1.034
  ],
  [
    1642723200000,
    0.997
  ],
  [
    1642809600000,
    0.922
  ],
  [
    1642896000000,
    0.937
  ],
  [
    1642982400000,
    0.939
  ],
  [
    1643068800000,
    0.952
  ],
  [
    1643155200000,
    0.936
  ],
  [
    1643241600000,
    0.988
  ],
  [
    1643328000000,
    0.947
  ],
  [
    1643414400000,
    0.913
  ],
  [
    1643500800000,
    0.922
  ],
  [
    1643587200000,
    0.909
  ],
  [
    1643673600000,
    0.864
  ],
  [
    1643760000000,
    0.88
  ],
  [
    1643846400000,
    0.9
  ],
  [
    1643932800000,
    0.886
  ],
  [
    1644019200000,
    0.893
  ],
  [
    1644105600000,
    0.912
  ],
  [
    1644192000000,
    0.901
  ],
  [
    1644278400000,
    0.912
  ],
  [
    1644364800000,
    0.924
  ],
  [
    1644451200000,
    0.899
  ],
  [
    1644537600000,
    0.914
  ],
  [
    1644624000000,
    0.907
  ],
  [
    1644710400000,
    0.926
  ],
  [
    1644796800000,
    0.917
  ],
  [
    1644883200000,
    0.885
  ],
  [
    1644969600000,
    0.914
  ],
  [
    1645056000000,
    0.88
  ],
  [
    1645142400000,
    0.937
  ],
  [
    1645228800000,
    0.921
  ],
  [
    1645315200000,
    0.968
  ],
  [
    1645401600000,
    0.957
  ],
  [
    1645488000000,
    0.898
  ],
  [
    1645574400000,
    0.9
  ],
  [
    1645660800000,
    1.011
  ],
  [
    1645747200000,
    0.967
  ],
  [
    1645833600000,
    0.994
  ],
  [
    1645920000000,
    0.937
  ],
  [
    1646006400000,
    0.991
  ],
  [
    1646092800000,
    0.981
  ],
  [
    1646179200000,
    0.928
  ],
  [
    1646265600000,
    0.916
  ],
  [
    1646352000000,
    0.944
  ],
  [
    1646438400000,
    0.941
  ],
  [
    1646524800000,
    0.972
  ],
  [
    1646611200000,
    0.966
  ],
  [
    1646697600000,
    0.971
  ],
  [
    1646784000000,
    0.875
  ],
  [
    1646870400000,
    0.907
  ],
  [
    1646956800000,
    0.928
  ],
  [
    1647043200000,
    1.012
  ],
  [
    1647129600000,
    0.964
  ],
  [
    1647216000000,
    0.976
  ],
  [
    1647302400000,
    0.974
  ],
  [
    1647388800000,
    0.951
  ],
  [
    1647475200000,
    0.911
  ],
  [
    1647561600000,
    0.953
  ],
  [
    1647648000000,
    0.985
  ],
  [
    1647734400000,
    0.987
  ],
  [
    1647820800000,
    1.047
  ],
  [
    1647907200000,
    1.024
  ],
  [
    1647993600000,
    1.064
  ],
  [
    1648080000000,
    1.05
  ],
  [
    1648166400000,
    1.071
  ],
  [
    1648252800000,
    1.074
  ],
  [
    1648339200000,
    1.132
  ],
  [
    1648422000000,
    1.101
  ],
  [
    1648508400000,
    1.102
  ],
  [
    1648594800000,
    1.099
  ],
  [
    1648681200000,
    1.178
  ],
  [
    1648767600000,
    1.129
  ],
  [
    1648854000000,
    1.217
  ],
  [
    1648940400000,
    1.14
  ],
  [
    1649026800000,
    1.229
  ],
  [
    1649113200000,
    1.226
  ],
  [
    1649199600000,
    1.183
  ],
  [
    1649286000000,
    1.38
  ],
  [
    1649372400000,
    1.328
  ],
  [
    1649458800000,
    1.267
  ],
  [
    1649545200000,
    1.271
  ],
  [
    1649631600000,
    1.244
  ],
  [
    1649718000000,
    1.276
  ],
  [
    1649804400000,
    1.273
  ],
  [
    1649890800000,
    1.244
  ],
  [
    1649977200000,
    1.221
  ],
  [
    1650063600000,
    1.206
  ],
  [
    1650150000000,
    1.288
  ],
  [
    1650236400000,
    1.239
  ],
  [
    1650322800000,
    1.279
  ],
  [
    1650409200000,
    1.269
  ],
  [
    1650495600000,
    1.245
  ],
  [
    1650582000000,
    1.361
  ],
  [
    1650668400000,
    1.322
  ],
  [
    1650754800000,
    1.344
  ],
  [
    1650841200000,
    1.387
  ],
  [
    1650927600000,
    1.363
  ],
  [
    1651014000000,
    1.346
  ],
  [
    1651100400000,
    1.301
  ],
  [
    1651186800000,
    1.264
  ],
  [
    1651273200000,
    1.273
  ],
  [
    1651359600000,
    1.28
  ],
  [
    1651446000000,
    1.285
  ],
  [
    1651532400000,
    1.245
  ],
  [
    1651618800000,
    1.148
  ],
  [
    1651705200000,
    1.178
  ],
  [
    1651791600000,
    1.182
  ],
  [
    1651878000000,
    1.248
  ],
  [
    1651964400000,
    1.225
  ],
  [
    1652050800000,
    1.217
  ],
  [
    1652137200000,
    1.217
  ],
  [
    1652223600000,
    1.218
  ],
  [
    1652310000000,
    1.201
  ],
  [
    1652396400000,
    1.263
  ],
  [
    1652482800000,
    1.314
  ],
  [
    1652569200000,
    1.296
  ],
  [
    1652655600000,
    1.195
  ],
  [
    1652742000000,
    1.261
  ],
  [
    1652828400000,
    1.234
  ],
  [
    1652914800000,
    1.262
  ],
  [
    1653001200000,
    1.246
  ],
  [
    1653087600000,
    1.241
  ],
  [
    1653174000000,
    1.115
  ],
  [
    1653260400000,
    1.419
  ],
  [
    1653346800000,
    1.114
  ],
  [
    1653433200000,
    1.188
  ],
  [
    1653519600000,
    1.2
  ],
  [
    1653606000000,
    1.188
  ],
  [
    1653692400000,
    1.172
  ],
  [
    1653778800000,
    1.115
  ],
  [
    1653865200000,
    1.112
  ],
  [
    1653951600000,
    1.139
  ],
  [
    1654038000000,
    1.135
  ],
  [
    1654124400000,
    1.175
  ],
  [
    1654210800000,
    1.138
  ],
  [
    1654297200000,
    1.138
  ],
  [
    1654383600000,
    1.121
  ],
  [
    1654470000000,
    1.126
  ],
  [
    1654556400000,
    1.133
  ],
  [
    1654642800000,
    1.07
  ],
  [
    1654729200000,
    1.106
  ],
  [
    1654815600000,
    1.169
  ],
  [
    1654902000000,
    1.088
  ],
  [
    1654988400000,
    1.084
  ],
  [
    1655074800000,
    1.102
  ],
  [
    1655161200000,
    1.051
  ],
  [
    1655247600000,
    1.03
  ],
  [
    1655334000000,
    1.068
  ],
  [
    1655420400000,
    1.017
  ],
  [
    1655506800000,
    0.981
  ],
  [
    1655593200000,
    1.058
  ],
  [
    1655679600000,
    1.076
  ],
  [
    1655766000000,
    1.06
  ],
  [
    1655852400000,
    1.065
  ],
  [
    1655938800000,
    1.022
  ],
  [
    1656025200000,
    0.977
  ],
  [
    1656111600000,
    0.979
  ],
  [
    1656198000000,
    1.001
  ],
  [
    1656284400000,
    0.997
  ],
  [
    1656370800000,
    1.03
  ],
  [
    1656457200000,
    1.011
  ],
  [
    1656543600000,
    0.954
  ],
  [
    1656630000000,
    1.009
  ],
  [
    1656716400000,
    1.016
  ],
  [
    1656802800000,
    1
  ],
  [
    1656889200000,
    0.926
  ],
  [
    1656975600000,
    1.036
  ],
  [
    1657062000000,
    1.091
  ],
  [
    1657148400000,
    1.102
  ],
  [
    1657234800000,
    1.091
  ],
  [
    1657321200000,
    1.097
  ],
  [
    1657407600000,
    1.069
  ],
  [
    1657494000000,
    1.008
  ],
  [
    1657580400000,
    0.981
  ],
  [
    1657666800000,
    1.016
  ],
  [
    1657753200000,
    1.03
  ],
  [
    1657839600000,
    0.986
  ],
  [
    1657926000000,
    0.996
  ],
  [
    1658012400000,
    0.967
  ],
  [
    1658098800000,
    0.96
  ],
  [
    1658185200000,
    0.919
  ],
  [
    1658271600000,
    0.956
  ],
  [
    1658358000000,
    0.974
  ],
  [
    1658444400000,
    0.881
  ],
  [
    1658530800000,
    0.959
  ],
  [
    1658617200000,
    0.891
  ],
  [
    1658703600000,
    0.899
  ],
  [
    1658790000000,
    0.941
  ],
  [
    1658876400000,
    0.946
  ],
  [
    1658962800000,
    0.928
  ],
  [
    1659049200000,
    0.906
  ],
  [
    1659135600000,
    1.023
  ],
  [
    1659222000000,
    0.961
  ],
  [
    1659308400000,
    1.058
  ],
  [
    1659394800000,
    1.031
  ],
  [
    1659481200000,
    1.04
  ],
  [
    1659567600000,
    1.048
  ],
  [
    1659654000000,
    0.939
  ],
  [
    1659740400000,
    1.004
  ],
  [
    1659826800000,
    1.01
  ],
  [
    1659913200000,
    1.025
  ],
  [
    1659999600000,
    1.104
  ],
  [
    1660086000000,
    1.022
  ],
  [
    1660172400000,
    1.064
  ],
  [
    1660258800000,
    1
  ],
  [
    1660345200000,
    1.156
  ],
  [
    1660431600000,
    1.009
  ],
  [
    1660518000000,
    1.115
  ],
  [
    1660604400000,
    1.118
  ],
  [
    1660690800000,
    0.994
  ],
  [
    1660777200000,
    1.053
  ],
  [
    1660863600000,
    1.074
  ],
  [
    1660950000000,
    1.047
  ],
  [
    1661036400000,
    1.086
  ],
  [
    1661122800000,
    1.064
  ],
  [
    1661209200000,
    1.102
  ],
  [
    1661295600000,
    1.1
  ],
  [
    1661382000000,
    1.088
  ],
  [
    1661468400000,
    1.048
  ],
  [
    1661554800000,
    1.117
  ],
  [
    1661641200000,
    1.073
  ],
  [
    1661727600000,
    1.083
  ],
  [
    1661814000000,
    1.134
  ],
  [
    1661900400000,
    1.117
  ],
  [
    1661986800000,
    1.15
  ],
  [
    1662073200000,
    1.167
  ],
  [
    1662159600000,
    1.146
  ],
  [
    1662246000000,
    1.172
  ],
  [
    1662332400000,
    1.241
  ],
  [
    1662418800000,
    1.146
  ],
  [
    1662505200000,
    1.208
  ],
  [
    1662591600000,
    1.166
  ],
  [
    1662678000000,
    1.202
  ],
  [
    1662764400000,
    1.379
  ],
  [
    1662850800000,
    1.266
  ],
  [
    1662937200000,
    1.178
  ],
  [
    1663023600000,
    1.206
  ],
  [
    1663110000000,
    1.223
  ],
  [
    1663196400000,
    1.159
  ],
  [
    1663282800000,
    1.278
  ],
  [
    1663369200000,
    1.341
  ],
  [
    1663455600000,
    1.336
  ],
  [
    1663542000000,
    1.335
  ],
  [
    1663628400000,
    1.304
  ],
  [
    1663714800000,
    1.301
  ],
  [
    1663801200000,
    1.227
  ],
  [
    1663887600000,
    1.309
  ],
  [
    1663974000000,
    1.236
  ],
  [
    1664060400000,
    1.342
  ],
  [
    1664146800000,
    1.285
  ],
  [
    1664233200000,
    1.282
  ],
  [
    1664319600000,
    1.166
  ],
  [
    1664406000000,
    1.206
  ],
  [
    1664492400000,
    1.247
  ],
  [
    1664578800000,
    1.591
  ],
  [
    1664665200000,
    1.228
  ],
  [
    1664751600000,
    1.219
  ],
  [
    1664838000000,
    1.199
  ],
  [
    1664924400000,
    19.398
  ],
  [
    1665010800000,
    1.166
  ],
  [
    1665097200000,
    1.217
  ],
  [
    1665183600000,
    1.221
  ],
  [
    1665270000000,
    1.233
  ],
  [
    1665356400000,
    1.313
  ],
  [
    1665442800000,
    1.287
  ],
  [
    1665529200000,
    1.219
  ],
  [
    1665615600000,
    1.281
  ],
  [
    1665702000000,
    1.343
  ],
  [
    1665788400000,
    1.359
  ],
  [
    1665874800000,
    1.42
  ],
  [
    1665961200000,
    1.29
  ],
  [
    1666047600000,
    1.19
  ],
  [
    1666134000000,
    1.376
  ],
  [
    1666220400000,
    1.408
  ],
  [
    1666306800000,
    1.418
  ],
  [
    1666393200000,
    1.327
  ],
  [
    1666479600000,
    1.408
  ],
  [
    1666566000000,
    1.349
  ],
  [
    1666652400000,
    1.289
  ],
  [
    1666738800000,
    1.347
  ],
  [
    1666825200000,
    1.394
  ],
  [
    1666911600000,
    1.37
  ],
  [
    1666998000000,
    1.472
  ],
  [
    1667084400000,
    1.382
  ],
  [
    1667174400000,
    1.396
  ],
  [
    1667260800000,
    1.517
  ],
  [
    1667347200000,
    1.63
  ],
  [
    1667433600000,
    1.578
  ],
  [
    1667520000000,
    1.734
  ],
  [
    1667606400000,
    1.786
  ],
  [
    1667692800000,
    1.331
  ],
  [
    1667779200000,
    1.762
  ],
  [
    1667865600000,
    1.822
  ],
  [
    1667952000000,
    1.699
  ],
  [
    1668038400000,
    1.712
  ],
  [
    1668124800000,
    1.758
  ],
  [
    1668211200000,
    1.818
  ],
  [
    1668297600000,
    1.676
  ],
  [
    1668384000000,
    1.491
  ],
  [
    1668470400000,
    1.558
  ],
  [
    1668556800000,
    1.279
  ],
  [
    1668643200000,
    1.556
  ],
  [
    1668729600000,
    1.517
  ],
  [
    1668816000000,
    1.593
  ],
  [
    1668902400000,
    1.431
  ],
  [
    1668988800000,
    1.556
  ],
  [
    1669075200000,
    1.675
  ],
  [
    1669161600000,
    1.62
  ],
  [
    1669248000000,
    1.703
  ],
  [
    1669334400000,
    1.696
  ],
  [
    1669420800000,
    1.694
  ],
  [
    1669507200000,
    1.711
  ],
  [
    1669593600000,
    1.759
  ],
  [
    1669680000000,
    1.67
  ],
  [
    1669766400000,
    1.793
  ],
  [
    1669852800000,
    1.79
  ],
  [
    1669939200000,
    1.746
  ],
  [
    1670025600000,
    1.782
  ],
  [
    1670112000000,
    1.622
  ],
  [
    1670198400000,
    1.753
  ],
  [
    1670284800000,
    1.792
  ],
  [
    1670371200000,
    1.626
  ],
  [
    1670457600000,
    1.865
  ],
  [
    1670544000000,
    1.847
  ],
  [
    1670630400000,
    1.774
  ],
  [
    1670716800000,
    1.824
  ],
  [
    1670803200000,
    1.931
  ],
  [
    1670889600000,
    1.872
  ],
  [
    1670976000000,
    1.839
  ],
  [
    1671062400000,
    1.576
  ],
  [
    1671148800000,
    1.798
  ],
  [
    1671235200000,
    1.754
  ],
  [
    1671321600000,
    1.549
  ],
  [
    1671408000000,
    1.737
  ],
  [
    1671494400000,
    1.622
  ],
  [
    1671580800000,
    1.552
  ],
  [
    1671667200000,
    1.748
  ],
  [
    1671753600000,
    1.672
  ],
  [
    1671840000000,
    1.597
  ],
  [
    1671926400000,
    1.701
  ],
  [
    1672012800000,
    1.6
  ],
  [
    1672099200000,
    1.449
  ],
  [
    1672185600000,
    1.593
  ],
  [
    1672272000000,
    1.537
  ],
  [
    1672358400000,
    1.537
  ],
  [
    1672444800000,
    1.492
  ],
  [
    1672531200000,
    1.528
  ],
  [
    1672617600000,
    1.582
  ],
  [
    1672704000000,
    1.462
  ],
  [
    1672790400000,
    1.552
  ],
  [
    1672876800000,
    1.457
  ],
  [
    1672963200000,
    1.574
  ],
  [
    1673049600000,
    1.567
  ],
  [
    1673136000000,
    1.469
  ],
  [
    1673222400000,
    1.478
  ],
  [
    1673308800000,
    1.528
  ],
  [
    1673395200000,
    1.527
  ],
  [
    1673481600000,
    1.404
  ],
  [
    1673568000000,
    1.616
  ],
  [
    1673654400000,
    1.609
  ],
  [
    1673740800000,
    1.649
  ],
  [
    1673827200000,
    1.669
  ],
  [
    1673913600000,
    1.629
  ],
  [
    1674000000000,
    1.603
  ],
  [
    1674086400000,
    1.559
  ],
  [
    1674172800000,
    1.606
  ],
  [
    1674259200000,
    1.759
  ],
  [
    1674345600000,
    1.788
  ],
  [
    1674432000000,
    1.777
  ],
  [
    1674518400000,
    1.663
  ],
  [
    1674604800000,
    1.646
  ],
  [
    1674691200000,
    1.618
  ],
  [
    1674777600000,
    1.694
  ],
  [
    1674864000000,
    1.811
  ],
  [
    1674950400000,
    1.814
  ],
  [
    1675036800000,
    1.825
  ],
  [
    1675123200000,
    2.018
  ],
  [
    1675209600000,
    1.903
  ],
  [
    1675296000000,
    1.958
  ],
  [
    1675382400000,
    1.921
  ],
  [
    1675468800000,
    1.833
  ],
  [
    1675555200000,
    2.092
  ],
  [
    1675641600000,
    2.022
  ],
  [
    1675728000000,
    1.954
  ],
  [
    1675814400000,
    2.069
  ],
  [
    1675900800000,
    2.13
  ],
  [
    1675987200000,
    2.092
  ],
  [
    1676073600000,
    1.974
  ],
  [
    1676160000000,
    2.046
  ],
  [
    1676246400000,
    1.875
  ],
  [
    1676332800000,
    2.027
  ],
  [
    1676419200000,
    1.993
  ],
  [
    1676505600000,
    1.841
  ],
  [
    1676592000000,
    1.817
  ],
  [
    1676678400000,
    1.729
  ],
  [
    1676764800000,
    1.833
  ],
  [
    1676851200000,
    1.724
  ],
  [
    1676937600000,
    1.729
  ],
  [
    1677024000000,
    1.877
  ],
  [
    1677110400000,
    1.918
  ],
  [
    1677196800000,
    1.933
  ],
  [
    1677283200000,
    1.931
  ],
  [
    1677369600000,
    2.004
  ],
  [
    1677456000000,
    1.9
  ],
  [
    1677542400000,
    2.055
  ],
  [
    1677628800000,
    1.846
  ],
  [
    1677715200000,
    1.994
  ],
  [
    1677801600000,
    2.065
  ],
  [
    1677888000000,
    2.043
  ],
  [
    1677974400000,
    1.761
  ],
  [
    1678060800000,
    2.095
  ],
  [
    1678147200000,
    1.804
  ],
  [
    1678233600000,
    2.094
  ],
  [
    1678320000000,
    2.061
  ],
  [
    1678406400000,
    1.92
  ],
  [
    1678492800000,
    1.821
  ],
  [
    1678579200000,
    1.821
  ],
  [
    1678665600000,
    1.754
  ],
  [
    1678752000000,
    1.658
  ],
  [
    1678838400000,
    1.76
  ],
  [
    1678924800000,
    1.771
  ],
  [
    1679011200000,
    1.601
  ],
  [
    1679097600000,
    1.903
  ],
  [
    1679184000000,
    1.552
  ],
  [
    1679270400000,
    1.674
  ],
  [
    1679356800000,
    1.661
  ],
  [
    1679443200000,
    1.776
  ],
  [
    1679529600000,
    1.723
  ],
  [
    1679616000000,
    1.583
  ],
  [
    1679702400000,
    1.64
  ],
  [
    1679788800000,
    1.697
  ],
  [
    1679871600000,
    1.662
  ],
  [
    1679958000000,
    1.543
  ],
  [
    1680044400000,
    1.513
  ],
  [
    1680130800000,
    1.647
  ],
  [
    1680217200000,
    1.716
  ],
  [
    1680303600000,
    1.624
  ],
  [
    1680390000000,
    1.844
  ],
  [
    1680476400000,
    1.658
  ],
  [
    1680562800000,
    1.752
  ],
  [
    1680649200000,
    1.907
  ],
  [
    1680735600000,
    1.782
  ],
  [
    1680822000000,
    1.788
  ],
  [
    1680908400000,
    1.854
  ],
  [
    1680994800000,
    1.814
  ],
  [
    1681081200000,
    1.878
  ],
  [
    1681167600000,
    1.941
  ],
  [
    1681254000000,
    1.862
  ],
  [
    1681340400000,
    1.834
  ],
  [
    1681426800000,
    1.642
  ],
  [
    1681513200000,
    1.54
  ],
  [
    1681599600000,
    1.732
  ],
  [
    1681686000000,
    1.697
  ],
  [
    1681772400000,
    1.862
  ],
  [
    1681858800000,
    1.732
  ],
  [
    1681945200000,
    1.85
  ],
  [
    1682031600000,
    1.858
  ],
  [
    1682118000000,
    1.945
  ],
  [
    1682204400000,
    1.995
  ],
  [
    1682290800000,
    1.773
  ],
  [
    1682377200000,
    2.047
  ],
  [
    1682463600000,
    1.851
  ],
  [
    1682550000000,
    1.824
  ],
  [
    1682636400000,
    1.898
  ],
  [
    1682722800000,
    2.002
  ],
  [
    1682809200000,
    2.036
  ],
  [
    1682895600000,
    1.596
  ],
  [
    1682982000000,
    1.607
  ],
  [
    1683068400000,
    1.821
  ],
  [
    1683154800000,
    1.784
  ],
  [
    1683241200000,
    1.701
  ],
  [
    1683327600000,
    1.715
  ],
  [
    1683414000000,
    1.582
  ],
  [
    1683500400000,
    1.725
  ],
  [
    1683586800000,
    1.541
  ],
  [
    1683673200000,
    1.729
  ],
  [
    1683759600000,
    1.628
  ],
  [
    1683846000000,
    1.593
  ],
  [
    1683932400000,
    1.812
  ],
  [
    1684018800000,
    1.678
  ],
  [
    1684105200000,
    1.855
  ],
  [
    1684191600000,
    1.801
  ],
  [
    1684278000000,
    1.841
  ],
  [
    1684364400000,
    1.815
  ],
  [
    1684450800000,
    1.762
  ],
  [
    1684537200000,
    1.863
  ],
  [
    1684623600000,
    1.708
  ],
  [
    1684710000000,
    1.706
  ],
  [
    1684796400000,
    1.989
  ],
  [
    1684882800000,
    1.791
  ],
  [
    1684969200000,
    1.607
  ],
  [
    1685055600000,
    1.645
  ],
  [
    1685142000000,
    1.734
  ],
  [
    1685228400000,
    1.705
  ],
  [
    1685314800000,
    1.806
  ],
  [
    1685401200000,
    1.953
  ],
  [
    1685487600000,
    1.742
  ],
  [
    1685574000000,
    2.002
  ],
  [
    1685660400000,
    1.962
  ],
  [
    1685746800000,
    1.876
  ],
  [
    1685833200000,
    2.079
  ],
  [
    1685919600000,
    1.831
  ],
  [
    1686006000000,
    1.911
  ],
  [
    1686092400000,
    1.937
  ],
  [
    1686178800000,
    2.311
  ],
  [
    1686265200000,
    2.214
  ],
  [
    1686351600000,
    1.964
  ],
  [
    1686438000000,
    1.637
  ],
  [
    1686524400000,
    1.817
  ],
  [
    1686610800000,
    2.119
  ],
  [
    1686697200000,
    2.177
  ],
  [
    1686783600000,
    2.117
  ],
  [
    1686870000000,
    2.152
  ],
  [
    1686956400000,
    2.175
  ],
  [
    1687042800000,
    2.417
  ],
  [
    1687129200000,
    2.3
  ],
  [
    1687215600000,
    2.293
  ],
  [
    1687302000000,
    1.99
  ],
  [
    1687388400000,
    2.451
  ],
  [
    1687474800000,
    2.403
  ],
  [
    1687561200000,
    2.361
  ],
  [
    1687647600000,
    2.613
  ],
  [
    1687734000000,
    1.87
  ],
  [
    1687820400000,
    2.217
  ],
  [
    1687906800000,
    1.927
  ],
  [
    1687993200000,
    1.867
  ],
  [
    1688079600000,
    1.657
  ],
  [
    1688166000000,
    2.04
  ],
  [
    1688252400000,
    2.219
  ],
  [
    1688338800000,
    1.859
  ],
  [
    1688425200000,
    1.96
  ],
  [
    1688511600000,
    1.844
  ],
  [
    1688598000000,
    1.915
  ],
  [
    1688684400000,
    1.963
  ],
  [
    1688770800000,
    1.823
  ],
  [
    1688857200000,
    1.401
  ],
  [
    1688943600000,
    2.246
  ],
  [
    1689030000000,
    1.835
  ],
  [
    1689116400000,
    1.953
  ],
  [
    1689202800000,
    1.95
  ],
  [
    1689289200000,
    1.687
  ],
  [
    1689375600000,
    2.07
  ],
  [
    1689462000000,
    1.914
  ],
  [
    1689548400000,
    1.69
  ],
  [
    1689634800000,
    1.88
  ],
  [
    1689721200000,
    1.462
  ],
  [
    1689807600000,
    1.956
  ],
  [
    1689894000000,
    1.938
  ],
  [
    1689980400000,
    1.893
  ],
  [
    1690066800000,
    2.196
  ],
  [
    1690153200000,
    2.131
  ],
  [
    1690239600000,
    2.194
  ],
  [
    1690326000000,
    1.826
  ],
  [
    1690412400000,
    2.116
  ],
  [
    1690498800000,
    1.968
  ],
  [
    1690585200000,
    1.926
  ],
  [
    1690671600000,
    1.925
  ],
  [
    1690758000000,
    1.864
  ],
  [
    1690844400000,
    2.316
  ],
  [
    1690930800000,
    1.746
  ],
  [
    1691017200000,
    1.666
  ],
  [
    1691103600000,
    1.915
  ],
  [
    1691190000000,
    1.576
  ],
  [
    1691276400000,
    2.152
  ],
  [
    1691362800000,
    2.032
  ],
  [
    1691449200000,
    1.739
  ],
  [
    1691535600000,
    1.895
  ],
  [
    1691622000000,
    1.797
  ],
  [
    1691708400000,
    2.145
  ],
  [
    1691794800000,
    2.016
  ],
  [
    1691881200000,
    2.365
  ],
  [
    1691967600000,
    1.718
  ],
  [
    1692054000000,
    1.919
  ],
  [
    1692140400000,
    1.962
  ],
  [
    1692226800000,
    2.097
  ],
  [
    1692313200000,
    2.161
  ],
  [
    1692399600000,
    1.703
  ],
  [
    1692486000000,
    1.882
  ],
  [
    1692572400000,
    1.826
  ],
  [
    1692658800000,
    1.702
  ],
  [
    1692745200000,
    1.843
  ],
  [
    1692831600000,
    2.185
  ],
  [
    1692918000000,
    2.009
  ],
  [
    1693004400000,
    2.191
  ],
  [
    1693090800000,
    2.284
  ],
  [
    1693177200000,
    2.061
  ],
  [
    1693263600000,
    2.061
  ],
  [
    1693350000000,
    1.916
  ],
  [
    1693436400000,
    1.803
  ],
  [
    1693522800000,
    1.804
  ],
  [
    1693609200000,
    2.079
  ],
  [
    1693695600000,
    1.934
  ],
  [
    1693782000000,
    2.307
  ],
  [
    1693868400000,
    2.018
  ],
  [
    1693954800000,
    5.575
  ],
  [
    1694041200000,
    2.279
  ],
  [
    1694127600000,
    2.372
  ],
  [
    1694214000000,
    2.103
  ],
  [
    1694300400000,
    1.856
  ],
  [
    1694386800000,
    2.058
  ],
  [
    1694473200000,
    1.761
  ],
  [
    1694559600000,
    2.393
  ],
  [
    1694646000000,
    2.432
  ],
  [
    1694732400000,
    2.555
  ],
  [
    1694818800000,
    2.672
  ],
  [
    1694905200000,
    2.705
  ],
  [
    1694991600000,
    1.91
  ],
  [
    1695078000000,
    2.537
  ],
  [
    1695164400000,
    2.766
  ],
  [
    1695250800000,
    2.434
  ],
  [
    1695337200000,
    2.487
  ],
  [
    1695423600000,
    2.809
  ],
  [
    1695510000000,
    2.802
  ],
  [
    1695596400000,
    2.752
  ],
  [
    1695682800000,
    2.81
  ],
  [
    1695769200000,
    2.847
  ],
  [
    1695855600000,
    2.818
  ],
  [
    1695942000000,
    2.353
  ],
  [
    1696028400000,
    2.867
  ],
  [
    1696114800000,
    2.653
  ],
  [
    1696201200000,
    2.664
  ],
  [
    1696287600000,
    2.294
  ],
  [
    1696374000000,
    2.29
  ],
  [
    1696460400000,
    2.573
  ],
  [
    1696546800000,
    2.364
  ],
  [
    1696633200000,
    2.737
  ],
  [
    1696719600000,
    2.4
  ],
  [
    1696806000000,
    2.425
  ],
  [
    1696892400000,
    2.139
  ],
  [
    1696978800000,
    2.818
  ],
  [
    1697065200000,
    2.327
  ],
  [
    1697151600000,
    2.73
  ],
  [
    1697238000000,
    2.405
  ],
  [
    1697324400000,
    2.785
  ],
  [
    1697410800000,
    2.297
  ],
  [
    1697497200000,
    2.838
  ],
  [
    1697583600000,
    2.25
  ],
  [
    1697670000000,
    1.771
  ],
  [
    1697756400000,
    2.761
  ],
  [
    1697842800000,
    2.657
  ],
  [
    1697929200000,
    2.925
  ],
  [
    1698015600000,
    2.85
  ],
  [
    1698102000000,
    2.844
  ],
  [
    1698188400000,
    2.872
  ],
  [
    1698274800000,
    2.999
  ],
  [
    1698361200000,
    2.951
  ],
  [
    1698447600000,
    2.539
  ],
  [
    1698534000000,
    2.623
  ],
  [
    1698624000000,
    2.875
  ],
  [
    1698710400000,
    2.781
  ],
  [
    1698796800000,
    2.821
  ],
  [
    1698883200000,
    2.432
  ],
  [
    1698969600000,
    3.06
  ],
  [
    1699056000000,
    2.037
  ],
  [
    1699142400000,
    2.541
  ],
  [
    1699228800000,
    2.855
  ],
  [
    1699315200000,
    2.297
  ],
  [
    1699401600000,
    2.996
  ],
  [
    1699488000000,
    2.965
  ],
  [
    1699574400000,
    2.709
  ],
  [
    1699660800000,
    2.634
  ],
  [
    1699747200000,
    2.954
  ],
  [
    1699833600000,
    3.06
  ],
  [
    1699920000000,
    2.894
  ],
  [
    1700006400000,
    2.546
  ],
  [
    1700092800000,
    2.966
  ],
  [
    1700179200000,
    1.954
  ],
  [
    1700265600000,
    2.74
  ],
  [
    1700352000000,
    2.657
  ],
  [
    1700438400000,
    1.674
  ],
  [
    1700524800000,
    2.79
  ],
  [
    1700611200000,
    2.503
  ],
  [
    1700697600000,
    2.316
  ],
  [
    1700784000000,
    2.252
  ],
  [
    1700870400000,
    2.72
  ],
  [
    1700956800000,
    2.539
  ],
  [
    1701043200000,
    2.087
  ],
  [
    1701129600000,
    2.093
  ],
  [
    1701216000000,
    2.345
  ],
  [
    1701302400000,
    2.267
  ],
  [
    1701388800000,
    2.425
  ],
  [
    1701475200000,
    2.301
  ],
  [
    1701561600000,
    2.407
  ],
  [
    1701648000000,
    2.275
  ],
  [
    1701734400000,
    2.866
  ],
  [
    1701820800000,
    2.916
  ],
  [
    1701907200000,
    2.956
  ],
  [
    1701993600000,
    2.198
  ],
  [
    1702080000000,
    1.376
  ],
  [
    1702166400000,
    2.775
  ],
  [
    1702252800000,
    2.801
  ],
  [
    1702339200000,
    3.181
  ],
  [
    1702425600000,
    2.398
  ],
  [
    1702512000000,
    2.784
  ],
  [
    1702598400000,
    3.275
  ],
  [
    1702684800000,
    3.238
  ],
  [
    1702771200000,
    3.189
  ],
  [
    1702857600000,
    2.93
  ],
  [
    1702944000000,
    3.157
  ],
  [
    1703030400000,
    2.525
  ],
  [
    1703116800000,
    3.195
  ],
  [
    1703203200000,
    3.003
  ],
  [
    1703289600000,
    2.873
  ],
  [
    1703376000000,
    2.494
  ],
  [
    1703462400000,
    1.507
  ],
  [
    1703548800000,
    2.375
  ],
  [
    1703635200000,
    2.411
  ],
  [
    1703721600000,
    2.464
  ],
  [
    1703808000000,
    2.047
  ],
  [
    1703894400000,
    2.291
  ],
  [
    1703980800000,
    2.484
  ],
  [
    1704067200000,
    2.256
  ],
  [
    1704153600000,
    2.577
  ],
  [
    1704240000000,
    2.869
  ],
  [
    1704326400000,
    2.648
  ],
  [
    1704412800000,
    3.036
  ],
  [
    1704499200000,
    2.166
  ],
  [
    1704585600000,
    2.813
  ],
  [
    1704672000000,
    2.98
  ],
  [
    1704758400000,
    3.436
  ],
  [
    1704844800000,
    2.777
  ],
  [
    1704931200000,
    2.47
  ],
  [
    1705017600000,
    3.437
  ],
  [
    1705104000000,
    3.242
  ],
  [
    1705190400000,
    3.233
  ],
  [
    1705276800000,
    3.364
  ],
  [
    1705363200000,
    2.307
  ],
  [
    1705449600000,
    3.276
  ],
  [
    1705536000000,
    3.115
  ],
  [
    1705622400000,
    2.441
  ],
  [
    1705708800000,
    3.274
  ],
  [
    1705795200000,
    3.294
  ],
  [
    1705881600000,
    3.252
  ],
  [
    1705968000000,
    2.354
  ],
  [
    1706054400000,
    2.624
  ],
  [
    1706140800000,
    3.22
  ],
  [
    1706227200000,
    2.653
  ],
  [
    1706313600000,
    2.883
  ],
  [
    1706400000000,
    3.117
  ],
  [
    1706486400000,
    2.664
  ],
  [
    1706572800000,
    2.803
  ],
  [
    1706659200000,
    2.42
  ],
  [
    1706745600000,
    2.295
  ],
  [
    1706832000000,
    2.703
  ],
  [
    1706918400000,
    3.009
  ],
  [
    1707004800000,
    3.196
  ],
  [
    1707091200000,
    2.577
  ],
  [
    1707177600000,
    1.999
  ],
  [
    1707264000000,
    2.566
  ],
  [
    1707350400000,
    2.675
  ],
  [
    1707436800000,
    2.786
  ],
  [
    1707523200000,
    3.044
  ],
  [
    1707609600000,
    3.124
  ],
  [
    1707696000000,
    3.244
  ],
  [
    1707782400000,
    3.642
  ],
  [
    1707868800000,
    2.795
  ],
  [
    1707955200000,
    3.228
  ],
  [
    1708041600000,
    3.002
  ],
  [
    1708128000000,
    2.388
  ],
  [
    1708214400000,
    3.155
  ],
  [
    1708300800000,
    2.526
  ],
  [
    1708387200000,
    2.194
  ],
  [
    1708473600000,
    3.657
  ],
  [
    1708560000000,
    3.047
  ],
  [
    1708646400000,
    3.043
  ],
  [
    1708732800000,
    2.861
  ],
  [
    1708819200000,
    2.89
  ],
  [
    1708905600000,
    3.141
  ],
  [
    1708992000000,
    3.968
  ],
  [
    1709078400000,
    2.623
  ],
  [
    1709164800000,
    4.157
  ],
  [
    1709251200000,
    3.948
  ],
  [
    1709337600000,
    3.19
  ],
  [
    1709424000000,
    4.022
  ],
  [
    1709510400000,
    3.738
  ],
  [
    1709596800000,
    3.546
  ],
  [
    1709683200000,
    3.649
  ],
  [
    1709769600000,
    3.304
  ],
  [
    1709856000000,
    3.735
  ],
  [
    1709942400000,
    3.651
  ],
  [
    1710028800000,
    3.687
  ],
  [
    1710115200000,
    3.438
  ],
  [
    1710201600000,
    3.636
  ],
  [
    1710288000000,
    3.496
  ],
  [
    1710374400000,
    3.242
  ],
  [
    1710460800000,
    3.289
  ],
  [
    1710547200000,
    3.756
  ],
  [
    1710633600000,
    3.176
  ],
  [
    1710720000000,
    3.459
  ],
  [
    1710806400000,
    3.096
  ],
  [
    1710892800000,
    3.16
  ],
  [
    1710979200000,
    4.028
  ],
  [
    1711065600000,
    3.843
  ],
  [
    1711152000000,
    3.875
  ],
  [
    1711238400000,
    3.924
  ],
  [
    1711324800000,
    3.904
  ],
  [
    1711411200000,
    3.799
  ],
  [
    1711497600000,
    3.893
  ],
  [
    1711584000000,
    4.006
  ],
  [
    1711670400000,
    4.044
  ],
  [
    1711756800000,
    4.025
  ],
  [
    1711843200000,
    4.261
  ],
  [
    1711926000000,
    6.051
  ],
  [
    1712012400000,
    4.305
  ],
  [
    1712098800000,
    3.944
  ],
  [
    1712185200000,
    4.155
  ],
  [
    1712271600000,
    4.249
  ],
  [
    1712358000000,
    4.325
  ],
  [
    1712444400000,
    4.432
  ],
  [
    1712530800000,
    4.594
  ],
  [
    1712617200000,
    4.05
  ],
  [
    1712703600000,
    4.638
  ],
  [
    1712790000000,
    4.626
  ],
  [
    1712876400000,
    4.512
  ],
  [
    1712962800000,
    4.756
  ],
  [
    1713049200000,
    4.873
  ],
  [
    1713135600000,
    4.672
  ],
  [
    1713222000000,
    4.342
  ],
  [
    1713308400000,
    4.881
  ],
  [
    1713394800000,
    4.382
  ],
  [
    1713481200000,
    3.064
  ],
  [
    1713567600000,
    4.383
  ],
  [
    1713654000000,
    4.557
  ],
  [
    1713740400000,
    4.64
  ],
  [
    1713826800000,
    4.493
  ],
  [
    1713913200000,
    4.44
  ],
  [
    1713999600000,
    4.677
  ],
  [
    1714086000000,
    4.528
  ],
  [
    1714172400000,
    4.663
  ],
  [
    1714258800000,
    3.903
  ],
  [
    1714345200000,
    4.196
  ],
  [
    1714518000000,
    4.341
  ],
  [
    1714604400000,
    4.64
  ],
  [
    1714690800000,
    4.331
  ],
  [
    1714777200000,
    4.43
  ],
  [
    1714863600000,
    4.641
  ],
  [
    1714950000000,
    4.786
  ],
  [
    1715036400000,
    4.59
  ],
  [
    1715122800000,
    4.69
  ],
  [
    1715209200000,
    4.663
  ],
  [
    1715295600000,
    4.735
  ],
  [
    1715382000000,
    4.543
  ],
  [
    1715468400000,
    4.786
  ],
  [
    1715554800000,
    4.69
  ],
  [
    1715641200000,
    4.645
  ],
  [
    1715727600000,
    4.785
  ],
  [
    1715814000000,
    4.829
  ],
  [
    1715900400000,
    4.894
  ],
  [
    1715986800000,
    4.852
  ],
  [
    1716073200000,
    5.141
  ],
  [
    1716159600000,
    4.88
  ],
  [
    1716246000000,
    4.57
  ],
  [
    1716379200000,
    4.89
  ],
  [
    1716386400000,
    5.208
  ],
  [
    1716566400000,
    4.959
  ],
  [
    1716685200000,
    4.9
  ],
  [
    1716742800000,
    4.945
  ],
  [
    1716753600000,
    4.95
  ],
  [
    1716764400000,
    4.94
  ],
  [
    1716778800000,
    5.29
  ],
  [
    1716789600000,
    5
  ],
  [
    1716796800000,
    5.09
  ],
  [
    1716800400000,
    4.83
  ],
  [
    1716822000000,
    5.175
  ],
  [
    1716829200000,
    4.39
  ],
  [
    1716843600000,
    4.89
  ],
  [
    1716847200000,
    4.98
  ],
  [
    1716879600000,
    5.09
  ],
  [
    1716908400000,
    5.205
  ],
  [
    1716930000000,
    5.17
  ],
  [
    1716994800000,
    5.179
  ],
  [
    1716998400000,
    5.1
  ],
  [
    1717041600000,
    5.26
  ],
  [
    1717066800000,
    4.86
  ],
  [
    1717070400000,
    4.97
  ],
  [
    1717074000000,
    5.26
  ],
  [
    1717077600000,
    5.255
  ],
  [
    1717092000000,
    5.33
  ],
  [
    1717102800000,
    5.17
  ],
  [
    1717156800000,
    5.32
  ],
  [
    1717185600000,
    5.36
  ],
  [
    1717192800000,
    5.44
  ],
  [
    1717207200000,
    5.485
  ],
  [
    1717225200000,
    5.49
  ],
  [
    1717239600000,
    5.539
  ],
  [
    1717243200000,
    5.26
  ],
  [
    1717250400000,
    5.17
  ],
  [
    1717264800000,
    5.336
  ],
  [
    1717268400000,
    5.58
  ],
  [
    1717308000000,
    5.53
  ],
  [
    1717329600000,
    5.61
  ],
  [
    1717344000000,
    5.75
  ],
  [
    1717401600000,
    5.72
  ],
  [
    1717405200000,
    5.72
  ],
  [
    1717459200000,
    6.35
  ],
  [
    1717592400000,
    5.931
  ],
  [
    1717610400000,
    5.931
  ],
  [
    1717642800000,
    5.78
  ],
  [
    1717686000000,
    5.78
  ],
  [
    1717689600000,
    5.94
  ],
  [
    1717718400000,
    5.585
  ],
  [
    1717761600000,
    5.65
  ],
  [
    1717768800000,
    5.38
  ],
  [
    1717797600000,
    5.23
  ],
  [
    1717837200000,
    5.92
  ],
  [
    1717930800000,
    5.671
  ],
  [
    1717934400000,
    5.624
  ],
  [
    1717956000000,
    5.727
  ],
  [
    1718010000000,
    5.03
  ],
  [
    1718064000000,
    5.06
  ],
  [
    1718100000000,
    5.15
  ],
  [
    1718132400000,
    3.993
  ],
  [
    1718193600000,
    3.947
  ],
  [
    1718197200000,
    5.24
  ],
  [
    1718215200000,
    5.35
  ],
  [
    1718229600000,
    4.23
  ],
  [
    1718301600000,
    5.094
  ],
  [
    1718305200000,
    5.081
  ],
  [
    1718337600000,
    4.53
  ],
  [
    1718341200000,
    4.53
  ],
  [
    1718348400000,
    4.978
  ],
  [
    1718424000000,
    4.413
  ],
  [
    1718452800000,
    4.27
  ],
  [
    1718470800000,
    4
  ],
  [
    1718499600000,
    4.68
  ],
  [
    1718528400000,
    4.88
  ],
  [
    1718535600000,
    4.905
  ],
  [
    1718539200000,
    4.88
  ],
  [
    1718557200000,
    4.92
  ],
  [
    1718593200000,
    4.92
  ],
  [
    1718596800000,
    4.945
  ],
  [
    1718604000000,
    4.92
  ],
  [
    1718607600000,
    4.9
  ],
  [
    1718614800000,
    4.91
  ],
  [
    1718618400000,
    5.03
  ],
  [
    1718640000000,
    5.06
  ],
  [
    1718658000000,
    4.95
  ],
  [
    1718704800000,
    5.11
  ],
  [
    1718715600000,
    5.07
  ],
  [
    1718726400000,
    4.97
  ],
  [
    1718740800000,
    5.01
  ],
  [
    1718744400000,
    5
  ],
  [
    1718776800000,
    5
  ],
  [
    1718780400000,
    5
  ],
  [
    1718845200000,
    4.6
  ],
  [
    1718953200000,
    4.52
  ]
]