[
  [
    1574121600000,
    0.1
  ],
  [
    1574208000000,
    0.112
  ],
  [
    1574294400000,
    0.114
  ],
  [
    1574380800000,
    0.136
  ],
  [
    1574467200000,
    0.156
  ],
  [
    1574553600000,
    0.18
  ],
  [
    1574640000000,
    0.174
  ],
  [
    1574726400000,
    0.152
  ],
  [
    1574812800000,
    0.192
  ],
  [
    1574899200000,
    0.255
  ],
  [
    1574985600000,
    0.244
  ],
  [
    1575072000000,
    0.241
  ],
  [
    1575158400000,
    0.247
  ],
  [
    1575244800000,
    0.254
  ],
  [
    1575331200000,
    0.206
  ],
  [
    1575417600000,
    0.173
  ],
  [
    1575504000000,
    0.162
  ],
  [
    1575590400000,
    0.163
  ],
  [
    1575676800000,
    0.161
  ],
  [
    1575763200000,
    0.154
  ],
  [
    1575849600000,
    0.141
  ],
  [
    1575936000000,
    0.138
  ],
  [
    1576022400000,
    0.13
  ],
  [
    1576108800000,
    0.12
  ],
  [
    1576195200000,
    0.117
  ],
  [
    1576281600000,
    0.133
  ],
  [
    1576368000000,
    0.114
  ],
  [
    1576454400000,
    5.935
  ],
  [
    1576540800000,
    0.118
  ],
  [
    1576627200000,
    0.11
  ],
  [
    1576713600000,
    0.109
  ],
  [
    1576800000000,
    0.111
  ],
  [
    1576886400000,
    0.116
  ],
  [
    1576972800000,
    0.113
  ],
  [
    1577059200000,
    0.096
  ],
  [
    1577145600000,
    0.097
  ],
  [
    1577232000000,
    0.097
  ],
  [
    1577318400000,
    0.094
  ],
  [
    1577404800000,
    0.101
  ],
  [
    1577491200000,
    0.106
  ],
  [
    1577577600000,
    0.115
  ],
  [
    1577664000000,
    0.108
  ],
  [
    1577750400000,
    0.114
  ],
  [
    1577836800000,
    0.098
  ],
  [
    1577923200000,
    0.098
  ],
  [
    1578009600000,
    0.096
  ],
  [
    1578096000000,
    0.096
  ],
  [
    1578182400000,
    0.099
  ],
  [
    1578268800000,
    0.098
  ],
  [
    1578355200000,
    0.102
  ],
  [
    1578441600000,
    0.098
  ],
  [
    1578528000000,
    0.098
  ],
  [
    1578614400000,
    0.098
  ],
  [
    1578700800000,
    0.1
  ],
  [
    1578787200000,
    0.118
  ],
  [
    1578873600000,
    0.099
  ],
  [
    1578960000000,
    0.1
  ],
  [
    1579046400000,
    0.101
  ],
  [
    1579132800000,
    0.102
  ],
  [
    1579219200000,
    0.1
  ],
  [
    1579305600000,
    0.098
  ],
  [
    1579392000000,
    0.101
  ],
  [
    1579478400000,
    0.099
  ],
  [
    1579564800000,
    0.099
  ],
  [
    1579651200000,
    0.103
  ],
  [
    1579737600000,
    0.105
  ],
  [
    1579824000000,
    0.595
  ],
  [
    1579910400000,
    0.096
  ],
  [
    1579996800000,
    0.096
  ],
  [
    1580083200000,
    0.105
  ],
  [
    1580169600000,
    0.099
  ],
  [
    1580256000000,
    0.101
  ],
  [
    1580342400000,
    0.111
  ],
  [
    1580428800000,
    0.11
  ],
  [
    1580515200000,
    0.109
  ],
  [
    1580601600000,
    0.113
  ],
  [
    1580688000000,
    0.132
  ],
  [
    1580774400000,
    0.178
  ],
  [
    1580860800000,
    0.149
  ],
  [
    1580947200000,
    0.153
  ],
  [
    1581033600000,
    0.14
  ],
  [
    1581120000000,
    0.119
  ],
  [
    1581206400000,
    0.117
  ],
  [
    1581292800000,
    0.118
  ],
  [
    1581379200000,
    0.117
  ],
  [
    1581465600000,
    0.113
  ],
  [
    1581552000000,
    0.113
  ],
  [
    1581638400000,
    0.113
  ],
  [
    1581724800000,
    0.115
  ],
  [
    1581811200000,
    0.12
  ],
  [
    1581897600000,
    0.12
  ],
  [
    1581984000000,
    0.118
  ],
  [
    1582070400000,
    0.11
  ],
  [
    1582156800000,
    0.109
  ],
  [
    1582243200000,
    0.106
  ],
  [
    1582329600000,
    0.11
  ],
  [
    1582416000000,
    0.115
  ],
  [
    1582502400000,
    0.16
  ],
  [
    1582588800000,
    0.157
  ],
  [
    1582675200000,
    0.149
  ],
  [
    1582761600000,
    0.139
  ],
  [
    1582848000000,
    0.136
  ],
  [
    1582934400000,
    0.131
  ],
  [
    1583020800000,
    0.138
  ],
  [
    1583107200000,
    0.147
  ],
  [
    1583193600000,
    0.143
  ],
  [
    1583280000000,
    0.137
  ],
  [
    1583366400000,
    0.122
  ],
  [
    1583452800000,
    0.116
  ],
  [
    1583539200000,
    0.11
  ],
  [
    1583625600000,
    0.114
  ],
  [
    1583712000000,
    0.114
  ],
  [
    1583798400000,
    0.114
  ],
  [
    1583884800000,
    0.113
  ],
  [
    1583971200000,
    0.111
  ],
  [
    1584057600000,
    0.101
  ],
  [
    1584144000000,
    0.107
  ],
  [
    1584230400000,
    0.103
  ],
  [
    1584316800000,
    0.1
  ],
  [
    1584403200000,
    0.1
  ],
  [
    1584489600000,
    0.102
  ],
  [
    1584576000000,
    0.104
  ],
  [
    1584662400000,
    0.109
  ],
  [
    1584748800000,
    0.106
  ],
  [
    1584835200000,
    0.102
  ],
  [
    1584921600000,
    0.116
  ],
  [
    1585008000000,
    0.101
  ],
  [
    1585094400000,
    0.102
  ],
  [
    1585180800000,
    0.1
  ],
  [
    1585267200000,
    0.099
  ],
  [
    1585353600000,
    0.1
  ],
  [
    1585440000000,
    0.119
  ],
  [
    1585522800000,
    0.125
  ],
  [
    1585609200000,
    0.101
  ],
  [
    1585695600000,
    0.103
  ],
  [
    1585782000000,
    0.105
  ],
  [
    1585868400000,
    0.105
  ],
  [
    1585954800000,
    0.104
  ],
  [
    1586041200000,
    0.106
  ],
  [
    1586127600000,
    0.096
  ],
  [
    1586214000000,
    0.096
  ],
  [
    1586300400000,
    0.097
  ],
  [
    1586386800000,
    0.101
  ],
  [
    1586473200000,
    0.104
  ],
  [
    1586559600000,
    0.104
  ],
  [
    1586646000000,
    0.103
  ],
  [
    1586732400000,
    0.108
  ],
  [
    1586818800000,
    0.105
  ],
  [
    1586905200000,
    0.104
  ],
  [
    1586991600000,
    0.107
  ],
  [
    1587078000000,
    0.107
  ],
  [
    1587164400000,
    0.106
  ],
  [
    1587250800000,
    0.119
  ],
  [
    1587337200000,
    0.113
  ],
  [
    1587423600000,
    0.11
  ],
  [
    1587510000000,
    0.108
  ],
  [
    1587596400000,
    0.102
  ],
  [
    1587682800000,
    0.104
  ],
  [
    1587769200000,
    0.102
  ],
  [
    1587855600000,
    0.103
  ],
  [
    1587942000000,
    0.101
  ],
  [
    1588028400000,
    0.099
  ],
  [
    1588114800000,
    0.101
  ],
  [
    1588201200000,
    0.115
  ],
  [
    1588287600000,
    0.113
  ],
  [
    1588374000000,
    0.115
  ],
  [
    1588460400000,
    0.118
  ],
  [
    1588546800000,
    0.119
  ],
  [
    1588633200000,
    0.121
  ],
  [
    1588719600000,
    0.124
  ],
  [
    1588806000000,
    0.129
  ],
  [
    1588892400000,
    0.131
  ],
  [
    1588978800000,
    0.13
  ],
  [
    1589065200000,
    0.131
  ],
  [
    1589151600000,
    0.142
  ],
  [
    1589238000000,
    0.138
  ],
  [
    1589324400000,
    0.137
  ],
  [
    1589410800000,
    0.138
  ],
  [
    1589497200000,
    0.14
  ],
  [
    1589583600000,
    0.151
  ],
  [
    1589670000000,
    0.146
  ],
  [
    1589756400000,
    0.154
  ],
  [
    1589842800000,
    0.162
  ],
  [
    1589929200000,
    0.171
  ],
  [
    1590015600000,
    0.174
  ],
  [
    1590102000000,
    0.183
  ],
  [
    1590188400000,
    0.181
  ],
  [
    1590274800000,
    0.175
  ],
  [
    1590361200000,
    0.187
  ],
  [
    1590447600000,
    0.177
  ],
  [
    1590534000000,
    0.176
  ],
  [
    1590620400000,
    0.172
  ],
  [
    1590706800000,
    0.163
  ],
  [
    1590793200000,
    0.155
  ],
  [
    1590879600000,
    0.172
  ],
  [
    1590966000000,
    0.169
  ],
  [
    1591052400000,
    0.175
  ],
  [
    1591138800000,
    0.172
  ],
  [
    1591225200000,
    0.194
  ],
  [
    1591311600000,
    0.172
  ],
  [
    1591398000000,
    0.17
  ],
  [
    1591484400000,
    0.168
  ],
  [
    1591570800000,
    0.172
  ],
  [
    1591657200000,
    0.168
  ],
  [
    1591743600000,
    0.164
  ],
  [
    1591830000000,
    0.172
  ],
  [
    1591916400000,
    0.154
  ],
  [
    1592002800000,
    0.155
  ],
  [
    1592089200000,
    0.15
  ],
  [
    1592175600000,
    0.15
  ],
  [
    1592262000000,
    0.154
  ],
  [
    1592348400000,
    0.152
  ],
  [
    1592434800000,
    0.153
  ],
  [
    1592521200000,
    0.143
  ],
  [
    1592607600000,
    0.137
  ],
  [
    1592694000000,
    0.142
  ],
  [
    1592780400000,
    0.138
  ],
  [
    1592866800000,
    0.141
  ],
  [
    1592953200000,
    0.14
  ],
  [
    1593039600000,
    0.136
  ],
  [
    1593126000000,
    0.143
  ],
  [
    1593212400000,
    0.123
  ],
  [
    1593298800000,
    0.126
  ],
  [
    1593385200000,
    0.126
  ],
  [
    1593471600000,
    0.125
  ],
  [
    1593558000000,
    0.128
  ],
  [
    1593644400000,
    0.13
  ],
  [
    1593730800000,
    0.132
  ],
  [
    1593817200000,
    0.127
  ],
  [
    1593903600000,
    0.128
  ],
  [
    1593990000000,
    0.129
  ],
  [
    1594076400000,
    0.125
  ],
  [
    1594162800000,
    0.137
  ],
  [
    1594249200000,
    0.127
  ],
  [
    1594335600000,
    0.133
  ],
  [
    1594422000000,
    0.141
  ],
  [
    1594508400000,
    0.142
  ],
  [
    1594594800000,
    0.389
  ],
  [
    1594681200000,
    0.145
  ],
  [
    1594767600000,
    0.138
  ],
  [
    1594854000000,
    0.145
  ],
  [
    1594940400000,
    0.16
  ],
  [
    1595026800000,
    0.149
  ],
  [
    1595113200000,
    0.155
  ],
  [
    1595199600000,
    0.153
  ],
  [
    1595286000000,
    0.152
  ],
  [
    1595372400000,
    0.155
  ],
  [
    1595458800000,
    0.16
  ],
  [
    1595545200000,
    0.162
  ],
  [
    1595631600000,
    0.179
  ],
  [
    1595718000000,
    0.185
  ],
  [
    1595804400000,
    0.171
  ],
  [
    1595890800000,
    0.177
  ],
  [
    1595977200000,
    0.187
  ],
  [
    1596063600000,
    0.186
  ],
  [
    1596150000000,
    0.183
  ],
  [
    1596236400000,
    0.189
  ],
  [
    1596322800000,
    0.177
  ],
  [
    1596409200000,
    0.18
  ],
  [
    1596495600000,
    0.171
  ],
  [
    1596582000000,
    0.178
  ],
  [
    1596668400000,
    0.185
  ],
  [
    1596754800000,
    0.173
  ],
  [
    1596841200000,
    6.199
  ],
  [
    1596927600000,
    0.176
  ],
  [
    1597014000000,
    0.194
  ],
  [
    1597100400000,
    0.168
  ],
  [
    1597186800000,
    0.175
  ],
  [
    1597273200000,
    0.184
  ],
  [
    1597359600000,
    0.171
  ],
  [
    1597446000000,
    0.166
  ],
  [
    1597532400000,
    0.172
  ],
  [
    1597618800000,
    0.175
  ],
  [
    1597705200000,
    0.169
  ],
  [
    1597791600000,
    0.173
  ],
  [
    1597878000000,
    0.173
  ],
  [
    1597964400000,
    0.177
  ],
  [
    1598050800000,
    0.173
  ],
  [
    1598137200000,
    0.164
  ],
  [
    1598223600000,
    0.157
  ],
  [
    1598310000000,
    0.159
  ],
  [
    1598396400000,
    0.155
  ],
  [
    1598482800000,
    0.163
  ],
  [
    1598569200000,
    0.165
  ],
  [
    1598655600000,
    0.165
  ],
  [
    1598742000000,
    0.159
  ],
  [
    1598828400000,
    0.165
  ],
  [
    1598914800000,
    0.164
  ],
  [
    1599001200000,
    0.158
  ],
  [
    1599087600000,
    0.157
  ],
  [
    1599174000000,
    0.164
  ],
  [
    1599260400000,
    0.163
  ],
  [
    1599346800000,
    0.178
  ],
  [
    1599433200000,
    0.236
  ],
  [
    1599519600000,
    0.161
  ],
  [
    1599606000000,
    0.172
  ],
  [
    1599692400000,
    0.157
  ],
  [
    1599778800000,
    0.163
  ],
  [
    1599865200000,
    0.172
  ],
  [
    1599951600000,
    0.163
  ],
  [
    1600038000000,
    0.164
  ],
  [
    1600124400000,
    0.166
  ],
  [
    1600210800000,
    0.171
  ],
  [
    1600297200000,
    0.168
  ],
  [
    1600383600000,
    0.165
  ],
  [
    1600470000000,
    0.168
  ],
  [
    1600556400000,
    0.224
  ],
  [
    1600642800000,
    0.162
  ],
  [
    1600729200000,
    0.161
  ],
  [
    1600815600000,
    0.158
  ],
  [
    1600902000000,
    0.185
  ],
  [
    1600988400000,
    0.165
  ],
  [
    1601074800000,
    0.16
  ],
  [
    1601161200000,
    0.164
  ],
  [
    1601247600000,
    0.169
  ],
  [
    1601334000000,
    0.177
  ],
  [
    1601420400000,
    0.198
  ],
  [
    1601506800000,
    0.189
  ],
  [
    1601593200000,
    0.171
  ],
  [
    1601679600000,
    0.171
  ],
  [
    1601766000000,
    0.166
  ],
  [
    1601852400000,
    0.167
  ],
  [
    1601938800000,
    0.167
  ],
  [
    1602025200000,
    0.174
  ],
  [
    1602111600000,
    0.172
  ],
  [
    1602198000000,
    0.175
  ],
  [
    1602284400000,
    0.176
  ],
  [
    1602370800000,
    0.188
  ],
  [
    1602457200000,
    0.177
  ],
  [
    1602543600000,
    0.176
  ],
  [
    1602630000000,
    0.189
  ],
  [
    1602716400000,
    0.181
  ],
  [
    1602802800000,
    0.186
  ],
  [
    1602889200000,
    0.197
  ],
  [
    1602975600000,
    0.191
  ],
  [
    1603062000000,
    0.2
  ],
  [
    1603148400000,
    0.199
  ],
  [
    1603234800000,
    0.214
  ],
  [
    1603321200000,
    0.215
  ],
  [
    1603407600000,
    0.214
  ],
  [
    1603494000000,
    0.208
  ],
  [
    1603580400000,
    0.206
  ],
  [
    1603670400000,
    0.213
  ],
  [
    1603756800000,
    0.19
  ],
  [
    1603843200000,
    0.195
  ],
  [
    1603929600000,
    0.198
  ],
  [
    1604016000000,
    0.19
  ],
  [
    1604102400000,
    0.185
  ],
  [
    1604188800000,
    0.18
  ],
  [
    1604275200000,
    0.191
  ],
  [
    1604361600000,
    0.183
  ],
  [
    1604448000000,
    0.199
  ],
  [
    1604534400000,
    0.203
  ],
  [
    1604620800000,
    0.204
  ],
  [
    1604707200000,
    0.186
  ],
  [
    1604793600000,
    0.173
  ],
  [
    1604880000000,
    0.173
  ],
  [
    1604966400000,
    0.171
  ],
  [
    1605052800000,
    0.169
  ],
  [
    1605139200000,
    0.171
  ],
  [
    1605225600000,
    0.511
  ],
  [
    1605312000000,
    0.165
  ],
  [
    1605398400000,
    0.163
  ],
  [
    1605484800000,
    0.163
  ],
  [
    1605571200000,
    0.164
  ],
  [
    1605657600000,
    0.192
  ],
  [
    1605744000000,
    0.167
  ],
  [
    1605830400000,
    0.166
  ],
  [
    1605916800000,
    0.176
  ],
  [
    1606003200000,
    0.217
  ],
  [
    1606089600000,
    0.174
  ],
  [
    1606176000000,
    0.17
  ],
  [
    1606262400000,
    0.169
  ],
  [
    1606348800000,
    0.158
  ],
  [
    1606435200000,
    0.164
  ],
  [
    1606521600000,
    0.215
  ],
  [
    1606608000000,
    0.157
  ],
  [
    1606694400000,
    0.162
  ],
  [
    1606780800000,
    0.339
  ],
  [
    1606867200000,
    0.161
  ],
  [
    1606953600000,
    0.166
  ],
  [
    1607040000000,
    0.145
  ],
  [
    1607126400000,
    0.15
  ],
  [
    1607212800000,
    0.148
  ],
  [
    1607299200000,
    0.149
  ],
  [
    1607385600000,
    0.149
  ],
  [
    1607472000000,
    0.152
  ],
  [
    1607558400000,
    0.163
  ],
  [
    1607644800000,
    0.158
  ],
  [
    1607731200000,
    0.145
  ],
  [
    1607817600000,
    0.152
  ],
  [
    1607904000000,
    0.154
  ],
  [
    1607990400000,
    0.146
  ],
  [
    1608076800000,
    0.149
  ],
  [
    1608163200000,
    0.145
  ],
  [
    1608249600000,
    0.151
  ],
  [
    1608336000000,
    0.151
  ],
  [
    1608422400000,
    0.149
  ],
  [
    1608508800000,
    0.156
  ],
  [
    1608595200000,
    0.151
  ],
  [
    1608681600000,
    0.159
  ],
  [
    1608768000000,
    0.148
  ],
  [
    1608854400000,
    0.15
  ],
  [
    1608940800000,
    0.147
  ],
  [
    1609027200000,
    0.142
  ],
  [
    1609113600000,
    0.144
  ],
  [
    1609200000000,
    0.151
  ],
  [
    1609286400000,
    0.15
  ],
  [
    1609372800000,
    0.16
  ],
  [
    1609459200000,
    0.172
  ],
  [
    1609545600000,
    0.182
  ],
  [
    1609632000000,
    0.197
  ],
  [
    1609718400000,
    0.215
  ],
  [
    1609804800000,
    0.217
  ],
  [
    1609891200000,
    0.227
  ],
  [
    1609977600000,
    0.237
  ],
  [
    1610064000000,
    0.217
  ],
  [
    1610150400000,
    0.232
  ],
  [
    1610236800000,
    0.221
  ],
  [
    1610323200000,
    0.228
  ],
  [
    1610409600000,
    0.226
  ],
  [
    1610496000000,
    0.216
  ],
  [
    1610582400000,
    0.218
  ],
  [
    1610668800000,
    0.229
  ],
  [
    1610755200000,
    0.257
  ],
  [
    1610841600000,
    0.259
  ],
  [
    1610928000000,
    0.243
  ],
  [
    1611014400000,
    0.287
  ],
  [
    1611100800000,
    0.262
  ],
  [
    1611187200000,
    0.259
  ],
  [
    1611273600000,
    0.247
  ],
  [
    1611360000000,
    0.262
  ],
  [
    1611446400000,
    0.278
  ],
  [
    1611532800000,
    0.239
  ],
  [
    1611619200000,
    0.244
  ],
  [
    1611705600000,
    0.253
  ],
  [
    1611792000000,
    0.261
  ],
  [
    1611878400000,
    0.228
  ],
  [
    1611964800000,
    0.223
  ],
  [
    1612051200000,
    0.231
  ],
  [
    1612137600000,
    0.226
  ],
  [
    1612224000000,
    0.219
  ],
  [
    1612310400000,
    0.234
  ],
  [
    1612396800000,
    0.255
  ],
  [
    1612483200000,
    0.247
  ],
  [
    1612569600000,
    0.27
  ],
  [
    1612656000000,
    0.281
  ],
  [
    1612742400000,
    0.304
  ],
  [
    1612828800000,
    0.309
  ],
  [
    1612915200000,
    0.279
  ],
  [
    1613001600000,
    0.374
  ],
  [
    1613088000000,
    0.252
  ],
  [
    1613174400000,
    0.252
  ],
  [
    1613260800000,
    0.266
  ],
  [
    1613347200000,
    0.254
  ],
  [
    1613433600000,
    0.258
  ],
  [
    1613520000000,
    0.274
  ],
  [
    1613606400000,
    0.371
  ],
  [
    1613692800000,
    0.26
  ],
  [
    1613779200000,
    0.257
  ],
  [
    1613865600000,
    0.272
  ],
  [
    1613952000000,
    0.291
  ],
  [
    1614038400000,
    0.301
  ],
  [
    1614124800000,
    0.283
  ],
  [
    1614211200000,
    0.27
  ],
  [
    1614297600000,
    0.248
  ],
  [
    1614384000000,
    0.256
  ],
  [
    1614470400000,
    0.293
  ],
  [
    1614556800000,
    0.273
  ],
  [
    1614643200000,
    0.315
  ],
  [
    1614729600000,
    0.275
  ],
  [
    1614816000000,
    0.282
  ],
  [
    1614902400000,
    0.302
  ],
  [
    1614988800000,
    0.33
  ],
  [
    1615075200000,
    0.321
  ],
  [
    1615161600000,
    0.311
  ],
  [
    1615248000000,
    0.324
  ],
  [
    1615334400000,
    0.323
  ],
  [
    1615420800000,
    0.313
  ],
  [
    1615507200000,
    0.329
  ],
  [
    1615593600000,
    0.357
  ],
  [
    1615680000000,
    0.339
  ],
  [
    1615766400000,
    0.337
  ],
  [
    1615852800000,
    0.362
  ],
  [
    1615939200000,
    0.348
  ],
  [
    1616025600000,
    0.342
  ],
  [
    1616112000000,
    0.337
  ],
  [
    1616198400000,
    3.907
  ],
  [
    1616284800000,
    0.373
  ],
  [
    1616371200000,
    0.394
  ],
  [
    1616457600000,
    0.463
  ],
  [
    1616544000000,
    0.432
  ],
  [
    1616630400000,
    0.433
  ],
  [
    1616716800000,
    0.45
  ],
  [
    1616803200000,
    0.481
  ],
  [
    1616889600000,
    0.512
  ],
  [
    1616972400000,
    0.533
  ],
  [
    1617058800000,
    0.57
  ],
  [
    1617145200000,
    0.53
  ],
  [
    1617231600000,
    0.537
  ],
  [
    1617318000000,
    0.512
  ],
  [
    1617404400000,
    0.531
  ],
  [
    1617490800000,
    0.516
  ],
  [
    1617577200000,
    0.89
  ],
  [
    1617663600000,
    0.534
  ],
  [
    1617750000000,
    0.465
  ],
  [
    1617836400000,
    0.44
  ],
  [
    1617922800000,
    0.403
  ],
  [
    1618009200000,
    0.442
  ],
  [
    1618095600000,
    0.41
  ],
  [
    1618182000000,
    0.409
  ],
  [
    1618268400000,
    0.456
  ],
  [
    1618354800000,
    0.542
  ],
  [
    1618441200000,
    0.518
  ],
  [
    1618527600000,
    0.54
  ],
  [
    1618614000000,
    0.582
  ],
  [
    1618700400000,
    0.62
  ],
  [
    1618786800000,
    0.663
  ],
  [
    1618873200000,
    0.705
  ],
  [
    1618959600000,
    0.689
  ],
  [
    1619046000000,
    0.706
  ],
  [
    1619132400000,
    0.704
  ],
  [
    1619218800000,
    0.673
  ],
  [
    1619305200000,
    0.643
  ],
  [
    1619391600000,
    0.612
  ],
  [
    1619478000000,
    0.586
  ],
  [
    1619564400000,
    0.538
  ],
  [
    1619650800000,
    0.551
  ],
  [
    1619737200000,
    0.581
  ],
  [
    1619823600000,
    0.557
  ],
  [
    1619910000000,
    0.563
  ],
  [
    1619996400000,
    0.629
  ],
  [
    1620082800000,
    0.573
  ],
  [
    1620169200000,
    0.566
  ],
  [
    1620255600000,
    0.645
  ],
  [
    1620342000000,
    0.652
  ],
  [
    1620428400000,
    0.653
  ],
  [
    1620514800000,
    0.643
  ],
  [
    1620601200000,
    0.678
  ],
  [
    1620687600000,
    0.685
  ],
  [
    1620774000000,
    0.67
  ],
  [
    1620860400000,
    0.699
  ],
  [
    1620946800000,
    0.7
  ],
  [
    1621033200000,
    0.702
  ],
  [
    1621119600000,
    0.709
  ],
  [
    1621206000000,
    1.127
  ],
  [
    1621292400000,
    0.73
  ],
  [
    1621378800000,
    0.702
  ],
  [
    1621465200000,
    0.679
  ],
  [
    1621551600000,
    0.66
  ],
  [
    1621638000000,
    0.875
  ],
  [
    1621724400000,
    0.992
  ],
  [
    1621810800000,
    0.965
  ],
  [
    1621897200000,
    1.203
  ],
  [
    1621983600000,
    1.443
  ],
  [
    1622070000000,
    1.655
  ],
  [
    1622156400000,
    1.463
  ],
  [
    1622242800000,
    1.38
  ],
  [
    1622329200000,
    1.373
  ],
  [
    1622415600000,
    1.237
  ],
  [
    1622502000000,
    1.337
  ],
  [
    1622588400000,
    1.474
  ],
  [
    1622674800000,
    1.585
  ],
  [
    1622761200000,
    1.94
  ],
  [
    1622847600000,
    2.222
  ],
  [
    1622934000000,
    1.854
  ],
  [
    1623020400000,
    1.571
  ],
  [
    1623106800000,
    1.577
  ],
  [
    1623193200000,
    1.66
  ],
  [
    1623279600000,
    1.639
  ],
  [
    1623366000000,
    1.634
  ],
  [
    1623452400000,
    1.62
  ],
  [
    1623538800000,
    1.626
  ],
  [
    1623625200000,
    1.549
  ],
  [
    1623711600000,
    1.566
  ],
  [
    1623798000000,
    1.585
  ],
  [
    1623884400000,
    1.576
  ],
  [
    1623970800000,
    1.388
  ],
  [
    1624057200000,
    1.552
  ],
  [
    1624143600000,
    1.384
  ],
  [
    1624230000000,
    1.429
  ],
  [
    1624316400000,
    1.46
  ],
  [
    1624402800000,
    1.379
  ],
  [
    1624489200000,
    1.407
  ],
  [
    1624575600000,
    1.238
  ],
  [
    1624662000000,
    1.209
  ],
  [
    1624748400000,
    1.227
  ],
  [
    1624834800000,
    1.222
  ],
  [
    1624921200000,
    1.182
  ],
  [
    1625007600000,
    1.186
  ],
  [
    1625094000000,
    1.107
  ],
  [
    1625180400000,
    1.198
  ],
  [
    1625266800000,
    1.146
  ],
  [
    1625353200000,
    1.05
  ],
  [
    1625439600000,
    1.079
  ],
  [
    1625526000000,
    1.009
  ],
  [
    1625612400000,
    1.016
  ],
  [
    1625698800000,
    0.995
  ],
  [
    1625785200000,
    0.93
  ],
  [
    1625871600000,
    0.995
  ],
  [
    1625958000000,
    0.925
  ],
  [
    1626044400000,
    0.919
  ],
  [
    1626130800000,
    0.898
  ],
  [
    1626217200000,
    0.927
  ],
  [
    1626303600000,
    0.913
  ],
  [
    1626390000000,
    0.906
  ],
  [
    1626476400000,
    0.881
  ],
  [
    1626562800000,
    0.905
  ],
  [
    1626649200000,
    0.887
  ],
  [
    1626735600000,
    1.194
  ],
  [
    1626822000000,
    0.965
  ],
  [
    1626908400000,
    0.956
  ],
  [
    1626994800000,
    1.059
  ],
  [
    1627081200000,
    0.985
  ],
  [
    1627167600000,
    1.004
  ],
  [
    1627254000000,
    0.985
  ],
  [
    1627340400000,
    1.037
  ],
  [
    1627426800000,
    1.02
  ],
  [
    1627513200000,
    0.949
  ],
  [
    1627599600000,
    0.941
  ],
  [
    1627686000000,
    0.953
  ],
  [
    1627772400000,
    0.961
  ],
  [
    1627858800000,
    1.103
  ],
  [
    1627945200000,
    0.949
  ],
  [
    1628031600000,
    1.076
  ],
  [
    1628118000000,
    0.976
  ],
  [
    1628204400000,
    1.01
  ],
  [
    1628290800000,
    0.919
  ],
  [
    1628377200000,
    0.948
  ],
  [
    1628463600000,
    0.9
  ],
  [
    1628550000000,
    0.931
  ],
  [
    1628636400000,
    0.933
  ],
  [
    1628722800000,
    0.918
  ],
  [
    1628809200000,
    0.923
  ],
  [
    1628895600000,
    0.974
  ],
  [
    1628982000000,
    0.931
  ],
  [
    1629068400000,
    1.091
  ],
  [
    1629154800000,
    0.901
  ],
  [
    1629241200000,
    0.887
  ],
  [
    1629327600000,
    0.883
  ],
  [
    1629414000000,
    1
  ],
  [
    1629500400000,
    0.921
  ],
  [
    1629586800000,
    0.851
  ],
  [
    1629673200000,
    0.844
  ],
  [
    1629759600000,
    0.94
  ],
  [
    1629846000000,
    0.985
  ],
  [
    1629932400000,
    0.941
  ],
  [
    1630018800000,
    0.924
  ],
  [
    1630105200000,
    0.895
  ],
  [
    1630191600000,
    0.876
  ],
  [
    1630278000000,
    0.937
  ],
  [
    1630364400000,
    0.873
  ],
  [
    1630450800000,
    0.892
  ],
  [
    1630537200000,
    0.883
  ],
  [
    1630623600000,
    0.887
  ],
  [
    1630710000000,
    0.894
  ],
  [
    1630796400000,
    0.912
  ],
  [
    1630882800000,
    0.848
  ],
  [
    1630969200000,
    0.869
  ],
  [
    1631055600000,
    0.909
  ],
  [
    1631142000000,
    0.875
  ],
  [
    1631228400000,
    0.898
  ],
  [
    1631314800000,
    0.912
  ],
  [
    1631401200000,
    0.897
  ],
  [
    1631487600000,
    1.176
  ],
  [
    1631574000000,
    0.895
  ],
  [
    1631660400000,
    0.906
  ],
  [
    1631746800000,
    0.896
  ],
  [
    1631833200000,
    0.859
  ],
  [
    1631919600000,
    0.852
  ],
  [
    1632006000000,
    0.862
  ],
  [
    1632092400000,
    0.857
  ],
  [
    1632178800000,
    0.872
  ],
  [
    1632265200000,
    0.716
  ],
  [
    1632351600000,
    0.666
  ],
  [
    1632438000000,
    0.687
  ],
  [
    1632524400000,
    0.627
  ],
  [
    1632610800000,
    0.654
  ],
  [
    1632697200000,
    0.69
  ],
  [
    1632783600000,
    0.647
  ],
  [
    1632870000000,
    0.647
  ],
  [
    1632956400000,
    0.742
  ],
  [
    1633042800000,
    0.666
  ],
  [
    1633129200000,
    0.677
  ],
  [
    1633215600000,
    0.655
  ],
  [
    1633302000000,
    0.653
  ],
  [
    1633388400000,
    0.679
  ],
  [
    1633474800000,
    0.711
  ],
  [
    1633561200000,
    0.618
  ],
  [
    1633647600000,
    0.681
  ],
  [
    1633734000000,
    0.724
  ],
  [
    1633820400000,
    0.661
  ],
  [
    1633906800000,
    0.655
  ],
  [
    1633993200000,
    0.68
  ],
  [
    1634079600000,
    0.67
  ],
  [
    1634166000000,
    0.65
  ],
  [
    1634252400000,
    0.612
  ],
  [
    1634338800000,
    0.598
  ],
  [
    1634425200000,
    0.634
  ],
  [
    1634511600000,
    0.627
  ],
  [
    1634598000000,
    0.641
  ],
  [
    1634684400000,
    0.701
  ],
  [
    1634770800000,
    0.625
  ],
  [
    1634857200000,
    0.577
  ],
  [
    1634943600000,
    0.582
  ],
  [
    1635030000000,
    0.779
  ],
  [
    1635116400000,
    0.577
  ],
  [
    1635202800000,
    0.68
  ],
  [
    1635289200000,
    0.65
  ],
  [
    1635375600000,
    0.615
  ],
  [
    1635462000000,
    0.588
  ],
  [
    1635548400000,
    0.619
  ],
  [
    1635634800000,
    0.6
  ],
  [
    1635724800000,
    0.6
  ],
  [
    1635811200000,
    0.603
  ],
  [
    1635897600000,
    0.635
  ],
  [
    1635984000000,
    0.646
  ],
  [
    1636070400000,
    0.701
  ],
  [
    1636156800000,
    0.796
  ],
  [
    1636243200000,
    0.68
  ],
  [
    1636329600000,
    0.715
  ],
  [
    1636416000000,
    0.851
  ],
  [
    1636502400000,
    0.792
  ],
  [
    1636588800000,
    0.805
  ],
  [
    1636675200000,
    0.75
  ],
  [
    1636761600000,
    0.723
  ],
  [
    1636848000000,
    0.767
  ],
  [
    1636934400000,
    0.742
  ],
  [
    1637020800000,
    0.728
  ],
  [
    1637107200000,
    0.773
  ],
  [
    1637193600000,
    0.728
  ],
  [
    1637280000000,
    0.728
  ],
  [
    1637366400000,
    0.746
  ],
  [
    1637452800000,
    0.799
  ],
  [
    1637539200000,
    0.695
  ],
  [
    1637625600000,
    0.752
  ],
  [
    1637712000000,
    0.764
  ],
  [
    1637798400000,
    0.741
  ],
  [
    1637884800000,
    0.707
  ],
  [
    1637971200000,
    0.735
  ],
  [
    1638057600000,
    0.702
  ],
  [
    1638144000000,
    0.752
  ],
  [
    1638230400000,
    0.696
  ],
  [
    1638316800000,
    0.698
  ],
  [
    1638403200000,
    0.702
  ],
  [
    1638489600000,
    0.91
  ],
  [
    1638576000000,
    0.793
  ],
  [
    1638662400000,
    0.866
  ],
  [
    1638748800000,
    0.827
  ],
  [
    1638835200000,
    0.925
  ],
  [
    1638921600000,
    0.821
  ],
  [
    1639008000000,
    0.863
  ],
  [
    1639094400000,
    0.887
  ],
  [
    1639180800000,
    0.909
  ],
  [
    1639267200000,
    0.934
  ],
  [
    1639353600000,
    0.948
  ],
  [
    1639440000000,
    0.861
  ],
  [
    1639526400000,
    0.843
  ],
  [
    1639612800000,
    0.911
  ],
  [
    1639699200000,
    0.9
  ],
  [
    1639785600000,
    0.886
  ],
  [
    1639872000000,
    0.916
  ],
  [
    1639958400000,
    0.904
  ],
  [
    1640044800000,
    0.91
  ],
  [
    1640131200000,
    0.899
  ],
  [
    1640217600000,
    0.907
  ],
  [
    1640304000000,
    0.933
  ],
  [
    1640390400000,
    1.015
  ],
  [
    1640476800000,
    1.006
  ],
  [
    1640563200000,
    0.905
  ],
  [
    1640649600000,
    0.993
  ],
  [
    1640736000000,
    1.008
  ],
  [
    1640822400000,
    1.092
  ],
  [
    1640908800000,
    0.988
  ],
  [
    1640995200000,
    1.034
  ],
  [
    1641081600000,
    1.078
  ],
  [
    1641168000000,
    1.201
  ],
  [
    1641254400000,
    1.032
  ],
  [
    1641340800000,
    0.994
  ],
  [
    1641427200000,
    1.014
  ],
  [
    1641513600000,
    1.315
  ],
  [
    1641600000000,
    1.125
  ],
  [
    1641686400000,
    1.045
  ],
  [
    1641772800000,
    1.184
  ],
  [
    1641859200000,
    1.039
  ],
  [
    1641945600000,
    1.049
  ],
  [
    1642032000000,
    1.08
  ],
  [
    1642118400000,
    1.056
  ],
  [
    1642204800000,
    1.04
  ],
  [
    1642291200000,
    1.063
  ],
  [
    1642377600000,
    1.125
  ],
  [
    1642464000000,
    1.205
  ],
  [
    1642550400000,
    1.332
  ],
  [
    1642636800000,
    1.077
  ],
  [
    1642723200000,
    1.051
  ],
  [
    1642809600000,
    1.08
  ],
  [
    1642896000000,
    1.002
  ],
  [
    1642982400000,
    1.007
  ],
  [
    1643068800000,
    1.043
  ],
  [
    1643155200000,
    1.064
  ],
  [
    1643241600000,
    1.061
  ],
  [
    1643328000000,
    1.098
  ],
  [
    1643414400000,
    1.265
  ],
  [
    1643500800000,
    0.985
  ],
  [
    1643587200000,
    0.957
  ],
  [
    1643673600000,
    0.916
  ],
  [
    1643760000000,
    1.053
  ],
  [
    1643846400000,
    0.979
  ],
  [
    1643932800000,
    2.028
  ],
  [
    1644019200000,
    0.996
  ],
  [
    1644105600000,
    0.987
  ],
  [
    1644192000000,
    1.011
  ],
  [
    1644278400000,
    1.044
  ],
  [
    1644364800000,
    1.012
  ],
  [
    1644451200000,
    1.006
  ],
  [
    1644537600000,
    1.24
  ],
  [
    1644624000000,
    1.095
  ],
  [
    1644710400000,
    1.182
  ],
  [
    1644796800000,
    1.144
  ],
  [
    1644883200000,
    1.052
  ],
  [
    1644969600000,
    1.142
  ],
  [
    1645056000000,
    1.011
  ],
  [
    1645142400000,
    0.992
  ],
  [
    1645228800000,
    0.984
  ],
  [
    1645315200000,
    1.043
  ],
  [
    1645401600000,
    1.272
  ],
  [
    1645488000000,
    1.079
  ],
  [
    1645574400000,
    1.211
  ],
  [
    1645660800000,
    1.094
  ],
  [
    1645747200000,
    1.087
  ],
  [
    1645833600000,
    1.205
  ],
  [
    1645920000000,
    1.278
  ],
  [
    1646006400000,
    1.184
  ],
  [
    1646092800000,
    1.088
  ],
  [
    1646179200000,
    1.133
  ],
  [
    1646265600000,
    1.168
  ],
  [
    1646352000000,
    1.135
  ],
  [
    1646438400000,
    1.401
  ],
  [
    1646524800000,
    1.156
  ],
  [
    1646611200000,
    1.13
  ],
  [
    1646697600000,
    1.127
  ],
  [
    1646784000000,
    1.129
  ],
  [
    1646870400000,
    1.139
  ],
  [
    1646956800000,
    1.168
  ],
  [
    1647043200000,
    1.179
  ],
  [
    1647129600000,
    1.102
  ],
  [
    1647216000000,
    1.108
  ],
  [
    1647302400000,
    1.088
  ],
  [
    1647388800000,
    1.067
  ],
  [
    1647475200000,
    1.161
  ],
  [
    1647561600000,
    1.154
  ],
  [
    1647648000000,
    1.095
  ],
  [
    1647734400000,
    1.248
  ],
  [
    1647820800000,
    1.101
  ],
  [
    1647907200000,
    1.169
  ],
  [
    1647993600000,
    1.153
  ],
  [
    1648080000000,
    1.429
  ],
  [
    1648166400000,
    1.16
  ],
  [
    1648252800000,
    1.141
  ],
  [
    1648339200000,
    1.217
  ],
  [
    1648422000000,
    1.11
  ],
  [
    1648508400000,
    1.146
  ],
  [
    1648594800000,
    1.294
  ],
  [
    1648681200000,
    1.131
  ],
  [
    1648767600000,
    1.42
  ],
  [
    1648854000000,
    1.398
  ],
  [
    1648940400000,
    1.26
  ],
  [
    1649026800000,
    1.264
  ],
  [
    1649113200000,
    1.351
  ],
  [
    1649199600000,
    1.279
  ],
  [
    1649286000000,
    1.664
  ],
  [
    1649372400000,
    1.309
  ],
  [
    1649458800000,
    1.247
  ],
  [
    1649545200000,
    1.485
  ],
  [
    1649631600000,
    1.487
  ],
  [
    1649718000000,
    1.334
  ],
  [
    1649804400000,
    1.35
  ],
  [
    1649890800000,
    1.271
  ],
  [
    1649977200000,
    1.266
  ],
  [
    1650063600000,
    1.608
  ],
  [
    1650150000000,
    1.363
  ],
  [
    1650236400000,
    1.405
  ],
  [
    1650322800000,
    1.404
  ],
  [
    1650409200000,
    1.492
  ],
  [
    1650495600000,
    1.407
  ],
  [
    1650582000000,
    1.326
  ],
  [
    1650668400000,
    1.418
  ],
  [
    1650754800000,
    1.701
  ],
  [
    1650841200000,
    1.492
  ],
  [
    1650927600000,
    1.533
  ],
  [
    1651014000000,
    1.631
  ],
  [
    1651100400000,
    1.468
  ],
  [
    1651186800000,
    1.542
  ],
  [
    1651273200000,
    1.455
  ],
  [
    1651359600000,
    1.309
  ],
  [
    1651446000000,
    1.346
  ],
  [
    1651532400000,
    1.364
  ],
  [
    1651618800000,
    1.3
  ],
  [
    1651705200000,
    1.331
  ],
  [
    1651791600000,
    1.296
  ],
  [
    1651878000000,
    1.31
  ],
  [
    1651964400000,
    1.351
  ],
  [
    1652050800000,
    1.36
  ],
  [
    1652137200000,
    1.369
  ],
  [
    1652223600000,
    1.408
  ],
  [
    1652310000000,
    1.404
  ],
  [
    1652396400000,
    1.288
  ],
  [
    1652482800000,
    1.457
  ],
  [
    1652569200000,
    1.334
  ],
  [
    1652655600000,
    1.42
  ],
  [
    1652742000000,
    1.246
  ],
  [
    1652828400000,
    1.326
  ],
  [
    1652914800000,
    1.307
  ],
  [
    1653001200000,
    1.361
  ],
  [
    1653087600000,
    1.531
  ],
  [
    1653174000000,
    1.324
  ],
  [
    1653260400000,
    1.303
  ],
  [
    1653346800000,
    1.302
  ],
  [
    1653433200000,
    1.33
  ],
  [
    1653519600000,
    1.284
  ],
  [
    1653606000000,
    1.319
  ],
  [
    1653692400000,
    1.261
  ],
  [
    1653778800000,
    1.311
  ],
  [
    1653865200000,
    1.534
  ],
  [
    1653951600000,
    1.27
  ],
  [
    1654038000000,
    1.323
  ],
  [
    1654124400000,
    1.332
  ],
  [
    1654210800000,
    1.267
  ],
  [
    1654297200000,
    1.298
  ],
  [
    1654383600000,
    1.268
  ],
  [
    1654470000000,
    1.241
  ],
  [
    1654556400000,
    1.216
  ],
  [
    1654642800000,
    1.21
  ],
  [
    1654729200000,
    1.153
  ],
  [
    1654815600000,
    1.215
  ],
  [
    1654902000000,
    1.235
  ],
  [
    1654988400000,
    1.199
  ],
  [
    1655074800000,
    1.342
  ],
  [
    1655161200000,
    1.505
  ],
  [
    1655247600000,
    1.191
  ],
  [
    1655334000000,
    1.286
  ],
  [
    1655420400000,
    1.057
  ],
  [
    1655506800000,
    1.077
  ],
  [
    1655593200000,
    1.134
  ],
  [
    1655679600000,
    1.157
  ],
  [
    1655766000000,
    1.135
  ],
  [
    1655852400000,
    1.111
  ],
  [
    1655938800000,
    1.109
  ],
  [
    1656025200000,
    1.107
  ],
  [
    1656111600000,
    1.09
  ],
  [
    1656198000000,
    1.11
  ],
  [
    1656284400000,
    1.106
  ],
  [
    1656370800000,
    1.055
  ],
  [
    1656457200000,
    1.112
  ],
  [
    1656543600000,
    1.036
  ],
  [
    1656630000000,
    1.116
  ],
  [
    1656716400000,
    1.2
  ],
  [
    1656802800000,
    1.207
  ],
  [
    1656889200000,
    1.136
  ],
  [
    1656975600000,
    1.254
  ],
  [
    1657062000000,
    1.242
  ],
  [
    1657148400000,
    1.212
  ],
  [
    1657234800000,
    1.21
  ],
  [
    1657321200000,
    1.2
  ],
  [
    1657407600000,
    1.083
  ],
  [
    1657494000000,
    1.229
  ],
  [
    1657580400000,
    1.173
  ],
  [
    1657666800000,
    1.53
  ],
  [
    1657753200000,
    1.654
  ],
  [
    1657839600000,
    1.098
  ],
  [
    1657926000000,
    1.057
  ],
  [
    1658012400000,
    1.118
  ],
  [
    1658098800000,
    1.181
  ],
  [
    1658185200000,
    1.085
  ],
  [
    1658271600000,
    1.163
  ],
  [
    1658358000000,
    1.231
  ],
  [
    1658444400000,
    1.136
  ],
  [
    1658530800000,
    1.084
  ],
  [
    1658617200000,
    1.079
  ],
  [
    1658703600000,
    1.008
  ],
  [
    1658790000000,
    1.09
  ],
  [
    1658876400000,
    1.47
  ],
  [
    1658962800000,
    1.149
  ],
  [
    1659049200000,
    1.172
  ],
  [
    1659135600000,
    1.178
  ],
  [
    1659222000000,
    1.102
  ],
  [
    1659308400000,
    1.149
  ],
  [
    1659394800000,
    1.091
  ],
  [
    1659481200000,
    1.141
  ],
  [
    1659567600000,
    1.154
  ],
  [
    1659654000000,
    1.162
  ],
  [
    1659740400000,
    1.168
  ],
  [
    1659826800000,
    1.112
  ],
  [
    1659913200000,
    1.141
  ],
  [
    1659999600000,
    1.186
  ],
  [
    1660086000000,
    1.149
  ],
  [
    1660172400000,
    1.228
  ],
  [
    1660258800000,
    1.166
  ],
  [
    1660345200000,
    1.222
  ],
  [
    1660431600000,
    1.195
  ],
  [
    1660518000000,
    1.1
  ],
  [
    1660604400000,
    1.318
  ],
  [
    1660690800000,
    1.193
  ],
  [
    1660777200000,
    1.28
  ],
  [
    1660863600000,
    1.371
  ],
  [
    1660950000000,
    1.634
  ],
  [
    1661036400000,
    1.351
  ],
  [
    1661122800000,
    1.284
  ],
  [
    1661209200000,
    1.195
  ],
  [
    1661295600000,
    1.164
  ],
  [
    1661382000000,
    1.136
  ],
  [
    1661468400000,
    1.23
  ],
  [
    1661554800000,
    1.257
  ],
  [
    1661641200000,
    1.31
  ],
  [
    1661727600000,
    1.38
  ],
  [
    1661814000000,
    1.418
  ],
  [
    1661900400000,
    1.439
  ],
  [
    1661986800000,
    1.227
  ],
  [
    1662073200000,
    1.28
  ],
  [
    1662159600000,
    1.33
  ],
  [
    1662246000000,
    1.785
  ],
  [
    1662332400000,
    1.395
  ],
  [
    1662418800000,
    1.302
  ],
  [
    1662505200000,
    1.439
  ],
  [
    1662591600000,
    1.425
  ],
  [
    1662678000000,
    1.395
  ],
  [
    1662764400000,
    1.705
  ],
  [
    1662850800000,
    1.461
  ],
  [
    1662937200000,
    1.549
  ],
  [
    1663023600000,
    1.435
  ],
  [
    1663110000000,
    1.37
  ],
  [
    1663196400000,
    1.551
  ],
  [
    1663282800000,
    1.518
  ],
  [
    1663369200000,
    1.569
  ],
  [
    1663455600000,
    1.492
  ],
  [
    1663542000000,
    1.479
  ],
  [
    1663628400000,
    1.495
  ],
  [
    1663714800000,
    1.554
  ],
  [
    1663801200000,
    1.477
  ],
  [
    1663887600000,
    1.467
  ],
  [
    1663974000000,
    1.537
  ],
  [
    1664060400000,
    1.42
  ],
  [
    1664146800000,
    1.451
  ],
  [
    1664233200000,
    1.374
  ],
  [
    1664319600000,
    1.412
  ],
  [
    1664406000000,
    1.437
  ],
  [
    1664492400000,
    1.399
  ],
  [
    1664578800000,
    1.494
  ],
  [
    1664665200000,
    1.498
  ],
  [
    1664751600000,
    1.456
  ],
  [
    1664838000000,
    1.558
  ],
  [
    1664924400000,
    1.467
  ],
  [
    1665010800000,
    1.491
  ],
  [
    1665097200000,
    1.704
  ],
  [
    1665183600000,
    1.436
  ],
  [
    1665270000000,
    1.46
  ],
  [
    1665356400000,
    1.965
  ],
  [
    1665442800000,
    1.53
  ],
  [
    1665529200000,
    1.536
  ],
  [
    1665615600000,
    1.532
  ],
  [
    1665702000000,
    1.523
  ],
  [
    1665788400000,
    1.718
  ],
  [
    1665874800000,
    1.664
  ],
  [
    1665961200000,
    1.664
  ],
  [
    1666047600000,
    1.679
  ],
  [
    1666134000000,
    1.768
  ],
  [
    1666220400000,
    1.841
  ],
  [
    1666306800000,
    2.015
  ],
  [
    1666393200000,
    1.71
  ],
  [
    1666479600000,
    1.874
  ],
  [
    1666566000000,
    1.527
  ],
  [
    1666652400000,
    1.614
  ],
  [
    1666738800000,
    1.589
  ],
  [
    1666825200000,
    1.677
  ],
  [
    1666911600000,
    1.657
  ],
  [
    1666998000000,
    1.912
  ],
  [
    1667084400000,
    1.665
  ],
  [
    1667174400000,
    1.746
  ],
  [
    1667260800000,
    1.67
  ],
  [
    1667347200000,
    1.684
  ],
  [
    1667433600000,
    1.874
  ],
  [
    1667520000000,
    1.975
  ],
  [
    1667606400000,
    1.963
  ],
  [
    1667692800000,
    2.01
  ],
  [
    1667779200000,
    1.989
  ],
  [
    1667865600000,
    1.81
  ],
  [
    1667952000000,
    1.999
  ],
  [
    1668038400000,
    2.122
  ],
  [
    1668124800000,
    2.203
  ],
  [
    1668211200000,
    2.034
  ],
  [
    1668297600000,
    1.899
  ],
  [
    1668384000000,
    1.963
  ],
  [
    1668470400000,
    1.972
  ],
  [
    1668556800000,
    1.912
  ],
  [
    1668643200000,
    2.18
  ],
  [
    1668729600000,
    1.927
  ],
  [
    1668816000000,
    1.893
  ],
  [
    1668902400000,
    2.297
  ],
  [
    1668988800000,
    1.827
  ],
  [
    1669075200000,
    1.965
  ],
  [
    1669161600000,
    1.978
  ],
  [
    1669248000000,
    2.029
  ],
  [
    1669334400000,
    1.958
  ],
  [
    1669420800000,
    1.867
  ],
  [
    1669507200000,
    1.788
  ],
  [
    1669593600000,
    1.853
  ],
  [
    1669680000000,
    2.081
  ],
  [
    1669766400000,
    1.664
  ],
  [
    1669852800000,
    1.832
  ],
  [
    1669939200000,
    1.834
  ],
  [
    1670025600000,
    1.895
  ],
  [
    1670112000000,
    1.82
  ],
  [
    1670198400000,
    1.89
  ],
  [
    1670284800000,
    2.072
  ],
  [
    1670371200000,
    2.022
  ],
  [
    1670457600000,
    2.051
  ],
  [
    1670544000000,
    1.88
  ],
  [
    1670630400000,
    2.049
  ],
  [
    1670716800000,
    1.962
  ],
  [
    1670803200000,
    2.178
  ],
  [
    1670889600000,
    2.03
  ],
  [
    1670976000000,
    2.097
  ],
  [
    1671062400000,
    1.833
  ],
  [
    1671148800000,
    2.036
  ],
  [
    1671235200000,
    2.018
  ],
  [
    1671321600000,
    1.924
  ],
  [
    1671408000000,
    1.836
  ],
  [
    1671494400000,
    1.978
  ],
  [
    1671580800000,
    2.059
  ],
  [
    1671667200000,
    2.59
  ],
  [
    1671753600000,
    2.595
  ],
  [
    1671840000000,
    2.096
  ],
  [
    1671926400000,
    1.954
  ],
  [
    1672012800000,
    1.802
  ],
  [
    1672099200000,
    2.231
  ],
  [
    1672185600000,
    1.87
  ],
  [
    1672272000000,
    1.758
  ],
  [
    1672358400000,
    1.815
  ],
  [
    1672444800000,
    1.734
  ],
  [
    1672531200000,
    1.771
  ],
  [
    1672617600000,
    1.84
  ],
  [
    1672704000000,
    1.559
  ],
  [
    1672790400000,
    2.076
  ],
  [
    1672876800000,
    1.78
  ],
  [
    1672963200000,
    1.74
  ],
  [
    1673049600000,
    1.739
  ],
  [
    1673136000000,
    1.89
  ],
  [
    1673222400000,
    1.916
  ],
  [
    1673308800000,
    1.9
  ],
  [
    1673395200000,
    1.899
  ],
  [
    1673481600000,
    1.769
  ],
  [
    1673568000000,
    1.923
  ],
  [
    1673654400000,
    1.84
  ],
  [
    1673740800000,
    1.988
  ],
  [
    1673827200000,
    1.811
  ],
  [
    1673913600000,
    1.793
  ],
  [
    1674000000000,
    1.838
  ],
  [
    1674086400000,
    1.932
  ],
  [
    1674172800000,
    1.813
  ],
  [
    1674259200000,
    1.968
  ],
  [
    1674345600000,
    1.944
  ],
  [
    1674432000000,
    2.107
  ],
  [
    1674518400000,
    2.279
  ],
  [
    1674604800000,
    1.784
  ],
  [
    1674691200000,
    2.078
  ],
  [
    1674777600000,
    1.956
  ],
  [
    1674864000000,
    1.957
  ],
  [
    1674950400000,
    2.083
  ],
  [
    1675036800000,
    1.902
  ],
  [
    1675123200000,
    1.983
  ],
  [
    1675209600000,
    2.004
  ],
  [
    1675296000000,
    2.303
  ],
  [
    1675382400000,
    2.74
  ],
  [
    1675468800000,
    2.461
  ],
  [
    1675555200000,
    2.965
  ],
  [
    1675641600000,
    2.277
  ],
  [
    1675728000000,
    2.224
  ],
  [
    1675814400000,
    2.189
  ],
  [
    1675900800000,
    2.164
  ],
  [
    1675987200000,
    2.721
  ],
  [
    1676073600000,
    2.271
  ],
  [
    1676160000000,
    2.007
  ],
  [
    1676246400000,
    2.273
  ],
  [
    1676332800000,
    2.202
  ],
  [
    1676419200000,
    2.265
  ],
  [
    1676505600000,
    2.25
  ],
  [
    1676592000000,
    2.131
  ],
  [
    1676678400000,
    2.129
  ],
  [
    1676764800000,
    2.336
  ],
  [
    1676851200000,
    2.144
  ],
  [
    1676937600000,
    2.087
  ],
  [
    1677024000000,
    2.019
  ],
  [
    1677110400000,
    2.109
  ],
  [
    1677196800000,
    1.94
  ],
  [
    1677283200000,
    1.984
  ],
  [
    1677369600000,
    2.089
  ],
  [
    1677456000000,
    2.509
  ],
  [
    1677542400000,
    2.141
  ],
  [
    1677628800000,
    1.84
  ],
  [
    1677715200000,
    2.253
  ],
  [
    1677801600000,
    2.465
  ],
  [
    1677888000000,
    2.276
  ],
  [
    1677974400000,
    2.216
  ],
  [
    1678060800000,
    2.121
  ],
  [
    1678147200000,
    2.209
  ],
  [
    1678233600000,
    1.985
  ],
  [
    1678320000000,
    1.969
  ],
  [
    1678406400000,
    2.085
  ],
  [
    1678492800000,
    2.119
  ],
  [
    1678579200000,
    2.114
  ],
  [
    1678665600000,
    2.285
  ],
  [
    1678752000000,
    2.102
  ],
  [
    1678838400000,
    1.963
  ],
  [
    1678924800000,
    1.613
  ],
  [
    1679011200000,
    1.9
  ],
  [
    1679097600000,
    1.83
  ],
  [
    1679184000000,
    2.033
  ],
  [
    1679270400000,
    1.795
  ],
  [
    1679356800000,
    2.284
  ],
  [
    1679443200000,
    2.197
  ],
  [
    1679529600000,
    2.083
  ],
  [
    1679616000000,
    1.811
  ],
  [
    1679702400000,
    2.137
  ],
  [
    1679788800000,
    2.219
  ],
  [
    1679871600000,
    2.203
  ],
  [
    1679958000000,
    2.137
  ],
  [
    1680044400000,
    2.006
  ],
  [
    1680130800000,
    2.228
  ],
  [
    1680217200000,
    2.153
  ],
  [
    1680303600000,
    2.105
  ],
  [
    1680390000000,
    2.044
  ],
  [
    1680476400000,
    2.345
  ],
  [
    1680562800000,
    2.306
  ],
  [
    1680649200000,
    2.427
  ],
  [
    1680735600000,
    2.295
  ],
  [
    1680822000000,
    2.139
  ],
  [
    1680908400000,
    2.276
  ],
  [
    1680994800000,
    2.6
  ],
  [
    1681081200000,
    2.361
  ],
  [
    1681167600000,
    2.141
  ],
  [
    1681254000000,
    2.188
  ],
  [
    1681340400000,
    2.282
  ],
  [
    1681426800000,
    2.073
  ],
  [
    1681513200000,
    2.006
  ],
  [
    1681599600000,
    2.281
  ],
  [
    1681686000000,
    2.067
  ],
  [
    1681772400000,
    2.368
  ],
  [
    1681858800000,
    2.237
  ],
  [
    1681945200000,
    2.473
  ],
  [
    1682031600000,
    2.451
  ],
  [
    1682118000000,
    2.641
  ],
  [
    1682204400000,
    2.32
  ],
  [
    1682290800000,
    2.519
  ],
  [
    1682377200000,
    2.377
  ],
  [
    1682463600000,
    2.353
  ],
  [
    1682550000000,
    2.039
  ],
  [
    1682636400000,
    2.865
  ],
  [
    1682722800000,
    2.503
  ],
  [
    1682809200000,
    2.56
  ],
  [
    1682895600000,
    2.227
  ],
  [
    1682982000000,
    2.154
  ],
  [
    1683068400000,
    2.363
  ],
  [
    1683154800000,
    2.447
  ],
  [
    1683241200000,
    1.925
  ],
  [
    1683327600000,
    4.088
  ],
  [
    1683414000000,
    1.999
  ],
  [
    1683500400000,
    2.384
  ],
  [
    1683586800000,
    1.696
  ],
  [
    1683673200000,
    2.162
  ],
  [
    1683759600000,
    2.016
  ],
  [
    1683846000000,
    2.139
  ],
  [
    1683932400000,
    2.045
  ],
  [
    1684018800000,
    2.165
  ],
  [
    1684105200000,
    2.118
  ],
  [
    1684191600000,
    2.192
  ],
  [
    1684278000000,
    2.628
  ],
  [
    1684364400000,
    2.232
  ],
  [
    1684450800000,
    2.428
  ],
  [
    1684537200000,
    1.859
  ],
  [
    1684623600000,
    2.168
  ],
  [
    1684710000000,
    2.16
  ],
  [
    1684796400000,
    2.731
  ],
  [
    1684882800000,
    1.781
  ],
  [
    1684969200000,
    1.983
  ],
  [
    1685055600000,
    1.863
  ],
  [
    1685142000000,
    2.611
  ],
  [
    1685228400000,
    2.252
  ],
  [
    1685314800000,
    2.284
  ],
  [
    1685401200000,
    1.433
  ],
  [
    1685487600000,
    2.044
  ],
  [
    1685574000000,
    2.168
  ],
  [
    1685660400000,
    1.839
  ],
  [
    1685746800000,
    2.186
  ],
  [
    1685833200000,
    2.326
  ],
  [
    1685919600000,
    2.643
  ],
  [
    1686006000000,
    2.318
  ],
  [
    1686092400000,
    2.221
  ],
  [
    1686178800000,
    2.285
  ],
  [
    1686265200000,
    2.65
  ],
  [
    1686351600000,
    1.898
  ],
  [
    1686438000000,
    1.976
  ],
  [
    1686524400000,
    2.034
  ],
  [
    1686610800000,
    2.348
  ],
  [
    1686697200000,
    2.252
  ],
  [
    1686783600000,
    2.07
  ],
  [
    1686870000000,
    2.352
  ],
  [
    1686956400000,
    2.481
  ],
  [
    1687042800000,
    2.357
  ],
  [
    1687129200000,
    1.884
  ],
  [
    1687215600000,
    2.389
  ],
  [
    1687302000000,
    2.525
  ],
  [
    1687388400000,
    2.431
  ],
  [
    1687474800000,
    2.994
  ],
  [
    1687561200000,
    2.648
  ],
  [
    1687647600000,
    2.897
  ],
  [
    1687734000000,
    2.773
  ],
  [
    1687820400000,
    2.442
  ],
  [
    1687906800000,
    2.065
  ],
  [
    1687993200000,
    2.208
  ],
  [
    1688079600000,
    2.619
  ],
  [
    1688166000000,
    2.206
  ],
  [
    1688252400000,
    2.223
  ],
  [
    1688338800000,
    2.084
  ],
  [
    1688425200000,
    1.905
  ],
  [
    1688511600000,
    2.691
  ],
  [
    1688598000000,
    2.034
  ],
  [
    1688684400000,
    1.792
  ],
  [
    1688770800000,
    2.266
  ],
  [
    1688857200000,
    2.149
  ],
  [
    1688943600000,
    2.315
  ],
  [
    1689030000000,
    2.043
  ],
  [
    1689116400000,
    2.172
  ],
  [
    1689202800000,
    2.133
  ],
  [
    1689289200000,
    1.887
  ],
  [
    1689375600000,
    2.033
  ],
  [
    1689462000000,
    2.02
  ],
  [
    1689548400000,
    2.446
  ],
  [
    1689634800000,
    2.512
  ],
  [
    1689721200000,
    2.25
  ],
  [
    1689807600000,
    2.399
  ],
  [
    1689894000000,
    2.185
  ],
  [
    1689980400000,
    2.262
  ],
  [
    1690066800000,
    2.459
  ],
  [
    1690153200000,
    2.404
  ],
  [
    1690239600000,
    1.8
  ],
  [
    1690326000000,
    1.908
  ],
  [
    1690412400000,
    3.21
  ],
  [
    1690498800000,
    1.792
  ],
  [
    1690585200000,
    2.147
  ],
  [
    1690671600000,
    2.203
  ],
  [
    1690758000000,
    2.199
  ],
  [
    1690844400000,
    2.105
  ],
  [
    1690930800000,
    2.689
  ],
  [
    1691017200000,
    2.339
  ],
  [
    1691103600000,
    2.616
  ],
  [
    1691190000000,
    1.988
  ],
  [
    1691276400000,
    1.969
  ],
  [
    1691362800000,
    2.169
  ],
  [
    1691449200000,
    4.656
  ],
  [
    1691535600000,
    2.321
  ],
  [
    1691622000000,
    2.215
  ],
  [
    1691708400000,
    2.384
  ],
  [
    1691794800000,
    2.029
  ],
  [
    1691881200000,
    2.297
  ],
  [
    1691967600000,
    1.811
  ],
  [
    1692054000000,
    2.266
  ],
  [
    1692140400000,
    2.72
  ],
  [
    1692226800000,
    2.107
  ],
  [
    1692313200000,
    1.559
  ],
  [
    1692399600000,
    2.328
  ],
  [
    1692486000000,
    2.307
  ],
  [
    1692572400000,
    1.948
  ],
  [
    1692658800000,
    2.036
  ],
  [
    1692745200000,
    2.204
  ],
  [
    1692831600000,
    2.239
  ],
  [
    1692918000000,
    2.231
  ],
  [
    1693004400000,
    2.148
  ],
  [
    1693090800000,
    1.762
  ],
  [
    1693177200000,
    2.119
  ],
  [
    1693263600000,
    2.481
  ],
  [
    1693350000000,
    2.467
  ],
  [
    1693436400000,
    1.908
  ],
  [
    1693522800000,
    2.393
  ],
  [
    1693609200000,
    2.447
  ],
  [
    1693695600000,
    2.477
  ],
  [
    1693782000000,
    2.451
  ],
  [
    1693868400000,
    3.036
  ],
  [
    1693954800000,
    2.691
  ],
  [
    1694041200000,
    1.858
  ],
  [
    1694127600000,
    2.616
  ],
  [
    1694214000000,
    2.563
  ],
  [
    1694300400000,
    2.403
  ],
  [
    1694386800000,
    2.81
  ],
  [
    1694473200000,
    2.236
  ],
  [
    1694559600000,
    2.253
  ],
  [
    1694646000000,
    3.599
  ],
  [
    1694732400000,
    2.655
  ],
  [
    1694818800000,
    2.825
  ],
  [
    1694905200000,
    2.421
  ],
  [
    1694991600000,
    3.278
  ],
  [
    1695078000000,
    2.457
  ],
  [
    1695164400000,
    3.118
  ],
  [
    1695250800000,
    2.646
  ],
  [
    1695337200000,
    3.101
  ],
  [
    1695423600000,
    2.821
  ],
  [
    1695510000000,
    2.912
  ],
  [
    1695596400000,
    4.045
  ],
  [
    1695682800000,
    3.13
  ],
  [
    1695769200000,
    3.239
  ],
  [
    1695855600000,
    2.926
  ],
  [
    1695942000000,
    2.945
  ],
  [
    1696028400000,
    2.813
  ],
  [
    1696114800000,
    2.751
  ],
  [
    1696201200000,
    2.913
  ],
  [
    1696287600000,
    2.541
  ],
  [
    1696374000000,
    2.751
  ],
  [
    1696460400000,
    3.073
  ],
  [
    1696546800000,
    3.043
  ],
  [
    1696633200000,
    3.386
  ],
  [
    1696719600000,
    2.879
  ],
  [
    1696806000000,
    3.213
  ],
  [
    1696892400000,
    5.51
  ],
  [
    1696978800000,
    2.51
  ],
  [
    1697065200000,
    3.186
  ],
  [
    1697151600000,
    2.681
  ],
  [
    1697238000000,
    3.246
  ],
  [
    1697324400000,
    3.214
  ],
  [
    1697410800000,
    3.413
  ],
  [
    1697497200000,
    3.112
  ],
  [
    1697583600000,
    3.19
  ],
  [
    1697670000000,
    3.494
  ],
  [
    1697756400000,
    3.527
  ],
  [
    1697842800000,
    2.872
  ],
  [
    1697929200000,
    3.078
  ],
  [
    1698015600000,
    2.961
  ],
  [
    1698102000000,
    2.861
  ],
  [
    1698188400000,
    3.27
  ],
  [
    1698274800000,
    3.948
  ],
  [
    1698361200000,
    3.022
  ],
  [
    1698447600000,
    3.24
  ],
  [
    1698534000000,
    2.887
  ],
  [
    1698624000000,
    3.382
  ],
  [
    1698710400000,
    2.428
  ],
  [
    1698796800000,
    3.209
  ],
  [
    1698883200000,
    3.107
  ],
  [
    1698969600000,
    3.339
  ],
  [
    1699056000000,
    3.252
  ],
  [
    1699142400000,
    2.96
  ],
  [
    1699228800000,
    2.969
  ],
  [
    1699315200000,
    2.569
  ],
  [
    1699401600000,
    3.074
  ],
  [
    1699488000000,
    3.281
  ],
  [
    1699574400000,
    3.244
  ],
  [
    1699660800000,
    2.95
  ],
  [
    1699747200000,
    3.458
  ],
  [
    1699833600000,
    3.085
  ],
  [
    1699920000000,
    2.96
  ],
  [
    1700006400000,
    2.99
  ],
  [
    1700092800000,
    2.693
  ],
  [
    1700179200000,
    3.217
  ],
  [
    1700265600000,
    2.607
  ],
  [
    1700352000000,
    2.889
  ],
  [
    1700438400000,
    2.686
  ],
  [
    1700524800000,
    3.061
  ],
  [
    1700611200000,
    2.867
  ],
  [
    1700697600000,
    2.121
  ],
  [
    1700784000000,
    2.093
  ],
  [
    1700870400000,
    2.829
  ],
  [
    1700956800000,
    2.701
  ],
  [
    1701043200000,
    2.505
  ],
  [
    1701129600000,
    2.301
  ],
  [
    1701216000000,
    2.789
  ],
  [
    1701302400000,
    2.708
  ],
  [
    1701388800000,
    2.264
  ],
  [
    1701475200000,
    2.227
  ],
  [
    1701561600000,
    2.507
  ],
  [
    1701648000000,
    3.271
  ],
  [
    1701734400000,
    3.233
  ],
  [
    1701820800000,
    2.832
  ],
  [
    1701907200000,
    2.552
  ],
  [
    1701993600000,
    2.336
  ],
  [
    1702080000000,
    3.272
  ],
  [
    1702166400000,
    2.88
  ],
  [
    1702252800000,
    2.994
  ],
  [
    1702339200000,
    2.434
  ],
  [
    1702425600000,
    2.56
  ],
  [
    1702512000000,
    3.135
  ],
  [
    1702598400000,
    3.666
  ],
  [
    1702684800000,
    3.463
  ],
  [
    1702771200000,
    3.901
  ],
  [
    1702857600000,
    3.198
  ],
  [
    1702944000000,
    3.305
  ],
  [
    1703030400000,
    3.113
  ],
  [
    1703116800000,
    2.59
  ],
  [
    1703203200000,
    2.859
  ],
  [
    1703289600000,
    3.133
  ],
  [
    1703376000000,
    3.063
  ],
  [
    1703462400000,
    2.333
  ],
  [
    1703548800000,
    2.705
  ],
  [
    1703635200000,
    1.849
  ],
  [
    1703721600000,
    2.911
  ],
  [
    1703808000000,
    2.911
  ],
  [
    1703894400000,
    2.434
  ],
  [
    1703980800000,
    2.537
  ],
  [
    1704067200000,
    2.958
  ],
  [
    1704153600000,
    2.513
  ],
  [
    1704240000000,
    2.818
  ],
  [
    1704326400000,
    3.04
  ],
  [
    1704412800000,
    2.813
  ],
  [
    1704499200000,
    3.059
  ],
  [
    1704585600000,
    3.102
  ],
  [
    1704672000000,
    3.328
  ],
  [
    1704758400000,
    3.128
  ],
  [
    1704844800000,
    2.699
  ],
  [
    1705017600000,
    3.292
  ],
  [
    1705104000000,
    2.732
  ],
  [
    1705190400000,
    3.6
  ],
  [
    1705276800000,
    3.414
  ],
  [
    1705363200000,
    2.683
  ],
  [
    1705449600000,
    3.006
  ],
  [
    1705536000000,
    3.798
  ],
  [
    1705622400000,
    3.632
  ],
  [
    1705708800000,
    3.705
  ],
  [
    1705795200000,
    4.219
  ],
  [
    1705881600000,
    3.612
  ],
  [
    1705968000000,
    2.893
  ],
  [
    1706054400000,
    3.551
  ],
  [
    1706140800000,
    3.741
  ],
  [
    1706227200000,
    2.972
  ],
  [
    1706313600000,
    3.573
  ],
  [
    1706400000000,
    3.544
  ],
  [
    1706486400000,
    2.843
  ],
  [
    1706572800000,
    2.524
  ],
  [
    1706659200000,
    2.196
  ],
  [
    1706745600000,
    4.558
  ],
  [
    1706832000000,
    3.514
  ],
  [
    1706918400000,
    4.22
  ],
  [
    1707004800000,
    2.897
  ],
  [
    1707091200000,
    3.123
  ],
  [
    1707177600000,
    2.679
  ],
  [
    1707264000000,
    2.224
  ],
  [
    1707350400000,
    3.604
  ],
  [
    1707436800000,
    2.715
  ],
  [
    1707523200000,
    3.571
  ],
  [
    1707609600000,
    3.348
  ],
  [
    1707696000000,
    2.801
  ],
  [
    1707782400000,
    3.139
  ],
  [
    1707868800000,
    3.686
  ],
  [
    1707955200000,
    2.321
  ],
  [
    1708041600000,
    3.469
  ],
  [
    1708128000000,
    3.294
  ],
  [
    1708214400000,
    4.074
  ],
  [
    1708300800000,
    3.86
  ],
  [
    1708387200000,
    3.798
  ],
  [
    1708473600000,
    2.497
  ],
  [
    1708560000000,
    4.081
  ],
  [
    1708646400000,
    2.262
  ],
  [
    1708732800000,
    4.167
  ],
  [
    1708819200000,
    3.231
  ],
  [
    1708905600000,
    4.646
  ],
  [
    1708992000000,
    4.022
  ],
  [
    1709078400000,
    2.482
  ],
  [
    1709164800000,
    3.06
  ],
  [
    1709251200000,
    4.222
  ],
  [
    1709337600000,
    2.577
  ],
  [
    1709424000000,
    3.544
  ],
  [
    1709510400000,
    4.011
  ],
  [
    1709596800000,
    4.18
  ],
  [
    1709683200000,
    4.765
  ],
  [
    1709769600000,
    5.116
  ],
  [
    1709856000000,
    4.749
  ],
  [
    1709942400000,
    4.92
  ],
  [
    1710028800000,
    4.683
  ],
  [
    1710115200000,
    4.263
  ],
  [
    1710201600000,
    4.67
  ],
  [
    1710288000000,
    4.122
  ],
  [
    1710374400000,
    4.426
  ],
  [
    1710460800000,
    3.517
  ],
  [
    1710547200000,
    4.083
  ],
  [
    1710633600000,
    4.405
  ],
  [
    1710720000000,
    3.976
  ],
  [
    1710806400000,
    3.817
  ],
  [
    1710892800000,
    4.433
  ],
  [
    1710979200000,
    4.374
  ],
  [
    1711065600000,
    4.62
  ],
  [
    1711152000000,
    5.732
  ],
  [
    1711238400000,
    4.79
  ],
  [
    1711324800000,
    4.607
  ],
  [
    1711411200000,
    4.657
  ],
  [
    1711497600000,
    5.04
  ],
  [
    1711584000000,
    4.605
  ],
  [
    1711670400000,
    4.546
  ],
  [
    1711756800000,
    5.027
  ],
  [
    1711843200000,
    4.609
  ],
  [
    1711926000000,
    4.769
  ],
  [
    1712012400000,
    5.254
  ],
  [
    1712098800000,
    4.677
  ],
  [
    1712185200000,
    4.867
  ],
  [
    1712271600000,
    4.947
  ],
  [
    1712358000000,
    6.446
  ],
  [
    1712444400000,
    5.25
  ],
  [
    1712530800000,
    5.148
  ],
  [
    1712617200000,
    5.437
  ],
  [
    1712703600000,
    5.157
  ],
  [
    1712790000000,
    5.73
  ],
  [
    1712876400000,
    5.869
  ],
  [
    1712962800000,
    5.804
  ],
  [
    1713049200000,
    5.896
  ],
  [
    1713135600000,
    5.393
  ],
  [
    1713222000000,
    5.461
  ],
  [
    1713308400000,
    5.886
  ],
  [
    1713394800000,
    5.338
  ],
  [
    1713481200000,
    5.54
  ],
  [
    1713567600000,
    5.704
  ],
  [
    1713654000000,
    5.479
  ],
  [
    1713740400000,
    5.187
  ],
  [
    1713826800000,
    5.552
  ],
  [
    1713913200000,
    8.385
  ],
  [
    1713999600000,
    5.345
  ],
  [
    1714086000000,
    5.078
  ],
  [
    1714172400000,
    5.462
  ],
  [
    1714258800000,
    5.18
  ],
  [
    1714345200000,
    5.067
  ],
  [
    1714431600000,
    5.251
  ],
  [
    1714518000000,
    5.485
  ],
  [
    1714604400000,
    5.69
  ],
  [
    1714690800000,
    7.825
  ],
  [
    1714777200000,
    5.299
  ],
  [
    1714863600000,
    5.282
  ],
  [
    1714950000000,
    5.133
  ],
  [
    1715036400000,
    5.189
  ],
  [
    1715122800000,
    5.278
  ],
  [
    1715209200000,
    5.226
  ],
  [
    1715295600000,
    5.238
  ],
  [
    1715382000000,
    5.392
  ],
  [
    1715468400000,
    5.2
  ],
  [
    1715554800000,
    5.257
  ],
  [
    1715641200000,
    5.395
  ],
  [
    1715727600000,
    5.401
  ],
  [
    1715814000000,
    4.876
  ],
  [
    1715900400000,
    5.433
  ],
  [
    1715986800000,
    5.514
  ],
  [
    1716073200000,
    5.62
  ],
  [
    1716159600000,
    5.687
  ],
  [
    1716246000000,
    5.508
  ],
  [
    1716332400000,
    5.17
  ],
  [
    1716393600000,
    4.897
  ],
  [
    1716436800000,
    5.78
  ],
  [
    1716444000000,
    5.568
  ],
  [
    1716472800000,
    5.71
  ],
  [
    1716480000000,
    5.8
  ],
  [
    1716483600000,
    5.513
  ],
  [
    1716487200000,
    5.773
  ],
  [
    1716490800000,
    5.789
  ],
  [
    1716519600000,
    5.795
  ],
  [
    1716573600000,
    5.8
  ],
  [
    1716595200000,
    5.411
  ],
  [
    1716620400000,
    5.42
  ],
  [
    1716645600000,
    5.481
  ],
  [
    1716649200000,
    5.411
  ],
  [
    1716660000000,
    5.42
  ],
  [
    1716667200000,
    5.791
  ],
  [
    1716670800000,
    5.8
  ],
  [
    1716678000000,
    5.79
  ],
  [
    1716714000000,
    5.75
  ],
  [
    1716728400000,
    5.793
  ],
  [
    1716739200000,
    5.8
  ],
  [
    1716746400000,
    5.801
  ],
  [
    1716757200000,
    5.89
  ],
  [
    1716822000000,
    5.735
  ],
  [
    1716843600000,
    5.7
  ],
  [
    1716876000000,
    5.76
  ],
  [
    1716890400000,
    5.932
  ],
  [
    1716894000000,
    5.968
  ],
  [
    1716922800000,
    6.038
  ],
  [
    1716933600000,
    6
  ],
  [
    1716980400000,
    10.763
  ],
  [
    1716998400000,
    5.84
  ],
  [
    1717045200000,
    5.882
  ],
  [
    1717063200000,
    5.7
  ],
  [
    1717081200000,
    5.86
  ],
  [
    1717092000000,
    5.645
  ],
  [
    1717142400000,
    5.522
  ],
  [
    1717149600000,
    6.03
  ],
  [
    1717156800000,
    6.04
  ],
  [
    1717182000000,
    5.95
  ],
  [
    1717200000000,
    6.169
  ],
  [
    1717203600000,
    5.89
  ],
  [
    1717214400000,
    6.12
  ],
  [
    1717246800000,
    6.17
  ],
  [
    1717254000000,
    6.14
  ],
  [
    1717261200000,
    6.745
  ],
  [
    1717279200000,
    6.291
  ],
  [
    1717286400000,
    6.25
  ],
  [
    1717290000000,
    6.29
  ],
  [
    1717297200000,
    6.29
  ],
  [
    1717304400000,
    6.3
  ],
  [
    1717322400000,
    6.343
  ],
  [
    1717336800000,
    6.34
  ],
  [
    1717340400000,
    6.387
  ],
  [
    1717347600000,
    6.38
  ],
  [
    1717376400000,
    6.899
  ],
  [
    1717408800000,
    8.928
  ],
  [
    1717423200000,
    6.37
  ],
  [
    1717430400000,
    6.52
  ],
  [
    1717444800000,
    6.624
  ],
  [
    1717455600000,
    6.95
  ],
  [
    1717502400000,
    6.453
  ],
  [
    1717621200000,
    6.7
  ],
  [
    1717635600000,
    6.87
  ],
  [
    1717653600000,
    6.52
  ],
  [
    1717668000000,
    6.888
  ],
  [
    1717743600000,
    6.414
  ],
  [
    1717747200000,
    6.35
  ],
  [
    1717783200000,
    6.48
  ],
  [
    1717819200000,
    6.69
  ],
  [
    1717822800000,
    6.381
  ],
  [
    1717826400000,
    6.591
  ],
  [
    1717848000000,
    6.381
  ],
  [
    1717851600000,
    6.37
  ],
  [
    1717880400000,
    6.892
  ],
  [
    1717891200000,
    6.5
  ],
  [
    1717905600000,
    6.9
  ],
  [
    1717934400000,
    6.759
  ],
  [
    1717977600000,
    5.753
  ],
  [
    1718013600000,
    5.937
  ],
  [
    1718064000000,
    6.585
  ],
  [
    1718092800000,
    5.678
  ],
  [
    1718118000000,
    5.892
  ],
  [
    1718128800000,
    6.64
  ],
  [
    1718154000000,
    5.347
  ],
  [
    1718197200000,
    5.883
  ],
  [
    1718208000000,
    3.945
  ],
  [
    1718240400000,
    5.945
  ],
  [
    1718269200000,
    6.44
  ],
  [
    1718294400000,
    5.52
  ],
  [
    1718348400000,
    5.54
  ],
  [
    1718380800000,
    5.41
  ],
  [
    1718434800000,
    5.538
  ],
  [
    1718463600000,
    5.441
  ],
  [
    1718474400000,
    5.442
  ],
  [
    1718496000000,
    5.775
  ],
  [
    1718564400000,
    5.35
  ],
  [
    1718596800000,
    5.292
  ],
  [
    1718614800000,
    5.49
  ],
  [
    1718636400000,
    5.78
  ],
  [
    1718676000000,
    5.49
  ],
  [
    1718679600000,
    5.771
  ],
  [
    1718697600000,
    5.621
  ],
  [
    1718737200000,
    5.49
  ],
  [
    1718740800000,
    5.49
  ],
  [
    1718748000000,
    5.75
  ],
  [
    1718805600000,
    5.79
  ],
  [
    1718809200000,
    6.639
  ],
  [
    1718859600000,
    5.49
  ],
  [
    1718877600000,
    5.349
  ],
  [
    1718910000000,
    5.48
  ],
  [
    1718920800000,
    5.76
  ],
  [
    1718928000000,
    5.75
  ],
  [
    1718964000000,
    5.49
  ],
  [
    1718971200000,
    6.483
  ],
  [
    1718974800000,
    5.627
  ],
  [
    1719003600000,
    5.49
  ],
  [
    1719025200000,
    5.49
  ],
  [
    1719043200000,
    5.47
  ]
]