[
  [
    1379631600000,
    2.279
  ],
  [
    1379718000000,
    0.266
  ],
  [
    1379804400000,
    0.229
  ],
  [
    1379890800000,
    0.232
  ],
  [
    1379977200000,
    0.211
  ],
  [
    1380063600000,
    0.227
  ],
  [
    1380150000000,
    0.189
  ],
  [
    1380236400000,
    0.449
  ],
  [
    1380322800000,
    0.16
  ],
  [
    1380409200000,
    0.164
  ],
  [
    1380495600000,
    0.225
  ],
  [
    1380582000000,
    0.179
  ],
  [
    1380668400000,
    0.168
  ],
  [
    1380754800000,
    0.315
  ],
  [
    1380841200000,
    0.106
  ],
  [
    1380927600000,
    0.099
  ],
  [
    1381014000000,
    0.229
  ],
  [
    1381100400000,
    0.095
  ],
  [
    1381186800000,
    0.077
  ],
  [
    1381273200000,
    0.092
  ],
  [
    1381359600000,
    0.493
  ],
  [
    1381446000000,
    0.081
  ],
  [
    1381532400000,
    0.07
  ],
  [
    1381618800000,
    0.068
  ],
  [
    1381705200000,
    0.062
  ],
  [
    1381791600000,
    0.076
  ],
  [
    1381878000000,
    0.071
  ],
  [
    1381964400000,
    0.076
  ],
  [
    1382050800000,
    0.07
  ],
  [
    1382137200000,
    0.08
  ],
  [
    1382223600000,
    0.079
  ],
  [
    1382310000000,
    0.072
  ],
  [
    1382396400000,
    0.061
  ],
  [
    1382482800000,
    0.054
  ],
  [
    1382569200000,
    0.049
  ],
  [
    1382655600000,
    0.066
  ],
  [
    1382742000000,
    0.066
  ],
  [
    1382828400000,
    0.066
  ],
  [
    1382918400000,
    0.087
  ],
  [
    1383004800000,
    0.05
  ],
  [
    1383091200000,
    0.051
  ],
  [
    1383177600000,
    0.057
  ],
  [
    1383264000000,
    0.051
  ],
  [
    1383350400000,
    0.045
  ],
  [
    1383436800000,
    0.053
  ],
  [
    1383523200000,
    0.061
  ],
  [
    1383609600000,
    0.059
  ],
  [
    1383696000000,
    0.05
  ],
  [
    1383782400000,
    0.038
  ],
  [
    1383868800000,
    0.046
  ],
  [
    1383955200000,
    0.035
  ],
  [
    1384041600000,
    0.036
  ],
  [
    1384128000000,
    0.037
  ],
  [
    1384214400000,
    0.041
  ],
  [
    1384300800000,
    0.034
  ],
  [
    1384387200000,
    0.03
  ],
  [
    1384473600000,
    0.047
  ],
  [
    1384560000000,
    0.056
  ],
  [
    1384646400000,
    0.054
  ],
  [
    1384732800000,
    0.052
  ],
  [
    1384819200000,
    0.039
  ],
  [
    1384905600000,
    0.051
  ],
  [
    1384992000000,
    0.047
  ],
  [
    1385078400000,
    0.038
  ],
  [
    1385164800000,
    0.052
  ],
  [
    1385251200000,
    0.051
  ],
  [
    1385337600000,
    0.047
  ],
  [
    1385424000000,
    0.03
  ],
  [
    1385510400000,
    0.045
  ],
  [
    1385596800000,
    0.043
  ],
  [
    1385683200000,
    0.046
  ],
  [
    1385769600000,
    0.044
  ],
  [
    1385856000000,
    0.046
  ],
  [
    1385942400000,
    0.05
  ],
  [
    1386028800000,
    0.044
  ],
  [
    1386115200000,
    0.04
  ],
  [
    1386201600000,
    0.045
  ],
  [
    1386288000000,
    0.039
  ],
  [
    1386374400000,
    0.051
  ],
  [
    1386460800000,
    0.047
  ],
  [
    1386547200000,
    0.042
  ],
  [
    1386633600000,
    0.032
  ],
  [
    1386720000000,
    0.03
  ],
  [
    1386806400000,
    0.033
  ],
  [
    1386892800000,
    0.033
  ],
  [
    1386979200000,
    0.033
  ],
  [
    1387065600000,
    0.046
  ],
  [
    1387152000000,
    0.031
  ],
  [
    1387238400000,
    0.03
  ],
  [
    1387324800000,
    0.03
  ],
  [
    1387411200000,
    0.03
  ],
  [
    1387497600000,
    0.03
  ],
  [
    1387584000000,
    0.036
  ],
  [
    1387670400000,
    0.035
  ],
  [
    1387756800000,
    0.04
  ],
  [
    1387843200000,
    0.031
  ],
  [
    1387929600000,
    0.039
  ],
  [
    1388016000000,
    0.034
  ],
  [
    1388102400000,
    0.374
  ],
  [
    1388188800000,
    0.043
  ],
  [
    1388275200000,
    0.042
  ],
  [
    1388361600000,
    0.032
  ],
  [
    1388448000000,
    0.039
  ],
  [
    1388534400000,
    0.036
  ],
  [
    1388620800000,
    0.04
  ],
  [
    1388707200000,
    0.035
  ],
  [
    1388793600000,
    0.032
  ],
  [
    1388880000000,
    0.035
  ],
  [
    1388966400000,
    0.037
  ],
  [
    1389052800000,
    0.031
  ],
  [
    1389139200000,
    0.038
  ],
  [
    1389225600000,
    0.034
  ],
  [
    1389312000000,
    0.033
  ],
  [
    1389398400000,
    0.036
  ],
  [
    1389484800000,
    0.035
  ],
  [
    1389571200000,
    0.03
  ],
  [
    1389657600000,
    0.036
  ],
  [
    1389744000000,
    0.03
  ],
  [
    1389830400000,
    0.032
  ],
  [
    1389916800000,
    0.032
  ],
  [
    1390003200000,
    0.032
  ],
  [
    1390089600000,
    0.036
  ],
  [
    1390176000000,
    0.03
  ],
  [
    1390262400000,
    0.03
  ],
  [
    1390348800000,
    0.03
  ],
  [
    1390435200000,
    0.031
  ],
  [
    1390521600000,
    0.03
  ],
  [
    1390608000000,
    0.031
  ],
  [
    1390694400000,
    0.03
  ],
  [
    1390780800000,
    0.03
  ],
  [
    1390867200000,
    0.03
  ],
  [
    1390953600000,
    0.03
  ],
  [
    1391040000000,
    0.03
  ],
  [
    1391126400000,
    0.032
  ],
  [
    1391212800000,
    0.03
  ],
  [
    1391299200000,
    0.031
  ],
  [
    1391385600000,
    0.03
  ],
  [
    1391472000000,
    0.033
  ],
  [
    1391558400000,
    0.03
  ],
  [
    1391644800000,
    0.03
  ],
  [
    1391731200000,
    0.03
  ],
  [
    1391817600000,
    0.03
  ],
  [
    1391904000000,
    0.03
  ],
  [
    1391990400000,
    0.03
  ],
  [
    1392076800000,
    0.031
  ],
  [
    1392163200000,
    0.03
  ],
  [
    1392249600000,
    0.03
  ],
  [
    1392336000000,
    0.03
  ],
  [
    1392422400000,
    0.03
  ],
  [
    1392508800000,
    0.03
  ],
  [
    1392595200000,
    0.03
  ],
  [
    1392681600000,
    0.03
  ],
  [
    1392768000000,
    0.03
  ],
  [
    1392854400000,
    0.03
  ],
  [
    1392940800000,
    0.03
  ],
  [
    1393027200000,
    0.03
  ],
  [
    1393113600000,
    0.03
  ],
  [
    1393200000000,
    0.03
  ],
  [
    1393286400000,
    0.03
  ],
  [
    1393372800000,
    0.03
  ],
  [
    1393459200000,
    0.03
  ],
  [
    1393545600000,
    0.03
  ],
  [
    1393632000000,
    0.03
  ],
  [
    1393718400000,
    0.03
  ],
  [
    1393804800000,
    0.03
  ],
  [
    1393891200000,
    0.035
  ],
  [
    1393977600000,
    0.03
  ],
  [
    1394064000000,
    0.03
  ],
  [
    1394150400000,
    0.03
  ],
  [
    1394236800000,
    0.03
  ],
  [
    1394323200000,
    0.03
  ],
  [
    1394409600000,
    0.03
  ],
  [
    1394496000000,
    0.03
  ],
  [
    1394582400000,
    0.03
  ],
  [
    1394668800000,
    0.03
  ],
  [
    1394755200000,
    0.03
  ],
  [
    1394841600000,
    0.03
  ],
  [
    1394928000000,
    0.03
  ],
  [
    1395014400000,
    0.03
  ],
  [
    1395100800000,
    0.03
  ],
  [
    1395187200000,
    0.03
  ],
  [
    1395273600000,
    0.03
  ],
  [
    1395360000000,
    0.03
  ],
  [
    1395446400000,
    0.03
  ],
  [
    1395532800000,
    0.032
  ],
  [
    1395619200000,
    0.03
  ],
  [
    1395705600000,
    0.03
  ],
  [
    1395792000000,
    0.03
  ],
  [
    1395878400000,
    0.03
  ],
  [
    1395964800000,
    0.03
  ],
  [
    1396051200000,
    0.03
  ],
  [
    1396137600000,
    0.03
  ],
  [
    1396220400000,
    0.03
  ],
  [
    1396306800000,
    0.035
  ],
  [
    1396393200000,
    0.03
  ],
  [
    1396479600000,
    0.03
  ],
  [
    1396566000000,
    0.032
  ],
  [
    1396652400000,
    0.031
  ],
  [
    1396738800000,
    0.03
  ],
  [
    1396825200000,
    0.03
  ],
  [
    1396911600000,
    0.031
  ],
  [
    1396998000000,
    0.031
  ],
  [
    1397084400000,
    0.03
  ],
  [
    1397170800000,
    0.03
  ],
  [
    1397257200000,
    0.03
  ],
  [
    1397343600000,
    0.03
  ],
  [
    1397430000000,
    0.035
  ],
  [
    1397516400000,
    0.039
  ],
  [
    1397602800000,
    0.041
  ],
  [
    1397689200000,
    0.035
  ],
  [
    1397775600000,
    0.044
  ],
  [
    1397862000000,
    0.039
  ],
  [
    1397948400000,
    0.041
  ],
  [
    1398034800000,
    0.035
  ],
  [
    1398121200000,
    0.033
  ],
  [
    1398207600000,
    0.035
  ],
  [
    1398294000000,
    0.038
  ],
  [
    1398380400000,
    0.03
  ],
  [
    1398466800000,
    0.031
  ],
  [
    1398553200000,
    0.031
  ],
  [
    1398639600000,
    0.03
  ],
  [
    1398726000000,
    0.03
  ],
  [
    1398812400000,
    0.034
  ],
  [
    1398898800000,
    0.037
  ],
  [
    1398985200000,
    0.035
  ],
  [
    1399071600000,
    0.033
  ],
  [
    1399158000000,
    0.081
  ],
  [
    1399244400000,
    0.03
  ],
  [
    1399330800000,
    0.041
  ],
  [
    1399417200000,
    0.03
  ],
  [
    1399503600000,
    0.03
  ],
  [
    1399590000000,
    0.03
  ],
  [
    1399676400000,
    0.03
  ],
  [
    1399762800000,
    0.03
  ],
  [
    1399849200000,
    0.03
  ],
  [
    1399935600000,
    0.03
  ],
  [
    1400022000000,
    0.03
  ],
  [
    1400108400000,
    0.038
  ],
  [
    1400194800000,
    0.038
  ],
  [
    1400281200000,
    0.041
  ],
  [
    1400367600000,
    0.031
  ],
  [
    1400454000000,
    0.05
  ],
  [
    1400540400000,
    0.034
  ],
  [
    1400626800000,
    0.044
  ],
  [
    1400713200000,
    0.044
  ],
  [
    1400799600000,
    12.418
  ],
  [
    1400886000000,
    0.039
  ],
  [
    1400972400000,
    0.038
  ],
  [
    1401058800000,
    0.036
  ],
  [
    1401145200000,
    0.042
  ],
  [
    1401231600000,
    0.045
  ],
  [
    1401318000000,
    0.043
  ],
  [
    1401404400000,
    0.123
  ],
  [
    1401490800000,
    0.035
  ],
  [
    1401577200000,
    0.03
  ],
  [
    1401663600000,
    0.033
  ],
  [
    1401750000000,
    0.033
  ],
  [
    1401836400000,
    0.031
  ],
  [
    1401922800000,
    0.039
  ],
  [
    1402009200000,
    0.03
  ],
  [
    1402095600000,
    0.042
  ],
  [
    1402182000000,
    0.038
  ],
  [
    1402268400000,
    0.03
  ],
  [
    1402354800000,
    0.039
  ],
  [
    1402441200000,
    0.037
  ],
  [
    1402527600000,
    0.031
  ],
  [
    1402614000000,
    0.036
  ],
  [
    1402700400000,
    0.045
  ],
  [
    1402786800000,
    0.039
  ],
  [
    1402873200000,
    0.043
  ],
  [
    1402959600000,
    0.038
  ],
  [
    1403046000000,
    0.038
  ],
  [
    1403132400000,
    0.03
  ],
  [
    1403218800000,
    0.03
  ],
  [
    1403305200000,
    0.032
  ],
  [
    1403391600000,
    0.034
  ],
  [
    1403478000000,
    0.031
  ],
  [
    1403564400000,
    0.087
  ],
  [
    1403650800000,
    0.03
  ],
  [
    1403737200000,
    0.036
  ],
  [
    1403823600000,
    0.032
  ],
  [
    1403910000000,
    0.03
  ],
  [
    1403996400000,
    0.062
  ],
  [
    1404082800000,
    0.03
  ],
  [
    1404169200000,
    0.035
  ],
  [
    1404255600000,
    0.032
  ],
  [
    1404342000000,
    0.434
  ],
  [
    1404428400000,
    0.042
  ],
  [
    1404514800000,
    0.047
  ],
  [
    1404601200000,
    0.043
  ],
  [
    1404687600000,
    0.03
  ],
  [
    1404774000000,
    0.033
  ],
  [
    1404860400000,
    0.038
  ],
  [
    1404946800000,
    0.047
  ],
  [
    1405033200000,
    0.036
  ],
  [
    1405119600000,
    0.043
  ],
  [
    1405206000000,
    0.03
  ],
  [
    1405292400000,
    0.038
  ],
  [
    1405378800000,
    0.04
  ],
  [
    1405465200000,
    0.04
  ],
  [
    1405551600000,
    0.035
  ],
  [
    1405638000000,
    0.046
  ],
  [
    1405724400000,
    0.034
  ],
  [
    1405810800000,
    0.04
  ],
  [
    1405897200000,
    0.042
  ],
  [
    1405983600000,
    0.04
  ],
  [
    1406070000000,
    0.04
  ],
  [
    1406156400000,
    0.06
  ],
  [
    1406242800000,
    0.03
  ],
  [
    1406329200000,
    0.042
  ],
  [
    1406415600000,
    0.041
  ],
  [
    1406502000000,
    0.031
  ],
  [
    1406588400000,
    0.051
  ],
  [
    1406674800000,
    0.046
  ],
  [
    1406761200000,
    0.045
  ],
  [
    1406847600000,
    0.046
  ],
  [
    1406934000000,
    0.046
  ],
  [
    1407020400000,
    0.042
  ],
  [
    1407106800000,
    0.043
  ],
  [
    1407193200000,
    0.056
  ],
  [
    1407279600000,
    0.053
  ],
  [
    1407366000000,
    0.045
  ],
  [
    1407452400000,
    0.05
  ],
  [
    1407538800000,
    0.048
  ],
  [
    1407625200000,
    0.052
  ],
  [
    1407711600000,
    0.036
  ],
  [
    1407798000000,
    0.045
  ],
  [
    1407884400000,
    0.039
  ],
  [
    1407970800000,
    0.035
  ],
  [
    1408057200000,
    0.052
  ],
  [
    1408143600000,
    0.061
  ],
  [
    1408230000000,
    0.041
  ],
  [
    1408316400000,
    0.035
  ],
  [
    1408402800000,
    0.033
  ],
  [
    1408489200000,
    0.045
  ],
  [
    1408575600000,
    0.044
  ],
  [
    1408662000000,
    0.049
  ],
  [
    1408748400000,
    0.047
  ],
  [
    1408834800000,
    0.053
  ],
  [
    1408921200000,
    0.042
  ],
  [
    1409007600000,
    0.041
  ],
  [
    1409094000000,
    0.042
  ],
  [
    1409180400000,
    0.055
  ],
  [
    1409266800000,
    0.049
  ],
  [
    1409353200000,
    0.041
  ],
  [
    1409439600000,
    0.048
  ],
  [
    1409526000000,
    0.045
  ],
  [
    1409612400000,
    0.045
  ],
  [
    1409698800000,
    0.062
  ],
  [
    1409785200000,
    0.053
  ],
  [
    1409871600000,
    0.055
  ],
  [
    1409958000000,
    0.054
  ],
  [
    1410044400000,
    0.06
  ],
  [
    1410130800000,
    0.051
  ],
  [
    1410217200000,
    0.053
  ],
  [
    1410303600000,
    0.06
  ],
  [
    1410390000000,
    0.066
  ],
  [
    1410476400000,
    0.053
  ],
  [
    1410562800000,
    0.04
  ],
  [
    1410649200000,
    0.051
  ],
  [
    1410735600000,
    0.052
  ],
  [
    1410822000000,
    0.047
  ],
  [
    1410908400000,
    0.058
  ],
  [
    1410994800000,
    0.067
  ],
  [
    1411081200000,
    0.056
  ],
  [
    1411167600000,
    0.056
  ],
  [
    1411254000000,
    0.061
  ],
  [
    1411340400000,
    0.047
  ],
  [
    1411426800000,
    0.046
  ],
  [
    1411513200000,
    0.05
  ],
  [
    1411599600000,
    0.066
  ],
  [
    1411686000000,
    0.064
  ],
  [
    1411772400000,
    0.074
  ],
  [
    1411858800000,
    0.066
  ],
  [
    1411945200000,
    0.065
  ],
  [
    1412031600000,
    0.06
  ],
  [
    1412118000000,
    0.064
  ],
  [
    1412204400000,
    0.062
  ],
  [
    1412290800000,
    0.058
  ],
  [
    1412377200000,
    0.063
  ],
  [
    1412463600000,
    0.073
  ],
  [
    1412550000000,
    0.085
  ],
  [
    1412636400000,
    0.075
  ],
  [
    1412722800000,
    0.08
  ],
  [
    1412809200000,
    0.059
  ],
  [
    1412895600000,
    0.067
  ],
  [
    1412982000000,
    0.069
  ],
  [
    1413068400000,
    0.068
  ],
  [
    1413154800000,
    0.077
  ],
  [
    1413241200000,
    0.086
  ],
  [
    1413327600000,
    0.079
  ],
  [
    1413414000000,
    0.044
  ],
  [
    1413500400000,
    0.073
  ],
  [
    1413586800000,
    0.068
  ],
  [
    1413673200000,
    0.069
  ],
  [
    1413759600000,
    0.077
  ],
  [
    1413846000000,
    0.071
  ],
  [
    1413932400000,
    0.071
  ],
  [
    1414018800000,
    0.079
  ],
  [
    1414105200000,
    0.079
  ],
  [
    1414191600000,
    0.098
  ],
  [
    1414278000000,
    0.087
  ],
  [
    1414368000000,
    0.07
  ],
  [
    1414454400000,
    0.07
  ],
  [
    1414540800000,
    0.07
  ],
  [
    1414627200000,
    0.075
  ],
  [
    1414713600000,
    0.082
  ],
  [
    1414800000000,
    0.056
  ],
  [
    1414886400000,
    0.078
  ],
  [
    1414972800000,
    0.059
  ],
  [
    1415059200000,
    0.066
  ],
  [
    1415145600000,
    0.077
  ],
  [
    1415232000000,
    0.072
  ],
  [
    1415318400000,
    0.076
  ],
  [
    1415404800000,
    0.087
  ],
  [
    1415491200000,
    0.061
  ],
  [
    1415577600000,
    0.065
  ],
  [
    1415664000000,
    0.07
  ],
  [
    1415750400000,
    0.054
  ],
  [
    1415836800000,
    0.067
  ],
  [
    1415923200000,
    0.075
  ],
  [
    1416009600000,
    0.062
  ],
  [
    1416096000000,
    0.069
  ],
  [
    1416182400000,
    0.063
  ],
  [
    1416268800000,
    0.087
  ],
  [
    1416355200000,
    0.07
  ],
  [
    1416441600000,
    0.063
  ],
  [
    1416528000000,
    0.073
  ],
  [
    1416614400000,
    0.086
  ],
  [
    1416700800000,
    0.072
  ],
  [
    1416787200000,
    0.059
  ],
  [
    1416873600000,
    0.056
  ],
  [
    1416960000000,
    0.07
  ],
  [
    1417046400000,
    0.086
  ],
  [
    1417132800000,
    0.075
  ],
  [
    1417219200000,
    0.083
  ],
  [
    1417305600000,
    0.484
  ],
  [
    1417392000000,
    0.067
  ],
  [
    1417478400000,
    0.059
  ],
  [
    1417564800000,
    0.068
  ],
  [
    1417651200000,
    0.074
  ],
  [
    1417737600000,
    0.093
  ],
  [
    1417824000000,
    0.075
  ],
  [
    1417910400000,
    0.071
  ],
  [
    1417996800000,
    0.078
  ],
  [
    1418083200000,
    0.067
  ],
  [
    1418169600000,
    0.083
  ],
  [
    1418256000000,
    0.067
  ],
  [
    1418342400000,
    0.089
  ],
  [
    1418428800000,
    0.087
  ],
  [
    1418515200000,
    0.093
  ],
  [
    1418601600000,
    0.089
  ],
  [
    1418688000000,
    0.086
  ],
  [
    1418774400000,
    0.06
  ],
  [
    1418860800000,
    0.067
  ],
  [
    1418947200000,
    0.089
  ],
  [
    1419033600000,
    0.054
  ],
  [
    1419120000000,
    0.086
  ],
  [
    1419206400000,
    0.058
  ],
  [
    1419292800000,
    0.082
  ],
  [
    1419379200000,
    0.075
  ],
  [
    1419465600000,
    0.068
  ],
  [
    1419552000000,
    0.059
  ],
  [
    1419638400000,
    0.063
  ],
  [
    1419724800000,
    0.074
  ],
  [
    1419811200000,
    0.118
  ],
  [
    1419897600000,
    0.074
  ],
  [
    1419984000000,
    0.083
  ],
  [
    1420070400000,
    0.077
  ],
  [
    1420156800000,
    0.092
  ],
  [
    1420243200000,
    0.087
  ],
  [
    1420329600000,
    0.115
  ],
  [
    1420416000000,
    0.091
  ],
  [
    1420502400000,
    0.1
  ],
  [
    1420588800000,
    0.132
  ],
  [
    1420675200000,
    0.126
  ],
  [
    1420761600000,
    0.136
  ],
  [
    1420848000000,
    0.11
  ],
  [
    1420934400000,
    0.119
  ],
  [
    1421020800000,
    0.107
  ],
  [
    1421107200000,
    0.103
  ],
  [
    1421193600000,
    0.127
  ],
  [
    1421280000000,
    0.154
  ],
  [
    1421366400000,
    0.136
  ],
  [
    1421452800000,
    0.108
  ],
  [
    1421539200000,
    0.099
  ],
  [
    1421625600000,
    0.1
  ],
  [
    1421712000000,
    0.174
  ],
  [
    1421798400000,
    0.14
  ],
  [
    1421884800000,
    0.131
  ],
  [
    1421971200000,
    0.133
  ],
  [
    1422057600000,
    0.153
  ],
  [
    1422144000000,
    0.118
  ],
  [
    1422230400000,
    0.128
  ],
  [
    1422316800000,
    0.141
  ],
  [
    1422403200000,
    0.145
  ],
  [
    1422489600000,
    0.144
  ],
  [
    1422576000000,
    0.241
  ],
  [
    1422662400000,
    0.365
  ],
  [
    1422748800000,
    0.311
  ],
  [
    1422835200000,
    0.229
  ],
  [
    1422921600000,
    0.161
  ],
  [
    1423008000000,
    0.205
  ],
  [
    1423094400000,
    0.266
  ],
  [
    1423180800000,
    0.207
  ],
  [
    1423267200000,
    0.19
  ],
  [
    1423353600000,
    0.318
  ],
  [
    1423440000000,
    0.228
  ],
  [
    1423526400000,
    0.276
  ],
  [
    1423612800000,
    0.184
  ],
  [
    1423699200000,
    0.198
  ],
  [
    1423785600000,
    0.186
  ],
  [
    1423872000000,
    0.188
  ],
  [
    1423958400000,
    0.169
  ],
  [
    1424044800000,
    0.193
  ],
  [
    1424131200000,
    0.241
  ],
  [
    1424217600000,
    0.215
  ],
  [
    1424304000000,
    0.247
  ],
  [
    1424390400000,
    0.226
  ],
  [
    1424476800000,
    0.191
  ],
  [
    1424563200000,
    0.187
  ],
  [
    1424649600000,
    0.771
  ],
  [
    1424736000000,
    0.187
  ],
  [
    1424822400000,
    0.209
  ],
  [
    1424908800000,
    0.185
  ],
  [
    1424995200000,
    0.184
  ],
  [
    1425081600000,
    0.205
  ],
  [
    1425168000000,
    0.206
  ],
  [
    1425254400000,
    0.189
  ],
  [
    1425340800000,
    0.229
  ],
  [
    1425427200000,
    0.203
  ],
  [
    1425513600000,
    0.214
  ],
  [
    1425600000000,
    0.212
  ],
  [
    1425686400000,
    0.206
  ],
  [
    1425772800000,
    0.19
  ],
  [
    1425859200000,
    0.194
  ],
  [
    1425945600000,
    0.2
  ],
  [
    1426032000000,
    0.21
  ],
  [
    1426118400000,
    0.198
  ],
  [
    1426204800000,
    0.201
  ],
  [
    1426291200000,
    0.387
  ],
  [
    1426377600000,
    0.745
  ],
  [
    1426464000000,
    0.328
  ],
  [
    1426550400000,
    0.383
  ],
  [
    1426636800000,
    0.356
  ],
  [
    1426723200000,
    0.379
  ],
  [
    1426809600000,
    0.365
  ],
  [
    1426896000000,
    0.301
  ],
  [
    1426982400000,
    1.395
  ],
  [
    1427241600000,
    0.37
  ],
  [
    1427328000000,
    0.403
  ],
  [
    1427414400000,
    0.337
  ],
  [
    1427500800000,
    0.273
  ],
  [
    1427587200000,
    0.265
  ],
  [
    1427670000000,
    0.23
  ],
  [
    1427756400000,
    0.181
  ],
  [
    1427842800000,
    0.228
  ],
  [
    1427929200000,
    0.246
  ],
  [
    1428015600000,
    0.353
  ],
  [
    1428102000000,
    0.568
  ],
  [
    1428188400000,
    0.49
  ],
  [
    1428274800000,
    0.466
  ],
  [
    1428361200000,
    0.339
  ],
  [
    1428447600000,
    0.283
  ],
  [
    1428534000000,
    0.373
  ],
  [
    1428620400000,
    0.385
  ],
  [
    1428706800000,
    0.415
  ],
  [
    1428793200000,
    0.288
  ],
  [
    1428879600000,
    0.319
  ],
  [
    1428966000000,
    0.31
  ],
  [
    1429052400000,
    0.401
  ],
  [
    1429138800000,
    0.33
  ],
  [
    1429225200000,
    0.413
  ],
  [
    1429311600000,
    0.308
  ],
  [
    1429398000000,
    0.306
  ],
  [
    1429484400000,
    0.23
  ],
  [
    1429570800000,
    0.21
  ],
  [
    1429657200000,
    0.254
  ],
  [
    1429743600000,
    0.277
  ],
  [
    1429830000000,
    0.298
  ],
  [
    1429916400000,
    0.28
  ],
  [
    1430002800000,
    0.174
  ],
  [
    1430089200000,
    0.184
  ],
  [
    1430175600000,
    0.197
  ],
  [
    1430262000000,
    0.212
  ],
  [
    1430348400000,
    0.209
  ],
  [
    1430434800000,
    0.203
  ],
  [
    1430521200000,
    0.205
  ],
  [
    1430607600000,
    0.2
  ],
  [
    1430694000000,
    0.223
  ],
  [
    1430780400000,
    0.222
  ],
  [
    1430866800000,
    0.222
  ],
  [
    1430953200000,
    0.239
  ],
  [
    1431039600000,
    0.23
  ],
  [
    1431126000000,
    0.238
  ],
  [
    1431212400000,
    0.289
  ],
  [
    1431298800000,
    0.24
  ],
  [
    1431385200000,
    0.246
  ],
  [
    1431471600000,
    0.373
  ],
  [
    1431558000000,
    0.362
  ],
  [
    1431644400000,
    0.236
  ],
  [
    1431730800000,
    0.297
  ],
  [
    1431817200000,
    0.209
  ],
  [
    1431903600000,
    0.196
  ],
  [
    1431990000000,
    0.182
  ],
  [
    1432076400000,
    0.432
  ],
  [
    1432162800000,
    0.176
  ],
  [
    1432249200000,
    67.662
  ],
  [
    1432335600000,
    0.173
  ],
  [
    1432422000000,
    0.213
  ],
  [
    1432508400000,
    0.483
  ],
  [
    1432594800000,
    0.866
  ],
  [
    1432681200000,
    2.051
  ],
  [
    1432767600000,
    12.389
  ],
  [
    1432854000000,
    22.025
  ],
  [
    1432940400000,
    1.244
  ],
  [
    1433026800000,
    0.47
  ],
  [
    1433113200000,
    0.313
  ],
  [
    1433199600000,
    0.33
  ],
  [
    1433286000000,
    0.351
  ],
  [
    1433372400000,
    0.238
  ],
  [
    1433458800000,
    0.257
  ],
  [
    1433545200000,
    0.245
  ],
  [
    1433631600000,
    0.263
  ],
  [
    1433718000000,
    0.315
  ],
  [
    1433804400000,
    0.308
  ],
  [
    1433890800000,
    0.313
  ],
  [
    1433977200000,
    0.057
  ],
  [
    1434063600000,
    0.259
  ],
  [
    1434150000000,
    0.241
  ],
  [
    1434236400000,
    0.241
  ],
  [
    1434322800000,
    0.233
  ],
  [
    1434409200000,
    0.218
  ],
  [
    1434495600000,
    0.315
  ],
  [
    1434582000000,
    0.386
  ],
  [
    1434668400000,
    0.362
  ],
  [
    1434841200000,
    0.34
  ],
  [
    1434927600000,
    0.26
  ],
  [
    1435014000000,
    0.296
  ],
  [
    1435100400000,
    0.219
  ],
  [
    1435186800000,
    0.246
  ],
  [
    1435273200000,
    0.213
  ],
  [
    1435359600000,
    0.257
  ],
  [
    1435446000000,
    0.229
  ],
  [
    1435532400000,
    0.198
  ],
  [
    1435618800000,
    0.258
  ],
  [
    1435705200000,
    0.281
  ],
  [
    1435791600000,
    0.226
  ],
  [
    1435878000000,
    0.304
  ],
  [
    1435964400000,
    0.24
  ],
  [
    1436050800000,
    0.303
  ],
  [
    1436137200000,
    0.353
  ],
  [
    1436223600000,
    0.366
  ],
  [
    1436310000000,
    0.409
  ],
  [
    1436396400000,
    0.463
  ],
  [
    1436482800000,
    0.565
  ],
  [
    1436569200000,
    0.39
  ],
  [
    1436655600000,
    0.551
  ],
  [
    1436742000000,
    0.64
  ],
  [
    1437001200000,
    9.223
  ],
  [
    1437087600000,
    0.413
  ],
  [
    1437174000000,
    0.465
  ],
  [
    1437260400000,
    0.359
  ],
  [
    1437346800000,
    0.278
  ],
  [
    1437433200000,
    0.238
  ],
  [
    1437519600000,
    0.232
  ],
  [
    1437606000000,
    0.205
  ],
  [
    1437692400000,
    0.196
  ],
  [
    1437778800000,
    0.209
  ],
  [
    1437865200000,
    0.219
  ],
  [
    1437951600000,
    0.218
  ],
  [
    1438038000000,
    0.222
  ],
  [
    1438124400000,
    0.229
  ],
  [
    1438210800000,
    0.229
  ],
  [
    1438297200000,
    0.221
  ],
  [
    1438383600000,
    0.192
  ],
  [
    1438470000000,
    0.194
  ],
  [
    1438556400000,
    0.192
  ],
  [
    1438642800000,
    0.192
  ],
  [
    1438729200000,
    0.182
  ],
  [
    1438815600000,
    0.161
  ],
  [
    1438902000000,
    0.198
  ],
  [
    1438988400000,
    0.183
  ],
  [
    1439074800000,
    0.304
  ],
  [
    1439161200000,
    0.3
  ],
  [
    1439247600000,
    0.299
  ],
  [
    1439334000000,
    0.302
  ],
  [
    1439420400000,
    0.373
  ],
  [
    1439506800000,
    0.28
  ],
  [
    1439593200000,
    0.253
  ],
  [
    1439679600000,
    12.555
  ],
  [
    1439766000000,
    0.311
  ],
  [
    1439938800000,
    0.54
  ],
  [
    1440025200000,
    0.425
  ],
  [
    1440111600000,
    25.12
  ],
  [
    1440198000000,
    0.194
  ],
  [
    1440284400000,
    0.197
  ],
  [
    1440370800000,
    0.17
  ],
  [
    1440457200000,
    0.187
  ],
  [
    1440543600000,
    0.264
  ],
  [
    1440630000000,
    0.323
  ],
  [
    1440716400000,
    0.649
  ],
  [
    1440802800000,
    0.707
  ],
  [
    1440889200000,
    0.921
  ],
  [
    1440975600000,
    0.9
  ],
  [
    1441062000000,
    0.36
  ],
  [
    1441321200000,
    0.421
  ],
  [
    1441407600000,
    0.304
  ],
  [
    1441494000000,
    0.319
  ],
  [
    1441580400000,
    0.267
  ],
  [
    1441666800000,
    0.301
  ],
  [
    1441753200000,
    2.653
  ],
  [
    1441839600000,
    0.28
  ],
  [
    1441926000000,
    0.272
  ],
  [
    1442012400000,
    0.259
  ],
  [
    1442098800000,
    0.254
  ],
  [
    1442185200000,
    0.226
  ],
  [
    1442271600000,
    0.266
  ],
  [
    1442358000000,
    0.282
  ],
  [
    1442444400000,
    0.27
  ],
  [
    1442530800000,
    0.348
  ],
  [
    1442617200000,
    0.428
  ],
  [
    1442703600000,
    0.523
  ],
  [
    1442876400000,
    0.572
  ],
  [
    1442962800000,
    0.572
  ],
  [
    1443049200000,
    0.54
  ],
  [
    1443135600000,
    0.528
  ],
  [
    1443222000000,
    0.469
  ],
  [
    1443308400000,
    0.547
  ],
  [
    1443394800000,
    0.618
  ],
  [
    1443481200000,
    0.52
  ],
  [
    1443567600000,
    0.359
  ],
  [
    1443654000000,
    0.298
  ],
  [
    1443740400000,
    0.367
  ],
  [
    1443826800000,
    0.249
  ],
  [
    1443913200000,
    0.269
  ],
  [
    1443999600000,
    0.355
  ],
  [
    1444086000000,
    0.333
  ],
  [
    1444172400000,
    0.419
  ],
  [
    1444258800000,
    0.431
  ],
  [
    1444345200000,
    0.431
  ],
  [
    1444431600000,
    0.567
  ],
  [
    1444518000000,
    0.26
  ],
  [
    1444604400000,
    0.845
  ],
  [
    1444690800000,
    0.24
  ],
  [
    1444863600000,
    0.418
  ],
  [
    1444950000000,
    0.335
  ],
  [
    1445209200000,
    0.674
  ],
  [
    1445295600000,
    0.789
  ],
  [
    1445382000000,
    0.789
  ],
  [
    1445468400000,
    0.536
  ],
  [
    1445554800000,
    0.49
  ],
  [
    1445641200000,
    0.179
  ],
  [
    1445727600000,
    0.112
  ],
  [
    1445817600000,
    0.215
  ],
  [
    1445904000000,
    1.481
  ],
  [
    1445990400000,
    0.164
  ],
  [
    1446076800000,
    0.21
  ],
  [
    1446163200000,
    0.23
  ],
  [
    1446249600000,
    0.231
  ],
  [
    1446336000000,
    0.196
  ],
  [
    1446422400000,
    0.214
  ],
  [
    1446508800000,
    0.214
  ],
  [
    1446595200000,
    0.261
  ],
  [
    1446681600000,
    0.256
  ],
  [
    1446768000000,
    0.231
  ],
  [
    1446854400000,
    0.234
  ],
  [
    1446940800000,
    0.231
  ],
  [
    1447027200000,
    0.235
  ],
  [
    1447113600000,
    0.206
  ],
  [
    1447200000000,
    0.21
  ],
  [
    1447286400000,
    0.186
  ],
  [
    1447372800000,
    0.14
  ],
  [
    1447459200000,
    0.216
  ],
  [
    1447545600000,
    0.216
  ],
  [
    1447632000000,
    0.231
  ],
  [
    1447718400000,
    0.241
  ],
  [
    1447804800000,
    0.243
  ],
  [
    1447891200000,
    0.211
  ],
  [
    1447977600000,
    0.221
  ],
  [
    1448064000000,
    0.205
  ],
  [
    1448150400000,
    0.176
  ],
  [
    1448236800000,
    0.208
  ],
  [
    1448323200000,
    0.205
  ],
  [
    1448409600000,
    0.233
  ],
  [
    1448496000000,
    0.175
  ],
  [
    1448582400000,
    0.199
  ],
  [
    1448668800000,
    0.195
  ],
  [
    1448755200000,
    0.158
  ],
  [
    1448841600000,
    0.172
  ],
  [
    1448928000000,
    0.151
  ],
  [
    1449014400000,
    0.156
  ],
  [
    1449100800000,
    0.178
  ],
  [
    1449187200000,
    0.232
  ],
  [
    1449273600000,
    0.234
  ],
  [
    1449360000000,
    0.247
  ],
  [
    1449446400000,
    0.175
  ],
  [
    1449532800000,
    0.246
  ],
  [
    1449619200000,
    0.167
  ],
  [
    1449705600000,
    0.199
  ],
  [
    1449792000000,
    0.24
  ],
  [
    1449878400000,
    0.264
  ],
  [
    1449964800000,
    0.249
  ],
  [
    1450051200000,
    0.229
  ],
  [
    1450137600000,
    0.224
  ],
  [
    1450224000000,
    0.252
  ],
  [
    1450310400000,
    0.26
  ],
  [
    1450396800000,
    0.249
  ],
  [
    1450483200000,
    0.268
  ],
  [
    1450569600000,
    0.227
  ],
  [
    1450742400000,
    0.229
  ],
  [
    1450828800000,
    0.218
  ],
  [
    1450915200000,
    0.245
  ],
  [
    1451001600000,
    5.991
  ],
  [
    1451088000000,
    0.223
  ],
  [
    1451174400000,
    0.235
  ],
  [
    1451260800000,
    0.213
  ],
  [
    1451347200000,
    0.215
  ],
  [
    1451433600000,
    0.239
  ],
  [
    1451520000000,
    0.199
  ],
  [
    1451606400000,
    8.375
  ],
  [
    1451692800000,
    0.224
  ],
  [
    1451779200000,
    0.238
  ],
  [
    1451865600000,
    0.252
  ],
  [
    1451952000000,
    0.254
  ],
  [
    1452038400000,
    0.252
  ],
  [
    1452124800000,
    0.219
  ],
  [
    1452211200000,
    0.263
  ],
  [
    1452297600000,
    0.256
  ],
  [
    1452384000000,
    0.274
  ],
  [
    1452470400000,
    0.27
  ],
  [
    1452556800000,
    0.199
  ],
  [
    1452643200000,
    0.271
  ],
  [
    1452729600000,
    0.309
  ],
  [
    1452816000000,
    0.353
  ],
  [
    1452902400000,
    0.35
  ],
  [
    1452988800000,
    0.367
  ],
  [
    1453075200000,
    0.281
  ],
  [
    1453161600000,
    0.285
  ],
  [
    1453248000000,
    0.272
  ],
  [
    1453334400000,
    0.286
  ],
  [
    1453420800000,
    0.282
  ],
  [
    1453507200000,
    0.309
  ],
  [
    1453593600000,
    0.282
  ],
  [
    1453680000000,
    0.303
  ],
  [
    1453766400000,
    0.278
  ],
  [
    1453852800000,
    0.28
  ],
  [
    1453939200000,
    0.303
  ],
  [
    1454025600000,
    0.268
  ],
  [
    1454112000000,
    0.284
  ],
  [
    1454198400000,
    0.301
  ],
  [
    1454284800000,
    5.274
  ],
  [
    1454371200000,
    0.261
  ],
  [
    1454457600000,
    0.256
  ],
  [
    1454544000000,
    0.256
  ],
  [
    1454630400000,
    0.292
  ],
  [
    1454716800000,
    6.53
  ],
  [
    1454803200000,
    0.24
  ],
  [
    1454889600000,
    0.248
  ],
  [
    1454976000000,
    0.253
  ],
  [
    1455062400000,
    0.254
  ],
  [
    1455148800000,
    1.532
  ],
  [
    1455321600000,
    1.476
  ],
  [
    1455408000000,
    1.14
  ],
  [
    1455494400000,
    0.551
  ],
  [
    1455580800000,
    0.79
  ],
  [
    1455753600000,
    0.426
  ],
  [
    1455840000000,
    0.307
  ],
  [
    1455926400000,
    0.288
  ],
  [
    1456012800000,
    0.277
  ],
  [
    1456099200000,
    0.311
  ],
  [
    1456185600000,
    0.283
  ],
  [
    1456272000000,
    0.267
  ],
  [
    1456358400000,
    0.272
  ],
  [
    1456444800000,
    0.266
  ],
  [
    1456531200000,
    0.231
  ],
  [
    1456617600000,
    0.281
  ],
  [
    1456704000000,
    0.228
  ],
  [
    1456790400000,
    0.281
  ],
  [
    1456876800000,
    0.283
  ],
  [
    1456963200000,
    0.279
  ],
  [
    1457049600000,
    0.273
  ],
  [
    1457136000000,
    0.277
  ],
  [
    1457222400000,
    0.263
  ],
  [
    1457308800000,
    0.181
  ],
  [
    1457395200000,
    0.352
  ],
  [
    1457568000000,
    0.394
  ],
  [
    1457654400000,
    0.276
  ],
  [
    1457740800000,
    2.675
  ],
  [
    1457827200000,
    0.311
  ],
  [
    1457913600000,
    0.3
  ],
  [
    1458000000000,
    0.301
  ],
  [
    1458086400000,
    0.263
  ],
  [
    1458172800000,
    3.072
  ],
  [
    1458259200000,
    0.361
  ],
  [
    1458345600000,
    0.325
  ],
  [
    1458432000000,
    0.327
  ],
  [
    1458518400000,
    0.361
  ],
  [
    1458604800000,
    0.325
  ],
  [
    1458691200000,
    0.258
  ],
  [
    1458777600000,
    0.355
  ],
  [
    1458864000000,
    0.286
  ],
  [
    1458950400000,
    0.42
  ],
  [
    1459036800000,
    0.423
  ],
  [
    1459119600000,
    0.407
  ],
  [
    1459206000000,
    0.505
  ],
  [
    1459292400000,
    0.55
  ],
  [
    1459378800000,
    0.614
  ],
  [
    1459465200000,
    0.58
  ],
  [
    1459551600000,
    0.521
  ],
  [
    1459638000000,
    0.595
  ],
  [
    1459724400000,
    0.669
  ],
  [
    1459810800000,
    0.765
  ],
  [
    1459897200000,
    0.806
  ],
  [
    1459983600000,
    6.695
  ],
  [
    1460070000000,
    0.59
  ],
  [
    1460156400000,
    0.737
  ],
  [
    1460242800000,
    1.119
  ],
  [
    1460329200000,
    2.744
  ],
  [
    1460415600000,
    3.129
  ],
  [
    1460502000000,
    1.343
  ],
  [
    1460588400000,
    2.366
  ],
  [
    1460761200000,
    0.845
  ],
  [
    1460934000000,
    0.66
  ],
  [
    1461020400000,
    1.1
  ],
  [
    1461106800000,
    1.028
  ],
  [
    1461193200000,
    0.84
  ],
  [
    1461279600000,
    0.841
  ],
  [
    1461366000000,
    0.84
  ],
  [
    1461452400000,
    0.547
  ],
  [
    1461538800000,
    0.55
  ],
  [
    1461711600000,
    0.587
  ],
  [
    1461798000000,
    0.462
  ],
  [
    1461884400000,
    0.524
  ],
  [
    1461970800000,
    0.392
  ],
  [
    1462057200000,
    0.376
  ],
  [
    1462143600000,
    0.389
  ],
  [
    1462316400000,
    0.32
  ],
  [
    1462402800000,
    0.377
  ],
  [
    1462489200000,
    0.417
  ],
  [
    1462575600000,
    0.43
  ],
  [
    1462662000000,
    0.433
  ],
  [
    1462748400000,
    0.435
  ],
  [
    1462921200000,
    0.444
  ],
  [
    1463007600000,
    0.472
  ],
  [
    1463180400000,
    0.49
  ],
  [
    1463266800000,
    0.921
  ],
  [
    1463353200000,
    0.796
  ],
  [
    1463439600000,
    0.845
  ],
  [
    1463612400000,
    0.43
  ],
  [
    1463698800000,
    0.501
  ],
  [
    1463785200000,
    0.702
  ],
  [
    1463958000000,
    0.592
  ],
  [
    1464044400000,
    0.575
  ],
  [
    1464217200000,
    0.285
  ],
  [
    1464390000000,
    0.485
  ],
  [
    1464476400000,
    0.439
  ],
  [
    1464649200000,
    0.426
  ],
  [
    1464735600000,
    0.475
  ],
  [
    1464822000000,
    0.427
  ],
  [
    1464908400000,
    0.462
  ],
  [
    1465167600000,
    0.368
  ],
  [
    1465254000000,
    0.48
  ],
  [
    1465340400000,
    0.408
  ],
  [
    1465513200000,
    0.492
  ],
  [
    1465686000000,
    0.26
  ],
  [
    1465772400000,
    0.361
  ],
  [
    1466031600000,
    0.516
  ],
  [
    1466204400000,
    0.539
  ],
  [
    1466290800000,
    0.557
  ],
  [
    1466377200000,
    0.4
  ],
  [
    1466463600000,
    0.185
  ],
  [
    1466550000000,
    0.54
  ],
  [
    1466809200000,
    0.395
  ],
  [
    1467068400000,
    0.341
  ],
  [
    1467327600000,
    0.31
  ],
  [
    1467414000000,
    0.343
  ],
  [
    1467500400000,
    0.389
  ],
  [
    1467586800000,
    0.412
  ],
  [
    1467673200000,
    0.459
  ],
  [
    1467846000000,
    0.437
  ],
  [
    1468018800000,
    0.562
  ],
  [
    1468191600000,
    0.551
  ],
  [
    1468278000000,
    0.562
  ],
  [
    1468450800000,
    0.587
  ],
  [
    1468537200000,
    0.403
  ],
  [
    1468623600000,
    0.385
  ],
  [
    1468710000000,
    0.348
  ],
  [
    1468882800000,
    0.421
  ],
  [
    1468969200000,
    0.466
  ],
  [
    1469142000000,
    0.424
  ],
  [
    1469228400000,
    0.422
  ],
  [
    1469314800000,
    0.414
  ],
  [
    1469660400000,
    0.425
  ],
  [
    1470006000000,
    0.218
  ],
  [
    1470092400000,
    0.218
  ],
  [
    1471215600000,
    0.227
  ],
  [
    1471302000000,
    0.241
  ],
  [
    1471388400000,
    0.247
  ],
  [
    1471820400000,
    0.204
  ],
  [
    1471906800000,
    1.68
  ],
  [
    1471993200000,
    11.521
  ],
  [
    1472166000000,
    2.019
  ],
  [
    1472338800000,
    1.506
  ],
  [
    1472425200000,
    1.126
  ],
  [
    1472511600000,
    1.385
  ],
  [
    1472684400000,
    1.079
  ],
  [
    1472770800000,
    1.068
  ],
  [
    1472857200000,
    0.911
  ],
  [
    1472943600000,
    0.785
  ],
  [
    1473030000000,
    0.76
  ],
  [
    1473202800000,
    0.5
  ],
  [
    1473289200000,
    0.678
  ],
  [
    1473548400000,
    0.621
  ],
  [
    1473807600000,
    0.697
  ],
  [
    1474066800000,
    1.035
  ],
  [
    1474153200000,
    0.67
  ],
  [
    1474239600000,
    0.89
  ],
  [
    1474326000000,
    0.53
  ],
  [
    1474498800000,
    0.351
  ],
  [
    1474585200000,
    0.506
  ],
  [
    1474844400000,
    0.54
  ],
  [
    1474930800000,
    0.52
  ],
  [
    1475017200000,
    0.538
  ],
  [
    1475190000000,
    0.645
  ],
  [
    1475449200000,
    0.81
  ],
  [
    1475708400000,
    0.645
  ],
  [
    1475794800000,
    0.645
  ],
  [
    1475881200000,
    0.65
  ],
  [
    1475967600000,
    0.414
  ],
  [
    1476226800000,
    0.628
  ],
  [
    1476399600000,
    0.58
  ],
  [
    1476486000000,
    0.594
  ],
  [
    1476658800000,
    0.561
  ],
  [
    1476745200000,
    0.572
  ],
  [
    1476831600000,
    0.581
  ],
  [
    1477090800000,
    0.636
  ],
  [
    1477263600000,
    0.644
  ],
  [
    1477436400000,
    0.677
  ],
  [
    1477522800000,
    0.69
  ],
  [
    1477609200000,
    0.676
  ],
  [
    1477782000000,
    0.53
  ],
  [
    1478304000000,
    0.552
  ],
  [
    1478390400000,
    0.543
  ],
  [
    1478822400000,
    0.55
  ],
  [
    1478995200000,
    0.47
  ],
  [
    1479168000000,
    0.35
  ],
  [
    1479427200000,
    0.298
  ],
  [
    1479513600000,
    0.381
  ],
  [
    1479600000000,
    0.456
  ],
  [
    1479772800000,
    0.498
  ],
  [
    1480032000000,
    0.28
  ],
  [
    1480204800000,
    0.28
  ],
  [
    1480291200000,
    0.445
  ],
  [
    1480377600000,
    0.2
  ],
  [
    1480464000000,
    0.379
  ],
  [
    1480723200000,
    0.419
  ],
  [
    1480896000000,
    0.4
  ],
  [
    1481155200000,
    0.416
  ],
  [
    1481414400000,
    0.364
  ],
  [
    1481846400000,
    0.446
  ],
  [
    1482019200000,
    0.43
  ],
  [
    1482364800000,
    0.376
  ],
  [
    1482451200000,
    0.32
  ],
  [
    1482537600000,
    0.396
  ],
  [
    1482710400000,
    0.438
  ],
  [
    1482883200000,
    0.449
  ],
  [
    1483056000000,
    0.241
  ],
  [
    1483142400000,
    0.224
  ],
  [
    1483315200000,
    0.34
  ],
  [
    1483401600000,
    0.337
  ],
  [
    1483488000000,
    0.368
  ],
  [
    1483574400000,
    0.395
  ],
  [
    1483660800000,
    0.362
  ],
  [
    1483747200000,
    0.396
  ],
  [
    1483920000000,
    0.47
  ],
  [
    1484006400000,
    0.63
  ],
  [
    1484179200000,
    0.32
  ],
  [
    1484265600000,
    0.575
  ],
  [
    1484438400000,
    0.5
  ],
  [
    1484524800000,
    0.511
  ],
  [
    1484697600000,
    0.523
  ],
  [
    1484784000000,
    0.373
  ],
  [
    1484870400000,
    0.535
  ],
  [
    1485043200000,
    0.458
  ],
  [
    1485129600000,
    0.32
  ],
  [
    1485216000000,
    0.28
  ],
  [
    1485302400000,
    0.37
  ],
  [
    1485388800000,
    0.335
  ],
  [
    1485475200000,
    0.356
  ],
  [
    1485648000000,
    0.364
  ],
  [
    1485734400000,
    0.639
  ],
  [
    1485820800000,
    0.452
  ],
  [
    1485907200000,
    0.537
  ],
  [
    1485993600000,
    0.536
  ],
  [
    1486252800000,
    0.495
  ],
  [
    1486425600000,
    0.492
  ],
  [
    1486598400000,
    0.331
  ],
  [
    1486684800000,
    0.363
  ],
  [
    1486771200000,
    0.347
  ],
  [
    1486944000000,
    0.349
  ],
  [
    1487030400000,
    0.375
  ],
  [
    1487116800000,
    0.329
  ],
  [
    1487203200000,
    0.31
  ],
  [
    1487289600000,
    1.008
  ],
  [
    1487462400000,
    0.409
  ],
  [
    1487548800000,
    0.404
  ],
  [
    1487808000000,
    0.38
  ],
  [
    1487980800000,
    0.329
  ],
  [
    1488067200000,
    0.364
  ],
  [
    1488240000000,
    0.397
  ],
  [
    1488326400000,
    0.386
  ],
  [
    1488412800000,
    0.389
  ],
  [
    1488499200000,
    0.336
  ],
  [
    1488585600000,
    0.403
  ],
  [
    1488672000000,
    0.4
  ],
  [
    1489017600000,
    0.364
  ],
  [
    1489190400000,
    0.412
  ],
  [
    1489276800000,
    0.33
  ],
  [
    1489536000000,
    0.326
  ],
  [
    1489622400000,
    0.371
  ],
  [
    1489708800000,
    0.376
  ],
  [
    1489795200000,
    0.397
  ],
  [
    1490054400000,
    0.336
  ],
  [
    1490140800000,
    0.297
  ],
  [
    1490313600000,
    0.367
  ],
  [
    1490400000000,
    0.399
  ],
  [
    1490486400000,
    0.407
  ],
  [
    1490569200000,
    0.43
  ],
  [
    1490655600000,
    0.25
  ],
  [
    1490742000000,
    0.384
  ],
  [
    1490828400000,
    0.368
  ],
  [
    1491087600000,
    0.405
  ],
  [
    1491346800000,
    0.404
  ],
  [
    1491433200000,
    0.375
  ],
  [
    1491519600000,
    0.388
  ],
  [
    1491606000000,
    0.459
  ],
  [
    1491951600000,
    0.551
  ],
  [
    1492124400000,
    0.37
  ],
  [
    1492210800000,
    0.367
  ],
  [
    1492297200000,
    0.295
  ],
  [
    1492383600000,
    0.354
  ],
  [
    1492470000000,
    0.363
  ],
  [
    1492556400000,
    0.395
  ],
  [
    1492729200000,
    0.397
  ],
  [
    1492815600000,
    0.453
  ],
  [
    1493074800000,
    0.427
  ],
  [
    1493161200000,
    0.435
  ],
  [
    1493334000000,
    0.469
  ],
  [
    1493593200000,
    0.464
  ],
  [
    1493679600000,
    0.391
  ],
  [
    1494025200000,
    0.396
  ],
  [
    1494111600000,
    0.42
  ],
  [
    1494198000000,
    0.358
  ],
  [
    1494284400000,
    0.423
  ],
  [
    1494370800000,
    0.407
  ],
  [
    1494543600000,
    0.385
  ],
  [
    1494630000000,
    0.414
  ],
  [
    1494716400000,
    0.442
  ],
  [
    1494802800000,
    1.117
  ],
  [
    1494975600000,
    0.667
  ],
  [
    1495148400000,
    0.799
  ],
  [
    1495234800000,
    0.793
  ],
  [
    1495494000000,
    0.989
  ],
  [
    1495580400000,
    1.064
  ],
  [
    1495666800000,
    0.53
  ],
  [
    1495839600000,
    0.68
  ],
  [
    1496012400000,
    0.68
  ],
  [
    1496185200000,
    0.55
  ],
  [
    1496271600000,
    0.776
  ],
  [
    1496358000000,
    0.87
  ],
  [
    1496444400000,
    0.955
  ],
  [
    1496876400000,
    0.63
  ],
  [
    1496962800000,
    0.74
  ],
  [
    1497222000000,
    0.639
  ],
  [
    1497308400000,
    0.603
  ],
  [
    1497481200000,
    0.821
  ],
  [
    1497567600000,
    0.918
  ],
  [
    1498172400000,
    0.783
  ],
  [
    1498690800000,
    0.774
  ],
  [
    1498777200000,
    0.843
  ],
  [
    1498950000000,
    0.913
  ],
  [
    1499295600000,
    1.11
  ],
  [
    1499641200000,
    0.86
  ],
  [
    1499727600000,
    0.833
  ],
  [
    1499814000000,
    0.967
  ],
  [
    1500591600000,
    0.77
  ],
  [
    1500678000000,
    0.907
  ],
  [
    1501023600000,
    1.082
  ],
  [
    1501282800000,
    1.081
  ],
  [
    1501369200000,
    1.089
  ],
  [
    1501542000000,
    1.417
  ],
  [
    1501628400000,
    1.724
  ],
  [
    1501801200000,
    1.467
  ],
  [
    1501974000000,
    0.984
  ],
  [
    1502665200000,
    6.9
  ],
  [
    1502924400000,
    1.403
  ],
  [
    1503010800000,
    1.566
  ],
  [
    1503183600000,
    1.159
  ],
  [
    1503356400000,
    0.85
  ],
  [
    1503442800000,
    1.671
  ],
  [
    1503702000000,
    1.01
  ],
  [
    1503788400000,
    1.427
  ],
  [
    1503961200000,
    1.419
  ],
  [
    1504393200000,
    0.35
  ],
  [
    1504738800000,
    1.204
  ],
  [
    1504911600000,
    1.03
  ],
  [
    1505170800000,
    1.107
  ],
  [
    1505343600000,
    1.116
  ],
  [
    1505516400000,
    1.094
  ],
  [
    1505775600000,
    0.739
  ],
  [
    1505862000000,
    1.66
  ],
  [
    1506380400000,
    1.63
  ],
  [
    1506812400000,
    1.071
  ],
  [
    1507330800000,
    0.972
  ],
  [
    1507590000000,
    1.08
  ],
  [
    1508108400000,
    1.016
  ],
  [
    1508713200000,
    0.765
  ],
  [
    1508799600000,
    0.586
  ],
  [
    1508972400000,
    0.495
  ],
  [
    1509231600000,
    0.684
  ],
  [
    1509321600000,
    0.742
  ],
  [
    1509408000000,
    0.638
  ],
  [
    1509580800000,
    0.771
  ],
  [
    1510012800000,
    0.76
  ],
  [
    1510272000000,
    0.58
  ],
  [
    1510617600000,
    0.608
  ],
  [
    1510704000000,
    0.54
  ],
  [
    1510790400000,
    0.635
  ],
  [
    1510963200000,
    0.581
  ],
  [
    1511049600000,
    0.536
  ],
  [
    1511654400000,
    0.334
  ],
  [
    1511740800000,
    0.368
  ],
  [
    1511827200000,
    0.443
  ],
  [
    1512000000000,
    0.46
  ],
  [
    1512086400000,
    0.575
  ],
  [
    1512172800000,
    0.311
  ],
  [
    1513123200000,
    0.506
  ],
  [
    1513209600000,
    0.758
  ],
  [
    1513382400000,
    0.753
  ],
  [
    1513555200000,
    0.506
  ],
  [
    1513728000000,
    0.496
  ],
  [
    1513814400000,
    0.69
  ],
  [
    1513900800000,
    0.75
  ],
  [
    1514073600000,
    0.601
  ],
  [
    1514246400000,
    0.505
  ],
  [
    1514332800000,
    0.723
  ],
  [
    1514419200000,
    0.721
  ],
  [
    1514505600000,
    0.716
  ],
  [
    1514592000000,
    0.51
  ],
  [
    1514678400000,
    0.687
  ],
  [
    1514851200000,
    0.674
  ],
  [
    1514937600000,
    0.373
  ],
  [
    1515024000000,
    0.47
  ],
  [
    1515110400000,
    0.632
  ],
  [
    1515196800000,
    0.65
  ],
  [
    1515283200000,
    0.613
  ],
  [
    1515369600000,
    0.677
  ],
  [
    1515542400000,
    0.61
  ],
  [
    1515801600000,
    0.622
  ],
  [
    1515888000000,
    0.237
  ],
  [
    1515974400000,
    0.605
  ],
  [
    1516060800000,
    0.607
  ],
  [
    1516320000000,
    0.577
  ],
  [
    1516406400000,
    0.577
  ],
  [
    1516492800000,
    0.613
  ],
  [
    1516665600000,
    0.459
  ],
  [
    1517011200000,
    0.261
  ],
  [
    1517097600000,
    0.608
  ],
  [
    1517270400000,
    0.617
  ],
  [
    1517356800000,
    0.63
  ],
  [
    1517529600000,
    0.616
  ],
  [
    1517702400000,
    0.629
  ],
  [
    1517788800000,
    0.573
  ],
  [
    1517961600000,
    0.592
  ],
  [
    1518307200000,
    0.38
  ],
  [
    1518480000000,
    0.705
  ],
  [
    1518652800000,
    0.705
  ],
  [
    1518739200000,
    0.731
  ],
  [
    1518998400000,
    0.687
  ],
  [
    1519084800000,
    0.686
  ],
  [
    1519171200000,
    0.741
  ],
  [
    1519344000000,
    0.738
  ],
  [
    1519430400000,
    0.74
  ],
  [
    1519516800000,
    0.509
  ],
  [
    1519603200000,
    0.737
  ],
  [
    1519689600000,
    0.502
  ],
  [
    1519776000000,
    0.407
  ],
  [
    1519862400000,
    0.68
  ],
  [
    1519948800000,
    0.7
  ],
  [
    1520121600000,
    0.646
  ],
  [
    1520208000000,
    0.448
  ],
  [
    1520294400000,
    0.527
  ],
  [
    1520467200000,
    0.595
  ],
  [
    1520985600000,
    0.389
  ],
  [
    1521072000000,
    0.581
  ],
  [
    1521158400000,
    0.487
  ],
  [
    1521331200000,
    0.575
  ],
  [
    1521590400000,
    0.583
  ],
  [
    1521676800000,
    0.589
  ],
  [
    1521763200000,
    0.586
  ],
  [
    1521849600000,
    0.585
  ],
  [
    1522018800000,
    0.575
  ],
  [
    1522450800000,
    0.407
  ],
  [
    1522537200000,
    0.31
  ],
  [
    1522623600000,
    0.446
  ],
  [
    1522710000000,
    0.27
  ],
  [
    1522796400000,
    0.367
  ],
  [
    1522969200000,
    0.228
  ],
  [
    1523055600000,
    0.279
  ],
  [
    1523142000000,
    0.326
  ],
  [
    1523228400000,
    0.379
  ],
  [
    1523314800000,
    0.541
  ],
  [
    1523487600000,
    0.879
  ],
  [
    1523919600000,
    0.215
  ],
  [
    1524006000000,
    0.411
  ],
  [
    1524092400000,
    0.432
  ],
  [
    1524438000000,
    0.356
  ],
  [
    1524610800000,
    0.349
  ],
  [
    1524697200000,
    0.555
  ],
  [
    1524870000000,
    0.49
  ],
  [
    1525042800000,
    0.438
  ],
  [
    1525302000000,
    0.313
  ],
  [
    1525647600000,
    0.568
  ],
  [
    1525734000000,
    0.55
  ],
  [
    1525906800000,
    0.37
  ],
  [
    1526338800000,
    0.366
  ],
  [
    1526511600000,
    0.37
  ],
  [
    1526598000000,
    0.4
  ],
  [
    1526857200000,
    0.418
  ],
  [
    1526943600000,
    0.45
  ],
  [
    1527030000000,
    0.38
  ],
  [
    1527116400000,
    1.738
  ],
  [
    1527375600000,
    0.35
  ],
  [
    1527807600000,
    0.237
  ],
  [
    1527894000000,
    0.38
  ],
  [
    1527980400000,
    0.383
  ],
  [
    1528326000000,
    0.379
  ],
  [
    1528498800000,
    0.3
  ],
  [
    1528585200000,
    0.343
  ],
  [
    1528844400000,
    0.35
  ],
  [
    1529103600000,
    0.383
  ],
  [
    1529276400000,
    0.411
  ],
  [
    1529449200000,
    0.347
  ],
  [
    1529708400000,
    0.349
  ],
  [
    1529794800000,
    0.39
  ],
  [
    1529881200000,
    0.442
  ],
  [
    1530226800000,
    0.431
  ],
  [
    1530658800000,
    0.335
  ],
  [
    1530831600000,
    0.364
  ],
  [
    1531090800000,
    0.403
  ],
  [
    1531436400000,
    0.343
  ],
  [
    1531609200000,
    0.324
  ],
  [
    1531695600000,
    3.168
  ],
  [
    1531868400000,
    0.349
  ],
  [
    1532041200000,
    0.348
  ],
  [
    1532214000000,
    0.35
  ],
  [
    1532300400000,
    0.414
  ],
  [
    1532386800000,
    0.421
  ],
  [
    1532473200000,
    0.427
  ],
  [
    1532646000000,
    0.3
  ],
  [
    1532905200000,
    0.401
  ],
  [
    1533078000000,
    0.293
  ],
  [
    1533164400000,
    0.287
  ],
  [
    1533250800000,
    0.29
  ],
  [
    1533596400000,
    0.34
  ],
  [
    1533682800000,
    0.346
  ],
  [
    1533855600000,
    0.395
  ],
  [
    1534374000000,
    0.52
  ],
  [
    1534806000000,
    0.173
  ],
  [
    1534892400000,
    0.207
  ],
  [
    1534978800000,
    0.406
  ],
  [
    1535065200000,
    0.404
  ],
  [
    1535151600000,
    0.408
  ],
  [
    1535238000000,
    0.426
  ],
  [
    1535410800000,
    0.54
  ],
  [
    1535497200000,
    0.33
  ],
  [
    1535583600000,
    0.502
  ],
  [
    1535670000000,
    0.26
  ],
  [
    1535756400000,
    0.27
  ],
  [
    1535929200000,
    0.265
  ],
  [
    1536188400000,
    0.324
  ],
  [
    1536274800000,
    0.43
  ],
  [
    1536706800000,
    0.551
  ],
  [
    1537657200000,
    0.28
  ],
  [
    1537743600000,
    0.414
  ],
  [
    1537916400000,
    0.324
  ],
  [
    1538953200000,
    0.39
  ],
  [
    1539212400000,
    0.302
  ],
  [
    1539471600000,
    0.301
  ],
  [
    1540335600000,
    0.29
  ],
  [
    1540857600000,
    0.274
  ],
  [
    1540944000000,
    0.296
  ],
  [
    1541030400000,
    0.21
  ],
  [
    1541116800000,
    0.299
  ],
  [
    1541462400000,
    0.301
  ],
  [
    1541980800000,
    0.307
  ],
  [
    1542240000000,
    0.334
  ],
  [
    1542412800000,
    0.35
  ],
  [
    1542844800000,
    0.314
  ],
  [
    1543276800000,
    0.391
  ],
  [
    1543795200000,
    0.378
  ],
  [
    1543881600000,
    0.385
  ],
  [
    1543968000000,
    0.313
  ],
  [
    1544313600000,
    0.393
  ],
  [
    1544572800000,
    0.213
  ],
  [
    1544659200000,
    0.552
  ],
  [
    1544832000000,
    0.558
  ],
  [
    1545868800000,
    0.41
  ],
  [
    1546128000000,
    0.248
  ],
  [
    1546732800000,
    0.449
  ],
  [
    1546905600000,
    0.341
  ],
  [
    1547251200000,
    0.356
  ],
  [
    1547769600000,
    0.54
  ],
  [
    1547856000000,
    0.63
  ],
  [
    1548201600000,
    0.523
  ],
  [
    1548288000000,
    0.584
  ],
  [
    1548460800000,
    0.322
  ],
  [
    1548547200000,
    0.452
  ],
  [
    1549152000000,
    0.61
  ],
  [
    1549670400000,
    0.508
  ],
  [
    1549756800000,
    0.506
  ],
  [
    1549843200000,
    0.58
  ],
  [
    1550361600000,
    0.322
  ],
  [
    1550448000000,
    0.326
  ],
  [
    1550534400000,
    0.57
  ],
  [
    1550880000000,
    0.566
  ],
  [
    1551225600000,
    0.558
  ],
  [
    1551312000000,
    0.559
  ],
  [
    1551398400000,
    0.576
  ],
  [
    1551657600000,
    0.524
  ],
  [
    1551830400000,
    0.33
  ],
  [
    1552089600000,
    0.543
  ],
  [
    1552348800000,
    0.51
  ],
  [
    1552435200000,
    0.525
  ],
  [
    1552608000000,
    0.54
  ],
  [
    1552694400000,
    0.53
  ],
  [
    1552780800000,
    0.534
  ],
  [
    1552867200000,
    0.332
  ],
  [
    1553126400000,
    0.509
  ],
  [
    1553212800000,
    0.34
  ],
  [
    1553385600000,
    0.345
  ],
  [
    1553558400000,
    0.433
  ],
  [
    1553644800000,
    0.354
  ],
  [
    1554159600000,
    0.323
  ],
  [
    1554418800000,
    0.453
  ],
  [
    1554505200000,
    0.323
  ],
  [
    1554591600000,
    0.431
  ],
  [
    1554850800000,
    0.03
  ],
  [
    1555023600000,
    0.323
  ],
  [
    1555196400000,
    0.403
  ],
  [
    1555282800000,
    0.321
  ],
  [
    1555369200000,
    0.386
  ],
  [
    1555455600000,
    0.424
  ],
  [
    1555628400000,
    0.393
  ],
  [
    1555801200000,
    0.31
  ],
  [
    1555974000000,
    0.31
  ],
  [
    1556060400000,
    0.381
  ],
  [
    1556233200000,
    0.03
  ],
  [
    1556319600000,
    0.32
  ],
  [
    1556406000000,
    0.295
  ],
  [
    1556665200000,
    0.381
  ],
  [
    1556751600000,
    0.364
  ],
  [
    1557788400000,
    0.365
  ],
  [
    1557874800000,
    0.371
  ],
  [
    1557961200000,
    0.358
  ],
  [
    1558047600000,
    0.38
  ],
  [
    1558134000000,
    0.268
  ],
  [
    1558479600000,
    0.385
  ],
  [
    1558566000000,
    0.371
  ],
  [
    1558738800000,
    0.448
  ],
  [
    1558825200000,
    0.436
  ],
  [
    1559343600000,
    0.353
  ],
  [
    1559602800000,
    0.437
  ],
  [
    1559948400000,
    0.454
  ],
  [
    1560207600000,
    0.316
  ],
  [
    1560466800000,
    0.45
  ],
  [
    1560553200000,
    0.39
  ],
  [
    1560639600000,
    0.438
  ],
  [
    1560812400000,
    0.465
  ],
  [
    1561071600000,
    0.47
  ],
  [
    1561676400000,
    0.392
  ],
  [
    1562022000000,
    0.366
  ],
  [
    1562367600000,
    0.451
  ],
  [
    1562454000000,
    0.424
  ],
  [
    1562713200000,
    0.385
  ],
  [
    1563231600000,
    0.449
  ],
  [
    1563922800000,
    0.435
  ],
  [
    1564268400000,
    0.364
  ],
  [
    1564354800000,
    0.448
  ],
  [
    1564527600000,
    0.445
  ],
  [
    1564614000000,
    0.451
  ],
  [
    1565564400000,
    0.413
  ],
  [
    1565737200000,
    0.476
  ],
  [
    1565996400000,
    0.458
  ],
  [
    1566082800000,
    0.471
  ],
  [
    1566255600000,
    0.342
  ],
  [
    1566428400000,
    0.529
  ],
  [
    1566601200000,
    0.432
  ],
  [
    1566687600000,
    0.54
  ],
  [
    1567206000000,
    0.54
  ],
  [
    1567378800000,
    0.545
  ],
  [
    1567638000000,
    0.343
  ],
  [
    1568070000000,
    0.395
  ],
  [
    1568156400000,
    0.281
  ],
  [
    1568415600000,
    0.528
  ],
  [
    1569106800000,
    0.286
  ],
  [
    1569193200000,
    0.45
  ],
  [
    1569366000000,
    0.55
  ],
  [
    1569452400000,
    0.451
  ],
  [
    1569625200000,
    0.459
  ],
  [
    1569711600000,
    0.51
  ],
  [
    1569798000000,
    0.566
  ],
  [
    1569884400000,
    0.575
  ],
  [
    1570057200000,
    0.402
  ],
  [
    1570230000000,
    0.48
  ],
  [
    1570316400000,
    0.454
  ],
  [
    1570575600000,
    0.451
  ],
  [
    1570662000000,
    0.508
  ],
  [
    1570834800000,
    0.501
  ],
  [
    1571007600000,
    0.469
  ],
  [
    1571266800000,
    0.452
  ],
  [
    1571353200000,
    0.41
  ],
  [
    1571439600000,
    0.523
  ],
  [
    1571612400000,
    0.405
  ],
  [
    1572130800000,
    0.441
  ],
  [
    1572220800000,
    0.461
  ],
  [
    1572566400000,
    0.456
  ],
  [
    1572652800000,
    0.439
  ],
  [
    1572739200000,
    0.41
  ],
  [
    1572825600000,
    0.418
  ],
  [
    1572998400000,
    0.427
  ],
  [
    1573084800000,
    0.465
  ],
  [
    1573344000000,
    0.485
  ],
  [
    1573430400000,
    0.493
  ],
  [
    1573516800000,
    0.492
  ],
  [
    1573948800000,
    0.502
  ],
  [
    1574035200000,
    0.503
  ],
  [
    1574121600000,
    0.388
  ],
  [
    1574380800000,
    0.505
  ],
  [
    1574467200000,
    0.34
  ],
  [
    1574553600000,
    0.415
  ],
  [
    1574640000000,
    0.45
  ],
  [
    1574812800000,
    0.48
  ],
  [
    1574899200000,
    0.5
  ],
  [
    1575590400000,
    0.515
  ],
  [
    1575763200000,
    0.47
  ],
  [
    1575936000000,
    0.483
  ],
  [
    1576022400000,
    0.51
  ],
  [
    1576108800000,
    0.432
  ],
  [
    1576195200000,
    0.524
  ],
  [
    1576368000000,
    0.46
  ],
  [
    1576454400000,
    0.531
  ],
  [
    1576540800000,
    0.517
  ],
  [
    1577059200000,
    0.482
  ],
  [
    1577318400000,
    0.513
  ],
  [
    1577577600000,
    0.529
  ],
  [
    1577750400000,
    0.425
  ],
  [
    1577923200000,
    0.42
  ],
  [
    1578096000000,
    0.452
  ],
  [
    1578182400000,
    0.449
  ],
  [
    1578268800000,
    0.476
  ],
  [
    1578355200000,
    0.466
  ],
  [
    1578528000000,
    0.465
  ],
  [
    1578614400000,
    0.5
  ],
  [
    1578700800000,
    0.497
  ],
  [
    1578787200000,
    0.416
  ],
  [
    1579392000000,
    0.471
  ],
  [
    1579478400000,
    0.55
  ],
  [
    1579737600000,
    0.543
  ],
  [
    1579824000000,
    0.36
  ],
  [
    1580169600000,
    0.463
  ],
  [
    1580256000000,
    0.483
  ],
  [
    1580774400000,
    0.545
  ],
  [
    1580860800000,
    0.58
  ],
  [
    1580947200000,
    0.605
  ],
  [
    1581033600000,
    0.599
  ],
  [
    1581120000000,
    0.36
  ],
  [
    1581206400000,
    0.571
  ],
  [
    1581292800000,
    0.483
  ],
  [
    1581379200000,
    0.547
  ],
  [
    1581724800000,
    0.499
  ],
  [
    1581811200000,
    0.586
  ],
  [
    1581984000000,
    3.057
  ],
  [
    1582243200000,
    0.556
  ],
  [
    1582502400000,
    0.564
  ],
  [
    1582675200000,
    0.45
  ],
  [
    1582848000000,
    0.444
  ],
  [
    1583193600000,
    0.504
  ],
  [
    1583280000000,
    0.498
  ],
  [
    1583366400000,
    0.575
  ],
  [
    1583539200000,
    0.511
  ],
  [
    1583625600000,
    0.509
  ],
  [
    1583712000000,
    0.504
  ],
  [
    1584057600000,
    0.639
  ],
  [
    1584144000000,
    0.696
  ],
  [
    1584316800000,
    0.69
  ],
  [
    1584403200000,
    0.611
  ],
  [
    1584489600000,
    0.659
  ],
  [
    1584576000000,
    0.537
  ],
  [
    1584748800000,
    0.532
  ],
  [
    1584835200000,
    0.49
  ],
  [
    1585008000000,
    0.518
  ],
  [
    1585267200000,
    0.452
  ],
  [
    1585353600000,
    0.405
  ],
  [
    1585609200000,
    0.437
  ],
  [
    1585695600000,
    0.49
  ],
  [
    1585954800000,
    0.442
  ],
  [
    1586041200000,
    0.379
  ],
  [
    1586127600000,
    0.433
  ],
  [
    1586214000000,
    0.483
  ],
  [
    1586300400000,
    0.544
  ],
  [
    1586386800000,
    0.635
  ],
  [
    1586646000000,
    0.679
  ],
  [
    1586732400000,
    0.35
  ],
  [
    1586818800000,
    17.624
  ],
  [
    1586991600000,
    0.585
  ],
  [
    1587078000000,
    0.475
  ],
  [
    1587250800000,
    0.414
  ],
  [
    1587337200000,
    0.59
  ],
  [
    1587423600000,
    0.638
  ],
  [
    1587596400000,
    0.51
  ],
  [
    1587855600000,
    0.662
  ],
  [
    1587942000000,
    0.476
  ],
  [
    1588201200000,
    0.47
  ],
  [
    1588287600000,
    0.444
  ],
  [
    1588460400000,
    0.513
  ],
  [
    1588892400000,
    0.527
  ],
  [
    1588978800000,
    0.535
  ],
  [
    1589065200000,
    0.392
  ],
  [
    1589151600000,
    0.527
  ],
  [
    1589238000000,
    0.413
  ],
  [
    1589324400000,
    0.53
  ],
  [
    1589583600000,
    0.506
  ],
  [
    1589756400000,
    0.407
  ],
  [
    1589842800000,
    0.509
  ],
  [
    1589929200000,
    0.468
  ],
  [
    1590102000000,
    0.544
  ],
  [
    1590274800000,
    0.467
  ],
  [
    1590447600000,
    0.542
  ],
  [
    1590620400000,
    0.628
  ],
  [
    1590706800000,
    0.682
  ],
  [
    1590966000000,
    0.583
  ],
  [
    1591052400000,
    0.576
  ],
  [
    1591138800000,
    0.67
  ],
  [
    1591398000000,
    0.377
  ],
  [
    1591570800000,
    0.599
  ],
  [
    1591830000000,
    0.601
  ],
  [
    1591916400000,
    0.663
  ],
  [
    1592002800000,
    0.654
  ],
  [
    1592089200000,
    0.548
  ],
  [
    1592348400000,
    0.667
  ],
  [
    1592780400000,
    0.661
  ],
  [
    1593126000000,
    0.718
  ],
  [
    1593212400000,
    0.55
  ],
  [
    1593385200000,
    0.519
  ],
  [
    1593644400000,
    0.567
  ],
  [
    1593730800000,
    0.547
  ],
  [
    1593817200000,
    0.504
  ],
  [
    1593990000000,
    0.646
  ],
  [
    1594162800000,
    0.714
  ],
  [
    1594508400000,
    0.709
  ],
  [
    1594681200000,
    0.709
  ],
  [
    1594854000000,
    0.55
  ],
  [
    1594940400000,
    0.483
  ],
  [
    1595026800000,
    0.52
  ],
  [
    1595286000000,
    0.49
  ],
  [
    1595372400000,
    0.713
  ],
  [
    1595458800000,
    0.668
  ],
  [
    1595545200000,
    0.658
  ],
  [
    1595718000000,
    0.736
  ],
  [
    1595890800000,
    0.613
  ],
  [
    1595977200000,
    0.692
  ],
  [
    1596150000000,
    0.59
  ],
  [
    1596236400000,
    0.591
  ],
  [
    1596322800000,
    0.572
  ],
  [
    1596495600000,
    0.794
  ],
  [
    1596582000000,
    0.684
  ],
  [
    1596754800000,
    41.358
  ],
  [
    1596841200000,
    0.773
  ],
  [
    1597014000000,
    0.58
  ],
  [
    1597273200000,
    0.676
  ],
  [
    1597446000000,
    0.565
  ],
  [
    1597618800000,
    0.542
  ],
  [
    1597705200000,
    0.563
  ],
  [
    1597878000000,
    0.678
  ],
  [
    1598050800000,
    0.667
  ],
  [
    1598310000000,
    0.571
  ],
  [
    1598482800000,
    0.638
  ],
  [
    1598828400000,
    0.615
  ],
  [
    1598914800000,
    0.595
  ],
  [
    1599001200000,
    0.53
  ],
  [
    1599087600000,
    0.615
  ],
  [
    1599346800000,
    0.47
  ],
  [
    1599433200000,
    0.517
  ],
  [
    1599519600000,
    0.634
  ],
  [
    1599692400000,
    0.597
  ],
  [
    1600297200000,
    0.611
  ],
  [
    1600383600000,
    0.558
  ],
  [
    1600470000000,
    0.615
  ],
  [
    1600556400000,
    0.584
  ],
  [
    1600729200000,
    0.627
  ],
  [
    1600902000000,
    0.329
  ],
  [
    1601161200000,
    0.529
  ],
  [
    1601593200000,
    0.521
  ],
  [
    1601679600000,
    0.538
  ],
  [
    1601938800000,
    0.51
  ],
  [
    1602198000000,
    0.596
  ],
  [
    1602284400000,
    0.582
  ],
  [
    1602370800000,
    0.64
  ],
  [
    1602457200000,
    0.629
  ],
  [
    1602543600000,
    0.636
  ],
  [
    1602630000000,
    0.631
  ],
  [
    1602716400000,
    0.627
  ],
  [
    1602802800000,
    0.642
  ],
  [
    1602889200000,
    0.638
  ],
  [
    1602975600000,
    0.647
  ],
  [
    1603062000000,
    0.632
  ],
  [
    1603148400000,
    0.699
  ],
  [
    1603234800000,
    1.008
  ],
  [
    1603321200000,
    1.261
  ],
  [
    1603407600000,
    1.232
  ],
  [
    1603494000000,
    1.263
  ],
  [
    1603580400000,
    1.242
  ],
  [
    1603670400000,
    1.249
  ],
  [
    1603756800000,
    1.244
  ],
  [
    1603843200000,
    1.227
  ],
  [
    1603929600000,
    1.207
  ],
  [
    1604016000000,
    1.01
  ],
  [
    1604188800000,
    1.135
  ],
  [
    1604448000000,
    1.022
  ],
  [
    1604534400000,
    1.061
  ],
  [
    1604620800000,
    1.05
  ],
  [
    1604707200000,
    1.048
  ],
  [
    1604880000000,
    1.081
  ],
  [
    1605139200000,
    1.003
  ],
  [
    1605571200000,
    0.89
  ],
  [
    1605830400000,
    1.057
  ],
  [
    1605916800000,
    1.096
  ],
  [
    1606176000000,
    0.959
  ],
  [
    1606348800000,
    0.88
  ],
  [
    1606435200000,
    0.895
  ],
  [
    1606521600000,
    0.925
  ],
  [
    1606608000000,
    0.931
  ],
  [
    1606694400000,
    1.01
  ],
  [
    1607040000000,
    0.4
  ],
  [
    1607212800000,
    0.599
  ],
  [
    1607385600000,
    0.376
  ],
  [
    1607472000000,
    0.654
  ],
  [
    1607644800000,
    0.646
  ],
  [
    1607817600000,
    0.471
  ],
  [
    1607904000000,
    0.533
  ],
  [
    1608249600000,
    0.547
  ],
  [
    1608336000000,
    0.468
  ],
  [
    1608508800000,
    0.58
  ],
  [
    1608681600000,
    0.582
  ],
  [
    1608768000000,
    0.59
  ],
  [
    1608854400000,
    0.564
  ],
  [
    1609286400000,
    0.576
  ],
  [
    1609459200000,
    0.587
  ],
  [
    1609804800000,
    0.529
  ],
  [
    1609977600000,
    0.51
  ],
  [
    1610064000000,
    0.52
  ],
  [
    1610150400000,
    0.503
  ],
  [
    1610236800000,
    0.473
  ],
  [
    1610323200000,
    0.466
  ],
  [
    1610409600000,
    0.51
  ],
  [
    1610496000000,
    0.429
  ],
  [
    1610668800000,
    0.559
  ],
  [
    1610755200000,
    0.572
  ],
  [
    1610841600000,
    0.599
  ],
  [
    1611100800000,
    0.597
  ],
  [
    1611187200000,
    0.455
  ],
  [
    1611360000000,
    0.5
  ],
  [
    1611446400000,
    0.608
  ],
  [
    1611792000000,
    0.566
  ],
  [
    1611878400000,
    0.47
  ],
  [
    1611964800000,
    0.57
  ],
  [
    1612310400000,
    0.588
  ],
  [
    1612483200000,
    0.48
  ],
  [
    1612569600000,
    0.561
  ],
  [
    1612915200000,
    0.57
  ],
  [
    1613001600000,
    0.48
  ],
  [
    1613174400000,
    0.58
  ],
  [
    1613347200000,
    0.49
  ],
  [
    1613433600000,
    0.444
  ],
  [
    1613692800000,
    0.575
  ],
  [
    1613779200000,
    0.384
  ],
  [
    1613952000000,
    0.596
  ],
  [
    1614211200000,
    0.61
  ],
  [
    1614297600000,
    0.606
  ],
  [
    1614470400000,
    0.598
  ],
  [
    1614556800000,
    0.463
  ],
  [
    1614729600000,
    0.495
  ],
  [
    1614816000000,
    0.609
  ],
  [
    1614902400000,
    0.615
  ],
  [
    1614988800000,
    0.644
  ],
  [
    1615075200000,
    0.644
  ],
  [
    1615248000000,
    0.557
  ],
  [
    1615334400000,
    0.468
  ],
  [
    1615420800000,
    0.553
  ],
  [
    1615593600000,
    0.51
  ],
  [
    1615680000000,
    0.609
  ],
  [
    1616371200000,
    0.511
  ],
  [
    1616544000000,
    0.556
  ],
  [
    1616803200000,
    0.58
  ],
  [
    1616889600000,
    0.569
  ],
  [
    1617058800000,
    0.569
  ],
  [
    1617145200000,
    0.597
  ],
  [
    1617318000000,
    0.551
  ],
  [
    1617404400000,
    0.614
  ],
  [
    1617490800000,
    0.81
  ],
  [
    1617577200000,
    0.837
  ],
  [
    1617836400000,
    0.58
  ],
  [
    1618009200000,
    0.831
  ],
  [
    1618095600000,
    0.36
  ],
  [
    1618182000000,
    0.62
  ],
  [
    1618354800000,
    0.788
  ],
  [
    1618527600000,
    0.527
  ],
  [
    1618700400000,
    0.787
  ],
  [
    1618786800000,
    0.74
  ],
  [
    1618959600000,
    0.574
  ],
  [
    1619046000000,
    0.69
  ],
  [
    1619132400000,
    0.898
  ],
  [
    1619218800000,
    0.83
  ],
  [
    1619391600000,
    0.934
  ],
  [
    1619823600000,
    0.749
  ],
  [
    1619910000000,
    1.389
  ],
  [
    1620169200000,
    1.008
  ],
  [
    1620687600000,
    0.851
  ],
  [
    1620774000000,
    0.864
  ],
  [
    1621033200000,
    0.785
  ],
  [
    1621206000000,
    0.43
  ],
  [
    1621292400000,
    0.788
  ],
  [
    1621378800000,
    0.781
  ],
  [
    1621638000000,
    0.763
  ],
  [
    1621810800000,
    0.889
  ],
  [
    1621897200000,
    0.78
  ],
  [
    1621983600000,
    0.72
  ],
  [
    1622156400000,
    0.7
  ],
  [
    1622242800000,
    0.823
  ],
  [
    1622329200000,
    0.723
  ],
  [
    1622415600000,
    0.704
  ],
  [
    1622502000000,
    0.867
  ],
  [
    1623106800000,
    0.92
  ],
  [
    1623193200000,
    0.863
  ],
  [
    1623279600000,
    0.91
  ],
  [
    1623366000000,
    0.902
  ],
  [
    1623538800000,
    0.57
  ],
  [
    1623625200000,
    0.879
  ],
  [
    1623711600000,
    1.06
  ],
  [
    1623884400000,
    0.944
  ],
  [
    1624057200000,
    0.9
  ],
  [
    1624230000000,
    0.985
  ],
  [
    1624575600000,
    0.881
  ],
  [
    1624748400000,
    0.79
  ],
  [
    1624834800000,
    0.92
  ],
  [
    1624921200000,
    0.885
  ],
  [
    1625007600000,
    0.831
  ],
  [
    1625094000000,
    0.805
  ],
  [
    1625266800000,
    0.897
  ],
  [
    1625439600000,
    0.874
  ],
  [
    1625612400000,
    0.03
  ],
  [
    1625785200000,
    0.746
  ],
  [
    1625871600000,
    0.874
  ],
  [
    1626044400000,
    0.83
  ],
  [
    1626649200000,
    0.8
  ],
  [
    1626735600000,
    0.83
  ],
  [
    1626822000000,
    0.776
  ],
  [
    1626908400000,
    0.7
  ],
  [
    1627254000000,
    0.828
  ],
  [
    1627426800000,
    0.854
  ],
  [
    1627772400000,
    0.915
  ],
  [
    1627945200000,
    0.991
  ],
  [
    1628031600000,
    1.245
  ],
  [
    1628118000000,
    1.298
  ],
  [
    1628809200000,
    0.949
  ],
  [
    1629327600000,
    0.983
  ],
  [
    1629586800000,
    1.126
  ],
  [
    1629759600000,
    0.97
  ],
  [
    1629846000000,
    0.972
  ],
  [
    1629932400000,
    1.291
  ],
  [
    1630364400000,
    0.938
  ],
  [
    1630450800000,
    1.25
  ],
  [
    1630796400000,
    0.79
  ],
  [
    1630882800000,
    1.06
  ],
  [
    1630969200000,
    0.868
  ],
  [
    1631142000000,
    1.058
  ],
  [
    1631314800000,
    1.041
  ],
  [
    1631833200000,
    0.882
  ],
  [
    1632265200000,
    1.007
  ],
  [
    1632610800000,
    0.853
  ],
  [
    1632783600000,
    1.17
  ],
  [
    1632870000000,
    0.822
  ],
  [
    1633129200000,
    0.86
  ],
  [
    1633302000000,
    0.78
  ],
  [
    1633647600000,
    1.063
  ],
  [
    1633734000000,
    0.958
  ],
  [
    1633906800000,
    0.77
  ],
  [
    1634166000000,
    1.058
  ],
  [
    1634511600000,
    0.792
  ],
  [
    1634684400000,
    0.71
  ],
  [
    1634857200000,
    1.058
  ],
  [
    1634943600000,
    0.294
  ],
  [
    1635202800000,
    1.16
  ],
  [
    1635462000000,
    1.119
  ],
  [
    1635724800000,
    0.976
  ],
  [
    1635811200000,
    0.88
  ],
  [
    1635984000000,
    0.694
  ],
  [
    1636070400000,
    1.1
  ],
  [
    1636156800000,
    1.13
  ],
  [
    1636848000000,
    0.98
  ],
  [
    1637107200000,
    0.887
  ],
  [
    1637366400000,
    0.372
  ],
  [
    1637539200000,
    1.243
  ],
  [
    1637884800000,
    0.667
  ],
  [
    1637971200000,
    0.64
  ],
  [
    1638057600000,
    1.061
  ],
  [
    1638316800000,
    0.897
  ],
  [
    1638403200000,
    1.19
  ],
  [
    1639094400000,
    0.89
  ],
  [
    1639267200000,
    0.97
  ],
  [
    1639612800000,
    0.991
  ],
  [
    1639872000000,
    1.081
  ],
  [
    1640995200000,
    1.066
  ],
  [
    1641081600000,
    0.8
  ],
  [
    1641600000000,
    1.07
  ],
  [
    1641772800000,
    0.837
  ],
  [
    1642032000000,
    1.052
  ],
  [
    1642377600000,
    0.83
  ],
  [
    1642550400000,
    0.806
  ],
  [
    1642723200000,
    0.81
  ],
  [
    1643155200000,
    0.71
  ],
  [
    1643241600000,
    0.84
  ],
  [
    1643414400000,
    0.847
  ],
  [
    1643500800000,
    0.847
  ],
  [
    1643587200000,
    0.626
  ],
  [
    1643673600000,
    0.878
  ],
  [
    1643846400000,
    0.969
  ],
  [
    1644710400000,
    0.95
  ],
  [
    1644796800000,
    0.978
  ],
  [
    1645056000000,
    0.954
  ],
  [
    1645401600000,
    0.723
  ],
  [
    1645574400000,
    0.964
  ],
  [
    1645833600000,
    0.927
  ],
  [
    1645920000000,
    0.87
  ],
  [
    1646179200000,
    0.855
  ],
  [
    1646265600000,
    0.76
  ],
  [
    1646524800000,
    0.846
  ],
  [
    1646611200000,
    0.708
  ],
  [
    1646697600000,
    0.72
  ],
  [
    1646870400000,
    0.74
  ],
  [
    1647216000000,
    0.719
  ],
  [
    1647302400000,
    19.123
  ],
  [
    1647388800000,
    0.979
  ],
  [
    1647648000000,
    0.73
  ],
  [
    1647820800000,
    0.987
  ],
  [
    1647993600000,
    0.662
  ],
  [
    1648080000000,
    0.946
  ],
  [
    1648166400000,
    0.996
  ],
  [
    1648940400000,
    0.911
  ],
  [
    1649199600000,
    0.948
  ],
  [
    1649458800000,
    0.902
  ],
  [
    1649545200000,
    0.77
  ],
  [
    1649631600000,
    1.008
  ],
  [
    1650150000000,
    0.99
  ],
  [
    1650582000000,
    1.012
  ],
  [
    1651100400000,
    1.008
  ],
  [
    1651186800000,
    2.872
  ],
  [
    1651359600000,
    1.053
  ],
  [
    1651705200000,
    0.99
  ],
  [
    1651878000000,
    1.089
  ],
  [
    1651964400000,
    1.035
  ],
  [
    1652914800000,
    1.062
  ],
  [
    1653087600000,
    1.119
  ],
  [
    1653174000000,
    1.06
  ],
  [
    1653346800000,
    1.1
  ],
  [
    1653519600000,
    0.93
  ],
  [
    1653606000000,
    1.145
  ],
  [
    1653692400000,
    1.101
  ],
  [
    1653778800000,
    1.17
  ],
  [
    1653951600000,
    1.162
  ],
  [
    1654038000000,
    1.23
  ],
  [
    1655247600000,
    1.033
  ],
  [
    1655334000000,
    0.86
  ],
  [
    1656198000000,
    1.043
  ],
  [
    1656284400000,
    1.047
  ],
  [
    1656543600000,
    1.053
  ],
  [
    1656802800000,
    0.89
  ],
  [
    1656889200000,
    0.88
  ],
  [
    1657062000000,
    0.86
  ],
  [
    1657321200000,
    1.161
  ],
  [
    1657494000000,
    0.76
  ],
  [
    1657580400000,
    1.167
  ],
  [
    1657753200000,
    0.986
  ],
  [
    1657926000000,
    0.133
  ],
  [
    1658012400000,
    1.149
  ],
  [
    1658271600000,
    0.87
  ],
  [
    1658358000000,
    0.84
  ],
  [
    1658530800000,
    1.182
  ],
  [
    1658617200000,
    0.941
  ],
  [
    1658790000000,
    1.067
  ],
  [
    1658962800000,
    0.745
  ],
  [
    1659135600000,
    36.776
  ],
  [
    1659567600000,
    0.863
  ],
  [
    1659654000000,
    0.93
  ],
  [
    1659740400000,
    1.052
  ],
  [
    1659826800000,
    0.88
  ],
  [
    1659913200000,
    1.284
  ],
  [
    1659999600000,
    1.331
  ],
  [
    1660086000000,
    1.299
  ],
  [
    1661554800000,
    1.107
  ],
  [
    1661641200000,
    1.006
  ],
  [
    1661986800000,
    1.253
  ],
  [
    1662073200000,
    1.282
  ],
  [
    1662159600000,
    1.314
  ],
  [
    1662246000000,
    1.427
  ],
  [
    1662332400000,
    1.621
  ],
  [
    1662418800000,
    1.57
  ],
  [
    1662591600000,
    1.306
  ],
  [
    1662764400000,
    1.627
  ],
  [
    1663196400000,
    1.136
  ],
  [
    1663282800000,
    1.005
  ],
  [
    1663369200000,
    0.799
  ],
  [
    1663455600000,
    1.126
  ],
  [
    1663542000000,
    0.95
  ],
  [
    1663887600000,
    1.172
  ],
  [
    1663974000000,
    0.86
  ],
  [
    1664060400000,
    1.073
  ],
  [
    1664146800000,
    0.89
  ],
  [
    1664233200000,
    1.022
  ],
  [
    1664578800000,
    0.983
  ],
  [
    1664838000000,
    0.87
  ],
  [
    1664924400000,
    0.991
  ],
  [
    1665010800000,
    1.077
  ],
  [
    1665097200000,
    1.15
  ],
  [
    1665183600000,
    1.08
  ],
  [
    1665270000000,
    0.95
  ],
  [
    1665356400000,
    1.053
  ],
  [
    1665702000000,
    1.01
  ],
  [
    1665788400000,
    0.9
  ],
  [
    1665874800000,
    0.947
  ],
  [
    1666134000000,
    0.81
  ],
  [
    1666220400000,
    0.794
  ],
  [
    1666306800000,
    0.813
  ],
  [
    1666652400000,
    0.95
  ],
  [
    1666998000000,
    0.933
  ],
  [
    1667084400000,
    0.73
  ],
  [
    1667174400000,
    0.952
  ],
  [
    1667260800000,
    0.78
  ],
  [
    1667347200000,
    0.78
  ],
  [
    1667779200000,
    0.839
  ],
  [
    1667952000000,
    0.847
  ],
  [
    1668038400000,
    0.814
  ],
  [
    1668124800000,
    0.852
  ],
  [
    1668211200000,
    0.852
  ],
  [
    1668470400000,
    1
  ],
  [
    1668556800000,
    1.012
  ],
  [
    1668643200000,
    1.232
  ],
  [
    1668729600000,
    1.279
  ],
  [
    1668816000000,
    1.383
  ],
  [
    1668902400000,
    1.04
  ],
  [
    1669075200000,
    1.04
  ],
  [
    1669161600000,
    1.06
  ],
  [
    1669420800000,
    1.086
  ],
  [
    1669593600000,
    1.391
  ],
  [
    1670112000000,
    1.139
  ],
  [
    1670630400000,
    1.157
  ],
  [
    1670803200000,
    1.278
  ],
  [
    1671062400000,
    1.137
  ],
  [
    1671148800000,
    1.165
  ],
  [
    1671235200000,
    1.312
  ],
  [
    1671408000000,
    1.305
  ],
  [
    1671494400000,
    1.137
  ],
  [
    1671667200000,
    0.94
  ],
  [
    1671753600000,
    1.208
  ],
  [
    1672012800000,
    0.976
  ],
  [
    1672099200000,
    0.825
  ],
  [
    1672272000000,
    0.932
  ],
  [
    1672704000000,
    0.93
  ],
  [
    1672790400000,
    1.038
  ],
  [
    1672876800000,
    1.1
  ],
  [
    1673308800000,
    0.46
  ],
  [
    1673568000000,
    0.879
  ],
  [
    1673827200000,
    1.058
  ],
  [
    1674086400000,
    1.071
  ],
  [
    1674172800000,
    1.077
  ],
  [
    1674259200000,
    0.89
  ],
  [
    1674345600000,
    1.195
  ],
  [
    1674432000000,
    1.253
  ],
  [
    1674518400000,
    1.169
  ],
  [
    1674604800000,
    1.328
  ],
  [
    1674691200000,
    1.357
  ],
  [
    1674864000000,
    1.357
  ],
  [
    1675209600000,
    1.221
  ],
  [
    1675555200000,
    1.403
  ],
  [
    1675641600000,
    1.138
  ],
  [
    1675728000000,
    1.644
  ],
  [
    1675987200000,
    1.512
  ],
  [
    1676073600000,
    1.382
  ],
  [
    1676160000000,
    1.6
  ],
  [
    1676332800000,
    1.605
  ],
  [
    1676592000000,
    1.703
  ],
  [
    1676764800000,
    1.439
  ],
  [
    1676851200000,
    1.79
  ],
  [
    1676937600000,
    1.434
  ],
  [
    1677024000000,
    1.089
  ],
  [
    1677110400000,
    1.344
  ],
  [
    1677369600000,
    1.249
  ],
  [
    1677456000000,
    1.46
  ],
  [
    1677974400000,
    1.554
  ],
  [
    1678060800000,
    1.485
  ],
  [
    1678147200000,
    1.2
  ],
  [
    1678752000000,
    1.463
  ],
  [
    1678838400000,
    1.084
  ],
  [
    1679011200000,
    1.353
  ],
  [
    1679443200000,
    1.272
  ],
  [
    1679702400000,
    1.357
  ],
  [
    1679788800000,
    1.047
  ],
  [
    1679871600000,
    1.322
  ],
  [
    1679958000000,
    1.44
  ],
  [
    1680044400000,
    1.488
  ],
  [
    1680217200000,
    1.604
  ],
  [
    1680303600000,
    1.32
  ],
  [
    1680390000000,
    1.35
  ],
  [
    1680476400000,
    1.357
  ],
  [
    1680735600000,
    1.4
  ],
  [
    1680822000000,
    1.63
  ],
  [
    1680908400000,
    1.489
  ],
  [
    1680994800000,
    1.012
  ],
  [
    1681254000000,
    0.984
  ],
  [
    1681340400000,
    1.414
  ],
  [
    1681513200000,
    1.276
  ],
  [
    1681599600000,
    1.495
  ],
  [
    1681772400000,
    1.222
  ],
  [
    1681858800000,
    1.368
  ],
  [
    1682031600000,
    1.516
  ],
  [
    1682290800000,
    1.388
  ],
  [
    1682377200000,
    1.149
  ],
  [
    1682463600000,
    1.484
  ],
  [
    1682636400000,
    0.946
  ],
  [
    1682722800000,
    1.15
  ],
  [
    1683414000000,
    1.098
  ],
  [
    1683673200000,
    1.313
  ],
  [
    1683932400000,
    1.284
  ],
  [
    1684191600000,
    1.267
  ],
  [
    1684278000000,
    1.493
  ],
  [
    1684364400000,
    1.536
  ],
  [
    1684537200000,
    1.558
  ],
  [
    1684623600000,
    1.601
  ],
  [
    1684710000000,
    1.29
  ],
  [
    1684969200000,
    1.6
  ],
  [
    1685142000000,
    0.976
  ],
  [
    1685314800000,
    1.24
  ],
  [
    1685487600000,
    1.37
  ],
  [
    1685574000000,
    1.618
  ],
  [
    1686178800000,
    1.677
  ],
  [
    1686265200000,
    1.87
  ],
  [
    1686524400000,
    1.677
  ],
  [
    1686697200000,
    1.798
  ],
  [
    1686870000000,
    1.881
  ],
  [
    1687042800000,
    2.126
  ],
  [
    1687129200000,
    2.15
  ],
  [
    1687215600000,
    1.953
  ],
  [
    1687388400000,
    1.321
  ],
  [
    1687474800000,
    0.989
  ],
  [
    1687561200000,
    2.075
  ],
  [
    1687734000000,
    2.048
  ],
  [
    1687906800000,
    1.65
  ],
  [
    1687993200000,
    1.81
  ],
  [
    1688079600000,
    1.81
  ],
  [
    1688338800000,
    1.967
  ],
  [
    1688425200000,
    1.963
  ],
  [
    1688770800000,
    1.069
  ],
  [
    1688943600000,
    1.211
  ],
  [
    1689116400000,
    1.322
  ],
  [
    1689202800000,
    1.315
  ],
  [
    1689289200000,
    1.22
  ],
  [
    1689375600000,
    1.17
  ],
  [
    1689634800000,
    1.172
  ],
  [
    1689807600000,
    1.403
  ],
  [
    1689894000000,
    1.426
  ],
  [
    1690239600000,
    1.382
  ],
  [
    1690326000000,
    1.397
  ],
  [
    1690498800000,
    1.408
  ],
  [
    1690585200000,
    1.417
  ],
  [
    1690671600000,
    1.361
  ],
  [
    1690758000000,
    1.265
  ],
  [
    1690930800000,
    1.4
  ],
  [
    1691103600000,
    1.3
  ],
  [
    1691362800000,
    1.271
  ],
  [
    1691449200000,
    1.62
  ],
  [
    1692054000000,
    1.09
  ],
  [
    1692140400000,
    1.123
  ],
  [
    1692313200000,
    0.85
  ],
  [
    1692399600000,
    1.05
  ],
  [
    1692486000000,
    1.097
  ],
  [
    1692572400000,
    1.252
  ],
  [
    1692918000000,
    1.253
  ],
  [
    1693090800000,
    1.242
  ],
  [
    1693177200000,
    0.898
  ],
  [
    1693609200000,
    0.978
  ],
  [
    1693954800000,
    0.953
  ],
  [
    1694041200000,
    1.207
  ],
  [
    1694214000000,
    1.15
  ],
  [
    1694300400000,
    1.197
  ],
  [
    1694473200000,
    1.22
  ],
  [
    1694559600000,
    1.275
  ],
  [
    1694646000000,
    1.285
  ],
  [
    1694732400000,
    1.425
  ],
  [
    1694905200000,
    1.593
  ],
  [
    1694991600000,
    1.609
  ],
  [
    1695164400000,
    1.568
  ],
  [
    1695510000000,
    1.12
  ],
  [
    1695682800000,
    1.23
  ],
  [
    1695769200000,
    1.23
  ],
  [
    1695942000000,
    1.198
  ],
  [
    1696028400000,
    1.09
  ],
  [
    1696114800000,
    1.156
  ],
  [
    1696201200000,
    1.307
  ],
  [
    1696633200000,
    1.571
  ],
  [
    1696719600000,
    1.61
  ],
  [
    1696892400000,
    1.493
  ],
  [
    1696978800000,
    1.579
  ],
  [
    1697151600000,
    1.274
  ],
  [
    1697410800000,
    1.486
  ],
  [
    1697670000000,
    1.41
  ],
  [
    1697756400000,
    1.501
  ],
  [
    1697842800000,
    1.41
  ],
  [
    1697929200000,
    1.38
  ],
  [
    1698015600000,
    1.525
  ],
  [
    1698102000000,
    1.506
  ],
  [
    1698274800000,
    1.441
  ],
  [
    1698361200000,
    1.465
  ],
  [
    1698534000000,
    1.58
  ],
  [
    1698883200000,
    1.49
  ],
  [
    1699142400000,
    1.604
  ],
  [
    1699228800000,
    1.477
  ],
  [
    1699315200000,
    1.49
  ],
  [
    1699488000000,
    1.275
  ],
  [
    1699747200000,
    1.343
  ],
  [
    1700092800000,
    1.761
  ],
  [
    1700524800000,
    1.281
  ],
  [
    1700697600000,
    1.526
  ],
  [
    1701302400000,
    1.23
  ],
  [
    1701388800000,
    1.269
  ],
  [
    1701475200000,
    1.27
  ],
  [
    1701561600000,
    1.369
  ],
  [
    1701648000000,
    1.366
  ],
  [
    1701734400000,
    1.43
  ],
  [
    1701820800000,
    1.605
  ],
  [
    1701907200000,
    1.64
  ],
  [
    1701993600000,
    1.598
  ],
  [
    1702339200000,
    1.745
  ],
  [
    1702425600000,
    1.545
  ],
  [
    1702512000000,
    1.855
  ],
  [
    1702771200000,
    2.085
  ],
  [
    1702857600000,
    2.38
  ],
  [
    1703030400000,
    1.91
  ],
  [
    1703203200000,
    2.065
  ],
  [
    1703376000000,
    2.13
  ],
  [
    1703548800000,
    2.18
  ],
  [
    1703635200000,
    2.54
  ],
  [
    1703721600000,
    2.55
  ],
  [
    1703894400000,
    2
  ],
  [
    1704326400000,
    2.195
  ],
  [
    1704412800000,
    2.37
  ],
  [
    1704758400000,
    1.95
  ],
  [
    1704844800000,
    2.182
  ],
  [
    1705449600000,
    2.533
  ],
  [
    1705536000000,
    2.539
  ],
  [
    1706486400000,
    1.98
  ],
  [
    1706918400000,
    2.403
  ],
  [
    1707350400000,
    2.083
  ],
  [
    1707696000000,
    1.756
  ],
  [
    1707782400000,
    1.846
  ],
  [
    1707955200000,
    1.086
  ],
  [
    1708041600000,
    3.591
  ],
  [
    1708128000000,
    2.151
  ],
  [
    1708300800000,
    2.261
  ],
  [
    1708387200000,
    2.076
  ],
  [
    1708473600000,
    1.888
  ],
  [
    1708646400000,
    1.978
  ],
  [
    1708819200000,
    2.092
  ],
  [
    1708905600000,
    1.579
  ],
  [
    1708992000000,
    1.85
  ],
  [
    1709078400000,
    2.034
  ],
  [
    1709164800000,
    2.213
  ],
  [
    1709337600000,
    2.211
  ],
  [
    1709424000000,
    1.87
  ],
  [
    1709596800000,
    2.56
  ],
  [
    1709942400000,
    2.169
  ],
  [
    1710201600000,
    2.179
  ],
  [
    1710460800000,
    2.22
  ],
  [
    1711065600000,
    2.2
  ],
  [
    1711152000000,
    2.208
  ],
  [
    1711238400000,
    2.35
  ],
  [
    1711497600000,
    2.554
  ],
  [
    1711756800000,
    2.3
  ],
  [
    1711926000000,
    2.5
  ],
  [
    1712012400000,
    1.961
  ],
  [
    1712358000000,
    2.604
  ],
  [
    1712444400000,
    1.98
  ],
  [
    1712876400000,
    2.738
  ],
  [
    1713049200000,
    2.689
  ],
  [
    1713222000000,
    2.35
  ],
  [
    1713308400000,
    2.283
  ],
  [
    1713740400000,
    1.92
  ],
  [
    1714172400000,
    1.963
  ],
  [
    1714777200000,
    1.74
  ],
  [
    1714863600000,
    2.081
  ],
  [
    1714950000000,
    2.39
  ],
  [
    1715036400000,
    2.93
  ],
  [
    1715382000000,
    2.783
  ],
  [
    1715641200000,
    2.93
  ],
  [
    1715727600000,
    2.95
  ],
  [
    1715986800000,
    3.25
  ],
  [
    1716246000000,
    3.35
  ],
  [
    1716451200000,
    2.78
  ],
  [
    1716494400000,
    2.82
  ],
  [
    1716732000000,
    3.34
  ],
  [
    1717232400000,
    3.19
  ],
  [
    1717250400000,
    3.1
  ],
  [
    1718722800000,
    2.54
  ]
]