[
  [
    1379631600000,
    0.612
  ],
  [
    1379718000000,
    0.246
  ],
  [
    1379804400000,
    0.179
  ],
  [
    1379890800000,
    0.189
  ],
  [
    1379977200000,
    0.162
  ],
  [
    1380063600000,
    0.184
  ],
  [
    1380150000000,
    0.192
  ],
  [
    1380236400000,
    0.218
  ],
  [
    1380322800000,
    0.161
  ],
  [
    1380409200000,
    0.116
  ],
  [
    1380495600000,
    0.118
  ],
  [
    1380582000000,
    0.214
  ],
  [
    1380668400000,
    0.084
  ],
  [
    1380754800000,
    0.103
  ],
  [
    1380841200000,
    0.106
  ],
  [
    1380927600000,
    0.134
  ],
  [
    1381014000000,
    0.072
  ],
  [
    1381100400000,
    0.084
  ],
  [
    1381186800000,
    0.09
  ],
  [
    1381273200000,
    0.08
  ],
  [
    1381359600000,
    0.078
  ],
  [
    1381446000000,
    0.087
  ],
  [
    1381532400000,
    0.08
  ],
  [
    1381618800000,
    0.085
  ],
  [
    1381705200000,
    0.081
  ],
  [
    1381791600000,
    0.08
  ],
  [
    1381878000000,
    0.066
  ],
  [
    1381964400000,
    0.077
  ],
  [
    1382050800000,
    0.086
  ],
  [
    1382137200000,
    0.059
  ],
  [
    1382223600000,
    0.071
  ],
  [
    1382310000000,
    0.058
  ],
  [
    1382396400000,
    0.052
  ],
  [
    1382482800000,
    0.054
  ],
  [
    1382569200000,
    0.056
  ],
  [
    1382655600000,
    0.063
  ],
  [
    1382742000000,
    0.072
  ],
  [
    1382828400000,
    0.065
  ],
  [
    1382918400000,
    0.056
  ],
  [
    1383004800000,
    0.058
  ],
  [
    1383091200000,
    0.05
  ],
  [
    1383177600000,
    0.058
  ],
  [
    1383264000000,
    0.054
  ],
  [
    1383350400000,
    0.062
  ],
  [
    1383436800000,
    0.055
  ],
  [
    1383523200000,
    0.045
  ],
  [
    1383609600000,
    0.045
  ],
  [
    1383696000000,
    0.044
  ],
  [
    1383782400000,
    0.047
  ],
  [
    1383868800000,
    0.044
  ],
  [
    1383955200000,
    0.037
  ],
  [
    1384041600000,
    0.032
  ],
  [
    1384128000000,
    0.039
  ],
  [
    1384214400000,
    0.032
  ],
  [
    1384300800000,
    0.927
  ],
  [
    1384387200000,
    0.03
  ],
  [
    1384473600000,
    0.034
  ],
  [
    1384560000000,
    0.042
  ],
  [
    1384646400000,
    0.063
  ],
  [
    1384732800000,
    0.03
  ],
  [
    1384819200000,
    0.03
  ],
  [
    1384905600000,
    0.035
  ],
  [
    1384992000000,
    0.044
  ],
  [
    1385078400000,
    0.03
  ],
  [
    1385164800000,
    0.038
  ],
  [
    1385251200000,
    0.03
  ],
  [
    1385337600000,
    0.03
  ],
  [
    1385424000000,
    0.03
  ],
  [
    1385510400000,
    0.03
  ],
  [
    1385596800000,
    0.03
  ],
  [
    1385683200000,
    0.035
  ],
  [
    1385769600000,
    0.033
  ],
  [
    1385856000000,
    0.03
  ],
  [
    1385942400000,
    0.03
  ],
  [
    1386028800000,
    0.036
  ],
  [
    1386115200000,
    0.03
  ],
  [
    1386201600000,
    0.03
  ],
  [
    1386288000000,
    0.031
  ],
  [
    1386374400000,
    0.03
  ],
  [
    1386460800000,
    0.03
  ],
  [
    1386547200000,
    0.03
  ],
  [
    1386633600000,
    0.032
  ],
  [
    1386720000000,
    0.034
  ],
  [
    1386806400000,
    0.03
  ],
  [
    1386892800000,
    0.03
  ],
  [
    1386979200000,
    0.03
  ],
  [
    1387065600000,
    0.03
  ],
  [
    1387152000000,
    0.032
  ],
  [
    1387238400000,
    0.03
  ],
  [
    1387324800000,
    0.03
  ],
  [
    1387411200000,
    0.03
  ],
  [
    1387497600000,
    0.03
  ],
  [
    1387584000000,
    0.03
  ],
  [
    1387670400000,
    0.03
  ],
  [
    1387756800000,
    0.033
  ],
  [
    1387843200000,
    0.03
  ],
  [
    1387929600000,
    0.03
  ],
  [
    1388016000000,
    0.03
  ],
  [
    1388102400000,
    0.03
  ],
  [
    1388188800000,
    0.033
  ],
  [
    1388275200000,
    0.031
  ],
  [
    1388361600000,
    0.036
  ],
  [
    1388448000000,
    0.034
  ],
  [
    1388534400000,
    0.03
  ],
  [
    1388620800000,
    0.03
  ],
  [
    1388707200000,
    0.031
  ],
  [
    1388793600000,
    0.03
  ],
  [
    1388880000000,
    0.075
  ],
  [
    1388966400000,
    0.03
  ],
  [
    1389052800000,
    0.03
  ],
  [
    1389139200000,
    0.03
  ],
  [
    1389225600000,
    0.031
  ],
  [
    1389312000000,
    0.032
  ],
  [
    1389398400000,
    0.037
  ],
  [
    1389484800000,
    0.03
  ],
  [
    1389571200000,
    0.03
  ],
  [
    1389657600000,
    0.031
  ],
  [
    1389744000000,
    0.03
  ],
  [
    1389830400000,
    0.031
  ],
  [
    1389916800000,
    0.03
  ],
  [
    1390003200000,
    0.03
  ],
  [
    1390089600000,
    0.03
  ],
  [
    1390176000000,
    0.03
  ],
  [
    1390262400000,
    0.03
  ],
  [
    1390348800000,
    0.03
  ],
  [
    1390435200000,
    0.03
  ],
  [
    1390521600000,
    0.03
  ],
  [
    1390608000000,
    0.03
  ],
  [
    1390694400000,
    0.03
  ],
  [
    1390780800000,
    0.03
  ],
  [
    1390867200000,
    0.03
  ],
  [
    1390953600000,
    0.03
  ],
  [
    1391040000000,
    0.03
  ],
  [
    1391126400000,
    0.03
  ],
  [
    1391212800000,
    0.03
  ],
  [
    1391299200000,
    0.032
  ],
  [
    1391385600000,
    0.03
  ],
  [
    1391472000000,
    0.03
  ],
  [
    1391558400000,
    0.03
  ],
  [
    1391644800000,
    0.03
  ],
  [
    1391731200000,
    0.03
  ],
  [
    1391817600000,
    0.03
  ],
  [
    1391904000000,
    0.03
  ],
  [
    1391990400000,
    0.03
  ],
  [
    1392076800000,
    0.03
  ],
  [
    1392163200000,
    0.03
  ],
  [
    1392249600000,
    0.03
  ],
  [
    1392336000000,
    0.03
  ],
  [
    1392422400000,
    0.03
  ],
  [
    1392508800000,
    0.03
  ],
  [
    1392595200000,
    0.03
  ],
  [
    1392681600000,
    0.03
  ],
  [
    1392768000000,
    0.03
  ],
  [
    1392854400000,
    0.03
  ],
  [
    1392940800000,
    0.03
  ],
  [
    1393027200000,
    0.03
  ],
  [
    1393113600000,
    0.03
  ],
  [
    1393200000000,
    0.03
  ],
  [
    1393286400000,
    0.03
  ],
  [
    1393372800000,
    0.03
  ],
  [
    1393459200000,
    0.03
  ],
  [
    1393545600000,
    0.03
  ],
  [
    1393632000000,
    0.03
  ],
  [
    1393718400000,
    0.03
  ],
  [
    1393804800000,
    0.03
  ],
  [
    1393891200000,
    0.03
  ],
  [
    1393977600000,
    0.03
  ],
  [
    1394064000000,
    0.03
  ],
  [
    1394150400000,
    0.03
  ],
  [
    1394236800000,
    0.03
  ],
  [
    1394323200000,
    0.03
  ],
  [
    1394409600000,
    0.03
  ],
  [
    1394496000000,
    0.03
  ],
  [
    1394582400000,
    0.03
  ],
  [
    1394668800000,
    0.03
  ],
  [
    1394755200000,
    0.03
  ],
  [
    1394841600000,
    0.03
  ],
  [
    1394928000000,
    0.124
  ],
  [
    1395014400000,
    0.03
  ],
  [
    1395100800000,
    0.03
  ],
  [
    1395187200000,
    0.03
  ],
  [
    1395273600000,
    0.03
  ],
  [
    1395360000000,
    0.03
  ],
  [
    1395446400000,
    0.03
  ],
  [
    1395532800000,
    0.03
  ],
  [
    1395619200000,
    0.03
  ],
  [
    1395705600000,
    0.03
  ],
  [
    1395792000000,
    0.03
  ],
  [
    1395878400000,
    0.03
  ],
  [
    1395964800000,
    0.03
  ],
  [
    1396051200000,
    0.03
  ],
  [
    1396137600000,
    0.03
  ],
  [
    1396220400000,
    0.03
  ],
  [
    1396306800000,
    0.03
  ],
  [
    1396393200000,
    0.03
  ],
  [
    1396479600000,
    0.03
  ],
  [
    1396566000000,
    0.03
  ],
  [
    1396652400000,
    0.03
  ],
  [
    1396738800000,
    0.083
  ],
  [
    1396825200000,
    0.03
  ],
  [
    1396911600000,
    0.03
  ],
  [
    1396998000000,
    0.031
  ],
  [
    1397084400000,
    0.03
  ],
  [
    1397170800000,
    0.03
  ],
  [
    1397257200000,
    0.03
  ],
  [
    1397343600000,
    0.03
  ],
  [
    1397430000000,
    0.03
  ],
  [
    1397516400000,
    0.03
  ],
  [
    1397602800000,
    0.03
  ],
  [
    1397689200000,
    0.03
  ],
  [
    1397775600000,
    0.03
  ],
  [
    1397862000000,
    0.03
  ],
  [
    1397948400000,
    0.03
  ],
  [
    1398034800000,
    0.03
  ],
  [
    1398121200000,
    0.03
  ],
  [
    1398207600000,
    0.03
  ],
  [
    1398294000000,
    0.171
  ],
  [
    1398380400000,
    0.03
  ],
  [
    1398466800000,
    0.03
  ],
  [
    1398553200000,
    0.031
  ],
  [
    1398639600000,
    0.03
  ],
  [
    1398726000000,
    0.03
  ],
  [
    1398812400000,
    0.03
  ],
  [
    1398898800000,
    0.03
  ],
  [
    1398985200000,
    0.033
  ],
  [
    1399071600000,
    0.03
  ],
  [
    1399158000000,
    0.03
  ],
  [
    1399244400000,
    0.03
  ],
  [
    1399330800000,
    0.039
  ],
  [
    1399417200000,
    0.03
  ],
  [
    1399503600000,
    0.03
  ],
  [
    1399590000000,
    0.03
  ],
  [
    1399676400000,
    0.031
  ],
  [
    1399762800000,
    0.03
  ],
  [
    1399849200000,
    0.03
  ],
  [
    1399935600000,
    0.03
  ],
  [
    1400022000000,
    0.03
  ],
  [
    1400108400000,
    0.043
  ],
  [
    1400194800000,
    0.037
  ],
  [
    1400281200000,
    0.032
  ],
  [
    1400367600000,
    0.11
  ],
  [
    1400454000000,
    0.037
  ],
  [
    1400540400000,
    0.03
  ],
  [
    1400626800000,
    0.04
  ],
  [
    1400713200000,
    0.036
  ],
  [
    1400799600000,
    0.042
  ],
  [
    1400886000000,
    0.044
  ],
  [
    1400972400000,
    0.032
  ],
  [
    1401058800000,
    0.03
  ],
  [
    1401145200000,
    0.03
  ],
  [
    1401231600000,
    0.032
  ],
  [
    1401318000000,
    0.035
  ],
  [
    1401404400000,
    0.03
  ],
  [
    1401490800000,
    0.03
  ],
  [
    1401577200000,
    0.032
  ],
  [
    1401663600000,
    0.334
  ],
  [
    1401750000000,
    0.03
  ],
  [
    1401836400000,
    0.03
  ],
  [
    1401922800000,
    0.03
  ],
  [
    1402009200000,
    0.03
  ],
  [
    1402095600000,
    0.03
  ],
  [
    1402182000000,
    0.034
  ],
  [
    1402268400000,
    0.03
  ],
  [
    1402354800000,
    0.033
  ],
  [
    1402441200000,
    0.03
  ],
  [
    1402527600000,
    0.031
  ],
  [
    1402614000000,
    0.03
  ],
  [
    1402700400000,
    0.03
  ],
  [
    1402786800000,
    0.032
  ],
  [
    1402873200000,
    0.032
  ],
  [
    1402959600000,
    0.03
  ],
  [
    1403046000000,
    0.031
  ],
  [
    1403132400000,
    0.03
  ],
  [
    1403218800000,
    0.03
  ],
  [
    1403305200000,
    0.347
  ],
  [
    1403391600000,
    0.03
  ],
  [
    1403478000000,
    0.03
  ],
  [
    1403564400000,
    0.03
  ],
  [
    1403650800000,
    0.03
  ],
  [
    1403737200000,
    0.03
  ],
  [
    1403823600000,
    0.03
  ],
  [
    1403910000000,
    0.03
  ],
  [
    1403996400000,
    0.261
  ],
  [
    1404082800000,
    0.032
  ],
  [
    1404169200000,
    0.03
  ],
  [
    1404255600000,
    0.03
  ],
  [
    1404342000000,
    0.091
  ],
  [
    1404428400000,
    0.035
  ],
  [
    1404514800000,
    0.03
  ],
  [
    1404601200000,
    0.03
  ],
  [
    1404687600000,
    0.033
  ],
  [
    1404774000000,
    0.03
  ],
  [
    1404860400000,
    0.03
  ],
  [
    1404946800000,
    0.034
  ],
  [
    1405033200000,
    0.039
  ],
  [
    1405119600000,
    0.03
  ],
  [
    1405206000000,
    0.039
  ],
  [
    1405292400000,
    0.03
  ],
  [
    1405378800000,
    0.034
  ],
  [
    1405465200000,
    0.042
  ],
  [
    1405551600000,
    0.033
  ],
  [
    1405638000000,
    0.044
  ],
  [
    1405724400000,
    0.03
  ],
  [
    1405810800000,
    0.035
  ],
  [
    1405897200000,
    0.033
  ],
  [
    1405983600000,
    0.036
  ],
  [
    1406070000000,
    0.031
  ],
  [
    1406156400000,
    0.038
  ],
  [
    1406242800000,
    0.03
  ],
  [
    1406329200000,
    0.042
  ],
  [
    1406415600000,
    0.032
  ],
  [
    1406502000000,
    0.031
  ],
  [
    1406588400000,
    0.032
  ],
  [
    1406674800000,
    0.036
  ],
  [
    1406761200000,
    0.033
  ],
  [
    1406847600000,
    0.03
  ],
  [
    1406934000000,
    0.067
  ],
  [
    1407020400000,
    0.036
  ],
  [
    1407106800000,
    0.03
  ],
  [
    1407193200000,
    0.035
  ],
  [
    1407279600000,
    0.036
  ],
  [
    1407366000000,
    0.045
  ],
  [
    1407452400000,
    0.042
  ],
  [
    1407538800000,
    0.039
  ],
  [
    1407625200000,
    0.038
  ],
  [
    1407711600000,
    0.043
  ],
  [
    1407798000000,
    0.038
  ],
  [
    1407884400000,
    0.055
  ],
  [
    1407970800000,
    0.042
  ],
  [
    1408057200000,
    0.038
  ],
  [
    1408143600000,
    0.044
  ],
  [
    1408230000000,
    0.044
  ],
  [
    1408316400000,
    0.071
  ],
  [
    1408402800000,
    0.043
  ],
  [
    1408489200000,
    0.039
  ],
  [
    1408575600000,
    0.076
  ],
  [
    1408662000000,
    0.041
  ],
  [
    1408748400000,
    0.044
  ],
  [
    1408834800000,
    0.04
  ],
  [
    1408921200000,
    0.042
  ],
  [
    1409007600000,
    0.031
  ],
  [
    1409094000000,
    0.039
  ],
  [
    1409180400000,
    0.04
  ],
  [
    1409266800000,
    0.036
  ],
  [
    1409353200000,
    0.03
  ],
  [
    1409439600000,
    0.043
  ],
  [
    1409526000000,
    0.03
  ],
  [
    1409612400000,
    0.039
  ],
  [
    1409698800000,
    0.037
  ],
  [
    1409785200000,
    0.041
  ],
  [
    1409871600000,
    0.037
  ],
  [
    1409958000000,
    0.053
  ],
  [
    1410044400000,
    0.052
  ],
  [
    1410130800000,
    0.047
  ],
  [
    1410217200000,
    0.045
  ],
  [
    1410303600000,
    0.043
  ],
  [
    1410390000000,
    0.049
  ],
  [
    1410476400000,
    0.048
  ],
  [
    1410562800000,
    0.037
  ],
  [
    1410649200000,
    0.052
  ],
  [
    1410735600000,
    0.049
  ],
  [
    1410822000000,
    0.054
  ],
  [
    1410908400000,
    0.047
  ],
  [
    1410994800000,
    0.044
  ],
  [
    1411081200000,
    0.038
  ],
  [
    1411167600000,
    0.043
  ],
  [
    1411254000000,
    0.056
  ],
  [
    1411340400000,
    0.06
  ],
  [
    1411426800000,
    0.043
  ],
  [
    1411513200000,
    0.066
  ],
  [
    1411599600000,
    0.057
  ],
  [
    1411686000000,
    0.059
  ],
  [
    1411772400000,
    0.059
  ],
  [
    1411858800000,
    0.054
  ],
  [
    1411945200000,
    0.049
  ],
  [
    1412031600000,
    0.056
  ],
  [
    1412118000000,
    0.051
  ],
  [
    1412204400000,
    0.06
  ],
  [
    1412290800000,
    0.046
  ],
  [
    1412377200000,
    0.057
  ],
  [
    1412463600000,
    0.053
  ],
  [
    1412550000000,
    0.056
  ],
  [
    1412636400000,
    0.06
  ],
  [
    1412722800000,
    0.046
  ],
  [
    1412809200000,
    0.061
  ],
  [
    1412895600000,
    0.05
  ],
  [
    1412982000000,
    0.054
  ],
  [
    1413068400000,
    0.068
  ],
  [
    1413154800000,
    0.056
  ],
  [
    1413241200000,
    0.059
  ],
  [
    1413327600000,
    0.04
  ],
  [
    1413414000000,
    0.046
  ],
  [
    1413500400000,
    0.058
  ],
  [
    1413586800000,
    0.059
  ],
  [
    1413673200000,
    0.047
  ],
  [
    1413759600000,
    0.066
  ],
  [
    1413846000000,
    0.075
  ],
  [
    1413932400000,
    0.071
  ],
  [
    1414018800000,
    0.051
  ],
  [
    1414105200000,
    0.046
  ],
  [
    1414191600000,
    0.052
  ],
  [
    1414278000000,
    0.048
  ],
  [
    1414368000000,
    0.057
  ],
  [
    1414454400000,
    0.045
  ],
  [
    1414540800000,
    0.044
  ],
  [
    1414627200000,
    0.058
  ],
  [
    1414713600000,
    0.055
  ],
  [
    1414800000000,
    0.062
  ],
  [
    1414886400000,
    0.066
  ],
  [
    1414972800000,
    0.044
  ],
  [
    1415059200000,
    0.049
  ],
  [
    1415145600000,
    0.066
  ],
  [
    1415232000000,
    0.068
  ],
  [
    1415318400000,
    0.056
  ],
  [
    1415404800000,
    0.055
  ],
  [
    1415491200000,
    0.06
  ],
  [
    1415577600000,
    0.061
  ],
  [
    1415664000000,
    0.061
  ],
  [
    1415750400000,
    0.056
  ],
  [
    1415836800000,
    0.045
  ],
  [
    1415923200000,
    0.067
  ],
  [
    1416009600000,
    0.059
  ],
  [
    1416096000000,
    0.065
  ],
  [
    1416182400000,
    0.054
  ],
  [
    1416268800000,
    0.06
  ],
  [
    1416355200000,
    0.049
  ],
  [
    1416441600000,
    0.062
  ],
  [
    1416528000000,
    0.044
  ],
  [
    1416614400000,
    0.064
  ],
  [
    1416700800000,
    0.054
  ],
  [
    1416787200000,
    0.052
  ],
  [
    1416873600000,
    0.053
  ],
  [
    1416960000000,
    0.107
  ],
  [
    1417046400000,
    0.052
  ],
  [
    1417132800000,
    0.054
  ],
  [
    1417219200000,
    0.076
  ],
  [
    1417305600000,
    0.03
  ],
  [
    1417392000000,
    0.052
  ],
  [
    1417478400000,
    0.056
  ],
  [
    1417564800000,
    0.062
  ],
  [
    1417651200000,
    0.053
  ],
  [
    1417737600000,
    0.056
  ],
  [
    1417824000000,
    0.06
  ],
  [
    1417910400000,
    0.065
  ],
  [
    1417996800000,
    0.062
  ],
  [
    1418083200000,
    0.061
  ],
  [
    1418169600000,
    0.061
  ],
  [
    1418256000000,
    0.055
  ],
  [
    1418342400000,
    0.048
  ],
  [
    1418428800000,
    0.062
  ],
  [
    1418515200000,
    0.061
  ],
  [
    1418601600000,
    0.065
  ],
  [
    1418688000000,
    0.053
  ],
  [
    1418774400000,
    0.069
  ],
  [
    1418860800000,
    0.067
  ],
  [
    1418947200000,
    0.06
  ],
  [
    1419033600000,
    0.052
  ],
  [
    1419120000000,
    0.05
  ],
  [
    1419206400000,
    0.045
  ],
  [
    1419292800000,
    0.051
  ],
  [
    1419379200000,
    0.06
  ],
  [
    1419465600000,
    0.047
  ],
  [
    1419552000000,
    0.048
  ],
  [
    1419638400000,
    0.058
  ],
  [
    1419724800000,
    0.061
  ],
  [
    1419811200000,
    0.066
  ],
  [
    1419897600000,
    0.053
  ],
  [
    1419984000000,
    0.056
  ],
  [
    1420070400000,
    0.059
  ],
  [
    1420156800000,
    0.069
  ],
  [
    1420243200000,
    0.073
  ],
  [
    1420329600000,
    0.078
  ],
  [
    1420416000000,
    0.08
  ],
  [
    1420502400000,
    0.06
  ],
  [
    1420588800000,
    0.073
  ],
  [
    1420675200000,
    0.077
  ],
  [
    1420761600000,
    0.084
  ],
  [
    1420848000000,
    0.079
  ],
  [
    1420934400000,
    0.089
  ],
  [
    1421020800000,
    0.09
  ],
  [
    1421107200000,
    0.08
  ],
  [
    1421193600000,
    0.063
  ],
  [
    1421280000000,
    0.064
  ],
  [
    1421366400000,
    0.066
  ],
  [
    1421452800000,
    0.069
  ],
  [
    1421539200000,
    0.08
  ],
  [
    1421625600000,
    0.078
  ],
  [
    1421712000000,
    0.073
  ],
  [
    1421798400000,
    0.073
  ],
  [
    1421884800000,
    0.07
  ],
  [
    1421971200000,
    0.069
  ],
  [
    1422057600000,
    0.077
  ],
  [
    1422144000000,
    0.078
  ],
  [
    1422230400000,
    0.085
  ],
  [
    1422316800000,
    0.087
  ],
  [
    1422403200000,
    0.089
  ],
  [
    1422489600000,
    0.061
  ],
  [
    1422576000000,
    0.088
  ],
  [
    1422662400000,
    0.084
  ],
  [
    1422748800000,
    0.096
  ],
  [
    1422835200000,
    0.11
  ],
  [
    1422921600000,
    0.121
  ],
  [
    1423008000000,
    0.111
  ],
  [
    1423094400000,
    0.105
  ],
  [
    1423180800000,
    0.1
  ],
  [
    1423267200000,
    0.617
  ],
  [
    1423353600000,
    0.397
  ],
  [
    1423440000000,
    0.453
  ],
  [
    1423526400000,
    0.224
  ],
  [
    1423612800000,
    0.124
  ],
  [
    1423699200000,
    0.106
  ],
  [
    1423785600000,
    0.093
  ],
  [
    1423872000000,
    1.411
  ],
  [
    1423958400000,
    0.109
  ],
  [
    1424044800000,
    0.122
  ],
  [
    1424131200000,
    0.302
  ],
  [
    1424217600000,
    0.087
  ],
  [
    1424304000000,
    0.089
  ],
  [
    1424390400000,
    0.086
  ],
  [
    1424476800000,
    0.1
  ],
  [
    1424563200000,
    0.12
  ],
  [
    1424649600000,
    0.1
  ],
  [
    1424736000000,
    0.613
  ],
  [
    1424822400000,
    0.238
  ],
  [
    1424908800000,
    0.266
  ],
  [
    1424995200000,
    1.864
  ],
  [
    1425081600000,
    1.13
  ],
  [
    1425168000000,
    1.812
  ],
  [
    1425254400000,
    0.134
  ],
  [
    1425340800000,
    0.104
  ],
  [
    1425427200000,
    0.103
  ],
  [
    1425513600000,
    0.102
  ],
  [
    1425600000000,
    0.107
  ],
  [
    1425686400000,
    0.12
  ],
  [
    1425772800000,
    0.104
  ],
  [
    1425859200000,
    0.097
  ],
  [
    1425945600000,
    0.115
  ],
  [
    1426032000000,
    0.161
  ],
  [
    1426118400000,
    0.16
  ],
  [
    1426204800000,
    0.145
  ],
  [
    1426291200000,
    0.123
  ],
  [
    1426377600000,
    0.125
  ],
  [
    1426464000000,
    0.105
  ],
  [
    1426550400000,
    0.084
  ],
  [
    1426636800000,
    0.088
  ],
  [
    1426723200000,
    0.103
  ],
  [
    1426809600000,
    0.121
  ],
  [
    1426896000000,
    0.106
  ],
  [
    1426982400000,
    0.103
  ],
  [
    1427068800000,
    0.092
  ],
  [
    1427155200000,
    0.106
  ],
  [
    1427241600000,
    0.104
  ],
  [
    1427328000000,
    0.117
  ],
  [
    1427414400000,
    0.126
  ],
  [
    1427500800000,
    0.117
  ],
  [
    1427587200000,
    0.095
  ],
  [
    1427670000000,
    0.119
  ],
  [
    1427756400000,
    0.109
  ],
  [
    1427842800000,
    1.992
  ],
  [
    1427929200000,
    0.834
  ],
  [
    1428015600000,
    0.12
  ],
  [
    1428102000000,
    0.209
  ],
  [
    1428188400000,
    0.12
  ],
  [
    1428274800000,
    0.135
  ],
  [
    1428361200000,
    0.143
  ],
  [
    1428447600000,
    0.45
  ],
  [
    1428534000000,
    0.132
  ],
  [
    1428620400000,
    0.584
  ],
  [
    1428706800000,
    0.161
  ],
  [
    1428793200000,
    0.559
  ],
  [
    1428879600000,
    1.275
  ],
  [
    1428966000000,
    0.146
  ],
  [
    1429052400000,
    0.231
  ],
  [
    1429138800000,
    0.322
  ],
  [
    1429225200000,
    0.332
  ],
  [
    1429311600000,
    0.249
  ],
  [
    1429398000000,
    0.216
  ],
  [
    1429484400000,
    0.182
  ],
  [
    1429570800000,
    0.14
  ],
  [
    1429657200000,
    0.131
  ],
  [
    1429743600000,
    0.134
  ],
  [
    1429830000000,
    0.296
  ],
  [
    1429916400000,
    0.129
  ],
  [
    1430002800000,
    0.126
  ],
  [
    1430089200000,
    0.119
  ],
  [
    1430175600000,
    0.13
  ],
  [
    1430262000000,
    0.126
  ],
  [
    1430348400000,
    0.13
  ],
  [
    1430434800000,
    0.145
  ],
  [
    1430521200000,
    0.141
  ],
  [
    1430607600000,
    0.193
  ],
  [
    1430694000000,
    0.194
  ],
  [
    1430780400000,
    0.216
  ],
  [
    1430866800000,
    0.156
  ],
  [
    1430953200000,
    0.159
  ],
  [
    1431039600000,
    0.158
  ],
  [
    1431126000000,
    0.147
  ],
  [
    1431212400000,
    0.156
  ],
  [
    1431298800000,
    0.148
  ],
  [
    1431385200000,
    0.151
  ],
  [
    1431471600000,
    0.131
  ],
  [
    1431558000000,
    0.171
  ],
  [
    1431644400000,
    0.171
  ],
  [
    1431730800000,
    0.178
  ],
  [
    1431817200000,
    0.167
  ],
  [
    1431903600000,
    0.139
  ],
  [
    1431990000000,
    0.131
  ],
  [
    1432076400000,
    0.133
  ],
  [
    1432162800000,
    0.138
  ],
  [
    1432249200000,
    0.145
  ],
  [
    1432335600000,
    0.14
  ],
  [
    1432422000000,
    0.152
  ],
  [
    1432508400000,
    0.15
  ],
  [
    1432594800000,
    0.156
  ],
  [
    1432681200000,
    0.111
  ],
  [
    1432767600000,
    0.601
  ],
  [
    1432854000000,
    0.689
  ],
  [
    1432940400000,
    0.111
  ],
  [
    1433026800000,
    0.125
  ],
  [
    1433113200000,
    0.136
  ],
  [
    1433199600000,
    0.13
  ],
  [
    1433286000000,
    0.113
  ],
  [
    1433372400000,
    0.133
  ],
  [
    1433458800000,
    0.128
  ],
  [
    1433545200000,
    0.11
  ],
  [
    1433631600000,
    0.127
  ],
  [
    1433718000000,
    0.125
  ],
  [
    1433804400000,
    0.131
  ],
  [
    1433890800000,
    0.136
  ],
  [
    1433977200000,
    0.103
  ],
  [
    1434063600000,
    0.103
  ],
  [
    1434150000000,
    0.113
  ],
  [
    1434236400000,
    0.095
  ],
  [
    1434322800000,
    0.081
  ],
  [
    1434409200000,
    0.099
  ],
  [
    1434495600000,
    0.122
  ],
  [
    1434582000000,
    0.118
  ],
  [
    1434668400000,
    1.276
  ],
  [
    1434754800000,
    0.108
  ],
  [
    1434841200000,
    0.092
  ],
  [
    1434927600000,
    0.101
  ],
  [
    1435014000000,
    0.1
  ],
  [
    1435100400000,
    0.127
  ],
  [
    1435186800000,
    0.115
  ],
  [
    1435273200000,
    0.12
  ],
  [
    1435359600000,
    0.115
  ],
  [
    1435446000000,
    0.268
  ],
  [
    1435532400000,
    0.635
  ],
  [
    1435618800000,
    0.58
  ],
  [
    1435705200000,
    0.456
  ],
  [
    1435791600000,
    0.255
  ],
  [
    1435878000000,
    0.203
  ],
  [
    1435964400000,
    0.178
  ],
  [
    1436050800000,
    0.378
  ],
  [
    1436137200000,
    0.15
  ],
  [
    1436223600000,
    0.122
  ],
  [
    1436310000000,
    0.113
  ],
  [
    1436396400000,
    0.127
  ],
  [
    1436482800000,
    0.131
  ],
  [
    1436569200000,
    0.139
  ],
  [
    1436655600000,
    0.159
  ],
  [
    1436742000000,
    0.16
  ],
  [
    1436828400000,
    0.172
  ],
  [
    1436914800000,
    0.151
  ],
  [
    1437001200000,
    0.157
  ],
  [
    1437087600000,
    0.139
  ],
  [
    1437174000000,
    0.155
  ],
  [
    1437260400000,
    0.161
  ],
  [
    1437346800000,
    0.155
  ],
  [
    1437433200000,
    0.165
  ],
  [
    1437519600000,
    0.165
  ],
  [
    1437606000000,
    0.151
  ],
  [
    1437692400000,
    0.16
  ],
  [
    1437778800000,
    0.158
  ],
  [
    1437865200000,
    0.175
  ],
  [
    1437951600000,
    0.157
  ],
  [
    1438038000000,
    0.152
  ],
  [
    1438124400000,
    3.508
  ],
  [
    1438297200000,
    0.31
  ],
  [
    1438383600000,
    0.246
  ],
  [
    1438470000000,
    0.253
  ],
  [
    1438556400000,
    0.155
  ],
  [
    1438642800000,
    0.152
  ],
  [
    1438729200000,
    0.158
  ],
  [
    1438815600000,
    0.141
  ],
  [
    1438902000000,
    0.162
  ],
  [
    1438988400000,
    0.19
  ],
  [
    1439074800000,
    0.144
  ],
  [
    1439161200000,
    0.166
  ],
  [
    1439247600000,
    0.178
  ],
  [
    1439334000000,
    0.176
  ],
  [
    1439420400000,
    0.206
  ],
  [
    1439506800000,
    0.177
  ],
  [
    1439593200000,
    0.214
  ],
  [
    1439679600000,
    0.166
  ],
  [
    1439766000000,
    0.19
  ],
  [
    1439852400000,
    0.193
  ],
  [
    1439938800000,
    0.116
  ],
  [
    1440025200000,
    0.106
  ],
  [
    1440111600000,
    0.171
  ],
  [
    1440198000000,
    0.157
  ],
  [
    1440284400000,
    0.1
  ],
  [
    1440370800000,
    0.141
  ],
  [
    1440457200000,
    0.156
  ],
  [
    1440543600000,
    0.151
  ],
  [
    1440630000000,
    0.15
  ],
  [
    1440716400000,
    0.145
  ],
  [
    1440802800000,
    0.179
  ],
  [
    1440889200000,
    0.189
  ],
  [
    1440975600000,
    0.201
  ],
  [
    1441062000000,
    0.239
  ],
  [
    1441148400000,
    0.215
  ],
  [
    1441234800000,
    0.247
  ],
  [
    1441321200000,
    0.317
  ],
  [
    1441407600000,
    0.315
  ],
  [
    1441494000000,
    0.296
  ],
  [
    1441580400000,
    0.359
  ],
  [
    1441666800000,
    0.294
  ],
  [
    1441753200000,
    0.142
  ],
  [
    1441839600000,
    0.234
  ],
  [
    1441926000000,
    0.236
  ],
  [
    1442012400000,
    0.244
  ],
  [
    1442098800000,
    0.274
  ],
  [
    1442185200000,
    0.273
  ],
  [
    1442271600000,
    0.264
  ],
  [
    1442358000000,
    0.267
  ],
  [
    1442444400000,
    0.238
  ],
  [
    1442530800000,
    0.24
  ],
  [
    1442617200000,
    0.301
  ],
  [
    1442703600000,
    0.289
  ],
  [
    1442790000000,
    0.303
  ],
  [
    1442876400000,
    0.254
  ],
  [
    1442962800000,
    0.251
  ],
  [
    1443049200000,
    0.27
  ],
  [
    1443135600000,
    0.278
  ],
  [
    1443222000000,
    0.295
  ],
  [
    1443308400000,
    0.281
  ],
  [
    1443394800000,
    0.26
  ],
  [
    1443481200000,
    0.238
  ],
  [
    1443567600000,
    0.258
  ],
  [
    1443654000000,
    0.209
  ],
  [
    1443740400000,
    0.271
  ],
  [
    1443826800000,
    0.303
  ],
  [
    1443913200000,
    0.212
  ],
  [
    1443999600000,
    0.23
  ],
  [
    1444086000000,
    0.272
  ],
  [
    1444172400000,
    0.223
  ],
  [
    1444258800000,
    0.243
  ],
  [
    1444345200000,
    0.259
  ],
  [
    1444431600000,
    0.276
  ],
  [
    1444518000000,
    0.279
  ],
  [
    1444604400000,
    0.235
  ],
  [
    1444690800000,
    0.275
  ],
  [
    1444777200000,
    0.261
  ],
  [
    1444863600000,
    0.249
  ],
  [
    1444950000000,
    0.243
  ],
  [
    1445036400000,
    0.239
  ],
  [
    1445122800000,
    0.222
  ],
  [
    1445209200000,
    0.181
  ],
  [
    1445295600000,
    0.234
  ],
  [
    1445382000000,
    0.272
  ],
  [
    1445468400000,
    0.217
  ],
  [
    1445554800000,
    0.211
  ],
  [
    1445641200000,
    0.19
  ],
  [
    1445727600000,
    0.219
  ],
  [
    1445817600000,
    0.251
  ],
  [
    1445904000000,
    0.215
  ],
  [
    1445990400000,
    0.218
  ],
  [
    1446076800000,
    0.223
  ],
  [
    1446163200000,
    0.5
  ],
  [
    1446249600000,
    0.211
  ],
  [
    1446336000000,
    0.165
  ],
  [
    1446422400000,
    0.158
  ],
  [
    1446508800000,
    0.164
  ],
  [
    1446595200000,
    0.161
  ],
  [
    1446681600000,
    0.194
  ],
  [
    1446768000000,
    0.192
  ],
  [
    1446854400000,
    0.205
  ],
  [
    1446940800000,
    0.198
  ],
  [
    1447027200000,
    0.172
  ],
  [
    1447113600000,
    0.228
  ],
  [
    1447200000000,
    0.217
  ],
  [
    1447286400000,
    0.24
  ],
  [
    1447372800000,
    0.297
  ],
  [
    1447459200000,
    0.3
  ],
  [
    1447545600000,
    0.322
  ],
  [
    1447632000000,
    0.325
  ],
  [
    1447718400000,
    0.32
  ],
  [
    1447804800000,
    0.31
  ],
  [
    1447891200000,
    0.24
  ],
  [
    1447977600000,
    0.239
  ],
  [
    1448064000000,
    0.311
  ],
  [
    1448150400000,
    0.274
  ],
  [
    1448236800000,
    0.248
  ],
  [
    1448323200000,
    0.266
  ],
  [
    1448409600000,
    0.275
  ],
  [
    1448496000000,
    0.226
  ],
  [
    1448582400000,
    0.184
  ],
  [
    1448668800000,
    0.231
  ],
  [
    1448755200000,
    0.208
  ],
  [
    1448841600000,
    0.206
  ],
  [
    1448928000000,
    0.221
  ],
  [
    1449014400000,
    0.214
  ],
  [
    1449100800000,
    0.202
  ],
  [
    1449187200000,
    0.232
  ],
  [
    1449273600000,
    0.246
  ],
  [
    1449360000000,
    0.276
  ],
  [
    1449446400000,
    0.197
  ],
  [
    1449532800000,
    0.298
  ],
  [
    1449619200000,
    0.287
  ],
  [
    1449705600000,
    0.279
  ],
  [
    1449792000000,
    0.263
  ],
  [
    1449878400000,
    0.294
  ],
  [
    1449964800000,
    0.242
  ],
  [
    1450051200000,
    0.275
  ],
  [
    1450137600000,
    0.291
  ],
  [
    1450224000000,
    0.336
  ],
  [
    1450310400000,
    0.379
  ],
  [
    1450483200000,
    0.319
  ],
  [
    1450569600000,
    0.29
  ],
  [
    1450656000000,
    0.228
  ],
  [
    1450742400000,
    0.284
  ],
  [
    1450828800000,
    0.263
  ],
  [
    1450915200000,
    0.097
  ],
  [
    1451001600000,
    0.252
  ],
  [
    1451088000000,
    0.321
  ],
  [
    1451174400000,
    0.229
  ],
  [
    1451260800000,
    0.269
  ],
  [
    1451347200000,
    0.267
  ],
  [
    1451433600000,
    0.201
  ],
  [
    1451520000000,
    0.229
  ],
  [
    1451606400000,
    0.239
  ],
  [
    1451692800000,
    0.281
  ],
  [
    1451779200000,
    0.233
  ],
  [
    1451865600000,
    0.2
  ],
  [
    1451952000000,
    0.206
  ],
  [
    1452038400000,
    7.887
  ],
  [
    1452124800000,
    0.225
  ],
  [
    1452211200000,
    0.243
  ],
  [
    1452297600000,
    0.288
  ],
  [
    1452384000000,
    13.717
  ],
  [
    1452470400000,
    0.305
  ],
  [
    1452556800000,
    0.349
  ],
  [
    1452643200000,
    0.368
  ],
  [
    1452729600000,
    0.331
  ],
  [
    1452816000000,
    0.279
  ],
  [
    1452902400000,
    0.269
  ],
  [
    1452988800000,
    0.293
  ],
  [
    1453075200000,
    0.264
  ],
  [
    1453161600000,
    0.35
  ],
  [
    1453334400000,
    0.26
  ],
  [
    1453420800000,
    0.263
  ],
  [
    1453507200000,
    0.281
  ],
  [
    1453593600000,
    0.348
  ],
  [
    1453680000000,
    0.365
  ],
  [
    1453852800000,
    0.31
  ],
  [
    1453939200000,
    0.391
  ],
  [
    1454025600000,
    0.417
  ],
  [
    1454112000000,
    0.336
  ],
  [
    1454198400000,
    0.36
  ],
  [
    1454371200000,
    0.302
  ],
  [
    1454457600000,
    0.357
  ],
  [
    1454544000000,
    0.337
  ],
  [
    1454630400000,
    0.36
  ],
  [
    1454716800000,
    0.356
  ],
  [
    1454803200000,
    0.39
  ],
  [
    1454889600000,
    0.371
  ],
  [
    1454976000000,
    0.361
  ],
  [
    1455062400000,
    0.393
  ],
  [
    1455148800000,
    0.356
  ],
  [
    1455235200000,
    0.324
  ],
  [
    1455408000000,
    0.351
  ],
  [
    1455494400000,
    0.35
  ],
  [
    1455580800000,
    0.337
  ],
  [
    1455667200000,
    0.337
  ],
  [
    1455753600000,
    0.28
  ],
  [
    1455840000000,
    0.288
  ],
  [
    1455926400000,
    0.318
  ],
  [
    1456012800000,
    1.39
  ],
  [
    1456099200000,
    0.313
  ],
  [
    1456185600000,
    1.093
  ],
  [
    1456272000000,
    0.327
  ],
  [
    1456358400000,
    0.326
  ],
  [
    1456444800000,
    0.324
  ],
  [
    1456531200000,
    0.343
  ],
  [
    1456617600000,
    0.341
  ],
  [
    1456704000000,
    0.312
  ],
  [
    1456790400000,
    0.305
  ],
  [
    1456876800000,
    0.3
  ],
  [
    1456963200000,
    0.294
  ],
  [
    1457049600000,
    0.3
  ],
  [
    1457136000000,
    2.794
  ],
  [
    1457222400000,
    0.33
  ],
  [
    1457308800000,
    0.282
  ],
  [
    1457395200000,
    1.563
  ],
  [
    1457481600000,
    0.326
  ],
  [
    1457568000000,
    0.306
  ],
  [
    1457654400000,
    0.32
  ],
  [
    1457740800000,
    0.32
  ],
  [
    1457827200000,
    0.315
  ],
  [
    1457913600000,
    0.38
  ],
  [
    1458000000000,
    1.123
  ],
  [
    1458086400000,
    24.72
  ],
  [
    1458172800000,
    2.201
  ],
  [
    1458259200000,
    5.363
  ],
  [
    1458345600000,
    3.452
  ],
  [
    1458432000000,
    14.076
  ],
  [
    1458518400000,
    6.223
  ],
  [
    1458604800000,
    9.301
  ],
  [
    1458691200000,
    7.882
  ],
  [
    1458777600000,
    2.283
  ],
  [
    1458864000000,
    2.797
  ],
  [
    1458950400000,
    2.767
  ],
  [
    1459036800000,
    1.01
  ],
  [
    1459119600000,
    2.473
  ],
  [
    1459206000000,
    1.952
  ],
  [
    1459292400000,
    1.324
  ],
  [
    1459378800000,
    1.644
  ],
  [
    1459465200000,
    1.394
  ],
  [
    1459551600000,
    1.15
  ],
  [
    1459638000000,
    1.003
  ],
  [
    1459724400000,
    0.744
  ],
  [
    1459810800000,
    0.746
  ],
  [
    1459897200000,
    0.758
  ],
  [
    1459983600000,
    0.811
  ],
  [
    1460070000000,
    0.682
  ],
  [
    1460156400000,
    0.652
  ],
  [
    1460242800000,
    1.148
  ],
  [
    1460329200000,
    1.264
  ],
  [
    1460415600000,
    0.926
  ],
  [
    1460502000000,
    1.157
  ],
  [
    1460588400000,
    0.994
  ],
  [
    1460674800000,
    0.731
  ],
  [
    1460761200000,
    0.773
  ],
  [
    1460847600000,
    0.724
  ],
  [
    1460934000000,
    0.746
  ],
  [
    1461020400000,
    0.51
  ],
  [
    1461106800000,
    0.84
  ],
  [
    1461193200000,
    0.779
  ],
  [
    1461279600000,
    0.681
  ],
  [
    1461366000000,
    0.71
  ],
  [
    1461452400000,
    0.734
  ],
  [
    1461538800000,
    0.783
  ],
  [
    1461711600000,
    0.838
  ],
  [
    1461798000000,
    0.82
  ],
  [
    1461884400000,
    0.836
  ],
  [
    1461970800000,
    0.806
  ],
  [
    1462057200000,
    0.86
  ],
  [
    1462143600000,
    0.838
  ],
  [
    1462230000000,
    0.86
  ],
  [
    1462316400000,
    0.861
  ],
  [
    1462402800000,
    0.682
  ],
  [
    1462489200000,
    0.701
  ],
  [
    1462575600000,
    0.746
  ],
  [
    1462662000000,
    0.669
  ],
  [
    1462748400000,
    0.643
  ],
  [
    1462834800000,
    0.578
  ],
  [
    1462921200000,
    0.762
  ],
  [
    1463094000000,
    0.745
  ],
  [
    1463180400000,
    0.609
  ],
  [
    1463266800000,
    0.734
  ],
  [
    1463353200000,
    0.662
  ],
  [
    1463439600000,
    0.618
  ],
  [
    1463526000000,
    0.552
  ],
  [
    1463612400000,
    0.558
  ],
  [
    1463698800000,
    0.295
  ],
  [
    1463785200000,
    0.423
  ],
  [
    1463871600000,
    0.337
  ],
  [
    1464044400000,
    0.358
  ],
  [
    1464130800000,
    0.378
  ],
  [
    1464217200000,
    0.346
  ],
  [
    1464303600000,
    0.308
  ],
  [
    1464390000000,
    0.228
  ],
  [
    1464476400000,
    0.245
  ],
  [
    1464562800000,
    0.298
  ],
  [
    1464649200000,
    0.279
  ],
  [
    1464735600000,
    0.275
  ],
  [
    1464822000000,
    0.284
  ],
  [
    1464908400000,
    0.32
  ],
  [
    1464994800000,
    0.285
  ],
  [
    1465167600000,
    0.249
  ],
  [
    1465254000000,
    0.237
  ],
  [
    1465340400000,
    0.274
  ],
  [
    1465513200000,
    0.249
  ],
  [
    1465599600000,
    0.314
  ],
  [
    1465686000000,
    0.378
  ],
  [
    1465772400000,
    0.443
  ],
  [
    1465858800000,
    0.484
  ],
  [
    1465945200000,
    0.405
  ],
  [
    1466031600000,
    0.376
  ],
  [
    1466118000000,
    0.43
  ],
  [
    1466204400000,
    0.538
  ],
  [
    1466290800000,
    0.477
  ],
  [
    1466377200000,
    0.415
  ],
  [
    1466463600000,
    0.311
  ],
  [
    1466550000000,
    0.246
  ],
  [
    1466636400000,
    0.221
  ],
  [
    1466722800000,
    0.291
  ],
  [
    1466809200000,
    0.239
  ],
  [
    1466895600000,
    0.239
  ],
  [
    1466982000000,
    0.225
  ],
  [
    1467068400000,
    0.235
  ],
  [
    1467154800000,
    0.228
  ],
  [
    1467241200000,
    0.226
  ],
  [
    1467327600000,
    0.242
  ],
  [
    1467414000000,
    0.278
  ],
  [
    1467500400000,
    0.242
  ],
  [
    1467586800000,
    0.276
  ],
  [
    1467673200000,
    0.521
  ],
  [
    1467759600000,
    0.478
  ],
  [
    1467846000000,
    0.344
  ],
  [
    1468191600000,
    0.462
  ],
  [
    1468278000000,
    0.47
  ],
  [
    1468364400000,
    0.797
  ],
  [
    1468450800000,
    0.534
  ],
  [
    1468537200000,
    0.612
  ],
  [
    1468623600000,
    0.385
  ],
  [
    1469055600000,
    0.471
  ],
  [
    1469314800000,
    0.33
  ],
  [
    1469401200000,
    0.268
  ],
  [
    1469487600000,
    0.304
  ],
  [
    1469660400000,
    0.24
  ],
  [
    1469833200000,
    0.298
  ],
  [
    1469919600000,
    0.271
  ],
  [
    1470006000000,
    0.289
  ],
  [
    1470092400000,
    0.32
  ],
  [
    1470265200000,
    0.347
  ],
  [
    1470438000000,
    0.4
  ],
  [
    1470524400000,
    0.354
  ],
  [
    1470783600000,
    0.302
  ],
  [
    1470870000000,
    0.346
  ],
  [
    1471042800000,
    0.348
  ],
  [
    1471215600000,
    0.256
  ],
  [
    1471302000000,
    0.29
  ],
  [
    1471474800000,
    0.312
  ],
  [
    1471561200000,
    0.209
  ],
  [
    1471647600000,
    0.259
  ],
  [
    1471820400000,
    0.283
  ],
  [
    1471993200000,
    0.18
  ],
  [
    1472079600000,
    0.27
  ],
  [
    1472166000000,
    0.226
  ],
  [
    1472252400000,
    0.248
  ],
  [
    1472338800000,
    0.271
  ],
  [
    1472511600000,
    0.314
  ],
  [
    1472598000000,
    0.312
  ],
  [
    1472684400000,
    0.34
  ],
  [
    1472857200000,
    0.325
  ],
  [
    1472943600000,
    0.34
  ],
  [
    1473030000000,
    0.352
  ],
  [
    1473116400000,
    0.358
  ],
  [
    1473202800000,
    0.308
  ],
  [
    1473289200000,
    0.39
  ],
  [
    1473462000000,
    0.382
  ],
  [
    1473548400000,
    0.399
  ],
  [
    1473634800000,
    0.505
  ],
  [
    1473807600000,
    0.32
  ],
  [
    1473894000000,
    0.38
  ],
  [
    1473980400000,
    0.35
  ],
  [
    1474066800000,
    0.38
  ],
  [
    1474153200000,
    0.372
  ],
  [
    1474412400000,
    0.346
  ],
  [
    1474498800000,
    0.379
  ],
  [
    1474671600000,
    0.364
  ],
  [
    1474758000000,
    0.686
  ],
  [
    1474930800000,
    0.403
  ],
  [
    1475190000000,
    0.33
  ],
  [
    1475449200000,
    0.34
  ],
  [
    1475622000000,
    0.31
  ],
  [
    1475708400000,
    0.279
  ],
  [
    1475794800000,
    0.29
  ],
  [
    1475881200000,
    0.305
  ],
  [
    1476054000000,
    0.375
  ],
  [
    1476140400000,
    0.424
  ],
  [
    1476313200000,
    0.419
  ],
  [
    1476399600000,
    0.406
  ],
  [
    1476486000000,
    0.532
  ],
  [
    1476572400000,
    0.606
  ],
  [
    1476745200000,
    0.605
  ],
  [
    1476831600000,
    0.603
  ],
  [
    1477004400000,
    0.569
  ],
  [
    1477090800000,
    0.49
  ],
  [
    1477177200000,
    0.441
  ],
  [
    1477263600000,
    0.544
  ],
  [
    1477350000000,
    0.544
  ],
  [
    1477522800000,
    0.665
  ],
  [
    1477609200000,
    0.647
  ],
  [
    1477695600000,
    0.74
  ],
  [
    1477782000000,
    0.65
  ],
  [
    1478044800000,
    0.688
  ],
  [
    1478217600000,
    0.781
  ],
  [
    1478304000000,
    0.729
  ],
  [
    1478476800000,
    1.248
  ],
  [
    1478649600000,
    0.833
  ],
  [
    1478736000000,
    0.726
  ],
  [
    1478822400000,
    0.827
  ],
  [
    1478908800000,
    0.8
  ],
  [
    1478995200000,
    0.804
  ],
  [
    1479081600000,
    0.707
  ],
  [
    1479254400000,
    0.807
  ],
  [
    1479427200000,
    0.828
  ],
  [
    1479513600000,
    0.694
  ],
  [
    1479600000000,
    0.64
  ],
  [
    1479859200000,
    0.906
  ],
  [
    1480032000000,
    0.92
  ],
  [
    1480118400000,
    0.805
  ],
  [
    1480204800000,
    0.689
  ],
  [
    1480377600000,
    0.792
  ],
  [
    1480636800000,
    0.696
  ],
  [
    1480723200000,
    0.861
  ],
  [
    1480896000000,
    0.787
  ],
  [
    1480982400000,
    0.64
  ],
  [
    1481068800000,
    0.64
  ],
  [
    1481241600000,
    0.774
  ],
  [
    1481500800000,
    0.95
  ],
  [
    1481587200000,
    0.71
  ],
  [
    1481760000000,
    2.95
  ],
  [
    1481846400000,
    2.3
  ],
  [
    1481932800000,
    3.05
  ],
  [
    1482019200000,
    4.75
  ],
  [
    1482105600000,
    5.65
  ],
  [
    1482278400000,
    2.1
  ],
  [
    1482451200000,
    0.04
  ],
  [
    1482624000000,
    0.03
  ],
  [
    1482710400000,
    1.102
  ],
  [
    1482796800000,
    1.308
  ],
  [
    1482969600000,
    1.219
  ],
  [
    1483315200000,
    1.053
  ],
  [
    1483401600000,
    1.094
  ],
  [
    1483488000000,
    1.37
  ],
  [
    1483574400000,
    0.982
  ],
  [
    1483660800000,
    1.074
  ],
  [
    1484006400000,
    1.052
  ],
  [
    1484092800000,
    0.57
  ],
  [
    1484697600000,
    0.583
  ],
  [
    1485129600000,
    0.883
  ],
  [
    1485216000000,
    0.568
  ],
  [
    1485388800000,
    0.86
  ],
  [
    1485648000000,
    0.655
  ],
  [
    1485820800000,
    0.851
  ],
  [
    1486166400000,
    0.796
  ],
  [
    1486252800000,
    0.85
  ],
  [
    1486339200000,
    0.805
  ],
  [
    1486944000000,
    0.619
  ],
  [
    1487116800000,
    0.802
  ],
  [
    1487462400000,
    0.873
  ],
  [
    1487808000000,
    0.08
  ],
  [
    1487980800000,
    0.625
  ],
  [
    1488067200000,
    0.7
  ],
  [
    1488153600000,
    0.8
  ],
  [
    1488412800000,
    0.794
  ],
  [
    1488585600000,
    0.758
  ],
  [
    1488758400000,
    0.443
  ],
  [
    1489190400000,
    0.72
  ],
  [
    1489276800000,
    0.64
  ],
  [
    1489363200000,
    0.569
  ],
  [
    1489449600000,
    0.64
  ],
  [
    1489536000000,
    0.648
  ],
  [
    1489622400000,
    0.658
  ],
  [
    1489708800000,
    0.74
  ],
  [
    1489881600000,
    0.751
  ],
  [
    1489968000000,
    0.74
  ],
  [
    1490227200000,
    0.541
  ],
  [
    1490400000000,
    0.654
  ],
  [
    1490486400000,
    0.345
  ],
  [
    1490569200000,
    0.702
  ],
  [
    1490742000000,
    0.759
  ],
  [
    1490828400000,
    0.726
  ],
  [
    1490914800000,
    0.499
  ],
  [
    1491001200000,
    0.651
  ],
  [
    1491174000000,
    0.552
  ],
  [
    1491346800000,
    0.756
  ],
  [
    1491433200000,
    0.711
  ],
  [
    1491519600000,
    0.618
  ],
  [
    1491606000000,
    0.818
  ],
  [
    1491951600000,
    0.869
  ],
  [
    1492038000000,
    1.002
  ],
  [
    1492124400000,
    1.035
  ],
  [
    1492210800000,
    1.009
  ],
  [
    1492470000000,
    1.132
  ],
  [
    1492556400000,
    0.786
  ],
  [
    1492642800000,
    1.29
  ],
  [
    1492729200000,
    1.069
  ],
  [
    1492902000000,
    1.117
  ],
  [
    1492988400000,
    1.144
  ],
  [
    1493334000000,
    1.132
  ],
  [
    1493420400000,
    1.183
  ],
  [
    1493506800000,
    1.181
  ],
  [
    1493593200000,
    1.254
  ],
  [
    1493679600000,
    1.287
  ],
  [
    1493766000000,
    1.253
  ],
  [
    1494025200000,
    1.261
  ],
  [
    1494111600000,
    1.201
  ],
  [
    1494198000000,
    1.261
  ],
  [
    1494284400000,
    1.131
  ],
  [
    1494370800000,
    1.196
  ],
  [
    1494457200000,
    1.282
  ],
  [
    1494716400000,
    1.308
  ],
  [
    1494802800000,
    1.31
  ],
  [
    1494975600000,
    1.39
  ],
  [
    1495234800000,
    1.508
  ],
  [
    1495494000000,
    1.817
  ],
  [
    1495580400000,
    0.759
  ],
  [
    1495666800000,
    1.231
  ],
  [
    1495753200000,
    1.281
  ],
  [
    1495839600000,
    1.29
  ],
  [
    1496012400000,
    1.228
  ],
  [
    1496444400000,
    1.339
  ],
  [
    1496530800000,
    1.035
  ],
  [
    1496617200000,
    1.125
  ],
  [
    1496790000000,
    1.231
  ],
  [
    1496876400000,
    1.34
  ],
  [
    1497308400000,
    1.231
  ],
  [
    1497394800000,
    0.921
  ],
  [
    1497567600000,
    1.209
  ],
  [
    1497654000000,
    1.284
  ],
  [
    1498258800000,
    1.116
  ],
  [
    1498345200000,
    1.459
  ],
  [
    1498431600000,
    1.496
  ],
  [
    1499122800000,
    0.955
  ],
  [
    1499209200000,
    1.454
  ],
  [
    1499295600000,
    1.504
  ],
  [
    1499554800000,
    1.32
  ],
  [
    1499641200000,
    1.468
  ],
  [
    1499814000000,
    0.897
  ],
  [
    1499986800000,
    1.722
  ],
  [
    1500764400000,
    0.97
  ],
  [
    1501023600000,
    1.298
  ],
  [
    1501110000000,
    1.036
  ],
  [
    1501282800000,
    1.49
  ],
  [
    1501369200000,
    1.499
  ],
  [
    1501455600000,
    1.36
  ],
  [
    1501628400000,
    1.506
  ],
  [
    1501887600000,
    1.36
  ],
  [
    1502060400000,
    1.703
  ],
  [
    1502319600000,
    1.625
  ],
  [
    1502492400000,
    1.18
  ],
  [
    1502665200000,
    1.982
  ],
  [
    1502751600000,
    1.048
  ],
  [
    1503270000000,
    1.924
  ],
  [
    1503356400000,
    1.954
  ],
  [
    1503529200000,
    2.192
  ],
  [
    1503702000000,
    1.628
  ],
  [
    1503788400000,
    1.12
  ],
  [
    1503961200000,
    1.57
  ],
  [
    1504134000000,
    1.101
  ],
  [
    1504393200000,
    1.094
  ],
  [
    1504479600000,
    0.907
  ],
  [
    1504566000000,
    1.415
  ],
  [
    1504911600000,
    2.02
  ],
  [
    1505084400000,
    1.841
  ],
  [
    1505343600000,
    1.291
  ],
  [
    1505430000000,
    1.339
  ],
  [
    1505602800000,
    1.367
  ],
  [
    1505948400000,
    1.042
  ],
  [
    1506034800000,
    1.436
  ],
  [
    1506121200000,
    1.04
  ],
  [
    1506207600000,
    1.224
  ],
  [
    1506466800000,
    0.914
  ],
  [
    1507071600000,
    0.917
  ],
  [
    1507503600000,
    0.666
  ],
  [
    1507676400000,
    0.828
  ],
  [
    1507762800000,
    0.828
  ],
  [
    1507935600000,
    0.781
  ],
  [
    1508108400000,
    0.817
  ],
  [
    1508281200000,
    0.908
  ],
  [
    1508367600000,
    0.623
  ],
  [
    1508540400000,
    0.448
  ],
  [
    1508799600000,
    0.994
  ],
  [
    1509231600000,
    0.579
  ],
  [
    1509494400000,
    0.58
  ],
  [
    1509840000000,
    0.687
  ],
  [
    1510185600000,
    0.603
  ],
  [
    1510444800000,
    0.629
  ],
  [
    1510531200000,
    0.582
  ],
  [
    1510704000000,
    1.945
  ],
  [
    1510963200000,
    0.672
  ],
  [
    1511049600000,
    0.697
  ],
  [
    1511308800000,
    0.811
  ],
  [
    1511568000000,
    0.893
  ],
  [
    1511827200000,
    0.848
  ],
  [
    1512777600000,
    0.599
  ],
  [
    1512864000000,
    0.643
  ],
  [
    1512950400000,
    0.624
  ],
  [
    1513036800000,
    0.812
  ],
  [
    1513209600000,
    0.902
  ],
  [
    1513555200000,
    0.872
  ],
  [
    1513641600000,
    0.88
  ],
  [
    1513814400000,
    0.272
  ],
  [
    1514160000000,
    0.853
  ],
  [
    1514246400000,
    0.851
  ],
  [
    1514332800000,
    0.883
  ],
  [
    1514678400000,
    0.805
  ],
  [
    1514764800000,
    0.732
  ],
  [
    1514937600000,
    0.682
  ],
  [
    1515110400000,
    0.832
  ],
  [
    1515369600000,
    0.759
  ],
  [
    1515715200000,
    0.456
  ],
  [
    1516060800000,
    0.692
  ],
  [
    1516233600000,
    0.71
  ],
  [
    1516320000000,
    0.697
  ],
  [
    1516838400000,
    0.705
  ],
  [
    1516924800000,
    0.794
  ],
  [
    1517097600000,
    0.856
  ],
  [
    1517270400000,
    0.864
  ],
  [
    1517529600000,
    0.705
  ],
  [
    1517961600000,
    0.637
  ],
  [
    1518393600000,
    0.675
  ],
  [
    1518480000000,
    0.57
  ],
  [
    1518652800000,
    0.636
  ],
  [
    1518739200000,
    0.8
  ],
  [
    1518825600000,
    0.792
  ],
  [
    1518912000000,
    1.032
  ],
  [
    1518998400000,
    0.953
  ],
  [
    1519171200000,
    1.258
  ],
  [
    1519257600000,
    0.998
  ],
  [
    1519344000000,
    1.847
  ],
  [
    1519603200000,
    0.77
  ],
  [
    1519689600000,
    1.34
  ],
  [
    1519862400000,
    0.281
  ],
  [
    1519948800000,
    1.484
  ],
  [
    1520035200000,
    1.772
  ],
  [
    1520208000000,
    0.492
  ],
  [
    1520294400000,
    1.344
  ],
  [
    1520467200000,
    1.012
  ],
  [
    1520640000000,
    1.241
  ],
  [
    1520812800000,
    1.011
  ],
  [
    1520899200000,
    1.001
  ],
  [
    1520985600000,
    1.2
  ],
  [
    1521244800000,
    1
  ],
  [
    1521331200000,
    1.046
  ],
  [
    1521763200000,
    0.72
  ],
  [
    1521849600000,
    0.967
  ],
  [
    1521936000000,
    0.55
  ],
  [
    1522105200000,
    0.443
  ],
  [
    1522278000000,
    0.89
  ],
  [
    1522364400000,
    0.517
  ],
  [
    1522537200000,
    0.912
  ],
  [
    1522710000000,
    0.595
  ],
  [
    1522796400000,
    0.5
  ],
  [
    1523142000000,
    0.49
  ],
  [
    1523228400000,
    0.416
  ],
  [
    1523314800000,
    0.512
  ],
  [
    1523401200000,
    0.759
  ],
  [
    1523487600000,
    0.652
  ],
  [
    1523660400000,
    0.912
  ],
  [
    1523746800000,
    0.525
  ],
  [
    1523833200000,
    1.034
  ],
  [
    1523919600000,
    0.968
  ],
  [
    1524006000000,
    0.907
  ],
  [
    1524524400000,
    1.223
  ],
  [
    1525129200000,
    0.89
  ],
  [
    1525647600000,
    0.66
  ],
  [
    1526079600000,
    0.697
  ],
  [
    1526511600000,
    0.684
  ],
  [
    1527202800000,
    0.667
  ],
  [
    1527375600000,
    0.65
  ],
  [
    1527721200000,
    0.562
  ],
  [
    1527807600000,
    0.55
  ],
  [
    1527894000000,
    0.53
  ],
  [
    1528671600000,
    0.609
  ],
  [
    1529017200000,
    0.349
  ],
  [
    1529449200000,
    0.609
  ],
  [
    1530313200000,
    0.52
  ],
  [
    1530399600000,
    0.349
  ],
  [
    1530572400000,
    0.535
  ],
  [
    1530658800000,
    0.59
  ],
  [
    1530831600000,
    0.591
  ],
  [
    1531004400000,
    0.597
  ],
  [
    1531436400000,
    0.28
  ],
  [
    1531695600000,
    0.4
  ],
  [
    1531954800000,
    0.523
  ],
  [
    1532127600000,
    0.52
  ],
  [
    1532214000000,
    0.538
  ],
  [
    1532473200000,
    0.517
  ],
  [
    1532732400000,
    0.666
  ],
  [
    1532905200000,
    0.681
  ],
  [
    1532991600000,
    0.607
  ],
  [
    1533682800000,
    0.43
  ],
  [
    1533855600000,
    0.598
  ],
  [
    1534546800000,
    0.61
  ],
  [
    1534719600000,
    0.506
  ],
  [
    1534806000000,
    0.472
  ],
  [
    1534892400000,
    0.449
  ],
  [
    1534978800000,
    0.43
  ],
  [
    1535151600000,
    0.448
  ],
  [
    1535238000000,
    0.483
  ],
  [
    1535497200000,
    0.48
  ],
  [
    1535583600000,
    0.459
  ],
  [
    1536102000000,
    0.438
  ],
  [
    1536361200000,
    0.451
  ],
  [
    1536966000000,
    0.469
  ],
  [
    1539039600000,
    0.385
  ],
  [
    1539212400000,
    0.403
  ],
  [
    1539471600000,
    0.379
  ],
  [
    1539644400000,
    0.267
  ],
  [
    1539817200000,
    0.368
  ],
  [
    1540076400000,
    0.4
  ],
  [
    1540508400000,
    0.41
  ],
  [
    1540594800000,
    0.437
  ],
  [
    1540771200000,
    0.524
  ],
  [
    1540857600000,
    0.392
  ],
  [
    1541116800000,
    0.592
  ],
  [
    1541289600000,
    0.61
  ],
  [
    1541808000000,
    0.364
  ],
  [
    1542585600000,
    0.483
  ],
  [
    1543017600000,
    0.42
  ],
  [
    1543622400000,
    0.437
  ],
  [
    1543708800000,
    0.448
  ],
  [
    1543795200000,
    0.36
  ],
  [
    1543968000000,
    0.38
  ],
  [
    1544140800000,
    0.438
  ],
  [
    1544227200000,
    0.495
  ],
  [
    1544659200000,
    0.42
  ],
  [
    1544745600000,
    0.488
  ],
  [
    1544832000000,
    0.451
  ],
  [
    1544918400000,
    0.441
  ],
  [
    1545004800000,
    0.446
  ],
  [
    1545091200000,
    0.594
  ],
  [
    1545436800000,
    0.605
  ],
  [
    1545523200000,
    0.673
  ],
  [
    1545696000000,
    0.405
  ],
  [
    1545782400000,
    0.588
  ],
  [
    1545868800000,
    0.49
  ],
  [
    1546214400000,
    0.49
  ],
  [
    1546300800000,
    0.621
  ],
  [
    1546646400000,
    0.47
  ],
  [
    1546905600000,
    0.527
  ],
  [
    1546992000000,
    0.556
  ],
  [
    1547078400000,
    0.562
  ],
  [
    1547164800000,
    0.582
  ],
  [
    1547683200000,
    0.725
  ],
  [
    1547769600000,
    0.717
  ],
  [
    1548288000000,
    0.794
  ],
  [
    1548460800000,
    0.605
  ],
  [
    1548547200000,
    0.85
  ],
  [
    1548633600000,
    0.655
  ],
  [
    1548720000000,
    0.741
  ],
  [
    1548979200000,
    0.63
  ],
  [
    1549324800000,
    0.552
  ],
  [
    1549411200000,
    0.751
  ],
  [
    1549497600000,
    0.65
  ],
  [
    1549584000000,
    0.737
  ],
  [
    1549670400000,
    0.604
  ],
  [
    1549756800000,
    0.748
  ],
  [
    1552694400000,
    0.69
  ],
  [
    1552780800000,
    0.69
  ],
  [
    1553126400000,
    0.681
  ],
  [
    1553299200000,
    0.758
  ],
  [
    1553472000000,
    0.62
  ],
  [
    1553731200000,
    0.574
  ],
  [
    1553817600000,
    0.03
  ],
  [
    1553904000000,
    0.651
  ],
  [
    1553990400000,
    0.459
  ],
  [
    1554505200000,
    0.31
  ],
  [
    1554591600000,
    0.629
  ],
  [
    1554764400000,
    0.5
  ],
  [
    1555110000000,
    0.667
  ],
  [
    1555455600000,
    0.666
  ],
  [
    1555974000000,
    0.697
  ],
  [
    1556146800000,
    0.693
  ],
  [
    1556233200000,
    0.768
  ],
  [
    1556751600000,
    2.103
  ],
  [
    1557183600000,
    0.737
  ],
  [
    1557529200000,
    0.504
  ],
  [
    1557874800000,
    0.386
  ],
  [
    1558479600000,
    0.445
  ],
  [
    1558652400000,
    0.447
  ],
  [
    1559602800000,
    0.459
  ],
  [
    1559775600000,
    0.39
  ],
  [
    1559862000000,
    0.5
  ],
  [
    1560034800000,
    0.339
  ],
  [
    1560121200000,
    0.52
  ],
  [
    1561503600000,
    0.41
  ],
  [
    1561676400000,
    0.522
  ],
  [
    1562108400000,
    0.504
  ],
  [
    1562626800000,
    0.484
  ],
  [
    1563145200000,
    0.46
  ],
  [
    1563404400000,
    0.453
  ],
  [
    1563663600000,
    0.41
  ],
  [
    1563750000000,
    0.434
  ],
  [
    1563836400000,
    0.348
  ],
  [
    1565132400000,
    0.41
  ],
  [
    1565737200000,
    0.449
  ],
  [
    1565823600000,
    0.452
  ],
  [
    1565996400000,
    0.458
  ],
  [
    1566082800000,
    0.473
  ],
  [
    1566255600000,
    0.521
  ],
  [
    1566946800000,
    0.522
  ],
  [
    1567033200000,
    0.505
  ],
  [
    1567724400000,
    0.511
  ],
  [
    1567897200000,
    0.502
  ],
  [
    1568156400000,
    0.51
  ],
  [
    1568588400000,
    0.454
  ],
  [
    1568847600000,
    0.53
  ],
  [
    1568934000000,
    0.508
  ],
  [
    1569020400000,
    0.534
  ],
  [
    1569106800000,
    0.629
  ],
  [
    1569366000000,
    0.455
  ],
  [
    1569625200000,
    0.733
  ],
  [
    1569711600000,
    0.98
  ],
  [
    1569798000000,
    0.635
  ],
  [
    1570057200000,
    0.723
  ],
  [
    1570143600000,
    0.414
  ],
  [
    1570575600000,
    0.72
  ],
  [
    1571094000000,
    0.389
  ],
  [
    1571180400000,
    0.69
  ],
  [
    1571526000000,
    0.41
  ],
  [
    1571612400000,
    0.69
  ],
  [
    1571958000000,
    0.762
  ],
  [
    1572044400000,
    0.765
  ],
  [
    1572220800000,
    0.44
  ],
  [
    1573084800000,
    0.598
  ],
  [
    1573344000000,
    0.64
  ],
  [
    1573862400000,
    0.48
  ],
  [
    1573948800000,
    0.543
  ],
  [
    1574121600000,
    0.55
  ],
  [
    1574208000000,
    0.608
  ],
  [
    1574294400000,
    1.5
  ],
  [
    1574553600000,
    0.617
  ],
  [
    1574640000000,
    0.619
  ],
  [
    1574985600000,
    0.379
  ],
  [
    1575158400000,
    0.429
  ],
  [
    1575331200000,
    5.493
  ],
  [
    1575504000000,
    0.604
  ],
  [
    1575590400000,
    0.62
  ],
  [
    1575676800000,
    0.638
  ],
  [
    1575936000000,
    0.648
  ],
  [
    1576195200000,
    0.702
  ],
  [
    1576713600000,
    0.725
  ],
  [
    1576972800000,
    13.29
  ],
  [
    1577059200000,
    0.354
  ],
  [
    1577232000000,
    0.7
  ],
  [
    1577318400000,
    0.697
  ],
  [
    1577577600000,
    0.621
  ],
  [
    1577750400000,
    0.474
  ],
  [
    1577836800000,
    0.609
  ],
  [
    1578182400000,
    0.545
  ],
  [
    1578614400000,
    1.277
  ],
  [
    1578700800000,
    0.43
  ],
  [
    1579132800000,
    0.535
  ],
  [
    1579219200000,
    0.625
  ],
  [
    1579392000000,
    0.681
  ],
  [
    1579651200000,
    0.455
  ],
  [
    1579824000000,
    0.452
  ],
  [
    1579910400000,
    0.86
  ],
  [
    1580169600000,
    0.771
  ],
  [
    1580342400000,
    0.47
  ],
  [
    1580428800000,
    0.765
  ],
  [
    1580515200000,
    0.7
  ],
  [
    1580601600000,
    0.633
  ],
  [
    1581033600000,
    0.452
  ],
  [
    1581292800000,
    0.513
  ],
  [
    1581552000000,
    0.463
  ],
  [
    1581638400000,
    0.622
  ],
  [
    1581984000000,
    0.615
  ],
  [
    1582156800000,
    0.458
  ],
  [
    1582243200000,
    0.616
  ],
  [
    1582502400000,
    0.618
  ],
  [
    1582934400000,
    0.584
  ],
  [
    1583020800000,
    0.424
  ],
  [
    1583193600000,
    0.567
  ],
  [
    1583452800000,
    0.638
  ],
  [
    1583539200000,
    0.652
  ],
  [
    1583625600000,
    0.732
  ],
  [
    1583712000000,
    0.617
  ],
  [
    1584057600000,
    0.919
  ],
  [
    1584230400000,
    0.799
  ],
  [
    1584662400000,
    0.93
  ],
  [
    1584748800000,
    1.04
  ],
  [
    1584921600000,
    0.784
  ],
  [
    1585094400000,
    0.667
  ],
  [
    1585353600000,
    0.642
  ],
  [
    1585440000000,
    0.549
  ],
  [
    1585609200000,
    0.687
  ],
  [
    1585782000000,
    0.555
  ],
  [
    1585868400000,
    0.706
  ],
  [
    1585954800000,
    0.845
  ],
  [
    1586041200000,
    0.798
  ],
  [
    1586127600000,
    0.905
  ],
  [
    1586386800000,
    0.736
  ],
  [
    1586473200000,
    0.667
  ],
  [
    1586559600000,
    0.563
  ],
  [
    1586732400000,
    0.502
  ],
  [
    1586905200000,
    0.75
  ],
  [
    1587337200000,
    0.933
  ],
  [
    1587769200000,
    0.669
  ],
  [
    1588028400000,
    0.575
  ],
  [
    1588114800000,
    0.463
  ],
  [
    1588460400000,
    0.459
  ],
  [
    1588546800000,
    0.667
  ],
  [
    1588633200000,
    0.425
  ],
  [
    1589065200000,
    0.483
  ],
  [
    1589151600000,
    0.611
  ],
  [
    1589324400000,
    0.454
  ],
  [
    1589497200000,
    0.49
  ],
  [
    1589756400000,
    0.4
  ],
  [
    1589842800000,
    0.539
  ],
  [
    1589929200000,
    0.498
  ],
  [
    1590015600000,
    0.57
  ],
  [
    1590102000000,
    0.54
  ],
  [
    1590188400000,
    0.575
  ],
  [
    1590447600000,
    0.467
  ],
  [
    1590534000000,
    0.538
  ],
  [
    1590706800000,
    0.53
  ],
  [
    1590793200000,
    0.54
  ],
  [
    1590966000000,
    0.552
  ],
  [
    1591398000000,
    0.507
  ],
  [
    1591657200000,
    0.655
  ],
  [
    1591743600000,
    0.71
  ],
  [
    1591916400000,
    0.62
  ],
  [
    1592002800000,
    0.606
  ],
  [
    1592089200000,
    0.664
  ],
  [
    1592175600000,
    0.567
  ],
  [
    1592521200000,
    0.573
  ],
  [
    1592607600000,
    0.645
  ],
  [
    1592694000000,
    0.703
  ],
  [
    1593126000000,
    0.576
  ],
  [
    1593212400000,
    0.69
  ],
  [
    1593298800000,
    0.575
  ],
  [
    1593385200000,
    0.56
  ],
  [
    1593471600000,
    0.552
  ],
  [
    1593558000000,
    0.549
  ],
  [
    1593644400000,
    0.527
  ],
  [
    1593730800000,
    0.629
  ],
  [
    1593817200000,
    0.674
  ],
  [
    1594076400000,
    0.593
  ],
  [
    1594162800000,
    0.779
  ],
  [
    1594249200000,
    0.831
  ],
  [
    1594681200000,
    0.743
  ],
  [
    1594767600000,
    1.018
  ],
  [
    1595026800000,
    0.65
  ],
  [
    1595372400000,
    0.678
  ],
  [
    1595804400000,
    0.756
  ],
  [
    1596150000000,
    0.81
  ],
  [
    1596236400000,
    0.72
  ],
  [
    1596322800000,
    0.719
  ],
  [
    1596582000000,
    0.764
  ],
  [
    1596668400000,
    0.911
  ],
  [
    1597014000000,
    0.882
  ],
  [
    1597100400000,
    0.725
  ],
  [
    1597273200000,
    0.787
  ],
  [
    1597359600000,
    0.741
  ],
  [
    1597964400000,
    0.896
  ],
  [
    1598310000000,
    0.686
  ],
  [
    1598482800000,
    0.68
  ],
  [
    1598655600000,
    0.922
  ],
  [
    1598742000000,
    0.936
  ],
  [
    1599087600000,
    0.773
  ],
  [
    1599260400000,
    0.83
  ],
  [
    1599951600000,
    0.734
  ],
  [
    1600038000000,
    0.58
  ],
  [
    1600297200000,
    0.745
  ],
  [
    1600729200000,
    0.66
  ],
  [
    1600902000000,
    0.64
  ],
  [
    1601161200000,
    0.643
  ],
  [
    1601247600000,
    0.64
  ],
  [
    1601420400000,
    0.712
  ],
  [
    1601679600000,
    0.665
  ],
  [
    1601766000000,
    0.704
  ],
  [
    1602025200000,
    0.735
  ],
  [
    1602111600000,
    0.59
  ],
  [
    1602198000000,
    0.739
  ],
  [
    1602284400000,
    0.604
  ],
  [
    1602630000000,
    0.772
  ],
  [
    1602802800000,
    0.543
  ],
  [
    1602975600000,
    0.76
  ],
  [
    1603234800000,
    0.668
  ],
  [
    1603321200000,
    0.598
  ],
  [
    1603494000000,
    0.55
  ],
  [
    1603843200000,
    0.587
  ],
  [
    1604016000000,
    0.691
  ],
  [
    1604361600000,
    0.708
  ],
  [
    1604534400000,
    0.589
  ],
  [
    1604620800000,
    0.588
  ],
  [
    1604707200000,
    0.783
  ],
  [
    1604793600000,
    0.77
  ],
  [
    1604880000000,
    0.773
  ],
  [
    1605052800000,
    0.547
  ],
  [
    1605484800000,
    0.59
  ],
  [
    1605657600000,
    0.46
  ],
  [
    1605916800000,
    0.54
  ],
  [
    1606003200000,
    0.46
  ],
  [
    1606089600000,
    0.376
  ],
  [
    1606176000000,
    0.539
  ],
  [
    1606262400000,
    0.453
  ],
  [
    1606521600000,
    0.497
  ],
  [
    1606608000000,
    0.513
  ],
  [
    1606694400000,
    0.446
  ],
  [
    1607040000000,
    0.474
  ],
  [
    1607212800000,
    0.463
  ],
  [
    1607299200000,
    0.388
  ],
  [
    1607385600000,
    0.529
  ],
  [
    1607472000000,
    0.375
  ],
  [
    1607558400000,
    0.495
  ],
  [
    1607817600000,
    0.352
  ],
  [
    1607904000000,
    0.476
  ],
  [
    1607990400000,
    0.4
  ],
  [
    1608249600000,
    0.31
  ],
  [
    1608336000000,
    0.364
  ],
  [
    1608422400000,
    0.392
  ],
  [
    1608508800000,
    0.486
  ],
  [
    1608595200000,
    0.491
  ],
  [
    1608681600000,
    1.221
  ],
  [
    1608768000000,
    0.43
  ],
  [
    1608940800000,
    0.487
  ],
  [
    1609286400000,
    0.41
  ],
  [
    1609372800000,
    0.405
  ],
  [
    1609459200000,
    0.37
  ],
  [
    1609545600000,
    0.414
  ],
  [
    1609632000000,
    0.411
  ],
  [
    1609718400000,
    0.502
  ],
  [
    1609891200000,
    0.785
  ],
  [
    1609977600000,
    0.495
  ],
  [
    1610064000000,
    1.913
  ],
  [
    1610236800000,
    3.57
  ],
  [
    1610496000000,
    1.148
  ],
  [
    1610582400000,
    0.695
  ],
  [
    1610755200000,
    1.086
  ],
  [
    1610841600000,
    1.427
  ],
  [
    1611014400000,
    1.14
  ],
  [
    1611187200000,
    1.029
  ],
  [
    1611532800000,
    1.038
  ],
  [
    1611619200000,
    1.19
  ],
  [
    1611878400000,
    1.246
  ],
  [
    1612137600000,
    1.311
  ],
  [
    1613001600000,
    1.334
  ],
  [
    1613174400000,
    2.416
  ],
  [
    1613260800000,
    1.114
  ],
  [
    1613433600000,
    1.158
  ],
  [
    1613692800000,
    1.065
  ],
  [
    1613865600000,
    1.058
  ],
  [
    1614211200000,
    1.094
  ],
  [
    1614729600000,
    0.851
  ],
  [
    1614988800000,
    0.837
  ],
  [
    1615075200000,
    1.017
  ],
  [
    1615248000000,
    0.839
  ],
  [
    1615334400000,
    1.065
  ],
  [
    1615680000000,
    0.685
  ],
  [
    1616284800000,
    1.441
  ],
  [
    1616544000000,
    1.507
  ],
  [
    1616889600000,
    2.626
  ],
  [
    1616972400000,
    1.808
  ],
  [
    1617318000000,
    1.581
  ],
  [
    1617404400000,
    1.847
  ],
  [
    1617490800000,
    1.574
  ],
  [
    1617577200000,
    2.99
  ],
  [
    1617663600000,
    1.496
  ],
  [
    1617922800000,
    1.58
  ],
  [
    1618354800000,
    3.501
  ],
  [
    1618700400000,
    1.119
  ],
  [
    1618786800000,
    2.39
  ],
  [
    1618959600000,
    1.95
  ],
  [
    1619391600000,
    1.5
  ],
  [
    1619650800000,
    1.475
  ],
  [
    1620082800000,
    1.437
  ],
  [
    1620255600000,
    1.477
  ],
  [
    1620774000000,
    1.682
  ],
  [
    1620946800000,
    1.899
  ],
  [
    1621465200000,
    2.022
  ],
  [
    1621724400000,
    2.027
  ],
  [
    1621897200000,
    3.65
  ],
  [
    1622329200000,
    1.396
  ],
  [
    1622674800000,
    3.836
  ],
  [
    1622934000000,
    2.02
  ],
  [
    1623538800000,
    2.062
  ],
  [
    1623798000000,
    2.5
  ],
  [
    1624057200000,
    2.272
  ],
  [
    1624834800000,
    2.038
  ],
  [
    1625094000000,
    2.528
  ],
  [
    1625180400000,
    1.9
  ],
  [
    1625785200000,
    1.92
  ],
  [
    1626130800000,
    1.802
  ],
  [
    1626390000000,
    1.762
  ],
  [
    1626476400000,
    1.071
  ],
  [
    1626908400000,
    1.012
  ],
  [
    1626994800000,
    2.5
  ],
  [
    1627254000000,
    1.44
  ],
  [
    1627340400000,
    1.58
  ],
  [
    1627599600000,
    1.54
  ],
  [
    1627772400000,
    1.575
  ],
  [
    1628290800000,
    1.24
  ],
  [
    1628463600000,
    1.254
  ],
  [
    1628722800000,
    1.039
  ],
  [
    1629241200000,
    1.03
  ],
  [
    1629500400000,
    1.15
  ],
  [
    1629586800000,
    1.029
  ],
  [
    1630018800000,
    1.152
  ],
  [
    1630537200000,
    1.15
  ],
  [
    1630710000000,
    1.023
  ],
  [
    1630882800000,
    1.19
  ],
  [
    1630969200000,
    1.26
  ],
  [
    1631228400000,
    1.09
  ],
  [
    1631314800000,
    1.165
  ],
  [
    1631401200000,
    1.311
  ],
  [
    1631487600000,
    1.537
  ],
  [
    1631746800000,
    1.232
  ],
  [
    1631833200000,
    1.23
  ],
  [
    1631919600000,
    1.411
  ],
  [
    1632092400000,
    1.193
  ],
  [
    1632178800000,
    1.236
  ],
  [
    1632265200000,
    1.22
  ],
  [
    1632351600000,
    1.133
  ],
  [
    1632438000000,
    0.839
  ],
  [
    1632524400000,
    1.38
  ],
  [
    1632610800000,
    0.897
  ],
  [
    1632697200000,
    0.91
  ],
  [
    1632783600000,
    1.12
  ],
  [
    1632870000000,
    0.95
  ],
  [
    1633215600000,
    1.043
  ],
  [
    1633474800000,
    1.036
  ],
  [
    1633561200000,
    1.027
  ],
  [
    1633734000000,
    0.989
  ],
  [
    1633820400000,
    0.5
  ],
  [
    1633993200000,
    0.892
  ],
  [
    1634079600000,
    0.849
  ],
  [
    1634166000000,
    0.896
  ],
  [
    1634425200000,
    0.897
  ],
  [
    1634511600000,
    0.887
  ],
  [
    1634598000000,
    1.06
  ],
  [
    1634684400000,
    0.91
  ],
  [
    1634857200000,
    0.861
  ],
  [
    1634943600000,
    0.851
  ],
  [
    1635030000000,
    0.81
  ],
  [
    1635116400000,
    0.76
  ],
  [
    1635634800000,
    0.65
  ],
  [
    1636070400000,
    0.635
  ],
  [
    1636156800000,
    0.6
  ],
  [
    1636243200000,
    0.676
  ],
  [
    1636329600000,
    0.628
  ],
  [
    1636761600000,
    0.57
  ],
  [
    1637366400000,
    0.603
  ],
  [
    1637452800000,
    0.705
  ],
  [
    1637539200000,
    0.63
  ],
  [
    1638057600000,
    0.5
  ],
  [
    1638144000000,
    0.596
  ],
  [
    1638316800000,
    0.701
  ],
  [
    1638576000000,
    0.644
  ],
  [
    1638748800000,
    0.8
  ],
  [
    1639008000000,
    0.636
  ],
  [
    1639094400000,
    0.627
  ],
  [
    1639440000000,
    0.944
  ],
  [
    1639785600000,
    0.785
  ],
  [
    1639872000000,
    0.983
  ],
  [
    1640563200000,
    0.884
  ],
  [
    1640995200000,
    0.075
  ],
  [
    1641081600000,
    0.783
  ],
  [
    1641254400000,
    0.652
  ],
  [
    1642291200000,
    0.918
  ],
  [
    1642377600000,
    0.8
  ],
  [
    1642636800000,
    0.862
  ],
  [
    1643155200000,
    0.79
  ],
  [
    1643241600000,
    0.839
  ],
  [
    1643500800000,
    0.786
  ],
  [
    1643673600000,
    0.839
  ],
  [
    1643846400000,
    0.83
  ],
  [
    1644192000000,
    0.857
  ],
  [
    1644364800000,
    0.799
  ],
  [
    1644537600000,
    0.798
  ],
  [
    1644710400000,
    0.827
  ],
  [
    1644796800000,
    0.724
  ],
  [
    1645315200000,
    0.794
  ],
  [
    1645488000000,
    0.817
  ],
  [
    1645660800000,
    0.624
  ],
  [
    1645747200000,
    8.741
  ],
  [
    1645833600000,
    0.6
  ],
  [
    1645920000000,
    0.701
  ],
  [
    1646006400000,
    0.543
  ],
  [
    1646092800000,
    0.684
  ],
  [
    1646352000000,
    0.55
  ],
  [
    1646438400000,
    0.627
  ],
  [
    1646524800000,
    0.447
  ],
  [
    1646611200000,
    0.571
  ],
  [
    1646697600000,
    0.501
  ],
  [
    1646784000000,
    0.621
  ],
  [
    1646870400000,
    0.559
  ],
  [
    1646956800000,
    0.595
  ],
  [
    1647129600000,
    0.71
  ],
  [
    1647302400000,
    0.62
  ],
  [
    1647388800000,
    0.805
  ],
  [
    1647475200000,
    0.656
  ],
  [
    1647907200000,
    0.691
  ],
  [
    1648080000000,
    0.618
  ],
  [
    1648422000000,
    0.89
  ],
  [
    1649113200000,
    0.803
  ],
  [
    1649372400000,
    1.057
  ],
  [
    1649718000000,
    0.81
  ],
  [
    1649977200000,
    0.73
  ],
  [
    1650322800000,
    0.814
  ],
  [
    1650495600000,
    0.819
  ],
  [
    1650582000000,
    0.84
  ],
  [
    1650754800000,
    0.858
  ],
  [
    1650927600000,
    0.863
  ],
  [
    1651100400000,
    1.213
  ],
  [
    1651186800000,
    0.75
  ],
  [
    1651273200000,
    0.73
  ],
  [
    1651359600000,
    0.72
  ],
  [
    1651446000000,
    0.741
  ],
  [
    1651618800000,
    1.9
  ],
  [
    1651705200000,
    0.727
  ],
  [
    1652396400000,
    0.656
  ],
  [
    1652569200000,
    0.794
  ],
  [
    1652742000000,
    0.55
  ],
  [
    1653174000000,
    0.654
  ],
  [
    1653260400000,
    0.921
  ],
  [
    1653346800000,
    1.022
  ],
  [
    1653951600000,
    1.319
  ],
  [
    1654556400000,
    0.49
  ],
  [
    1654815600000,
    0.83
  ],
  [
    1655074800000,
    0.843
  ],
  [
    1655593200000,
    0.854
  ],
  [
    1655679600000,
    0.87
  ],
  [
    1655852400000,
    0.94
  ],
  [
    1656025200000,
    0.866
  ],
  [
    1656198000000,
    0.848
  ],
  [
    1656630000000,
    0.853
  ],
  [
    1657148400000,
    0.715
  ],
  [
    1657321200000,
    0.858
  ],
  [
    1657926000000,
    0.882
  ],
  [
    1658098800000,
    0.815
  ],
  [
    1658444400000,
    0.771
  ],
  [
    1658876400000,
    1.121
  ],
  [
    1658962800000,
    2.069
  ],
  [
    1659222000000,
    1.067
  ],
  [
    1659567600000,
    0.89
  ],
  [
    1659654000000,
    2.147
  ],
  [
    1659740400000,
    4.744
  ],
  [
    1659826800000,
    1.893
  ],
  [
    1660258800000,
    1.7
  ],
  [
    1660518000000,
    1.692
  ],
  [
    1660950000000,
    1.905
  ],
  [
    1661295600000,
    1.725
  ],
  [
    1661814000000,
    2.005
  ],
  [
    1662505200000,
    2.106
  ],
  [
    1662937200000,
    2.112
  ],
  [
    1663196400000,
    1.89
  ],
  [
    1663369200000,
    1.93
  ],
  [
    1663714800000,
    1.507
  ],
  [
    1663801200000,
    1.894
  ],
  [
    1664060400000,
    1.512
  ],
  [
    1664578800000,
    1.882
  ],
  [
    1664838000000,
    1.851
  ],
  [
    1665097200000,
    1.58
  ],
  [
    1665702000000,
    1.42
  ],
  [
    1666220400000,
    1.69
  ],
  [
    1666306800000,
    1.909
  ],
  [
    1666825200000,
    1.58
  ],
  [
    1667174400000,
    1.53
  ],
  [
    1667347200000,
    1.115
  ],
  [
    1667865600000,
    1.421
  ],
  [
    1668124800000,
    1.445
  ],
  [
    1668384000000,
    1.574
  ],
  [
    1668988800000,
    1.4
  ],
  [
    1669075200000,
    1.465
  ],
  [
    1669593600000,
    1.61
  ],
  [
    1670112000000,
    1.28
  ],
  [
    1670198400000,
    1.47
  ],
  [
    1670630400000,
    1.34
  ],
  [
    1670803200000,
    1.15
  ],
  [
    1671062400000,
    1.18
  ],
  [
    1671148800000,
    1.536
  ],
  [
    1671753600000,
    1.43
  ],
  [
    1673049600000,
    1.21
  ],
  [
    1673568000000,
    1.373
  ],
  [
    1674086400000,
    1.715
  ],
  [
    1674432000000,
    1.677
  ],
  [
    1674864000000,
    1.346
  ],
  [
    1675382400000,
    23
  ],
  [
    1676678400000,
    1.58
  ],
  [
    1676851200000,
    1.369
  ],
  [
    1676937600000,
    1.12
  ],
  [
    1677196800000,
    1.369
  ],
  [
    1677456000000,
    1.357
  ],
  [
    1677628800000,
    1.32
  ],
  [
    1677801600000,
    0.668
  ],
  [
    1678060800000,
    1.244
  ],
  [
    1678147200000,
    1.513
  ],
  [
    1678320000000,
    1.276
  ],
  [
    1678406400000,
    1.378
  ],
  [
    1678492800000,
    1.297
  ],
  [
    1678579200000,
    1.293
  ],
  [
    1678665600000,
    1.18
  ],
  [
    1679011200000,
    0.933
  ],
  [
    1679270400000,
    1.343
  ],
  [
    1679356800000,
    1.297
  ],
  [
    1679529600000,
    1.252
  ],
  [
    1679702400000,
    1.387
  ],
  [
    1679788800000,
    1.243
  ],
  [
    1679871600000,
    1.422
  ],
  [
    1679958000000,
    1.18
  ],
  [
    1680044400000,
    1.24
  ],
  [
    1680130800000,
    1.24
  ],
  [
    1680217200000,
    1.207
  ],
  [
    1680476400000,
    1.287
  ],
  [
    1680735600000,
    1.12
  ],
  [
    1680994800000,
    1.27
  ],
  [
    1681167600000,
    1.125
  ],
  [
    1681254000000,
    1.11
  ],
  [
    1681340400000,
    1.092
  ],
  [
    1681513200000,
    1.288
  ],
  [
    1681599600000,
    1.139
  ],
  [
    1681686000000,
    1.278
  ],
  [
    1681858800000,
    1.321
  ],
  [
    1681945200000,
    1.07
  ],
  [
    1682377200000,
    0.985
  ],
  [
    1682463600000,
    1.127
  ],
  [
    1682636400000,
    0.95
  ],
  [
    1682722800000,
    1.162
  ],
  [
    1682809200000,
    1.196
  ],
  [
    1682895600000,
    1.365
  ],
  [
    1682982000000,
    1.343
  ],
  [
    1683068400000,
    1.346
  ],
  [
    1683327600000,
    1.01
  ],
  [
    1683586800000,
    1.345
  ],
  [
    1684018800000,
    1.283
  ],
  [
    1684191600000,
    1.233
  ],
  [
    1684278000000,
    1.01
  ],
  [
    1684537200000,
    1.12
  ],
  [
    1684623600000,
    1.12
  ],
  [
    1684710000000,
    1.392
  ],
  [
    1684882800000,
    1.389
  ],
  [
    1685314800000,
    1.304
  ],
  [
    1685401200000,
    1.163
  ],
  [
    1685574000000,
    1.353
  ],
  [
    1685660400000,
    1.17
  ],
  [
    1685746800000,
    1.12
  ],
  [
    1685833200000,
    1.191
  ],
  [
    1685919600000,
    1.114
  ],
  [
    1686006000000,
    1.092
  ],
  [
    1686092400000,
    1.187
  ],
  [
    1686178800000,
    1.32
  ],
  [
    1686351600000,
    1.403
  ],
  [
    1686697200000,
    1.46
  ],
  [
    1686870000000,
    1.494
  ],
  [
    1687302000000,
    1.725
  ],
  [
    1687388400000,
    1.84
  ],
  [
    1687474800000,
    1.8
  ],
  [
    1687734000000,
    1.8
  ],
  [
    1687993200000,
    1.256
  ],
  [
    1688079600000,
    1.84
  ],
  [
    1688252400000,
    1.87
  ],
  [
    1688770800000,
    1.205
  ],
  [
    1688943600000,
    2.122
  ],
  [
    1689202800000,
    1.806
  ],
  [
    1689721200000,
    1.44
  ],
  [
    1690153200000,
    1.529
  ],
  [
    1690585200000,
    1.285
  ],
  [
    1691190000000,
    1.333
  ],
  [
    1691276400000,
    1.335
  ],
  [
    1691362800000,
    1.388
  ],
  [
    1691449200000,
    1.435
  ],
  [
    1691794800000,
    1.576
  ],
  [
    1692399600000,
    1.15
  ],
  [
    1692572400000,
    1.086
  ],
  [
    1692831600000,
    1.15
  ],
  [
    1692918000000,
    1.594
  ],
  [
    1693868400000,
    1.592
  ],
  [
    1693954800000,
    1.627
  ],
  [
    1694127600000,
    1.795
  ],
  [
    1694386800000,
    1.616
  ],
  [
    1694646000000,
    1.506
  ],
  [
    1694732400000,
    1.61
  ],
  [
    1695164400000,
    1.42
  ],
  [
    1695510000000,
    1.23
  ],
  [
    1695596400000,
    1.61
  ],
  [
    1695855600000,
    1.4
  ],
  [
    1696114800000,
    1.35
  ],
  [
    1696201200000,
    1.266
  ],
  [
    1696374000000,
    1.553
  ],
  [
    1696633200000,
    1.503
  ],
  [
    1696892400000,
    1.51
  ],
  [
    1697065200000,
    1.303
  ],
  [
    1697324400000,
    1.399
  ],
  [
    1697410800000,
    1.57
  ],
  [
    1697497200000,
    1.395
  ],
  [
    1697583600000,
    1.44
  ],
  [
    1697670000000,
    1.485
  ],
  [
    1697756400000,
    1.58
  ],
  [
    1697842800000,
    1.55
  ],
  [
    1698015600000,
    1.012
  ],
  [
    1698102000000,
    1.63
  ],
  [
    1698274800000,
    1.63
  ],
  [
    1698447600000,
    1.655
  ],
  [
    1698710400000,
    1.28
  ],
  [
    1698796800000,
    1.181
  ],
  [
    1699056000000,
    1.2
  ],
  [
    1699142400000,
    1.341
  ],
  [
    1699228800000,
    1.436
  ],
  [
    1699660800000,
    1.19
  ],
  [
    1699747200000,
    1.051
  ],
  [
    1699833600000,
    1.357
  ],
  [
    1699920000000,
    1.344
  ],
  [
    1700265600000,
    1.11
  ],
  [
    1700697600000,
    1.392
  ],
  [
    1700870400000,
    1.255
  ],
  [
    1701043200000,
    1.207
  ],
  [
    1701129600000,
    1.355
  ],
  [
    1701475200000,
    1.23
  ],
  [
    1701734400000,
    1.264
  ],
  [
    1701993600000,
    1.267
  ],
  [
    1702080000000,
    1.09
  ],
  [
    1702166400000,
    1.308
  ],
  [
    1702512000000,
    1.404
  ],
  [
    1702684800000,
    1.22
  ],
  [
    1702771200000,
    1.475
  ],
  [
    1703548800000,
    1.6
  ],
  [
    1704844800000,
    1.43
  ],
  [
    1705190400000,
    1.531
  ],
  [
    1705536000000,
    1.557
  ],
  [
    1705708800000,
    1.49
  ],
  [
    1705795200000,
    1.79
  ],
  [
    1705968000000,
    1.5
  ],
  [
    1706227200000,
    1.772
  ],
  [
    1706832000000,
    1.526
  ],
  [
    1707350400000,
    1.643
  ],
  [
    1707609600000,
    1.713
  ],
  [
    1707782400000,
    1.58
  ],
  [
    1707955200000,
    1.72
  ],
  [
    1708041600000,
    1.526
  ],
  [
    1708387200000,
    1.351
  ],
  [
    1708473600000,
    1.243
  ],
  [
    1708732800000,
    1.151
  ],
  [
    1708819200000,
    1.785
  ],
  [
    1708992000000,
    1.638
  ],
  [
    1709164800000,
    1.714
  ],
  [
    1709251200000,
    2.016
  ],
  [
    1709337600000,
    1.528
  ],
  [
    1709510400000,
    1.506
  ],
  [
    1709596800000,
    1.607
  ],
  [
    1710201600000,
    1.46
  ],
  [
    1710547200000,
    1.247
  ],
  [
    1710892800000,
    1.308
  ],
  [
    1711065600000,
    1.632
  ],
  [
    1711324800000,
    1.677
  ],
  [
    1711756800000,
    1.622
  ],
  [
    1712271600000,
    1.652
  ],
  [
    1712530800000,
    1.531
  ],
  [
    1712703600000,
    1.664
  ],
  [
    1712790000000,
    1.686
  ],
  [
    1712962800000,
    1.745
  ],
  [
    1713049200000,
    1.871
  ],
  [
    1713135600000,
    1.927
  ],
  [
    1713222000000,
    1.935
  ],
  [
    1713308400000,
    1.907
  ],
  [
    1713394800000,
    1.931
  ],
  [
    1713481200000,
    2.029
  ],
  [
    1713654000000,
    1.97
  ],
  [
    1713740400000,
    1.97
  ],
  [
    1713826800000,
    2.263
  ],
  [
    1713999600000,
    2.02
  ],
  [
    1714086000000,
    1.97
  ],
  [
    1714258800000,
    1.696
  ],
  [
    1714431600000,
    1.87
  ],
  [
    1714518000000,
    2.295
  ],
  [
    1715036400000,
    2.004
  ],
  [
    1715122800000,
    2.466
  ],
  [
    1715209200000,
    1.88
  ],
  [
    1715554800000,
    1.85
  ],
  [
    1715727600000,
    1.812
  ],
  [
    1715814000000,
    2.282
  ],
  [
    1715900400000,
    2.282
  ],
  [
    1716073200000,
    2.45
  ],
  [
    1716159600000,
    2.48
  ],
  [
    1716570000000,
    2.476
  ],
  [
    1717059600000,
    2.42
  ],
  [
    1717084800000,
    2.48
  ],
  [
    1717128000000,
    2.54
  ],
  [
    1717167600000,
    2.816
  ],
  [
    1717322400000,
    2.67
  ],
  [
    1717534800000,
    2.242
  ],
  [
    1717660800000,
    2.12
  ],
  [
    1717740000000,
    2.22
  ],
  [
    1717941600000,
    2.141
  ],
  [
    1718024400000,
    2.398
  ],
  [
    1718600400000,
    2.09
  ],
  [
    1718701200000,
    2.12
  ],
  [
    1718762400000,
    2.3
  ],
  [
    1718902800000,
    2.15
  ],
  [
    1719036000000,
    1.29
  ]
]