[
  [
    1574121600000,
    1.72
  ],
  [
    1574208000000,
    1.894
  ],
  [
    1574294400000,
    1.777
  ],
  [
    1574380800000,
    1.992
  ],
  [
    1574467200000,
    1.876
  ],
  [
    1574553600000,
    1.933
  ],
  [
    1574640000000,
    2.039
  ],
  [
    1574726400000,
    1.842
  ],
  [
    1574812800000,
    1.797
  ],
  [
    1574899200000,
    2.086
  ],
  [
    1574985600000,
    1.968
  ],
  [
    1575072000000,
    2.411
  ],
  [
    1575158400000,
    2.76
  ],
  [
    1575244800000,
    2.518
  ],
  [
    1575331200000,
    2.739
  ],
  [
    1575417600000,
    2.117
  ],
  [
    1575504000000,
    2.284
  ],
  [
    1575590400000,
    2.21
  ],
  [
    1575676800000,
    2.298
  ],
  [
    1575763200000,
    2.626
  ],
  [
    1575849600000,
    2.784
  ],
  [
    1575936000000,
    3.108
  ],
  [
    1576022400000,
    2.916
  ],
  [
    1576108800000,
    2.707
  ],
  [
    1576195200000,
    2.692
  ],
  [
    1576281600000,
    2.982
  ],
  [
    1576368000000,
    2.665
  ],
  [
    1576454400000,
    2.552
  ],
  [
    1576540800000,
    2.666
  ],
  [
    1576627200000,
    3.024
  ],
  [
    1576713600000,
    2.56
  ],
  [
    1576800000000,
    2.951
  ],
  [
    1576886400000,
    2.63
  ],
  [
    1576972800000,
    3.152
  ],
  [
    1577059200000,
    2.78
  ],
  [
    1577145600000,
    2.759
  ],
  [
    1577232000000,
    3.059
  ],
  [
    1577318400000,
    2.593
  ],
  [
    1577404800000,
    2.487
  ],
  [
    1577491200000,
    2.522
  ],
  [
    1577577600000,
    2.598
  ],
  [
    1577664000000,
    2.542
  ],
  [
    1577750400000,
    2.566
  ],
  [
    1577836800000,
    2.423
  ],
  [
    1577923200000,
    2.34
  ],
  [
    1578009600000,
    2.837
  ],
  [
    1578096000000,
    2.644
  ],
  [
    1578182400000,
    2.494
  ],
  [
    1578268800000,
    2.734
  ],
  [
    1578355200000,
    3.094
  ],
  [
    1578441600000,
    2.69
  ],
  [
    1578528000000,
    2.675
  ],
  [
    1578614400000,
    2.747
  ],
  [
    1578700800000,
    3.095
  ],
  [
    1578787200000,
    2.76
  ],
  [
    1578873600000,
    2.878
  ],
  [
    1578960000000,
    3.332
  ],
  [
    1579046400000,
    3.13
  ],
  [
    1579132800000,
    3.269
  ],
  [
    1579219200000,
    3.41
  ],
  [
    1579305600000,
    3.212
  ],
  [
    1579392000000,
    3.193
  ],
  [
    1579478400000,
    3.247
  ],
  [
    1579564800000,
    3.338
  ],
  [
    1579651200000,
    3.202
  ],
  [
    1579737600000,
    3.402
  ],
  [
    1579824000000,
    3.128
  ],
  [
    1579910400000,
    3.035
  ],
  [
    1579996800000,
    3.041
  ],
  [
    1580083200000,
    3.217
  ],
  [
    1580169600000,
    3.39
  ],
  [
    1580256000000,
    4.022
  ],
  [
    1580342400000,
    3.253
  ],
  [
    1580428800000,
    3.371
  ],
  [
    1580515200000,
    4.013
  ],
  [
    1580601600000,
    3.531
  ],
  [
    1580688000000,
    4.138
  ],
  [
    1580774400000,
    6.536
  ],
  [
    1580860800000,
    6.387
  ],
  [
    1580947200000,
    5.806
  ],
  [
    1581033600000,
    4.087
  ],
  [
    1581120000000,
    3.905
  ],
  [
    1581206400000,
    4.272
  ],
  [
    1581292800000,
    3.845
  ],
  [
    1581379200000,
    4.299
  ],
  [
    1581465600000,
    4.046
  ],
  [
    1581552000000,
    3.807
  ],
  [
    1581638400000,
    3.887
  ],
  [
    1581724800000,
    3.887
  ],
  [
    1581811200000,
    4.102
  ],
  [
    1581897600000,
    4.404
  ],
  [
    1581984000000,
    4.112
  ],
  [
    1582070400000,
    3.721
  ],
  [
    1582156800000,
    3.858
  ],
  [
    1582243200000,
    3.929
  ],
  [
    1582329600000,
    4.106
  ],
  [
    1582416000000,
    4.996
  ],
  [
    1582502400000,
    5.878
  ],
  [
    1582588800000,
    5.981
  ],
  [
    1582675200000,
    4.825
  ],
  [
    1582761600000,
    4.847
  ],
  [
    1582848000000,
    5.467
  ],
  [
    1582934400000,
    6.023
  ],
  [
    1583020800000,
    5.789
  ],
  [
    1583107200000,
    5.721
  ],
  [
    1583193600000,
    5.606
  ],
  [
    1583280000000,
    5.188
  ],
  [
    1583366400000,
    5.078
  ],
  [
    1583452800000,
    4.745
  ],
  [
    1583539200000,
    4.667
  ],
  [
    1583625600000,
    4.494
  ],
  [
    1583712000000,
    4.652
  ],
  [
    1583798400000,
    4.471
  ],
  [
    1583884800000,
    4.434
  ],
  [
    1583971200000,
    4.532
  ],
  [
    1584057600000,
    4.298
  ],
  [
    1584144000000,
    4.315
  ],
  [
    1584230400000,
    4.313
  ],
  [
    1584316800000,
    4.16
  ],
  [
    1584403200000,
    4.224
  ],
  [
    1584489600000,
    7.113
  ],
  [
    1584576000000,
    4.528
  ],
  [
    1584662400000,
    4.808
  ],
  [
    1584748800000,
    4.721
  ],
  [
    1584835200000,
    4.925
  ],
  [
    1584921600000,
    4.909
  ],
  [
    1585008000000,
    4.728
  ],
  [
    1585094400000,
    5.019
  ],
  [
    1585180800000,
    4.921
  ],
  [
    1585267200000,
    5.474
  ],
  [
    1585353600000,
    5.142
  ],
  [
    1585440000000,
    4.869
  ],
  [
    1585522800000,
    5.375
  ],
  [
    1585609200000,
    4.505
  ],
  [
    1585695600000,
    4.803
  ],
  [
    1585782000000,
    4.45
  ],
  [
    1585868400000,
    4.562
  ],
  [
    1585954800000,
    4.493
  ],
  [
    1586041200000,
    4.291
  ],
  [
    1586127600000,
    4.401
  ],
  [
    1586214000000,
    4.368
  ],
  [
    1586300400000,
    4.507
  ],
  [
    1586386800000,
    4.608
  ],
  [
    1586473200000,
    4.361
  ],
  [
    1586559600000,
    4.3
  ],
  [
    1586646000000,
    4.246
  ],
  [
    1586732400000,
    4.282
  ],
  [
    1586818800000,
    3.968
  ],
  [
    1586905200000,
    3.959
  ],
  [
    1586991600000,
    4.315
  ],
  [
    1587078000000,
    4.539
  ],
  [
    1587164400000,
    4.407
  ],
  [
    1587250800000,
    4.833
  ],
  [
    1587337200000,
    4.583
  ],
  [
    1587423600000,
    4.747
  ],
  [
    1587510000000,
    4.737
  ],
  [
    1587596400000,
    4.885
  ],
  [
    1587682800000,
    4.919
  ],
  [
    1587769200000,
    4.861
  ],
  [
    1587855600000,
    4.99
  ],
  [
    1587942000000,
    5.2
  ],
  [
    1588028400000,
    5.291
  ],
  [
    1588114800000,
    5.109
  ],
  [
    1588201200000,
    5.405
  ],
  [
    1588287600000,
    5.653
  ],
  [
    1588374000000,
    6.17
  ],
  [
    1588460400000,
    5.891
  ],
  [
    1588546800000,
    5.981
  ],
  [
    1588633200000,
    5.956
  ],
  [
    1588719600000,
    6.51
  ],
  [
    1588806000000,
    6.274
  ],
  [
    1588892400000,
    6.622
  ],
  [
    1588978800000,
    6.838
  ],
  [
    1589065200000,
    7.019
  ],
  [
    1589151600000,
    6.451
  ],
  [
    1589238000000,
    6.988
  ],
  [
    1589324400000,
    6.981
  ],
  [
    1589410800000,
    6.994
  ],
  [
    1589497200000,
    6.944
  ],
  [
    1589583600000,
    6.693
  ],
  [
    1589670000000,
    7.498
  ],
  [
    1589756400000,
    7.382
  ],
  [
    1589842800000,
    7.105
  ],
  [
    1589929200000,
    7.581
  ],
  [
    1590015600000,
    7.769
  ],
  [
    1590102000000,
    7.448
  ],
  [
    1590188400000,
    7.677
  ],
  [
    1590274800000,
    7.498
  ],
  [
    1590361200000,
    7.954
  ],
  [
    1590447600000,
    6.469
  ],
  [
    1590534000000,
    6.37
  ],
  [
    1590620400000,
    6.799
  ],
  [
    1590706800000,
    6.451
  ],
  [
    1590793200000,
    8.366
  ],
  [
    1590879600000,
    7.632
  ],
  [
    1590966000000,
    7.638
  ],
  [
    1591052400000,
    7.884
  ],
  [
    1591138800000,
    7.649
  ],
  [
    1591225200000,
    7.455
  ],
  [
    1591311600000,
    7.512
  ],
  [
    1591398000000,
    7.384
  ],
  [
    1591484400000,
    7.369
  ],
  [
    1591570800000,
    7.005
  ],
  [
    1591657200000,
    6.944
  ],
  [
    1591743600000,
    6.758
  ],
  [
    1591830000000,
    6.91
  ],
  [
    1591916400000,
    7.008
  ],
  [
    1592002800000,
    7.292
  ],
  [
    1592089200000,
    7.346
  ],
  [
    1592175600000,
    7.356
  ],
  [
    1592262000000,
    7.039
  ],
  [
    1592348400000,
    6.893
  ],
  [
    1592434800000,
    7.465
  ],
  [
    1592521200000,
    6.575
  ],
  [
    1592607600000,
    7.165
  ],
  [
    1592694000000,
    6.69
  ],
  [
    1592780400000,
    6.699
  ],
  [
    1592866800000,
    6.54
  ],
  [
    1592953200000,
    6.515
  ],
  [
    1593039600000,
    6.137
  ],
  [
    1593126000000,
    6.138
  ],
  [
    1593212400000,
    6.136
  ],
  [
    1593298800000,
    6.585
  ],
  [
    1593385200000,
    6.022
  ],
  [
    1593471600000,
    6.503
  ],
  [
    1593558000000,
    6.437
  ],
  [
    1593644400000,
    6.295
  ],
  [
    1593730800000,
    6.336
  ],
  [
    1593817200000,
    6.45
  ],
  [
    1593903600000,
    6.284
  ],
  [
    1593990000000,
    6.584
  ],
  [
    1594076400000,
    7.214
  ],
  [
    1594162800000,
    7.259
  ],
  [
    1594249200000,
    6.28
  ],
  [
    1594335600000,
    6.632
  ],
  [
    1594422000000,
    6.955
  ],
  [
    1594508400000,
    7.214
  ],
  [
    1594594800000,
    7.158
  ],
  [
    1594681200000,
    6.857
  ],
  [
    1594767600000,
    7.08
  ],
  [
    1594854000000,
    7.185
  ],
  [
    1594940400000,
    6.949
  ],
  [
    1595026800000,
    7.376
  ],
  [
    1595113200000,
    7.369
  ],
  [
    1595199600000,
    7.365
  ],
  [
    1595286000000,
    7.665
  ],
  [
    1595372400000,
    7.876
  ],
  [
    1595458800000,
    8.3
  ],
  [
    1595545200000,
    8.342
  ],
  [
    1595631600000,
    7.975
  ],
  [
    1595718000000,
    7.966
  ],
  [
    1595804400000,
    7.92
  ],
  [
    1595890800000,
    7.685
  ],
  [
    1595977200000,
    7.547
  ],
  [
    1596063600000,
    8.163
  ],
  [
    1596150000000,
    8.118
  ],
  [
    1596236400000,
    7.791
  ],
  [
    1596322800000,
    6.772
  ],
  [
    1596409200000,
    8.359
  ],
  [
    1596495600000,
    8.256
  ],
  [
    1596582000000,
    8.066
  ],
  [
    1596754800000,
    8.325
  ],
  [
    1596841200000,
    8.299
  ],
  [
    1596927600000,
    7.902
  ],
  [
    1597014000000,
    8.165
  ],
  [
    1597100400000,
    8.326
  ],
  [
    1597186800000,
    7.562
  ],
  [
    1597273200000,
    8.287
  ],
  [
    1597359600000,
    7.802
  ],
  [
    1597446000000,
    7.952
  ],
  [
    1597532400000,
    7.865
  ],
  [
    1597618800000,
    7.911
  ],
  [
    1597705200000,
    7.678
  ],
  [
    1597791600000,
    8.356
  ],
  [
    1597878000000,
    8.483
  ],
  [
    1597964400000,
    7.672
  ],
  [
    1598050800000,
    7.724
  ],
  [
    1598137200000,
    8.189
  ],
  [
    1598223600000,
    7.698
  ],
  [
    1598310000000,
    6.927
  ],
  [
    1598396400000,
    7.413
  ],
  [
    1598482800000,
    7.652
  ],
  [
    1598569200000,
    7.115
  ],
  [
    1598655600000,
    9.043
  ],
  [
    1598742000000,
    6.746
  ],
  [
    1598828400000,
    6.777
  ],
  [
    1598914800000,
    7.204
  ],
  [
    1599001200000,
    7.327
  ],
  [
    1599087600000,
    7.054
  ],
  [
    1599174000000,
    7.538
  ],
  [
    1599260400000,
    7.823
  ],
  [
    1599346800000,
    6.913
  ],
  [
    1599433200000,
    7.584
  ],
  [
    1599519600000,
    6.875
  ],
  [
    1599606000000,
    6.87
  ],
  [
    1599692400000,
    11.859
  ],
  [
    1599778800000,
    6.884
  ],
  [
    1599865200000,
    7.337
  ],
  [
    1599951600000,
    7.888
  ],
  [
    1600038000000,
    7.526
  ],
  [
    1600124400000,
    7.247
  ],
  [
    1600210800000,
    7.428
  ],
  [
    1600297200000,
    7.541
  ],
  [
    1600383600000,
    7.619
  ],
  [
    1600470000000,
    7.847
  ],
  [
    1600556400000,
    8.29
  ],
  [
    1600642800000,
    8.438
  ],
  [
    1600729200000,
    8.87
  ],
  [
    1600815600000,
    7.916
  ],
  [
    1600902000000,
    8.43
  ],
  [
    1600988400000,
    7.918
  ],
  [
    1601074800000,
    8.875
  ],
  [
    1601161200000,
    8.561
  ],
  [
    1601247600000,
    8.22
  ],
  [
    1601334000000,
    8.273
  ],
  [
    1601420400000,
    8.777
  ],
  [
    1601506800000,
    8.233
  ],
  [
    1601593200000,
    8
  ],
  [
    1601679600000,
    8.01
  ],
  [
    1601766000000,
    8.304
  ],
  [
    1601852400000,
    8.287
  ],
  [
    1601938800000,
    8.673
  ],
  [
    1602025200000,
    8.684
  ],
  [
    1602111600000,
    8.545
  ],
  [
    1602198000000,
    8.553
  ],
  [
    1602284400000,
    8.48
  ],
  [
    1602370800000,
    8.913
  ],
  [
    1602457200000,
    8.628
  ],
  [
    1602543600000,
    8.742
  ],
  [
    1602630000000,
    8.783
  ],
  [
    1602716400000,
    8.768
  ],
  [
    1602802800000,
    8.786
  ],
  [
    1602889200000,
    9.347
  ],
  [
    1602975600000,
    8.513
  ],
  [
    1603062000000,
    8.778
  ],
  [
    1603148400000,
    9.36
  ],
  [
    1603234800000,
    8.568
  ],
  [
    1603321200000,
    9.085
  ],
  [
    1603407600000,
    9.127
  ],
  [
    1603494000000,
    8.958
  ],
  [
    1603580400000,
    9.26
  ],
  [
    1603756800000,
    9.567
  ],
  [
    1603843200000,
    9.303
  ],
  [
    1603929600000,
    9.634
  ],
  [
    1604016000000,
    9.368
  ],
  [
    1604102400000,
    9.515
  ],
  [
    1604188800000,
    9.67
  ],
  [
    1604275200000,
    11.442
  ],
  [
    1604361600000,
    8.948
  ],
  [
    1604448000000,
    9.4
  ],
  [
    1604534400000,
    9.15
  ],
  [
    1604620800000,
    8.936
  ],
  [
    1604707200000,
    9.181
  ],
  [
    1604793600000,
    8.88
  ],
  [
    1604880000000,
    9.928
  ],
  [
    1604966400000,
    9.268
  ],
  [
    1605052800000,
    9.513
  ],
  [
    1605139200000,
    8.652
  ],
  [
    1605225600000,
    9.23
  ],
  [
    1605312000000,
    8.884
  ],
  [
    1605398400000,
    8.928
  ],
  [
    1605484800000,
    8.903
  ],
  [
    1605571200000,
    8.673
  ],
  [
    1605657600000,
    8.854
  ],
  [
    1605744000000,
    8.658
  ],
  [
    1605830400000,
    8.481
  ],
  [
    1605916800000,
    9.004
  ],
  [
    1606003200000,
    8.48
  ],
  [
    1606089600000,
    8.47
  ],
  [
    1606176000000,
    8.892
  ],
  [
    1606262400000,
    8.02
  ],
  [
    1606348800000,
    8.585
  ],
  [
    1606435200000,
    8.904
  ],
  [
    1606521600000,
    8.06
  ],
  [
    1606608000000,
    10.88
  ],
  [
    1606694400000,
    8.155
  ],
  [
    1606780800000,
    9.206
  ],
  [
    1606867200000,
    7.72
  ],
  [
    1606953600000,
    9.003
  ],
  [
    1607040000000,
    6.774
  ],
  [
    1607126400000,
    7.175
  ],
  [
    1607212800000,
    6.769
  ],
  [
    1607299200000,
    6.664
  ],
  [
    1607385600000,
    6.959
  ],
  [
    1607472000000,
    6.745
  ],
  [
    1607558400000,
    7.102
  ],
  [
    1607644800000,
    7.118
  ],
  [
    1607731200000,
    7.229
  ],
  [
    1607817600000,
    7.047
  ],
  [
    1607904000000,
    7.034
  ],
  [
    1607990400000,
    7.239
  ],
  [
    1608076800000,
    7.341
  ],
  [
    1608163200000,
    7.17
  ],
  [
    1608249600000,
    7.13
  ],
  [
    1608336000000,
    6.855
  ],
  [
    1608422400000,
    6.635
  ],
  [
    1608508800000,
    7.25
  ],
  [
    1608595200000,
    7.457
  ],
  [
    1608681600000,
    7.105
  ],
  [
    1608768000000,
    8.347
  ],
  [
    1608854400000,
    7.975
  ],
  [
    1608940800000,
    8.387
  ],
  [
    1609027200000,
    8.802
  ],
  [
    1609113600000,
    8.75
  ],
  [
    1609286400000,
    9.868
  ],
  [
    1609372800000,
    9.772
  ],
  [
    1609459200000,
    11.087
  ],
  [
    1609545600000,
    10.948
  ],
  [
    1609632000000,
    11.89
  ],
  [
    1609718400000,
    12.762
  ],
  [
    1609804800000,
    12.601
  ],
  [
    1609891200000,
    11.168
  ],
  [
    1609977600000,
    12.998
  ],
  [
    1610064000000,
    10.031
  ],
  [
    1610150400000,
    11.095
  ],
  [
    1610236800000,
    11.403
  ],
  [
    1610323200000,
    11.328
  ],
  [
    1610409600000,
    11.635
  ],
  [
    1610496000000,
    11.929
  ],
  [
    1610582400000,
    11.472
  ],
  [
    1610668800000,
    12.294
  ],
  [
    1610755200000,
    11.725
  ],
  [
    1610841600000,
    12.696
  ],
  [
    1610928000000,
    12.566
  ],
  [
    1611014400000,
    12.58
  ],
  [
    1611100800000,
    12.706
  ],
  [
    1611187200000,
    12.109
  ],
  [
    1611273600000,
    12.32
  ],
  [
    1611360000000,
    12.806
  ],
  [
    1611446400000,
    11.642
  ],
  [
    1611532800000,
    13.361
  ],
  [
    1611619200000,
    12.833
  ],
  [
    1611705600000,
    12.924
  ],
  [
    1611792000000,
    12.589
  ],
  [
    1611878400000,
    12.5
  ],
  [
    1611964800000,
    16.39
  ],
  [
    1612051200000,
    13.295
  ],
  [
    1612137600000,
    12.858
  ],
  [
    1612224000000,
    12.785
  ],
  [
    1612310400000,
    13.124
  ],
  [
    1612396800000,
    13.611
  ],
  [
    1612483200000,
    13.907
  ],
  [
    1612569600000,
    14.606
  ],
  [
    1612656000000,
    13.937
  ],
  [
    1612742400000,
    13.593
  ],
  [
    1612828800000,
    13.919
  ],
  [
    1612915200000,
    13.358
  ],
  [
    1613001600000,
    13.792
  ],
  [
    1613088000000,
    12.09
  ],
  [
    1613174400000,
    12.41
  ],
  [
    1613260800000,
    12.095
  ],
  [
    1613347200000,
    12.048
  ],
  [
    1613433600000,
    12.521
  ],
  [
    1613520000000,
    11.703
  ],
  [
    1613606400000,
    11.584
  ],
  [
    1613692800000,
    13.686
  ],
  [
    1613779200000,
    11.531
  ],
  [
    1613865600000,
    11.301
  ],
  [
    1613952000000,
    10.832
  ],
  [
    1614038400000,
    12.245
  ],
  [
    1614124800000,
    12.015
  ],
  [
    1614211200000,
    12.516
  ],
  [
    1614297600000,
    11.985
  ],
  [
    1614470400000,
    11.82
  ],
  [
    1614556800000,
    12.168
  ],
  [
    1614643200000,
    13.866
  ],
  [
    1614729600000,
    12.872
  ],
  [
    1614816000000,
    11.932
  ],
  [
    1614902400000,
    13.243
  ],
  [
    1614988800000,
    14.15
  ],
  [
    1615075200000,
    13.01
  ],
  [
    1615161600000,
    12.697
  ],
  [
    1615248000000,
    13.574
  ],
  [
    1615334400000,
    13.18
  ],
  [
    1615420800000,
    13.658
  ],
  [
    1615507200000,
    14.32
  ],
  [
    1615593600000,
    11.2
  ],
  [
    1615680000000,
    12.977
  ],
  [
    1615766400000,
    13.907
  ],
  [
    1615852800000,
    14.05
  ],
  [
    1615939200000,
    13.541
  ],
  [
    1616025600000,
    12.19
  ],
  [
    1616112000000,
    12.655
  ],
  [
    1616198400000,
    13.74
  ],
  [
    1616284800000,
    15.715
  ],
  [
    1616371200000,
    19.526
  ],
  [
    1616457600000,
    16.76
  ],
  [
    1616544000000,
    18.373
  ],
  [
    1616630400000,
    19.848
  ],
  [
    1616716800000,
    19.312
  ],
  [
    1616803200000,
    18.585
  ],
  [
    1616889600000,
    19.55
  ],
  [
    1616972400000,
    18.34
  ],
  [
    1617058800000,
    17.777
  ],
  [
    1617145200000,
    17.761
  ],
  [
    1617318000000,
    18.112
  ],
  [
    1617404400000,
    18.003
  ],
  [
    1617490800000,
    17.244
  ],
  [
    1617577200000,
    18.135
  ],
  [
    1617663600000,
    21.52
  ],
  [
    1617750000000,
    17.718
  ],
  [
    1617836400000,
    17.079
  ],
  [
    1617922800000,
    17.109
  ],
  [
    1618009200000,
    16.854
  ],
  [
    1618095600000,
    23.657
  ],
  [
    1618182000000,
    15.886
  ],
  [
    1618268400000,
    17.337
  ],
  [
    1618354800000,
    17.11
  ],
  [
    1618441200000,
    18.299
  ],
  [
    1618527600000,
    18.062
  ],
  [
    1618614000000,
    18.59
  ],
  [
    1618700400000,
    18.513
  ],
  [
    1618786800000,
    18.912
  ],
  [
    1618873200000,
    19.769
  ],
  [
    1618959600000,
    18.542
  ],
  [
    1619132400000,
    18.091
  ],
  [
    1619218800000,
    17.841
  ],
  [
    1619305200000,
    17.74
  ],
  [
    1619391600000,
    18.125
  ],
  [
    1619478000000,
    19.518
  ],
  [
    1619564400000,
    21.447
  ],
  [
    1619650800000,
    21.274
  ],
  [
    1619737200000,
    20.665
  ],
  [
    1619823600000,
    22.835
  ],
  [
    1619910000000,
    22.278
  ],
  [
    1620082800000,
    24.736
  ],
  [
    1620169200000,
    26.696
  ],
  [
    1620255600000,
    25.733
  ],
  [
    1620342000000,
    24.552
  ],
  [
    1620428400000,
    24.047
  ],
  [
    1620514800000,
    24.331
  ],
  [
    1620601200000,
    24.498
  ],
  [
    1620687600000,
    24.031
  ],
  [
    1620774000000,
    22.538
  ],
  [
    1620860400000,
    23.866
  ],
  [
    1620946800000,
    25.661
  ],
  [
    1621033200000,
    27.814
  ],
  [
    1621119600000,
    26.062
  ],
  [
    1621206000000,
    23.377
  ],
  [
    1621292400000,
    25.502
  ],
  [
    1621378800000,
    27.256
  ],
  [
    1621465200000,
    28.633
  ],
  [
    1621551600000,
    29.831
  ],
  [
    1621638000000,
    44.695
  ],
  [
    1621724400000,
    48.808
  ],
  [
    1621810800000,
    37.198
  ],
  [
    1621897200000,
    46.03
  ],
  [
    1621983600000,
    68.214
  ],
  [
    1622156400000,
    49.306
  ],
  [
    1622242800000,
    52.773
  ],
  [
    1622329200000,
    52.798
  ],
  [
    1622415600000,
    50.567
  ],
  [
    1622502000000,
    50.937
  ],
  [
    1622588400000,
    61.225
  ],
  [
    1622674800000,
    63.335
  ],
  [
    1622761200000,
    66.393
  ],
  [
    1622847600000,
    74.686
  ],
  [
    1622934000000,
    72.215
  ],
  [
    1623020400000,
    69.58
  ],
  [
    1623106800000,
    66.206
  ],
  [
    1623193200000,
    75.203
  ],
  [
    1623279600000,
    72.768
  ],
  [
    1623366000000,
    71.597
  ],
  [
    1623452400000,
    73.182
  ],
  [
    1623538800000,
    71.832
  ],
  [
    1623625200000,
    66.242
  ],
  [
    1623711600000,
    69.14
  ],
  [
    1623798000000,
    83.423
  ],
  [
    1623884400000,
    65.937
  ],
  [
    1623970800000,
    65.18
  ],
  [
    1624057200000,
    62.996
  ],
  [
    1624143600000,
    59.68
  ],
  [
    1624230000000,
    59.637
  ],
  [
    1624316400000,
    55.555
  ],
  [
    1624402800000,
    59.45
  ],
  [
    1624489200000,
    56.435
  ],
  [
    1624575600000,
    57.59
  ],
  [
    1624748400000,
    54.046
  ],
  [
    1624834800000,
    49.913
  ],
  [
    1624921200000,
    47.95
  ],
  [
    1625007600000,
    47.78
  ],
  [
    1625094000000,
    46.179
  ],
  [
    1625353200000,
    45.682
  ],
  [
    1625439600000,
    41.848
  ],
  [
    1625526000000,
    42.481
  ],
  [
    1625612400000,
    40.525
  ],
  [
    1625698800000,
    37.19
  ],
  [
    1625871600000,
    40.066
  ],
  [
    1625958000000,
    39.248
  ],
  [
    1626044400000,
    40.846
  ],
  [
    1626130800000,
    43.882
  ],
  [
    1626217200000,
    42.327
  ],
  [
    1626303600000,
    42.042
  ],
  [
    1626390000000,
    40.906
  ],
  [
    1626476400000,
    39.254
  ],
  [
    1626562800000,
    39.295
  ],
  [
    1626649200000,
    42.611
  ],
  [
    1626908400000,
    41.003
  ],
  [
    1627081200000,
    41.6
  ],
  [
    1627167600000,
    42.01
  ],
  [
    1627513200000,
    38.43
  ],
  [
    1627599600000,
    42.655
  ],
  [
    1627686000000,
    42.093
  ],
  [
    1627772400000,
    40.785
  ],
  [
    1627858800000,
    43.605
  ],
  [
    1627945200000,
    41.88
  ],
  [
    1628031600000,
    43.595
  ],
  [
    1628463600000,
    42.62
  ],
  [
    1628550000000,
    38.615
  ],
  [
    1628636400000,
    43.33
  ],
  [
    1628722800000,
    40.87
  ],
  [
    1628895600000,
    39.383
  ],
  [
    1628982000000,
    41.044
  ],
  [
    1629068400000,
    36.99
  ],
  [
    1629154800000,
    35.785
  ],
  [
    1629241200000,
    40.544
  ],
  [
    1629414000000,
    36.696
  ],
  [
    1629500400000,
    45.178
  ],
  [
    1629673200000,
    40.884
  ],
  [
    1629846000000,
    35.667
  ],
  [
    1629932400000,
    38.939
  ],
  [
    1630105200000,
    37.291
  ],
  [
    1630278000000,
    35.769
  ],
  [
    1630364400000,
    43.308
  ],
  [
    1630450800000,
    35.19
  ],
  [
    1630623600000,
    38.185
  ],
  [
    1630710000000,
    38.861
  ],
  [
    1630796400000,
    37.352
  ],
  [
    1630882800000,
    37.424
  ],
  [
    1630969200000,
    38.818
  ],
  [
    1631055600000,
    36.66
  ],
  [
    1631142000000,
    39.545
  ],
  [
    1631228400000,
    35.71
  ],
  [
    1631314800000,
    32.77
  ],
  [
    1631401200000,
    35.97
  ],
  [
    1631574000000,
    35.51
  ],
  [
    1631660400000,
    35.51
  ],
  [
    1631746800000,
    35.08
  ],
  [
    1631833200000,
    35.2
  ],
  [
    1631919600000,
    41.747
  ],
  [
    1632006000000,
    34.77
  ],
  [
    1632092400000,
    37.535
  ],
  [
    1632178800000,
    37.703
  ],
  [
    1632265200000,
    29.692
  ],
  [
    1632351600000,
    29.661
  ],
  [
    1632438000000,
    31.016
  ],
  [
    1632524400000,
    35.753
  ],
  [
    1632610800000,
    27.358
  ],
  [
    1632697200000,
    26.119
  ],
  [
    1632783600000,
    27.33
  ],
  [
    1632870000000,
    29.352
  ],
  [
    1632956400000,
    29.119
  ],
  [
    1633042800000,
    24.962
  ],
  [
    1633129200000,
    33.813
  ],
  [
    1633215600000,
    26.825
  ],
  [
    1633302000000,
    27.724
  ],
  [
    1633388400000,
    25.748
  ],
  [
    1633474800000,
    28.102
  ],
  [
    1633561200000,
    28.249
  ],
  [
    1633647600000,
    28.447
  ],
  [
    1633734000000,
    28.401
  ],
  [
    1633820400000,
    27.892
  ],
  [
    1633906800000,
    28.153
  ],
  [
    1633993200000,
    28.035
  ],
  [
    1634079600000,
    28.649
  ],
  [
    1634166000000,
    28.365
  ],
  [
    1634252400000,
    28.727
  ],
  [
    1634338800000,
    28.227
  ],
  [
    1634425200000,
    29.338
  ],
  [
    1634511600000,
    26.71
  ],
  [
    1634598000000,
    26.76
  ],
  [
    1634684400000,
    27.662
  ],
  [
    1634770800000,
    26.74
  ],
  [
    1634857200000,
    25.804
  ],
  [
    1634943600000,
    24.7
  ],
  [
    1635030000000,
    24.303
  ],
  [
    1635116400000,
    25.286
  ],
  [
    1635202800000,
    26.143
  ],
  [
    1635289200000,
    24.802
  ],
  [
    1635462000000,
    24.87
  ],
  [
    1635548400000,
    27.832
  ],
  [
    1635634800000,
    27.29
  ],
  [
    1635724800000,
    28.841
  ],
  [
    1635811200000,
    26.15
  ],
  [
    1635897600000,
    26.896
  ],
  [
    1635984000000,
    26.778
  ],
  [
    1636070400000,
    27.233
  ],
  [
    1636156800000,
    26.594
  ],
  [
    1636243200000,
    29.241
  ],
  [
    1636329600000,
    25.493
  ],
  [
    1636416000000,
    25
  ],
  [
    1636502400000,
    26.157
  ],
  [
    1636588800000,
    25.391
  ],
  [
    1636675200000,
    24.39
  ],
  [
    1636761600000,
    25.675
  ],
  [
    1636848000000,
    26.117
  ],
  [
    1636934400000,
    27.075
  ],
  [
    1637020800000,
    26.86
  ],
  [
    1637107200000,
    26.573
  ],
  [
    1637280000000,
    27.546
  ],
  [
    1637452800000,
    25
  ],
  [
    1637539200000,
    34.572
  ],
  [
    1637625600000,
    27.263
  ],
  [
    1637712000000,
    28.796
  ],
  [
    1637884800000,
    28.911
  ],
  [
    1637971200000,
    27.14
  ],
  [
    1638144000000,
    28.651
  ],
  [
    1638230400000,
    27.14
  ],
  [
    1638316800000,
    27.165
  ],
  [
    1638403200000,
    27.69
  ],
  [
    1638489600000,
    31.597
  ],
  [
    1638576000000,
    35.762
  ],
  [
    1638748800000,
    35.408
  ],
  [
    1638835200000,
    36.293
  ],
  [
    1639008000000,
    33.5
  ],
  [
    1639180800000,
    37.175
  ],
  [
    1639353600000,
    35.731
  ],
  [
    1639440000000,
    34.834
  ],
  [
    1639526400000,
    38.855
  ],
  [
    1639612800000,
    38.345
  ],
  [
    1639699200000,
    40.686
  ],
  [
    1639785600000,
    43.72
  ],
  [
    1640044800000,
    34.24
  ],
  [
    1640304000000,
    35.809
  ],
  [
    1640390400000,
    34.24
  ],
  [
    1640476800000,
    34.32
  ],
  [
    1640563200000,
    34.18
  ],
  [
    1640649600000,
    35.36
  ],
  [
    1640736000000,
    36.039
  ],
  [
    1640822400000,
    36.145
  ],
  [
    1640908800000,
    37.35
  ],
  [
    1640995200000,
    36.487
  ],
  [
    1641081600000,
    36.19
  ],
  [
    1641168000000,
    36.31
  ],
  [
    1641254400000,
    36.37
  ],
  [
    1641340800000,
    39.688
  ],
  [
    1641600000000,
    45.004
  ],
  [
    1641686400000,
    37.96
  ],
  [
    1641772800000,
    38.81
  ],
  [
    1641859200000,
    38.91
  ],
  [
    1642118400000,
    39.477
  ],
  [
    1642204800000,
    38.3
  ],
  [
    1642291200000,
    38.24
  ],
  [
    1642377600000,
    38.18
  ],
  [
    1642550400000,
    41.202
  ],
  [
    1642723200000,
    36.39
  ],
  [
    1642809600000,
    35.21
  ],
  [
    1642896000000,
    35
  ],
  [
    1642982400000,
    39.984
  ],
  [
    1643068800000,
    33.01
  ],
  [
    1643155200000,
    36.775
  ],
  [
    1643328000000,
    33.965
  ],
  [
    1643414400000,
    34.76
  ],
  [
    1643587200000,
    34.01
  ],
  [
    1643673600000,
    34.135
  ],
  [
    1643760000000,
    34.24
  ],
  [
    1643846400000,
    34.22
  ],
  [
    1643932800000,
    33.65
  ],
  [
    1644019200000,
    35.128
  ],
  [
    1644105600000,
    34
  ],
  [
    1644192000000,
    33.655
  ],
  [
    1644278400000,
    33.94
  ],
  [
    1644451200000,
    33.78
  ],
  [
    1644624000000,
    34.228
  ],
  [
    1644710400000,
    36.075
  ],
  [
    1644796800000,
    33.95
  ],
  [
    1644883200000,
    35.228
  ],
  [
    1645142400000,
    35.093
  ],
  [
    1645228800000,
    36.708
  ],
  [
    1645315200000,
    33.95
  ],
  [
    1645401600000,
    34.44
  ],
  [
    1645488000000,
    33.78
  ],
  [
    1645574400000,
    33.465
  ],
  [
    1645660800000,
    34.031
  ],
  [
    1645747200000,
    33.873
  ],
  [
    1645833600000,
    34.314
  ],
  [
    1645920000000,
    35.209
  ],
  [
    1646006400000,
    35.232
  ],
  [
    1646092800000,
    35.85
  ],
  [
    1646179200000,
    35.892
  ],
  [
    1646265600000,
    38.915
  ],
  [
    1646352000000,
    36.961
  ],
  [
    1646438400000,
    39.24
  ],
  [
    1646524800000,
    105.871
  ],
  [
    1646611200000,
    32.868
  ],
  [
    1646697600000,
    33.764
  ],
  [
    1646784000000,
    34.5
  ],
  [
    1646870400000,
    35.215
  ],
  [
    1647129600000,
    35.257
  ],
  [
    1647216000000,
    37.314
  ],
  [
    1647302400000,
    34.73
  ],
  [
    1647388800000,
    48
  ],
  [
    1647475200000,
    37.362
  ],
  [
    1647561600000,
    38.54
  ],
  [
    1647648000000,
    41.104
  ],
  [
    1647734400000,
    43.705
  ],
  [
    1647820800000,
    38.765
  ],
  [
    1647907200000,
    41.284
  ],
  [
    1647993600000,
    37.93
  ],
  [
    1648166400000,
    38.145
  ],
  [
    1648252800000,
    39.3
  ],
  [
    1648339200000,
    39.495
  ],
  [
    1648422000000,
    37.405
  ],
  [
    1648508400000,
    45.74
  ],
  [
    1648940400000,
    40.43
  ],
  [
    1649026800000,
    40.68
  ],
  [
    1649113200000,
    43.95
  ],
  [
    1649199600000,
    24.479
  ],
  [
    1649286000000,
    47.241
  ],
  [
    1649372400000,
    43.328
  ],
  [
    1649631600000,
    40.158
  ],
  [
    1649718000000,
    39.38
  ],
  [
    1649804400000,
    45.999
  ],
  [
    1649890800000,
    47.01
  ],
  [
    1650150000000,
    44.13
  ],
  [
    1650236400000,
    46.661
  ],
  [
    1650409200000,
    47.12
  ],
  [
    1650495600000,
    47.512
  ],
  [
    1650582000000,
    49.147
  ],
  [
    1650668400000,
    49.002
  ],
  [
    1650754800000,
    50.31
  ],
  [
    1650841200000,
    50.703
  ],
  [
    1650927600000,
    50.47
  ],
  [
    1651014000000,
    55.794
  ],
  [
    1651100400000,
    51.215
  ],
  [
    1651186800000,
    44.045
  ],
  [
    1651359600000,
    46.58
  ],
  [
    1651446000000,
    46.011
  ],
  [
    1651618800000,
    45.346
  ],
  [
    1651705200000,
    47.135
  ],
  [
    1651791600000,
    46.83
  ],
  [
    1651878000000,
    46.99
  ],
  [
    1651964400000,
    42.87
  ],
  [
    1652050800000,
    42.94
  ],
  [
    1652137200000,
    42.97
  ],
  [
    1652223600000,
    43.44
  ],
  [
    1652310000000,
    43.61
  ],
  [
    1652396400000,
    43.64
  ],
  [
    1652482800000,
    44.175
  ],
  [
    1652569200000,
    45.6
  ],
  [
    1652742000000,
    45.63
  ],
  [
    1652828400000,
    46.01
  ],
  [
    1652914800000,
    45.835
  ],
  [
    1653001200000,
    45.335
  ],
  [
    1653174000000,
    41.365
  ],
  [
    1653260400000,
    40.8
  ],
  [
    1653346800000,
    40.84
  ],
  [
    1653519600000,
    40.84
  ],
  [
    1653606000000,
    41.475
  ],
  [
    1653692400000,
    41.423
  ],
  [
    1653778800000,
    46.254
  ],
  [
    1653865200000,
    41.24
  ],
  [
    1653951600000,
    41.37
  ],
  [
    1654038000000,
    41.37
  ],
  [
    1654124400000,
    41.15
  ],
  [
    1654210800000,
    42.389
  ],
  [
    1654297200000,
    40.459
  ],
  [
    1654383600000,
    39.68
  ],
  [
    1654470000000,
    41.987
  ],
  [
    1654556400000,
    41.128
  ],
  [
    1654729200000,
    43.73
  ],
  [
    1654815600000,
    39.72
  ],
  [
    1654902000000,
    38.925
  ],
  [
    1654988400000,
    39.65
  ],
  [
    1655074800000,
    39.65
  ],
  [
    1655161200000,
    39.31
  ],
  [
    1655247600000,
    39.583
  ],
  [
    1655334000000,
    37.257
  ],
  [
    1655420400000,
    45.738
  ],
  [
    1655506800000,
    37.615
  ],
  [
    1655679600000,
    37.69
  ],
  [
    1655766000000,
    37.55
  ],
  [
    1655852400000,
    37.42
  ],
  [
    1655938800000,
    36.543
  ],
  [
    1656025200000,
    36.3
  ],
  [
    1656111600000,
    36.723
  ],
  [
    1656198000000,
    36.53
  ],
  [
    1656284400000,
    37.455
  ],
  [
    1656370800000,
    36.905
  ],
  [
    1656457200000,
    38.724
  ],
  [
    1656543600000,
    37.4
  ],
  [
    1656630000000,
    40.36
  ],
  [
    1656716400000,
    39.227
  ],
  [
    1656889200000,
    39.023
  ],
  [
    1656975600000,
    37.9
  ],
  [
    1657062000000,
    38.835
  ],
  [
    1657148400000,
    37.95
  ],
  [
    1657234800000,
    41.25
  ],
  [
    1657321200000,
    38.165
  ],
  [
    1657407600000,
    41.012
  ],
  [
    1657494000000,
    41.34
  ],
  [
    1657580400000,
    37.662
  ],
  [
    1657753200000,
    38.03
  ],
  [
    1657839600000,
    38.52
  ],
  [
    1657926000000,
    41.375
  ],
  [
    1658012400000,
    39.3
  ],
  [
    1658098800000,
    39.35
  ],
  [
    1658185200000,
    41.673
  ],
  [
    1658358000000,
    41.376
  ],
  [
    1658444400000,
    39.505
  ],
  [
    1658530800000,
    41.166
  ],
  [
    1658617200000,
    39.91
  ],
  [
    1658703600000,
    41.055
  ],
  [
    1658876400000,
    39.99
  ],
  [
    1658962800000,
    41.03
  ],
  [
    1659049200000,
    40.11
  ],
  [
    1659135600000,
    40.1
  ],
  [
    1659222000000,
    40.398
  ],
  [
    1659308400000,
    40.84
  ],
  [
    1659394800000,
    40.72
  ],
  [
    1659654000000,
    38.562
  ],
  [
    1659740400000,
    42.465
  ],
  [
    1659826800000,
    40.9
  ],
  [
    1660172400000,
    47.16
  ],
  [
    1660258800000,
    41.03
  ],
  [
    1660518000000,
    44.45
  ],
  [
    1660604400000,
    41.03
  ],
  [
    1660777200000,
    45.748
  ],
  [
    1660950000000,
    45.371
  ],
  [
    1661036400000,
    41.545
  ],
  [
    1661209200000,
    41.32
  ],
  [
    1661382000000,
    36.5
  ],
  [
    1661468400000,
    40.1
  ],
  [
    1661554800000,
    43.847
  ],
  [
    1661641200000,
    43.944
  ],
  [
    1661727600000,
    43.67
  ],
  [
    1661814000000,
    65.235
  ],
  [
    1661986800000,
    36.305
  ],
  [
    1662246000000,
    43.44
  ],
  [
    1662332400000,
    43.92
  ],
  [
    1662418800000,
    45.25
  ],
  [
    1662505200000,
    45.668
  ],
  [
    1662764400000,
    44.7
  ],
  [
    1662850800000,
    40.18
  ],
  [
    1663023600000,
    41.549
  ],
  [
    1663110000000,
    41.1
  ],
  [
    1663455600000,
    43.84
  ],
  [
    1663542000000,
    41.83
  ],
  [
    1663628400000,
    42
  ],
  [
    1663714800000,
    39.661
  ],
  [
    1663801200000,
    39.17
  ],
  [
    1663887600000,
    42.749
  ],
  [
    1663974000000,
    38.84
  ],
  [
    1664060400000,
    42.335
  ],
  [
    1664319600000,
    39.56
  ],
  [
    1664406000000,
    45.66
  ],
  [
    1664751600000,
    40.28
  ],
  [
    1664838000000,
    40.34
  ],
  [
    1664924400000,
    40.34
  ],
  [
    1665010800000,
    41.244
  ],
  [
    1665097200000,
    40.84
  ],
  [
    1665183600000,
    44.515
  ],
  [
    1665270000000,
    43.87
  ],
  [
    1665442800000,
    45.353
  ],
  [
    1665529200000,
    47.45
  ],
  [
    1665615600000,
    47.54
  ],
  [
    1665788400000,
    43.905
  ],
  [
    1665874800000,
    42.79
  ],
  [
    1666306800000,
    43.915
  ],
  [
    1666393200000,
    67.96
  ],
  [
    1666652400000,
    44.13
  ],
  [
    1666738800000,
    45.45
  ],
  [
    1666825200000,
    47.518
  ],
  [
    1666911600000,
    46.92
  ],
  [
    1666998000000,
    47.06
  ],
  [
    1667174400000,
    47.68
  ],
  [
    1667347200000,
    46.71
  ],
  [
    1667606400000,
    47.21
  ],
  [
    1667692800000,
    47.35
  ],
  [
    1667779200000,
    48.25
  ],
  [
    1667865600000,
    48.648
  ],
  [
    1667952000000,
    48.038
  ],
  [
    1668124800000,
    51.03
  ],
  [
    1668384000000,
    30.76
  ],
  [
    1668556800000,
    48.92
  ],
  [
    1668643200000,
    52.5
  ],
  [
    1668729600000,
    65.008
  ],
  [
    1668902400000,
    52.69
  ],
  [
    1668988800000,
    47.63
  ],
  [
    1669161600000,
    48.65
  ],
  [
    1669507200000,
    50.77
  ],
  [
    1669680000000,
    50.79
  ],
  [
    1669766400000,
    64.585
  ],
  [
    1669852800000,
    55.801
  ],
  [
    1669939200000,
    65.02
  ],
  [
    1670198400000,
    56.863
  ],
  [
    1670284800000,
    52.63
  ],
  [
    1670457600000,
    54.105
  ],
  [
    1670544000000,
    58.51
  ],
  [
    1670630400000,
    52.63
  ],
  [
    1670803200000,
    52.62
  ],
  [
    1670976000000,
    52.637
  ],
  [
    1671148800000,
    57.508
  ],
  [
    1671235200000,
    58.38
  ],
  [
    1671580800000,
    51.33
  ],
  [
    1671667200000,
    49.87
  ],
  [
    1671753600000,
    51.535
  ],
  [
    1672012800000,
    43.37
  ],
  [
    1672099200000,
    49.29
  ],
  [
    1672185600000,
    51.017
  ],
  [
    1672272000000,
    76.94
  ],
  [
    1672358400000,
    77.64
  ],
  [
    1672444800000,
    49.45
  ],
  [
    1672531200000,
    54.53
  ],
  [
    1672617600000,
    50.92
  ],
  [
    1672876800000,
    55.98
  ],
  [
    1672963200000,
    55.646
  ],
  [
    1673136000000,
    52.195
  ],
  [
    1673395200000,
    52.86
  ],
  [
    1673654400000,
    62.473
  ],
  [
    1673740800000,
    63.76
  ],
  [
    1673827200000,
    56.51
  ],
  [
    1674000000000,
    54.48
  ],
  [
    1674086400000,
    54.43
  ],
  [
    1674259200000,
    59.484
  ],
  [
    1674345600000,
    52.18
  ],
  [
    1674518400000,
    52.55
  ],
  [
    1674604800000,
    63.11
  ],
  [
    1674691200000,
    53.06
  ],
  [
    1674777600000,
    53.68
  ],
  [
    1675123200000,
    54.36
  ],
  [
    1675209600000,
    55.4
  ],
  [
    1675468800000,
    59.548
  ],
  [
    1675641600000,
    59.923
  ],
  [
    1675728000000,
    59.83
  ],
  [
    1675814400000,
    60.75
  ],
  [
    1675900800000,
    60.405
  ],
  [
    1676073600000,
    62.317
  ],
  [
    1676160000000,
    64.22
  ],
  [
    1676332800000,
    67.8
  ],
  [
    1676505600000,
    63.599
  ],
  [
    1676592000000,
    63.067
  ],
  [
    1676678400000,
    62.92
  ],
  [
    1676764800000,
    66.914
  ],
  [
    1676851200000,
    67.791
  ],
  [
    1676937600000,
    66.023
  ],
  [
    1677110400000,
    57.425
  ],
  [
    1677196800000,
    69.17
  ],
  [
    1677369600000,
    59.43
  ],
  [
    1677542400000,
    59.252
  ],
  [
    1677801600000,
    58.979
  ],
  [
    1677888000000,
    65.981
  ],
  [
    1677974400000,
    61.768
  ],
  [
    1678060800000,
    69.06
  ],
  [
    1678320000000,
    64.715
  ],
  [
    1678492800000,
    62.16
  ],
  [
    1678579200000,
    72.05
  ],
  [
    1678665600000,
    62.19
  ],
  [
    1678752000000,
    62.19
  ],
  [
    1678838400000,
    66.045
  ],
  [
    1678924800000,
    63.04
  ],
  [
    1679011200000,
    63.502
  ],
  [
    1679184000000,
    64.03
  ],
  [
    1679270400000,
    62.643
  ],
  [
    1679356800000,
    67.48
  ],
  [
    1679443200000,
    65.594
  ],
  [
    1679529600000,
    70.505
  ],
  [
    1679702400000,
    64.53
  ],
  [
    1679871600000,
    58.161
  ],
  [
    1680044400000,
    64.33
  ],
  [
    1680130800000,
    60
  ],
  [
    1680217200000,
    61.392
  ],
  [
    1680303600000,
    67.2
  ],
  [
    1680476400000,
    63.796
  ],
  [
    1680562800000,
    64.153
  ],
  [
    1680735600000,
    67.693
  ],
  [
    1680908400000,
    74.05
  ],
  [
    1681254000000,
    64.52
  ],
  [
    1681340400000,
    68.131
  ],
  [
    1681426800000,
    65.534
  ],
  [
    1681513200000,
    64.7
  ],
  [
    1681599600000,
    64.672
  ],
  [
    1681686000000,
    70.06
  ],
  [
    1681772400000,
    77.372
  ],
  [
    1681858800000,
    75.252
  ],
  [
    1681945200000,
    86.97
  ],
  [
    1682031600000,
    85.885
  ],
  [
    1682118000000,
    89.2
  ],
  [
    1682290800000,
    85.84
  ],
  [
    1682377200000,
    84.095
  ],
  [
    1682463600000,
    81.684
  ],
  [
    1682550000000,
    77.01
  ],
  [
    1682722800000,
    78.238
  ],
  [
    1682809200000,
    75.643
  ],
  [
    1682982000000,
    77.05
  ],
  [
    1683068400000,
    74
  ],
  [
    1683241200000,
    82.63
  ],
  [
    1683414000000,
    68.998
  ],
  [
    1683500400000,
    64.8
  ],
  [
    1683586800000,
    65.815
  ],
  [
    1683673200000,
    61.638
  ],
  [
    1683759600000,
    65.434
  ],
  [
    1683846000000,
    66.1
  ],
  [
    1683932400000,
    66.283
  ],
  [
    1684018800000,
    74.67
  ],
  [
    1684191600000,
    66.312
  ],
  [
    1684278000000,
    60.51
  ],
  [
    1684364400000,
    65.41
  ],
  [
    1684450800000,
    60.88
  ],
  [
    1684537200000,
    63.22
  ],
  [
    1684623600000,
    72.647
  ],
  [
    1684710000000,
    77.82
  ],
  [
    1684882800000,
    65.791
  ],
  [
    1684969200000,
    80.63
  ],
  [
    1685314800000,
    66.86
  ],
  [
    1685487600000,
    67.59
  ],
  [
    1685574000000,
    69.865
  ],
  [
    1685660400000,
    65.275
  ],
  [
    1685746800000,
    68.87
  ],
  [
    1685833200000,
    69.88
  ],
  [
    1685919600000,
    77.671
  ],
  [
    1686006000000,
    71.24
  ],
  [
    1686092400000,
    79.264
  ],
  [
    1686265200000,
    80.097
  ],
  [
    1686351600000,
    77.016
  ],
  [
    1686438000000,
    75.945
  ],
  [
    1686524400000,
    80.728
  ],
  [
    1686783600000,
    81.12
  ],
  [
    1686870000000,
    81.075
  ],
  [
    1687388400000,
    82.3
  ],
  [
    1687474800000,
    86.783
  ],
  [
    1687561200000,
    86.18
  ],
  [
    1687647600000,
    82.13
  ],
  [
    1687993200000,
    87.102
  ],
  [
    1688079600000,
    88.562
  ],
  [
    1688338800000,
    74.3
  ],
  [
    1688425200000,
    81.07
  ],
  [
    1688511600000,
    76.552
  ],
  [
    1688598000000,
    82.029
  ],
  [
    1688857200000,
    74.9
  ],
  [
    1689202800000,
    74.4
  ],
  [
    1689289200000,
    91.256
  ],
  [
    1689375600000,
    77.51
  ],
  [
    1689462000000,
    76.27
  ],
  [
    1689548400000,
    88.84
  ],
  [
    1689807600000,
    78.648
  ],
  [
    1689894000000,
    78.97
  ],
  [
    1690153200000,
    85
  ],
  [
    1690412400000,
    80.47
  ],
  [
    1690498800000,
    80.47
  ],
  [
    1690758000000,
    80.56
  ],
  [
    1690844400000,
    80.53
  ],
  [
    1691017200000,
    86.52
  ],
  [
    1691276400000,
    92.379
  ],
  [
    1691362800000,
    94.422
  ],
  [
    1691449200000,
    87.839
  ],
  [
    1691535600000,
    95.444
  ],
  [
    1691708400000,
    90.633
  ],
  [
    1691794800000,
    93.169
  ],
  [
    1692054000000,
    89.195
  ],
  [
    1692140400000,
    81.39
  ],
  [
    1692745200000,
    82.66
  ],
  [
    1692831600000,
    82.896
  ],
  [
    1692918000000,
    82.68
  ],
  [
    1693004400000,
    79.795
  ],
  [
    1693090800000,
    82.6
  ],
  [
    1693177200000,
    92.07
  ],
  [
    1693350000000,
    99.209
  ],
  [
    1693609200000,
    82.02
  ],
  [
    1693782000000,
    94.999
  ],
  [
    1694127600000,
    83.41
  ],
  [
    1694386800000,
    99.464
  ],
  [
    1695250800000,
    90.05
  ],
  [
    1695337200000,
    90.05
  ],
  [
    1695423600000,
    89.95
  ],
  [
    1695769200000,
    90.94
  ],
  [
    1696028400000,
    91.5
  ],
  [
    1696114800000,
    97.351
  ],
  [
    1696287600000,
    125.197
  ],
  [
    1696374000000,
    100
  ],
  [
    1696719600000,
    100.04
  ],
  [
    1696806000000,
    98.06
  ],
  [
    1696978800000,
    105.69
  ],
  [
    1697324400000,
    104.848
  ],
  [
    1697583600000,
    104
  ],
  [
    1697670000000,
    107.203
  ],
  [
    1697842800000,
    104.93
  ],
  [
    1697929200000,
    105
  ],
  [
    1698274800000,
    111.551
  ],
  [
    1698883200000,
    91.33
  ],
  [
    1699142400000,
    93.9
  ],
  [
    1699315200000,
    107.156
  ],
  [
    1699920000000,
    103.023
  ],
  [
    1700524800000,
    94.181
  ],
  [
    1700697600000,
    90.04
  ],
  [
    1700870400000,
    81.886
  ],
  [
    1700956800000,
    82.81
  ],
  [
    1701043200000,
    79.82
  ],
  [
    1701302400000,
    89.04
  ],
  [
    1701648000000,
    88.074
  ],
  [
    1702080000000,
    97.32
  ],
  [
    1702166400000,
    84.466
  ],
  [
    1702339200000,
    89.65
  ],
  [
    1702512000000,
    159.112
  ],
  [
    1703030400000,
    95.01
  ],
  [
    1703289600000,
    99.244
  ],
  [
    1704240000000,
    94.114
  ],
  [
    1704326400000,
    93.23
  ],
  [
    1704585600000,
    93.665
  ],
  [
    1704758400000,
    93.4
  ],
  [
    1705190400000,
    102.13
  ],
  [
    1705449600000,
    99.22
  ],
  [
    1705536000000,
    102.02
  ],
  [
    1705708800000,
    99.33
  ],
  [
    1706745600000,
    89.94
  ],
  [
    1707004800000,
    92.51
  ],
  [
    1707091200000,
    92.69
  ],
  [
    1707177600000,
    102.58
  ],
  [
    1707264000000,
    94.04
  ],
  [
    1707609600000,
    87.69
  ],
  [
    1708041600000,
    102.92
  ],
  [
    1708473600000,
    88
  ],
  [
    1708992000000,
    95.458
  ],
  [
    1709337600000,
    97.57
  ],
  [
    1710028800000,
    112.399
  ],
  [
    1710115200000,
    99.28
  ],
  [
    1710374400000,
    62.86
  ],
  [
    1710460800000,
    93.87
  ],
  [
    1711065600000,
    100.64
  ],
  [
    1711411200000,
    95.85
  ],
  [
    1711584000000,
    103.139
  ],
  [
    1711670400000,
    100.325
  ],
  [
    1712098800000,
    98.35
  ],
  [
    1712617200000,
    102.69
  ],
  [
    1712876400000,
    105.2
  ],
  [
    1712962800000,
    105.46
  ],
  [
    1713049200000,
    103.89
  ],
  [
    1713654000000,
    111
  ],
  [
    1713826800000,
    105.31
  ],
  [
    1714345200000,
    107.38
  ],
  [
    1714777200000,
    115.29
  ],
  [
    1714863600000,
    116.49
  ],
  [
    1716397200000,
    113.47
  ],
  [
    1716656400000,
    116.92
  ],
  [
    1716735600000,
    116.89
  ],
  [
    1717023600000,
    132.248
  ],
  [
    1717574400000,
    149.13
  ],
  [
    1717988400000,
    132.42
  ],
  [
    1718643600000,
    132.62
  ],
  [
    1718726400000,
    141.61
  ],
  [
    1718740800000,
    135.52
  ]
]