[
  [
    1574121600000,
    1.085
  ],
  [
    1574208000000,
    1.369
  ],
  [
    1574294400000,
    1.752
  ],
  [
    1574380800000,
    1.723
  ],
  [
    1574467200000,
    1.735
  ],
  [
    1574553600000,
    1.626
  ],
  [
    1574640000000,
    1.54
  ],
  [
    1574726400000,
    1.599
  ],
  [
    1574812800000,
    1.683
  ],
  [
    1574899200000,
    1.815
  ],
  [
    1574985600000,
    1.743
  ],
  [
    1575072000000,
    2.053
  ],
  [
    1575158400000,
    2.236
  ],
  [
    1575244800000,
    2.379
  ],
  [
    1575331200000,
    2.576
  ],
  [
    1575417600000,
    1.955
  ],
  [
    1575504000000,
    1.925
  ],
  [
    1575590400000,
    2.076
  ],
  [
    1575676800000,
    2.096
  ],
  [
    1575763200000,
    2.175
  ],
  [
    1575849600000,
    2.466
  ],
  [
    1575936000000,
    2.749
  ],
  [
    1576022400000,
    2.529
  ],
  [
    1576108800000,
    2.515
  ],
  [
    1576195200000,
    2.615
  ],
  [
    1576281600000,
    2.449
  ],
  [
    1576368000000,
    2.45
  ],
  [
    1576454400000,
    2.359
  ],
  [
    1576540800000,
    2.419
  ],
  [
    1576627200000,
    2.388
  ],
  [
    1576713600000,
    2.257
  ],
  [
    1576800000000,
    2.295
  ],
  [
    1576886400000,
    2.463
  ],
  [
    1576972800000,
    2.371
  ],
  [
    1577059200000,
    2.507
  ],
  [
    1577145600000,
    2.529
  ],
  [
    1577232000000,
    2.371
  ],
  [
    1577318400000,
    2.412
  ],
  [
    1577404800000,
    2.366
  ],
  [
    1577491200000,
    2.328
  ],
  [
    1577577600000,
    2.247
  ],
  [
    1577664000000,
    2.299
  ],
  [
    1577750400000,
    2.372
  ],
  [
    1577836800000,
    2.167
  ],
  [
    1577923200000,
    2.166
  ],
  [
    1578009600000,
    2.213
  ],
  [
    1578096000000,
    2.287
  ],
  [
    1578182400000,
    2.386
  ],
  [
    1578268800000,
    2.369
  ],
  [
    1578355200000,
    2.395
  ],
  [
    1578441600000,
    2.287
  ],
  [
    1578528000000,
    2.451
  ],
  [
    1578614400000,
    2.405
  ],
  [
    1578700800000,
    2.488
  ],
  [
    1578787200000,
    2.47
  ],
  [
    1578873600000,
    2.563
  ],
  [
    1578960000000,
    2.79
  ],
  [
    1579046400000,
    2.661
  ],
  [
    1579132800000,
    2.717
  ],
  [
    1579219200000,
    2.663
  ],
  [
    1579305600000,
    2.736
  ],
  [
    1579392000000,
    2.799
  ],
  [
    1579478400000,
    2.804
  ],
  [
    1579564800000,
    2.799
  ],
  [
    1579651200000,
    2.629
  ],
  [
    1579737600000,
    2.633
  ],
  [
    1579824000000,
    2.742
  ],
  [
    1579910400000,
    2.811
  ],
  [
    1579996800000,
    2.636
  ],
  [
    1580083200000,
    2.485
  ],
  [
    1580169600000,
    2.56
  ],
  [
    1580256000000,
    2.483
  ],
  [
    1580342400000,
    2.309
  ],
  [
    1580428800000,
    2.695
  ],
  [
    1580515200000,
    2.98
  ],
  [
    1580601600000,
    3.127
  ],
  [
    1580688000000,
    3.475
  ],
  [
    1580774400000,
    5.228
  ],
  [
    1580860800000,
    4.854
  ],
  [
    1580947200000,
    4.595
  ],
  [
    1581033600000,
    3.693
  ],
  [
    1581120000000,
    3.137
  ],
  [
    1581206400000,
    3.416
  ],
  [
    1581292800000,
    3.368
  ],
  [
    1581379200000,
    3.385
  ],
  [
    1581465600000,
    3.538
  ],
  [
    1581552000000,
    3.541
  ],
  [
    1581638400000,
    3.561
  ],
  [
    1581724800000,
    3.468
  ],
  [
    1581811200000,
    3.463
  ],
  [
    1581897600000,
    3.631
  ],
  [
    1581984000000,
    3.554
  ],
  [
    1582070400000,
    3.261
  ],
  [
    1582156800000,
    3.22
  ],
  [
    1582243200000,
    3.361
  ],
  [
    1582329600000,
    3.738
  ],
  [
    1582416000000,
    4.336
  ],
  [
    1582502400000,
    5.018
  ],
  [
    1582588800000,
    4.79
  ],
  [
    1582675200000,
    4.276
  ],
  [
    1582761600000,
    4.339
  ],
  [
    1582848000000,
    4.948
  ],
  [
    1582934400000,
    5.542
  ],
  [
    1583020800000,
    5.199
  ],
  [
    1583107200000,
    5.094
  ],
  [
    1583193600000,
    4.889
  ],
  [
    1583280000000,
    4.933
  ],
  [
    1583366400000,
    4.469
  ],
  [
    1583452800000,
    4.099
  ],
  [
    1583539200000,
    3.976
  ],
  [
    1583625600000,
    3.9
  ],
  [
    1583712000000,
    3.902
  ],
  [
    1583798400000,
    3.938
  ],
  [
    1583884800000,
    3.971
  ],
  [
    1583971200000,
    3.978
  ],
  [
    1584057600000,
    3.99
  ],
  [
    1584144000000,
    3.921
  ],
  [
    1584230400000,
    3.938
  ],
  [
    1584316800000,
    3.69
  ],
  [
    1584403200000,
    3.889
  ],
  [
    1584489600000,
    3.954
  ],
  [
    1584576000000,
    4.034
  ],
  [
    1584662400000,
    4.341
  ],
  [
    1584748800000,
    4.544
  ],
  [
    1584835200000,
    4.434
  ],
  [
    1584921600000,
    4.418
  ],
  [
    1585008000000,
    4.445
  ],
  [
    1585094400000,
    3.989
  ],
  [
    1585180800000,
    4.177
  ],
  [
    1585267200000,
    4.118
  ],
  [
    1585353600000,
    4.404
  ],
  [
    1585440000000,
    4.654
  ],
  [
    1585522800000,
    4.682
  ],
  [
    1585609200000,
    4.022
  ],
  [
    1585695600000,
    4.096
  ],
  [
    1585782000000,
    4.071
  ],
  [
    1585868400000,
    4.16
  ],
  [
    1585954800000,
    4.512
  ],
  [
    1586041200000,
    4.075
  ],
  [
    1586127600000,
    4.037
  ],
  [
    1586214000000,
    4.01
  ],
  [
    1586300400000,
    4.067
  ],
  [
    1586386800000,
    4.101
  ],
  [
    1586473200000,
    4.19
  ],
  [
    1586559600000,
    4.034
  ],
  [
    1586646000000,
    3.856
  ],
  [
    1586732400000,
    3.833
  ],
  [
    1586818800000,
    3.851
  ],
  [
    1586905200000,
    3.968
  ],
  [
    1586991600000,
    4.066
  ],
  [
    1587078000000,
    4.033
  ],
  [
    1587164400000,
    4.027
  ],
  [
    1587250800000,
    3.931
  ],
  [
    1587337200000,
    4.179
  ],
  [
    1587423600000,
    4.186
  ],
  [
    1587510000000,
    4.11
  ],
  [
    1587596400000,
    4.073
  ],
  [
    1587682800000,
    4.208
  ],
  [
    1587769200000,
    4.182
  ],
  [
    1587855600000,
    4.265
  ],
  [
    1587942000000,
    4.357
  ],
  [
    1588028400000,
    4.607
  ],
  [
    1588114800000,
    4.741
  ],
  [
    1588201200000,
    4.809
  ],
  [
    1588287600000,
    5.13
  ],
  [
    1588374000000,
    5.31
  ],
  [
    1588460400000,
    5.202
  ],
  [
    1588546800000,
    5.344
  ],
  [
    1588633200000,
    5.35
  ],
  [
    1588719600000,
    5.505
  ],
  [
    1588806000000,
    5.523
  ],
  [
    1588892400000,
    5.605
  ],
  [
    1588978800000,
    5.683
  ],
  [
    1589065200000,
    5.915
  ],
  [
    1589151600000,
    5.174
  ],
  [
    1589238000000,
    5.97
  ],
  [
    1589324400000,
    5.878
  ],
  [
    1589410800000,
    5.859
  ],
  [
    1589497200000,
    6.002
  ],
  [
    1589583600000,
    6.003
  ],
  [
    1589670000000,
    6.11
  ],
  [
    1589756400000,
    6.505
  ],
  [
    1589842800000,
    6.406
  ],
  [
    1589929200000,
    6.329
  ],
  [
    1590015600000,
    6.411
  ],
  [
    1590102000000,
    6.533
  ],
  [
    1590188400000,
    7.001
  ],
  [
    1590274800000,
    6.833
  ],
  [
    1590361200000,
    6.54
  ],
  [
    1590447600000,
    6.165
  ],
  [
    1590534000000,
    5.813
  ],
  [
    1590620400000,
    5.662
  ],
  [
    1590706800000,
    6.104
  ],
  [
    1590793200000,
    6.203
  ],
  [
    1590879600000,
    6.546
  ],
  [
    1590966000000,
    6.06
  ],
  [
    1591052400000,
    6.184
  ],
  [
    1591138800000,
    6.045
  ],
  [
    1591225200000,
    6.304
  ],
  [
    1591311600000,
    6.597
  ],
  [
    1591398000000,
    6.541
  ],
  [
    1591484400000,
    6.399
  ],
  [
    1591570800000,
    6.73
  ],
  [
    1591657200000,
    6.398
  ],
  [
    1591743600000,
    6.024
  ],
  [
    1591830000000,
    6.084
  ],
  [
    1591916400000,
    6.241
  ],
  [
    1592002800000,
    6.111
  ],
  [
    1592089200000,
    5.468
  ],
  [
    1592175600000,
    5.954
  ],
  [
    1592262000000,
    5.934
  ],
  [
    1592348400000,
    6.057
  ],
  [
    1592434800000,
    6.013
  ],
  [
    1592521200000,
    5.907
  ],
  [
    1592607600000,
    5.982
  ],
  [
    1592694000000,
    5.935
  ],
  [
    1592780400000,
    6.006
  ],
  [
    1592866800000,
    6.276
  ],
  [
    1592953200000,
    6.061
  ],
  [
    1593039600000,
    5.797
  ],
  [
    1593126000000,
    5.702
  ],
  [
    1593212400000,
    5.744
  ],
  [
    1593298800000,
    5.572
  ],
  [
    1593385200000,
    5.793
  ],
  [
    1593471600000,
    5.924
  ],
  [
    1593558000000,
    6.109
  ],
  [
    1593644400000,
    6.205
  ],
  [
    1593730800000,
    6.304
  ],
  [
    1593817200000,
    5.938
  ],
  [
    1593903600000,
    6.207
  ],
  [
    1593990000000,
    6.11
  ],
  [
    1594076400000,
    6.032
  ],
  [
    1594162800000,
    6.406
  ],
  [
    1594249200000,
    6.247
  ],
  [
    1594335600000,
    6.304
  ],
  [
    1594422000000,
    6.827
  ],
  [
    1594508400000,
    6.72
  ],
  [
    1594594800000,
    6.632
  ],
  [
    1594681200000,
    6.817
  ],
  [
    1594767600000,
    6.993
  ],
  [
    1594854000000,
    6.436
  ],
  [
    1594940400000,
    6.747
  ],
  [
    1595026800000,
    7.477
  ],
  [
    1595113200000,
    7.12
  ],
  [
    1595199600000,
    7.273
  ],
  [
    1595286000000,
    7.174
  ],
  [
    1595372400000,
    7.361
  ],
  [
    1595458800000,
    7.4
  ],
  [
    1595545200000,
    7.815
  ],
  [
    1595631600000,
    7.487
  ],
  [
    1595718000000,
    7.939
  ],
  [
    1595804400000,
    7.821
  ],
  [
    1595890800000,
    7.303
  ],
  [
    1596063600000,
    7.348
  ],
  [
    1596150000000,
    7.346
  ],
  [
    1596236400000,
    7.638
  ],
  [
    1596322800000,
    7.789
  ],
  [
    1596409200000,
    7.885
  ],
  [
    1596495600000,
    7.336
  ],
  [
    1596582000000,
    7.95
  ],
  [
    1596668400000,
    7.881
  ],
  [
    1596754800000,
    8.359
  ],
  [
    1596841200000,
    8.242
  ],
  [
    1596927600000,
    7.53
  ],
  [
    1597014000000,
    7.904
  ],
  [
    1597100400000,
    8.27
  ],
  [
    1597186800000,
    7.579
  ],
  [
    1597273200000,
    8.128
  ],
  [
    1597359600000,
    7.893
  ],
  [
    1597446000000,
    7.514
  ],
  [
    1597532400000,
    7.67
  ],
  [
    1597618800000,
    7.518
  ],
  [
    1597705200000,
    7.016
  ],
  [
    1597791600000,
    7.605
  ],
  [
    1597964400000,
    7.168
  ],
  [
    1598050800000,
    7.394
  ],
  [
    1598137200000,
    6.82
  ],
  [
    1598223600000,
    7.384
  ],
  [
    1598310000000,
    7.658
  ],
  [
    1598396400000,
    7.371
  ],
  [
    1598482800000,
    7.172
  ],
  [
    1598569200000,
    6.507
  ],
  [
    1598655600000,
    7.168
  ],
  [
    1598742000000,
    7.44
  ],
  [
    1598828400000,
    6.927
  ],
  [
    1598914800000,
    6.511
  ],
  [
    1599001200000,
    7.324
  ],
  [
    1599087600000,
    6.446
  ],
  [
    1599174000000,
    6.962
  ],
  [
    1599260400000,
    6.442
  ],
  [
    1599346800000,
    6.391
  ],
  [
    1599433200000,
    6.654
  ],
  [
    1599519600000,
    6.334
  ],
  [
    1599606000000,
    6.171
  ],
  [
    1599692400000,
    6.416
  ],
  [
    1599778800000,
    6.655
  ],
  [
    1599865200000,
    6.743
  ],
  [
    1599951600000,
    7.07
  ],
  [
    1600038000000,
    6.356
  ],
  [
    1600124400000,
    6.84
  ],
  [
    1600210800000,
    6.862
  ],
  [
    1600297200000,
    7.057
  ],
  [
    1600383600000,
    6.713
  ],
  [
    1600470000000,
    7.262
  ],
  [
    1600556400000,
    7.04
  ],
  [
    1600642800000,
    7.718
  ],
  [
    1600729200000,
    6.997
  ],
  [
    1600815600000,
    7.442
  ],
  [
    1600902000000,
    7.442
  ],
  [
    1600988400000,
    7.981
  ],
  [
    1601074800000,
    7.739
  ],
  [
    1601161200000,
    7.934
  ],
  [
    1601247600000,
    8.818
  ],
  [
    1601334000000,
    7.673
  ],
  [
    1601420400000,
    8.055
  ],
  [
    1601506800000,
    7.976
  ],
  [
    1601593200000,
    8.092
  ],
  [
    1601679600000,
    8.223
  ],
  [
    1601852400000,
    8.576
  ],
  [
    1601938800000,
    8.208
  ],
  [
    1602025200000,
    8.535
  ],
  [
    1602111600000,
    8.1
  ],
  [
    1602198000000,
    8.603
  ],
  [
    1602284400000,
    8.445
  ],
  [
    1602370800000,
    8.459
  ],
  [
    1602543600000,
    8.345
  ],
  [
    1602630000000,
    7.463
  ],
  [
    1602716400000,
    8.416
  ],
  [
    1602802800000,
    9.387
  ],
  [
    1602975600000,
    10.1
  ],
  [
    1603062000000,
    9.238
  ],
  [
    1603234800000,
    8.792
  ],
  [
    1603321200000,
    8.403
  ],
  [
    1603407600000,
    9.475
  ],
  [
    1603580400000,
    8.976
  ],
  [
    1603670400000,
    8.353
  ],
  [
    1603756800000,
    9.02
  ],
  [
    1603843200000,
    9.246
  ],
  [
    1603929600000,
    8.065
  ],
  [
    1604016000000,
    8.999
  ],
  [
    1604102400000,
    8.714
  ],
  [
    1604188800000,
    9.26
  ],
  [
    1604275200000,
    8.53
  ],
  [
    1604448000000,
    8.05
  ],
  [
    1604620800000,
    8.619
  ],
  [
    1604707200000,
    8.328
  ],
  [
    1604793600000,
    8.49
  ],
  [
    1604880000000,
    8.743
  ],
  [
    1604966400000,
    8.435
  ],
  [
    1605052800000,
    9.118
  ],
  [
    1605139200000,
    8.947
  ],
  [
    1605225600000,
    8.971
  ],
  [
    1605312000000,
    8.285
  ],
  [
    1605398400000,
    8.763
  ],
  [
    1605484800000,
    8.485
  ],
  [
    1605571200000,
    8.2
  ],
  [
    1605657600000,
    8.53
  ],
  [
    1605744000000,
    8.099
  ],
  [
    1605830400000,
    8.099
  ],
  [
    1605916800000,
    8.395
  ],
  [
    1606003200000,
    9.153
  ],
  [
    1606089600000,
    7.49
  ],
  [
    1606176000000,
    8.176
  ],
  [
    1606262400000,
    8.047
  ],
  [
    1606348800000,
    8.389
  ],
  [
    1606435200000,
    8.04
  ],
  [
    1606521600000,
    7.579
  ],
  [
    1606608000000,
    7.831
  ],
  [
    1606694400000,
    7.463
  ],
  [
    1606780800000,
    7.476
  ],
  [
    1606867200000,
    7.188
  ],
  [
    1606953600000,
    7.837
  ],
  [
    1607040000000,
    6.297
  ],
  [
    1607126400000,
    6.526
  ],
  [
    1607212800000,
    6.241
  ],
  [
    1607299200000,
    6.549
  ],
  [
    1607385600000,
    6.077
  ],
  [
    1607472000000,
    6.485
  ],
  [
    1607558400000,
    6.109
  ],
  [
    1607644800000,
    6.375
  ],
  [
    1607731200000,
    5.87
  ],
  [
    1607817600000,
    6.298
  ],
  [
    1607904000000,
    6.3
  ],
  [
    1608076800000,
    6.409
  ],
  [
    1608163200000,
    7.271
  ],
  [
    1608249600000,
    6.842
  ],
  [
    1608336000000,
    6.568
  ],
  [
    1608422400000,
    6.072
  ],
  [
    1608508800000,
    6.925
  ],
  [
    1608595200000,
    7.74
  ],
  [
    1608681600000,
    7.754
  ],
  [
    1608768000000,
    7.955
  ],
  [
    1608854400000,
    7.424
  ],
  [
    1608940800000,
    7.698
  ],
  [
    1609027200000,
    8.271
  ],
  [
    1609113600000,
    8.082
  ],
  [
    1609200000000,
    7.709
  ],
  [
    1609286400000,
    8.893
  ],
  [
    1609372800000,
    8.985
  ],
  [
    1609459200000,
    10.542
  ],
  [
    1609545600000,
    9.459
  ],
  [
    1609632000000,
    9.946
  ],
  [
    1609718400000,
    10.276
  ],
  [
    1609804800000,
    9.982
  ],
  [
    1609891200000,
    10.401
  ],
  [
    1609977600000,
    10.55
  ],
  [
    1610064000000,
    12.001
  ],
  [
    1610150400000,
    11.028
  ],
  [
    1610236800000,
    11.003
  ],
  [
    1610323200000,
    11.855
  ],
  [
    1610409600000,
    10.676
  ],
  [
    1610496000000,
    10.55
  ],
  [
    1610582400000,
    11.145
  ],
  [
    1610668800000,
    10.613
  ],
  [
    1610755200000,
    10.933
  ],
  [
    1610841600000,
    11.234
  ],
  [
    1610928000000,
    10.248
  ],
  [
    1611014400000,
    11.496
  ],
  [
    1611100800000,
    11.7
  ],
  [
    1611187200000,
    10.616
  ],
  [
    1611273600000,
    10.803
  ],
  [
    1611360000000,
    11.024
  ],
  [
    1611446400000,
    11.945
  ],
  [
    1611532800000,
    11.352
  ],
  [
    1611619200000,
    11.256
  ],
  [
    1611705600000,
    11.427
  ],
  [
    1611792000000,
    10.568
  ],
  [
    1611964800000,
    10.442
  ],
  [
    1612051200000,
    11.794
  ],
  [
    1612137600000,
    11.806
  ],
  [
    1612224000000,
    11.911
  ],
  [
    1612310400000,
    12.382
  ],
  [
    1612396800000,
    12.8
  ],
  [
    1612483200000,
    12.505
  ],
  [
    1612569600000,
    13.144
  ],
  [
    1612656000000,
    12.837
  ],
  [
    1612742400000,
    13.161
  ],
  [
    1612828800000,
    12.9
  ],
  [
    1612915200000,
    12.207
  ],
  [
    1613001600000,
    12.635
  ],
  [
    1613088000000,
    12.851
  ],
  [
    1613174400000,
    11.77
  ],
  [
    1613260800000,
    11.73
  ],
  [
    1613347200000,
    11.589
  ],
  [
    1613520000000,
    11.995
  ],
  [
    1613606400000,
    11.24
  ],
  [
    1613692800000,
    11.286
  ],
  [
    1613779200000,
    11.8
  ],
  [
    1613865600000,
    11.108
  ],
  [
    1613952000000,
    11.575
  ],
  [
    1614038400000,
    11.948
  ],
  [
    1614124800000,
    12.24
  ],
  [
    1614211200000,
    10.517
  ],
  [
    1614297600000,
    11.943
  ],
  [
    1614384000000,
    11.929
  ],
  [
    1614556800000,
    10.665
  ],
  [
    1614643200000,
    11.984
  ],
  [
    1614729600000,
    11.44
  ],
  [
    1614816000000,
    12.366
  ],
  [
    1614902400000,
    12.053
  ],
  [
    1614988800000,
    12.341
  ],
  [
    1615075200000,
    11.646
  ],
  [
    1615161600000,
    11.885
  ],
  [
    1615248000000,
    12.764
  ],
  [
    1615334400000,
    13.024
  ],
  [
    1615420800000,
    11.877
  ],
  [
    1615507200000,
    12.962
  ],
  [
    1615593600000,
    13.752
  ],
  [
    1615680000000,
    11.77
  ],
  [
    1615766400000,
    10.947
  ],
  [
    1615852800000,
    13.681
  ],
  [
    1615939200000,
    11.98
  ],
  [
    1616025600000,
    13.5
  ],
  [
    1616112000000,
    12.38
  ],
  [
    1616198400000,
    13.505
  ],
  [
    1616284800000,
    13.34
  ],
  [
    1616371200000,
    15.532
  ],
  [
    1616457600000,
    15.58
  ],
  [
    1616544000000,
    17.555
  ],
  [
    1616630400000,
    21.044
  ],
  [
    1616716800000,
    17.2
  ],
  [
    1616889600000,
    17.333
  ],
  [
    1617058800000,
    17.3
  ],
  [
    1617145200000,
    17.41
  ],
  [
    1617231600000,
    16.435
  ],
  [
    1617318000000,
    15.206
  ],
  [
    1617490800000,
    16.21
  ],
  [
    1617577200000,
    15.003
  ],
  [
    1617663600000,
    18.765
  ],
  [
    1617750000000,
    15.983
  ],
  [
    1617836400000,
    16.279
  ],
  [
    1617922800000,
    15.723
  ],
  [
    1618009200000,
    15.41
  ],
  [
    1618095600000,
    15.21
  ],
  [
    1618268400000,
    17.057
  ],
  [
    1618441200000,
    16.04
  ],
  [
    1618527600000,
    16.997
  ],
  [
    1618614000000,
    16.343
  ],
  [
    1618700400000,
    14.8
  ],
  [
    1618786800000,
    17.728
  ],
  [
    1618873200000,
    17.4
  ],
  [
    1618959600000,
    17.48
  ],
  [
    1619046000000,
    18.278
  ],
  [
    1619132400000,
    18.851
  ],
  [
    1619305200000,
    16.257
  ],
  [
    1619391600000,
    17.445
  ],
  [
    1619564400000,
    18.03
  ],
  [
    1619650800000,
    19.411
  ],
  [
    1619737200000,
    20.266
  ],
  [
    1619823600000,
    20.698
  ],
  [
    1619910000000,
    20.672
  ],
  [
    1619996400000,
    22.568
  ],
  [
    1620082800000,
    23.219
  ],
  [
    1620169200000,
    22.335
  ],
  [
    1620342000000,
    21.59
  ],
  [
    1620428400000,
    23.12
  ],
  [
    1620514800000,
    23.65
  ],
  [
    1620774000000,
    20.678
  ],
  [
    1620860400000,
    21.02
  ],
  [
    1620946800000,
    24.236
  ],
  [
    1621033200000,
    21.85
  ],
  [
    1621119600000,
    21.89
  ],
  [
    1621292400000,
    26.598
  ],
  [
    1621378800000,
    26.559
  ],
  [
    1621465200000,
    24.42
  ],
  [
    1621551600000,
    25.5
  ],
  [
    1621638000000,
    31.643
  ],
  [
    1621897200000,
    40.043
  ],
  [
    1621983600000,
    44.476
  ],
  [
    1622070000000,
    53.489
  ],
  [
    1622156400000,
    45.2
  ],
  [
    1622242800000,
    50.957
  ],
  [
    1622329200000,
    52.35
  ],
  [
    1622502000000,
    26.49
  ],
  [
    1622588400000,
    54.568
  ],
  [
    1622847600000,
    65.367
  ],
  [
    1622934000000,
    70.697
  ],
  [
    1623106800000,
    69
  ],
  [
    1623193200000,
    56.075
  ],
  [
    1623279600000,
    58.2
  ],
  [
    1623366000000,
    65.068
  ],
  [
    1623452400000,
    60.778
  ],
  [
    1623538800000,
    62.974
  ],
  [
    1623625200000,
    60.63
  ],
  [
    1623711600000,
    63.895
  ],
  [
    1623970800000,
    65.361
  ],
  [
    1624057200000,
    61.5
  ],
  [
    1624143600000,
    58.836
  ],
  [
    1624230000000,
    59.36
  ],
  [
    1624489200000,
    50.25
  ],
  [
    1624575600000,
    49.715
  ],
  [
    1624662000000,
    55.499
  ],
  [
    1624748400000,
    35.913
  ],
  [
    1624921200000,
    53.855
  ],
  [
    1625007600000,
    49.74
  ],
  [
    1625180400000,
    40.2
  ],
  [
    1625266800000,
    46.288
  ],
  [
    1625439600000,
    44.851
  ],
  [
    1625612400000,
    39.44
  ],
  [
    1625785200000,
    35.53
  ],
  [
    1625871600000,
    35
  ],
  [
    1625958000000,
    35.71
  ],
  [
    1626130800000,
    35.253
  ],
  [
    1626217200000,
    39.22
  ],
  [
    1626303600000,
    42.351
  ],
  [
    1626390000000,
    38.182
  ],
  [
    1626476400000,
    45.729
  ],
  [
    1626735600000,
    36.86
  ],
  [
    1626822000000,
    36.97
  ],
  [
    1626908400000,
    37.125
  ],
  [
    1626994800000,
    42.147
  ],
  [
    1627081200000,
    38.61
  ],
  [
    1627426800000,
    40.765
  ],
  [
    1627599600000,
    41.371
  ],
  [
    1627772400000,
    39.27
  ],
  [
    1627858800000,
    39.261
  ],
  [
    1627945200000,
    39.548
  ],
  [
    1628204400000,
    40.733
  ],
  [
    1628290800000,
    42.406
  ],
  [
    1628377200000,
    40.962
  ],
  [
    1628636400000,
    39.747
  ],
  [
    1628722800000,
    41.07
  ],
  [
    1628895600000,
    37.547
  ],
  [
    1628982000000,
    37.116
  ],
  [
    1629068400000,
    37.005
  ],
  [
    1629327600000,
    36.87
  ],
  [
    1629414000000,
    28.272
  ],
  [
    1630278000000,
    36.18
  ],
  [
    1630364400000,
    36.547
  ],
  [
    1630450800000,
    37.58
  ],
  [
    1630623600000,
    37.452
  ],
  [
    1630710000000,
    34.651
  ],
  [
    1630796400000,
    34.612
  ],
  [
    1630882800000,
    39.364
  ],
  [
    1631055600000,
    31.025
  ],
  [
    1631142000000,
    37.017
  ],
  [
    1631314800000,
    37.77
  ],
  [
    1631401200000,
    37.495
  ],
  [
    1631487600000,
    35.065
  ],
  [
    1631660400000,
    37.298
  ],
  [
    1631746800000,
    32.03
  ],
  [
    1632092400000,
    36.463
  ],
  [
    1632265200000,
    26.83
  ],
  [
    1632351600000,
    23.824
  ],
  [
    1632524400000,
    25.145
  ],
  [
    1632697200000,
    23.809
  ],
  [
    1632783600000,
    24.129
  ],
  [
    1632870000000,
    24.41
  ],
  [
    1632956400000,
    27.615
  ],
  [
    1633129200000,
    23.24
  ],
  [
    1633215600000,
    27.737
  ],
  [
    1633302000000,
    30.997
  ],
  [
    1633388400000,
    25.029
  ],
  [
    1633474800000,
    26.059
  ],
  [
    1633561200000,
    23.89
  ],
  [
    1633647600000,
    25.419
  ],
  [
    1633734000000,
    25.999
  ],
  [
    1633820400000,
    25.379
  ],
  [
    1633906800000,
    25.85
  ],
  [
    1633993200000,
    24.22
  ],
  [
    1634166000000,
    26.014
  ],
  [
    1634252400000,
    27.959
  ],
  [
    1634338800000,
    25.527
  ],
  [
    1634425200000,
    27.246
  ],
  [
    1634598000000,
    27.78
  ],
  [
    1634684400000,
    26.746
  ],
  [
    1634770800000,
    27.711
  ],
  [
    1634857200000,
    24.24
  ],
  [
    1635116400000,
    23.402
  ],
  [
    1635202800000,
    23.59
  ],
  [
    1635289200000,
    24.076
  ],
  [
    1635375600000,
    25.052
  ],
  [
    1635462000000,
    24.59
  ],
  [
    1635634800000,
    25.471
  ],
  [
    1635724800000,
    25.403
  ],
  [
    1635897600000,
    27.836
  ],
  [
    1635984000000,
    23.11
  ],
  [
    1636070400000,
    24.445
  ],
  [
    1636156800000,
    24.891
  ],
  [
    1636243200000,
    26.333
  ],
  [
    1636416000000,
    27.382
  ],
  [
    1636502400000,
    25.203
  ],
  [
    1636588800000,
    24.64
  ],
  [
    1636675200000,
    24.975
  ],
  [
    1636761600000,
    23.66
  ],
  [
    1636848000000,
    23
  ],
  [
    1637020800000,
    26.95
  ],
  [
    1637107200000,
    22.9
  ],
  [
    1637280000000,
    26.077
  ],
  [
    1637452800000,
    26.571
  ],
  [
    1637625600000,
    25.68
  ],
  [
    1637712000000,
    23.46
  ],
  [
    1637798400000,
    26.781
  ],
  [
    1637884800000,
    28.586
  ],
  [
    1637971200000,
    27.583
  ],
  [
    1638057600000,
    33.262
  ],
  [
    1638144000000,
    27.392
  ],
  [
    1638230400000,
    30.424
  ],
  [
    1638489600000,
    22.149
  ],
  [
    1638576000000,
    31.386
  ],
  [
    1638748800000,
    31.551
  ],
  [
    1638835200000,
    28.21
  ],
  [
    1638921600000,
    29.247
  ],
  [
    1639094400000,
    35.832
  ],
  [
    1639180800000,
    41.44
  ],
  [
    1639353600000,
    38.018
  ],
  [
    1639958400000,
    39.376
  ],
  [
    1640044800000,
    31.97
  ],
  [
    1640131200000,
    31.79
  ],
  [
    1640217600000,
    31.75
  ],
  [
    1640390400000,
    34.387
  ],
  [
    1640563200000,
    31.78
  ],
  [
    1640649600000,
    30.56
  ],
  [
    1640736000000,
    31.83
  ],
  [
    1640822400000,
    29.39
  ],
  [
    1640995200000,
    36.528
  ],
  [
    1641513600000,
    36.41
  ],
  [
    1641686400000,
    35.751
  ],
  [
    1641772800000,
    37.816
  ],
  [
    1641859200000,
    36.403
  ],
  [
    1641945600000,
    27.75
  ],
  [
    1642032000000,
    34.358
  ],
  [
    1642118400000,
    34.717
  ],
  [
    1642204800000,
    34.723
  ],
  [
    1642377600000,
    34.29
  ],
  [
    1642464000000,
    34.973
  ],
  [
    1642550400000,
    35.972
  ],
  [
    1642636800000,
    35.01
  ],
  [
    1642723200000,
    35.11
  ],
  [
    1643068800000,
    32.59
  ],
  [
    1643241600000,
    34.881
  ],
  [
    1643328000000,
    33
  ],
  [
    1643414400000,
    31.24
  ],
  [
    1643500800000,
    31.21
  ],
  [
    1643760000000,
    33.788
  ],
  [
    1643932800000,
    34.157
  ],
  [
    1644019200000,
    31.48
  ],
  [
    1644105600000,
    32.86
  ],
  [
    1644192000000,
    36.209
  ],
  [
    1644364800000,
    32.32
  ],
  [
    1644451200000,
    34.259
  ],
  [
    1644537600000,
    33.065
  ],
  [
    1644624000000,
    34.354
  ],
  [
    1644796800000,
    34.762
  ],
  [
    1645056000000,
    33.956
  ],
  [
    1645142400000,
    30.6
  ],
  [
    1645228800000,
    32.795
  ],
  [
    1645401600000,
    30.64
  ],
  [
    1645488000000,
    34.601
  ],
  [
    1645574400000,
    34.559
  ],
  [
    1645660800000,
    30.22
  ],
  [
    1645747200000,
    32.491
  ],
  [
    1645920000000,
    35.684
  ],
  [
    1646006400000,
    35.044
  ],
  [
    1646092800000,
    30.683
  ],
  [
    1646265600000,
    33.495
  ],
  [
    1646352000000,
    31.964
  ],
  [
    1646697600000,
    38.168
  ],
  [
    1646870400000,
    31.603
  ],
  [
    1647043200000,
    37.62
  ],
  [
    1647129600000,
    34.995
  ],
  [
    1647216000000,
    35.27
  ],
  [
    1647302400000,
    32.06
  ],
  [
    1647388800000,
    32.08
  ],
  [
    1647475200000,
    35.788
  ],
  [
    1647561600000,
    38
  ],
  [
    1647734400000,
    38.01
  ],
  [
    1647820800000,
    34.58
  ],
  [
    1648166400000,
    29.743
  ],
  [
    1648422000000,
    34.66
  ],
  [
    1648508400000,
    36.809
  ],
  [
    1648854000000,
    37.96
  ],
  [
    1649026800000,
    38.632
  ],
  [
    1649113200000,
    38.44
  ],
  [
    1649199600000,
    39.24
  ],
  [
    1649372400000,
    36.45
  ],
  [
    1649458800000,
    37.66
  ],
  [
    1649890800000,
    31.881
  ],
  [
    1650063600000,
    33.73
  ],
  [
    1650150000000,
    39.24
  ],
  [
    1650322800000,
    43.05
  ],
  [
    1650409200000,
    46
  ],
  [
    1650668400000,
    45.29
  ],
  [
    1651359600000,
    45.09
  ],
  [
    1651618800000,
    43.41
  ],
  [
    1651791600000,
    43.075
  ],
  [
    1651878000000,
    45.05
  ],
  [
    1652569200000,
    44.53
  ],
  [
    1652742000000,
    37.022
  ],
  [
    1653001200000,
    46.2
  ],
  [
    1653519600000,
    41.023
  ],
  [
    1653606000000,
    38.435
  ],
  [
    1653778800000,
    34.5
  ],
  [
    1654210800000,
    37.622
  ],
  [
    1654297200000,
    37.52
  ],
  [
    1654383600000,
    36.89
  ],
  [
    1654729200000,
    41.59
  ],
  [
    1654815600000,
    39.366
  ],
  [
    1654988400000,
    32.56
  ],
  [
    1655161200000,
    38.56
  ],
  [
    1655247600000,
    37.85
  ],
  [
    1655506800000,
    37.21
  ],
  [
    1655593200000,
    38.218
  ],
  [
    1655766000000,
    32.63
  ],
  [
    1655938800000,
    32.55
  ],
  [
    1656025200000,
    35.465
  ],
  [
    1656198000000,
    33.438
  ],
  [
    1656284400000,
    34.737
  ],
  [
    1656543600000,
    37.38
  ],
  [
    1656889200000,
    34.547
  ],
  [
    1656975600000,
    38.425
  ],
  [
    1657062000000,
    38.231
  ],
  [
    1657148400000,
    35.45
  ],
  [
    1657753200000,
    36.27
  ],
  [
    1657839600000,
    35.369
  ],
  [
    1657926000000,
    36.95
  ],
  [
    1658012400000,
    29.56
  ],
  [
    1658098800000,
    35.941
  ],
  [
    1658185200000,
    33
  ],
  [
    1658358000000,
    38.32
  ],
  [
    1658530800000,
    37.017
  ],
  [
    1658962800000,
    36.35
  ],
  [
    1659049200000,
    32.161
  ],
  [
    1659481200000,
    33.93
  ],
  [
    1659567600000,
    39.05
  ],
  [
    1659740400000,
    39.106
  ],
  [
    1659826800000,
    34.24
  ],
  [
    1660086000000,
    34.44
  ],
  [
    1660258800000,
    38.139
  ],
  [
    1660431600000,
    34.005
  ],
  [
    1660777200000,
    35.793
  ],
  [
    1661036400000,
    36.38
  ],
  [
    1661295600000,
    39.287
  ],
  [
    1661382000000,
    33.99
  ],
  [
    1661641200000,
    33.37
  ],
  [
    1661814000000,
    33.26
  ],
  [
    1661900400000,
    33.894
  ],
  [
    1661986800000,
    38
  ],
  [
    1662159600000,
    33.32
  ],
  [
    1662246000000,
    38.55
  ],
  [
    1662332400000,
    41.691
  ],
  [
    1662505200000,
    42.28
  ],
  [
    1662591600000,
    47.646
  ],
  [
    1662678000000,
    36
  ],
  [
    1663023600000,
    40.015
  ],
  [
    1663110000000,
    40.305
  ],
  [
    1663196400000,
    41.925
  ],
  [
    1663455600000,
    39.883
  ],
  [
    1663628400000,
    36.42
  ],
  [
    1663801200000,
    37.722
  ],
  [
    1663887600000,
    40.22
  ],
  [
    1663974000000,
    33.822
  ],
  [
    1664406000000,
    39.17
  ],
  [
    1664492400000,
    38.325
  ],
  [
    1664578800000,
    33.788
  ],
  [
    1664665200000,
    40.449
  ],
  [
    1664838000000,
    40.48
  ],
  [
    1665010800000,
    37.105
  ],
  [
    1665097200000,
    35.64
  ],
  [
    1665270000000,
    46.12
  ],
  [
    1665788400000,
    47.74
  ],
  [
    1665874800000,
    46.572
  ],
  [
    1666738800000,
    43.007
  ],
  [
    1666998000000,
    37.85
  ],
  [
    1667260800000,
    30.74
  ],
  [
    1668038400000,
    48.017
  ],
  [
    1668124800000,
    42.78
  ],
  [
    1668297600000,
    50.875
  ],
  [
    1668643200000,
    50
  ],
  [
    1668902400000,
    40.103
  ],
  [
    1668988800000,
    43.944
  ],
  [
    1669075200000,
    43.51
  ],
  [
    1669680000000,
    43.49
  ],
  [
    1669852800000,
    50.84
  ],
  [
    1670025600000,
    44.78
  ],
  [
    1670198400000,
    51.21
  ],
  [
    1670371200000,
    51.41
  ],
  [
    1670457600000,
    45.5
  ],
  [
    1670889600000,
    54.99
  ],
  [
    1671062400000,
    57.508
  ],
  [
    1671148800000,
    46.56
  ],
  [
    1671667200000,
    49.94
  ],
  [
    1671926400000,
    47.244
  ],
  [
    1672099200000,
    46.07
  ],
  [
    1672531200000,
    46.76
  ],
  [
    1673481600000,
    49.49
  ],
  [
    1674086400000,
    59.68
  ],
  [
    1674691200000,
    49.19
  ],
  [
    1674864000000,
    48.88
  ],
  [
    1675036800000,
    48.55
  ],
  [
    1675468800000,
    47.54
  ],
  [
    1675555200000,
    55.89
  ],
  [
    1675728000000,
    57.815
  ],
  [
    1675900800000,
    59.993
  ],
  [
    1675987200000,
    49.29
  ],
  [
    1676160000000,
    50.06
  ],
  [
    1676332800000,
    59.521
  ],
  [
    1676505600000,
    60.036
  ],
  [
    1676678400000,
    46.34
  ],
  [
    1676764800000,
    51.06
  ],
  [
    1677196800000,
    51.645
  ],
  [
    1677715200000,
    52.6
  ],
  [
    1677888000000,
    50.158
  ],
  [
    1678665600000,
    56.46
  ],
  [
    1678752000000,
    57.775
  ],
  [
    1678838400000,
    54.86
  ],
  [
    1678924800000,
    55.013
  ],
  [
    1679011200000,
    59.6
  ],
  [
    1679097600000,
    60.545
  ],
  [
    1679270400000,
    55.96
  ],
  [
    1679356800000,
    55.77
  ],
  [
    1679616000000,
    56.33
  ],
  [
    1679702400000,
    62.54
  ],
  [
    1679788800000,
    57.649
  ],
  [
    1679958000000,
    57.627
  ],
  [
    1680217200000,
    60.021
  ],
  [
    1680303600000,
    62.21
  ],
  [
    1680476400000,
    56.402
  ],
  [
    1680735600000,
    56.51
  ],
  [
    1680822000000,
    62.926
  ],
  [
    1680908400000,
    57.24
  ],
  [
    1680994800000,
    58.692
  ],
  [
    1681081200000,
    64.01
  ],
  [
    1681167600000,
    54.23
  ],
  [
    1681254000000,
    63.235
  ],
  [
    1681513200000,
    62.255
  ],
  [
    1681599600000,
    65.049
  ],
  [
    1681686000000,
    67.01
  ],
  [
    1681772400000,
    71.15
  ],
  [
    1681858800000,
    71.476
  ],
  [
    1681945200000,
    75.003
  ],
  [
    1682031600000,
    74.226
  ],
  [
    1682118000000,
    78.891
  ],
  [
    1682290800000,
    70.79
  ],
  [
    1682463600000,
    68.49
  ],
  [
    1682722800000,
    71.31
  ],
  [
    1682809200000,
    74.863
  ],
  [
    1683154800000,
    75
  ],
  [
    1683327600000,
    74.52
  ],
  [
    1683414000000,
    75.003
  ],
  [
    1683673200000,
    68.6
  ],
  [
    1683932400000,
    72.323
  ],
  [
    1684018800000,
    70.702
  ],
  [
    1684105200000,
    70.67
  ],
  [
    1684191600000,
    64.089
  ],
  [
    1684796400000,
    68.548
  ],
  [
    1684969200000,
    59.29
  ],
  [
    1685142000000,
    67.841
  ],
  [
    1685314800000,
    66.296
  ],
  [
    1685401200000,
    73.487
  ],
  [
    1685574000000,
    74.451
  ],
  [
    1685833200000,
    72.275
  ],
  [
    1685919600000,
    71.77
  ],
  [
    1686006000000,
    65.17
  ],
  [
    1686178800000,
    78
  ],
  [
    1686351600000,
    76.341
  ],
  [
    1686610800000,
    80.36
  ],
  [
    1686956400000,
    82.003
  ],
  [
    1687734000000,
    73.687
  ],
  [
    1687820400000,
    84.02
  ],
  [
    1688598000000,
    71.87
  ],
  [
    1689030000000,
    85.429
  ],
  [
    1689375600000,
    74.922
  ],
  [
    1689462000000,
    63.824
  ],
  [
    1689548400000,
    75
  ],
  [
    1690066800000,
    69.69
  ],
  [
    1690326000000,
    85.99
  ],
  [
    1690498800000,
    72
  ],
  [
    1691017200000,
    38.33
  ],
  [
    1691103600000,
    77.651
  ],
  [
    1691276400000,
    85.008
  ],
  [
    1691362800000,
    88.69
  ],
  [
    1691449200000,
    87.999
  ],
  [
    1691535600000,
    84.999
  ],
  [
    1692054000000,
    82.677
  ],
  [
    1692226800000,
    72.792
  ],
  [
    1692399600000,
    72.209
  ],
  [
    1692486000000,
    70.76
  ],
  [
    1692831600000,
    78.074
  ],
  [
    1693090800000,
    76.87
  ],
  [
    1693177200000,
    88.706
  ],
  [
    1693350000000,
    73.635
  ],
  [
    1693609200000,
    86.005
  ],
  [
    1693695600000,
    85.1
  ],
  [
    1694214000000,
    92.174
  ],
  [
    1694473200000,
    92.85
  ],
  [
    1694646000000,
    89.542
  ],
  [
    1694732400000,
    1.42
  ],
  [
    1694818800000,
    94.727
  ],
  [
    1695250800000,
    78.2
  ],
  [
    1695855600000,
    81.5
  ],
  [
    1695942000000,
    82.77
  ],
  [
    1696028400000,
    96.55
  ],
  [
    1696978800000,
    91.13
  ],
  [
    1697065200000,
    91.835
  ],
  [
    1697497200000,
    95.63
  ],
  [
    1697756400000,
    93.982
  ],
  [
    1698015600000,
    93
  ],
  [
    1698102000000,
    100.576
  ],
  [
    1698274800000,
    92.569
  ],
  [
    1698361200000,
    97.81
  ],
  [
    1699315200000,
    95.85
  ],
  [
    1700265600000,
    95.603
  ],
  [
    1700524800000,
    93.561
  ],
  [
    1701475200000,
    84.094
  ],
  [
    1701648000000,
    81.44
  ],
  [
    1701734400000,
    88.156
  ],
  [
    1701820800000,
    88.652
  ],
  [
    1701907200000,
    89.827
  ],
  [
    1701993600000,
    83.5
  ],
  [
    1702252800000,
    91.37
  ],
  [
    1702339200000,
    90.852
  ],
  [
    1702425600000,
    92.86
  ],
  [
    1702512000000,
    88.403
  ],
  [
    1702598400000,
    89.515
  ],
  [
    1702684800000,
    87.063
  ],
  [
    1704067200000,
    73.9
  ],
  [
    1704326400000,
    97.763
  ],
  [
    1705276800000,
    97.689
  ],
  [
    1705536000000,
    97.17
  ],
  [
    1705622400000,
    94.89
  ],
  [
    1705795200000,
    59.65
  ],
  [
    1706227200000,
    88.75
  ],
  [
    1707177600000,
    87.13
  ],
  [
    1707609600000,
    88.344
  ],
  [
    1707868800000,
    96.453
  ],
  [
    1708473600000,
    83.11
  ],
  [
    1708646400000,
    91
  ],
  [
    1708819200000,
    93.293
  ],
  [
    1709078400000,
    96.585
  ],
  [
    1710633600000,
    90
  ],
  [
    1710892800000,
    98.724
  ],
  [
    1711584000000,
    94.44
  ],
  [
    1711756800000,
    93.8
  ],
  [
    1712098800000,
    98.015
  ],
  [
    1712185200000,
    97.926
  ],
  [
    1712271600000,
    95.1
  ],
  [
    1712358000000,
    99.55
  ],
  [
    1712530800000,
    100.107
  ],
  [
    1712790000000,
    98.95
  ],
  [
    1712962800000,
    100.62
  ],
  [
    1715122800000,
    116.4
  ],
  [
    1715209200000,
    117.155
  ],
  [
    1715727600000,
    126.221
  ],
  [
    1715986800000,
    109.83
  ],
  [
    1716073200000,
    123.06
  ],
  [
    1716674400000,
    110
  ],
  [
    1717023600000,
    127.07
  ],
  [
    1717027200000,
    127.07
  ],
  [
    1717506000000,
    128.12
  ],
  [
    1718326800000,
    130.43
  ]
]