[
  [
    1379631600000,
    1.561
  ],
  [
    1379718000000,
    0.346
  ],
  [
    1379804400000,
    0.227
  ],
  [
    1379890800000,
    0.332
  ],
  [
    1379977200000,
    0.229
  ],
  [
    1380063600000,
    0.223
  ],
  [
    1380150000000,
    0.244
  ],
  [
    1380236400000,
    0.27
  ],
  [
    1380322800000,
    0.203
  ],
  [
    1380409200000,
    0.172
  ],
  [
    1380495600000,
    0.186
  ],
  [
    1380582000000,
    0.153
  ],
  [
    1380668400000,
    0.174
  ],
  [
    1380754800000,
    0.187
  ],
  [
    1380841200000,
    0.166
  ],
  [
    1380927600000,
    0.114
  ],
  [
    1381014000000,
    0.111
  ],
  [
    1381100400000,
    0.081
  ],
  [
    1381186800000,
    0.119
  ],
  [
    1381273200000,
    0.102
  ],
  [
    1381359600000,
    0.096
  ],
  [
    1381446000000,
    0.103
  ],
  [
    1381532400000,
    0.084
  ],
  [
    1381618800000,
    0.084
  ],
  [
    1381705200000,
    0.067
  ],
  [
    1381791600000,
    0.081
  ],
  [
    1381878000000,
    0.073
  ],
  [
    1381964400000,
    0.059
  ],
  [
    1382050800000,
    0.065
  ],
  [
    1382137200000,
    0.077
  ],
  [
    1382223600000,
    0.084
  ],
  [
    1382310000000,
    0.072
  ],
  [
    1382396400000,
    0.07
  ],
  [
    1382482800000,
    0.076
  ],
  [
    1382569200000,
    0.084
  ],
  [
    1382655600000,
    0.077
  ],
  [
    1382742000000,
    0.066
  ],
  [
    1382828400000,
    0.072
  ],
  [
    1382918400000,
    0.059
  ],
  [
    1383004800000,
    0.057
  ],
  [
    1383091200000,
    0.05
  ],
  [
    1383177600000,
    0.048
  ],
  [
    1383264000000,
    0.053
  ],
  [
    1383350400000,
    0.05
  ],
  [
    1383436800000,
    0.049
  ],
  [
    1383523200000,
    0.064
  ],
  [
    1383609600000,
    0.055
  ],
  [
    1383696000000,
    0.053
  ],
  [
    1383782400000,
    0.053
  ],
  [
    1383868800000,
    0.044
  ],
  [
    1383955200000,
    0.046
  ],
  [
    1384041600000,
    0.042
  ],
  [
    1384128000000,
    0.035
  ],
  [
    1384214400000,
    0.035
  ],
  [
    1384300800000,
    0.045
  ],
  [
    1384387200000,
    0.035
  ],
  [
    1384473600000,
    0.04
  ],
  [
    1384560000000,
    0.053
  ],
  [
    1384646400000,
    0.045
  ],
  [
    1384732800000,
    0.035
  ],
  [
    1384819200000,
    0.045
  ],
  [
    1384905600000,
    0.064
  ],
  [
    1384992000000,
    0.042
  ],
  [
    1385078400000,
    0.044
  ],
  [
    1385164800000,
    0.04
  ],
  [
    1385251200000,
    0.032
  ],
  [
    1385337600000,
    0.038
  ],
  [
    1385424000000,
    0.03
  ],
  [
    1385510400000,
    0.034
  ],
  [
    1385596800000,
    0.036
  ],
  [
    1385683200000,
    0.035
  ],
  [
    1385769600000,
    0.036
  ],
  [
    1385856000000,
    0.039
  ],
  [
    1385942400000,
    0.03
  ],
  [
    1386028800000,
    0.034
  ],
  [
    1386115200000,
    0.037
  ],
  [
    1386201600000,
    0.032
  ],
  [
    1386288000000,
    0.043
  ],
  [
    1386374400000,
    0.038
  ],
  [
    1386460800000,
    0.033
  ],
  [
    1386547200000,
    0.036
  ],
  [
    1386633600000,
    0.04
  ],
  [
    1386720000000,
    0.038
  ],
  [
    1386806400000,
    0.036
  ],
  [
    1386892800000,
    0.036
  ],
  [
    1386979200000,
    0.031
  ],
  [
    1387065600000,
    0.039
  ],
  [
    1387152000000,
    0.149
  ],
  [
    1387238400000,
    0.034
  ],
  [
    1387324800000,
    0.035
  ],
  [
    1387411200000,
    0.032
  ],
  [
    1387497600000,
    0.038
  ],
  [
    1387584000000,
    0.03
  ],
  [
    1387670400000,
    0.03
  ],
  [
    1387756800000,
    0.032
  ],
  [
    1387843200000,
    0.038
  ],
  [
    1387929600000,
    0.038
  ],
  [
    1388016000000,
    0.039
  ],
  [
    1388102400000,
    0.037
  ],
  [
    1388188800000,
    0.031
  ],
  [
    1388275200000,
    0.031
  ],
  [
    1388361600000,
    0.032
  ],
  [
    1388448000000,
    0.043
  ],
  [
    1388534400000,
    0.044
  ],
  [
    1388620800000,
    0.034
  ],
  [
    1388707200000,
    0.06
  ],
  [
    1388793600000,
    0.03
  ],
  [
    1388880000000,
    0.039
  ],
  [
    1388966400000,
    0.034
  ],
  [
    1389052800000,
    0.032
  ],
  [
    1389139200000,
    0.038
  ],
  [
    1389225600000,
    0.03
  ],
  [
    1389312000000,
    0.039
  ],
  [
    1389398400000,
    0.044
  ],
  [
    1389484800000,
    0.032
  ],
  [
    1389571200000,
    0.03
  ],
  [
    1389657600000,
    0.041
  ],
  [
    1389744000000,
    0.03
  ],
  [
    1389830400000,
    0.035
  ],
  [
    1389916800000,
    0.031
  ],
  [
    1390003200000,
    0.037
  ],
  [
    1390089600000,
    0.033
  ],
  [
    1390176000000,
    0.03
  ],
  [
    1390262400000,
    0.03
  ],
  [
    1390348800000,
    0.03
  ],
  [
    1390435200000,
    0.033
  ],
  [
    1390521600000,
    0.034
  ],
  [
    1390608000000,
    0.031
  ],
  [
    1390694400000,
    0.03
  ],
  [
    1390780800000,
    0.03
  ],
  [
    1390867200000,
    0.03
  ],
  [
    1390953600000,
    0.03
  ],
  [
    1391040000000,
    0.03
  ],
  [
    1391126400000,
    0.03
  ],
  [
    1391212800000,
    0.032
  ],
  [
    1391299200000,
    0.03
  ],
  [
    1391385600000,
    0.03
  ],
  [
    1391472000000,
    0.03
  ],
  [
    1391558400000,
    0.03
  ],
  [
    1391644800000,
    0.03
  ],
  [
    1391731200000,
    0.03
  ],
  [
    1391817600000,
    0.03
  ],
  [
    1391904000000,
    0.03
  ],
  [
    1391990400000,
    0.059
  ],
  [
    1392076800000,
    0.03
  ],
  [
    1392163200000,
    0.03
  ],
  [
    1392249600000,
    0.03
  ],
  [
    1392336000000,
    0.03
  ],
  [
    1392422400000,
    0.03
  ],
  [
    1392508800000,
    0.032
  ],
  [
    1392595200000,
    0.03
  ],
  [
    1392681600000,
    0.03
  ],
  [
    1392768000000,
    0.031
  ],
  [
    1392854400000,
    0.03
  ],
  [
    1392940800000,
    0.03
  ],
  [
    1393027200000,
    0.03
  ],
  [
    1393113600000,
    0.03
  ],
  [
    1393200000000,
    0.03
  ],
  [
    1393286400000,
    0.03
  ],
  [
    1393372800000,
    0.03
  ],
  [
    1393459200000,
    0.03
  ],
  [
    1393545600000,
    0.03
  ],
  [
    1393632000000,
    0.03
  ],
  [
    1393718400000,
    0.03
  ],
  [
    1393804800000,
    0.03
  ],
  [
    1393891200000,
    0.03
  ],
  [
    1393977600000,
    0.03
  ],
  [
    1394064000000,
    0.033
  ],
  [
    1394150400000,
    0.03
  ],
  [
    1394236800000,
    0.03
  ],
  [
    1394323200000,
    0.03
  ],
  [
    1394409600000,
    0.03
  ],
  [
    1394496000000,
    0.03
  ],
  [
    1394582400000,
    0.03
  ],
  [
    1394668800000,
    0.031
  ],
  [
    1394755200000,
    0.043
  ],
  [
    1394841600000,
    0.03
  ],
  [
    1394928000000,
    0.03
  ],
  [
    1395014400000,
    0.03
  ],
  [
    1395100800000,
    0.033
  ],
  [
    1395187200000,
    0.03
  ],
  [
    1395273600000,
    0.03
  ],
  [
    1395360000000,
    0.035
  ],
  [
    1395446400000,
    0.03
  ],
  [
    1395532800000,
    0.03
  ],
  [
    1395619200000,
    0.031
  ],
  [
    1395705600000,
    0.03
  ],
  [
    1395792000000,
    0.03
  ],
  [
    1395878400000,
    0.033
  ],
  [
    1395964800000,
    0.03
  ],
  [
    1396051200000,
    0.03
  ],
  [
    1396137600000,
    0.03
  ],
  [
    1396220400000,
    0.03
  ],
  [
    1396306800000,
    0.035
  ],
  [
    1396393200000,
    0.03
  ],
  [
    1396479600000,
    0.03
  ],
  [
    1396566000000,
    0.03
  ],
  [
    1396652400000,
    0.032
  ],
  [
    1396738800000,
    0.031
  ],
  [
    1396825200000,
    0.03
  ],
  [
    1396911600000,
    0.035
  ],
  [
    1396998000000,
    0.03
  ],
  [
    1397084400000,
    0.03
  ],
  [
    1397170800000,
    0.03
  ],
  [
    1397257200000,
    0.03
  ],
  [
    1397343600000,
    0.042
  ],
  [
    1397430000000,
    0.05
  ],
  [
    1397516400000,
    0.041
  ],
  [
    1397602800000,
    0.03
  ],
  [
    1397689200000,
    0.03
  ],
  [
    1397775600000,
    0.03
  ],
  [
    1397862000000,
    0.039
  ],
  [
    1397948400000,
    0.035
  ],
  [
    1398034800000,
    0.036
  ],
  [
    1398121200000,
    0.035
  ],
  [
    1398207600000,
    0.03
  ],
  [
    1398294000000,
    0.03
  ],
  [
    1398380400000,
    0.03
  ],
  [
    1398466800000,
    0.03
  ],
  [
    1398553200000,
    0.032
  ],
  [
    1398639600000,
    0.03
  ],
  [
    1398726000000,
    0.03
  ],
  [
    1398812400000,
    0.03
  ],
  [
    1398898800000,
    0.03
  ],
  [
    1398985200000,
    0.041
  ],
  [
    1399071600000,
    0.03
  ],
  [
    1399158000000,
    0.032
  ],
  [
    1399244400000,
    0.03
  ],
  [
    1399330800000,
    0.03
  ],
  [
    1399417200000,
    0.03
  ],
  [
    1399503600000,
    0.03
  ],
  [
    1399590000000,
    0.03
  ],
  [
    1399676400000,
    0.03
  ],
  [
    1399762800000,
    0.03
  ],
  [
    1399849200000,
    0.03
  ],
  [
    1399935600000,
    0.03
  ],
  [
    1400022000000,
    0.031
  ],
  [
    1400108400000,
    0.033
  ],
  [
    1400194800000,
    0.187
  ],
  [
    1400281200000,
    0.036
  ],
  [
    1400367600000,
    0.042
  ],
  [
    1400454000000,
    0.44
  ],
  [
    1400540400000,
    0.033
  ],
  [
    1400626800000,
    0.031
  ],
  [
    1400713200000,
    0.03
  ],
  [
    1400799600000,
    0.035
  ],
  [
    1400886000000,
    0.03
  ],
  [
    1400972400000,
    0.03
  ],
  [
    1401058800000,
    0.03
  ],
  [
    1401145200000,
    0.034
  ],
  [
    1401231600000,
    0.033
  ],
  [
    1401318000000,
    0.03
  ],
  [
    1401404400000,
    0.034
  ],
  [
    1401490800000,
    0.032
  ],
  [
    1401577200000,
    0.03
  ],
  [
    1401663600000,
    0.043
  ],
  [
    1401750000000,
    0.034
  ],
  [
    1401836400000,
    0.03
  ],
  [
    1401922800000,
    0.033
  ],
  [
    1402009200000,
    0.042
  ],
  [
    1402095600000,
    0.032
  ],
  [
    1402182000000,
    0.03
  ],
  [
    1402268400000,
    0.039
  ],
  [
    1402354800000,
    0.035
  ],
  [
    1402441200000,
    0.032
  ],
  [
    1402527600000,
    0.032
  ],
  [
    1402614000000,
    0.031
  ],
  [
    1402700400000,
    0.043
  ],
  [
    1402786800000,
    0.03
  ],
  [
    1402873200000,
    0.04
  ],
  [
    1402959600000,
    0.03
  ],
  [
    1403046000000,
    0.03
  ],
  [
    1403132400000,
    0.03
  ],
  [
    1403218800000,
    0.03
  ],
  [
    1403305200000,
    0.03
  ],
  [
    1403391600000,
    0.052
  ],
  [
    1403478000000,
    0.477
  ],
  [
    1403564400000,
    0.03
  ],
  [
    1403650800000,
    0.233
  ],
  [
    1403737200000,
    0.03
  ],
  [
    1403823600000,
    0.03
  ],
  [
    1403910000000,
    0.03
  ],
  [
    1403996400000,
    3.251
  ],
  [
    1404082800000,
    0.047
  ],
  [
    1404169200000,
    0.038
  ],
  [
    1404255600000,
    0.03
  ],
  [
    1404342000000,
    0.03
  ],
  [
    1404428400000,
    0.03
  ],
  [
    1404514800000,
    0.03
  ],
  [
    1404601200000,
    0.031
  ],
  [
    1404687600000,
    0.03
  ],
  [
    1404774000000,
    0.032
  ],
  [
    1404860400000,
    0.03
  ],
  [
    1404946800000,
    0.03
  ],
  [
    1405033200000,
    0.035
  ],
  [
    1405119600000,
    0.03
  ],
  [
    1405206000000,
    0.038
  ],
  [
    1405292400000,
    0.052
  ],
  [
    1405378800000,
    0.045
  ],
  [
    1405465200000,
    0.039
  ],
  [
    1405551600000,
    0.045
  ],
  [
    1405638000000,
    0.03
  ],
  [
    1405724400000,
    0.03
  ],
  [
    1405810800000,
    5.259
  ],
  [
    1405897200000,
    5.853
  ],
  [
    1405983600000,
    0.033
  ],
  [
    1406070000000,
    0.033
  ],
  [
    1406156400000,
    0.03
  ],
  [
    1406242800000,
    0.031
  ],
  [
    1406329200000,
    0.041
  ],
  [
    1406415600000,
    5.252
  ],
  [
    1406502000000,
    0.037
  ],
  [
    1406588400000,
    2.908
  ],
  [
    1406674800000,
    0.036
  ],
  [
    1406761200000,
    2.899
  ],
  [
    1406847600000,
    0.03
  ],
  [
    1406934000000,
    0.042
  ],
  [
    1407020400000,
    0.035
  ],
  [
    1407106800000,
    2.598
  ],
  [
    1407193200000,
    0.032
  ],
  [
    1407279600000,
    2.914
  ],
  [
    1407366000000,
    0.035
  ],
  [
    1407452400000,
    0.044
  ],
  [
    1407538800000,
    4.272
  ],
  [
    1407625200000,
    0.035
  ],
  [
    1407711600000,
    0.04
  ],
  [
    1407798000000,
    0.049
  ],
  [
    1407884400000,
    2.062
  ],
  [
    1407970800000,
    0.036
  ],
  [
    1408057200000,
    1.669
  ],
  [
    1408143600000,
    0.032
  ],
  [
    1408230000000,
    0.723
  ],
  [
    1408316400000,
    0.041
  ],
  [
    1408402800000,
    7.464
  ],
  [
    1408489200000,
    5.736
  ],
  [
    1408575600000,
    0.058
  ],
  [
    1408662000000,
    0.042
  ],
  [
    1408748400000,
    0.044
  ],
  [
    1408834800000,
    0.043
  ],
  [
    1408921200000,
    0.031
  ],
  [
    1409007600000,
    0.054
  ],
  [
    1409094000000,
    0.039
  ],
  [
    1409180400000,
    0.038
  ],
  [
    1409266800000,
    4.278
  ],
  [
    1409353200000,
    1.961
  ],
  [
    1409439600000,
    0.044
  ],
  [
    1409526000000,
    0.459
  ],
  [
    1409612400000,
    0.03
  ],
  [
    1409698800000,
    0.038
  ],
  [
    1409785200000,
    0.045
  ],
  [
    1409871600000,
    0.044
  ],
  [
    1409958000000,
    0.054
  ],
  [
    1410044400000,
    0.05
  ],
  [
    1410130800000,
    1.16
  ],
  [
    1410217200000,
    2.677
  ],
  [
    1410303600000,
    0.047
  ],
  [
    1410390000000,
    0.057
  ],
  [
    1410476400000,
    1.028
  ],
  [
    1410562800000,
    1.44
  ],
  [
    1410649200000,
    0.04
  ],
  [
    1410735600000,
    1.442
  ],
  [
    1410822000000,
    0.041
  ],
  [
    1410908400000,
    3.898
  ],
  [
    1410994800000,
    3.197
  ],
  [
    1411081200000,
    4.491
  ],
  [
    1411167600000,
    0.777
  ],
  [
    1411254000000,
    3.385
  ],
  [
    1411340400000,
    2.854
  ],
  [
    1411426800000,
    0.055
  ],
  [
    1411513200000,
    0.055
  ],
  [
    1411599600000,
    1.164
  ],
  [
    1411686000000,
    1.388
  ],
  [
    1411772400000,
    0.056
  ],
  [
    1411858800000,
    1.752
  ],
  [
    1411945200000,
    0.041
  ],
  [
    1412031600000,
    0.035
  ],
  [
    1412118000000,
    5.341
  ],
  [
    1412204400000,
    0.046
  ],
  [
    1412290800000,
    3.13
  ],
  [
    1412377200000,
    4.148
  ],
  [
    1412463600000,
    0.051
  ],
  [
    1412550000000,
    0.049
  ],
  [
    1412636400000,
    4.209
  ],
  [
    1412722800000,
    0.033
  ],
  [
    1412809200000,
    2.551
  ],
  [
    1412895600000,
    0.91
  ],
  [
    1412982000000,
    0.064
  ],
  [
    1413068400000,
    0.051
  ],
  [
    1413154800000,
    2.809
  ],
  [
    1413241200000,
    0.062
  ],
  [
    1413327600000,
    7.165
  ],
  [
    1413414000000,
    0.053
  ],
  [
    1413500400000,
    5.352
  ],
  [
    1413586800000,
    0.066
  ],
  [
    1413673200000,
    0.066
  ],
  [
    1413759600000,
    2.846
  ],
  [
    1413846000000,
    0.052
  ],
  [
    1413932400000,
    0.051
  ],
  [
    1414018800000,
    0.049
  ],
  [
    1414105200000,
    4.223
  ],
  [
    1414191600000,
    0.058
  ],
  [
    1414278000000,
    2.75
  ],
  [
    1414368000000,
    3.202
  ],
  [
    1414454400000,
    3.237
  ],
  [
    1414540800000,
    0.079
  ],
  [
    1414627200000,
    5.292
  ],
  [
    1414713600000,
    1.635
  ],
  [
    1414800000000,
    0.063
  ],
  [
    1414886400000,
    0.056
  ],
  [
    1414972800000,
    7.131
  ],
  [
    1415059200000,
    0.051
  ],
  [
    1415145600000,
    4.886
  ],
  [
    1415232000000,
    4.219
  ],
  [
    1415318400000,
    3.072
  ],
  [
    1415404800000,
    2.425
  ],
  [
    1415491200000,
    0.059
  ],
  [
    1415577600000,
    2.24
  ],
  [
    1415664000000,
    0.084
  ],
  [
    1415750400000,
    0.074
  ],
  [
    1415836800000,
    0.037
  ],
  [
    1415923200000,
    0.036
  ],
  [
    1416009600000,
    0.044
  ],
  [
    1416096000000,
    3.177
  ],
  [
    1416182400000,
    0.037
  ],
  [
    1416268800000,
    0.043
  ],
  [
    1416355200000,
    3.585
  ],
  [
    1416441600000,
    0.057
  ],
  [
    1416528000000,
    0.054
  ],
  [
    1416614400000,
    0.051
  ],
  [
    1416700800000,
    0.049
  ],
  [
    1416787200000,
    0.074
  ],
  [
    1416873600000,
    0.051
  ],
  [
    1416960000000,
    20.658
  ],
  [
    1417046400000,
    3.23
  ],
  [
    1417132800000,
    8.506
  ],
  [
    1417219200000,
    0.075
  ],
  [
    1417305600000,
    0.041
  ],
  [
    1417392000000,
    0.035
  ],
  [
    1417478400000,
    5.93
  ],
  [
    1417564800000,
    0.047
  ],
  [
    1417651200000,
    0.046
  ],
  [
    1417737600000,
    0.053
  ],
  [
    1417824000000,
    0.059
  ],
  [
    1417910400000,
    2.442
  ],
  [
    1417996800000,
    0.061
  ],
  [
    1418083200000,
    0.054
  ],
  [
    1418169600000,
    3.583
  ],
  [
    1418256000000,
    0.055
  ],
  [
    1418342400000,
    6.092
  ],
  [
    1418428800000,
    0.073
  ],
  [
    1418515200000,
    0.064
  ],
  [
    1418601600000,
    6.545
  ],
  [
    1418688000000,
    0.046
  ],
  [
    1418774400000,
    0.057
  ],
  [
    1418860800000,
    0.049
  ],
  [
    1418947200000,
    0.075
  ],
  [
    1419033600000,
    0.06
  ],
  [
    1419120000000,
    2.486
  ],
  [
    1419206400000,
    0.079
  ],
  [
    1419292800000,
    0.079
  ],
  [
    1419379200000,
    0.047
  ],
  [
    1419465600000,
    0.044
  ],
  [
    1419552000000,
    0.057
  ],
  [
    1419638400000,
    0.056
  ],
  [
    1419724800000,
    0.056
  ],
  [
    1419811200000,
    0.047
  ],
  [
    1419897600000,
    0.057
  ],
  [
    1419984000000,
    0.051
  ],
  [
    1420070400000,
    0.047
  ],
  [
    1420156800000,
    0.056
  ],
  [
    1420243200000,
    0.053
  ],
  [
    1420329600000,
    0.054
  ],
  [
    1420416000000,
    0.052
  ],
  [
    1420502400000,
    0.049
  ],
  [
    1420588800000,
    0.052
  ],
  [
    1420675200000,
    0.066
  ],
  [
    1420761600000,
    0.054
  ],
  [
    1420848000000,
    0.055
  ],
  [
    1420934400000,
    0.055
  ],
  [
    1421020800000,
    0.068
  ],
  [
    1421107200000,
    0.053
  ],
  [
    1421193600000,
    0.063
  ],
  [
    1421280000000,
    0.057
  ],
  [
    1421366400000,
    0.058
  ],
  [
    1421452800000,
    0.074
  ],
  [
    1421539200000,
    0.056
  ],
  [
    1421625600000,
    0.055
  ],
  [
    1421712000000,
    0.07
  ],
  [
    1421798400000,
    0.064
  ],
  [
    1421884800000,
    0.071
  ],
  [
    1421971200000,
    0.083
  ],
  [
    1422057600000,
    0.09
  ],
  [
    1422144000000,
    6.725
  ],
  [
    1422230400000,
    3.399
  ],
  [
    1422316800000,
    0.07
  ],
  [
    1422403200000,
    0.077
  ],
  [
    1422489600000,
    0.061
  ],
  [
    1422576000000,
    0.064
  ],
  [
    1422662400000,
    0.062
  ],
  [
    1422748800000,
    0.064
  ],
  [
    1422835200000,
    0.068
  ],
  [
    1422921600000,
    0.08
  ],
  [
    1423008000000,
    0.082
  ],
  [
    1423094400000,
    0.101
  ],
  [
    1423180800000,
    0.098
  ],
  [
    1423267200000,
    0.073
  ],
  [
    1423353600000,
    0.084
  ],
  [
    1423440000000,
    0.083
  ],
  [
    1423526400000,
    0.066
  ],
  [
    1423612800000,
    4.707
  ],
  [
    1423699200000,
    0.089
  ],
  [
    1423785600000,
    0.061
  ],
  [
    1423872000000,
    0.089
  ],
  [
    1423958400000,
    0.091
  ],
  [
    1424044800000,
    0.073
  ],
  [
    1424131200000,
    0.083
  ],
  [
    1424217600000,
    0.094
  ],
  [
    1424304000000,
    0.07
  ],
  [
    1424390400000,
    0.098
  ],
  [
    1424476800000,
    0.264
  ],
  [
    1424563200000,
    0.282
  ],
  [
    1424649600000,
    0.21
  ],
  [
    1424736000000,
    0.28
  ],
  [
    1424822400000,
    0.188
  ],
  [
    1424908800000,
    0.183
  ],
  [
    1424995200000,
    0.142
  ],
  [
    1425081600000,
    0.11
  ],
  [
    1425168000000,
    0.124
  ],
  [
    1425254400000,
    0.137
  ],
  [
    1425340800000,
    0.077
  ],
  [
    1425427200000,
    0.102
  ],
  [
    1425513600000,
    0.136
  ],
  [
    1425600000000,
    0.104
  ],
  [
    1425686400000,
    0.076
  ],
  [
    1425772800000,
    0.071
  ],
  [
    1425859200000,
    0.092
  ],
  [
    1425945600000,
    0.091
  ],
  [
    1426032000000,
    0.096
  ],
  [
    1426118400000,
    0.083
  ],
  [
    1426204800000,
    0.061
  ],
  [
    1426291200000,
    0.076
  ],
  [
    1426377600000,
    0.081
  ],
  [
    1426464000000,
    0.089
  ],
  [
    1426550400000,
    0.074
  ],
  [
    1426636800000,
    0.073
  ],
  [
    1426723200000,
    0.09
  ],
  [
    1426809600000,
    0.107
  ],
  [
    1426896000000,
    0.108
  ],
  [
    1426982400000,
    0.058
  ],
  [
    1427068800000,
    0.096
  ],
  [
    1427155200000,
    0.098
  ],
  [
    1427241600000,
    0.078
  ],
  [
    1427328000000,
    0.092
  ],
  [
    1427414400000,
    0.092
  ],
  [
    1427500800000,
    0.101
  ],
  [
    1427587200000,
    0.099
  ],
  [
    1427670000000,
    0.067
  ],
  [
    1427756400000,
    0.102
  ],
  [
    1427842800000,
    0.17
  ],
  [
    1427929200000,
    0.188
  ],
  [
    1428015600000,
    0.114
  ],
  [
    1428102000000,
    0.129
  ],
  [
    1428188400000,
    0.149
  ],
  [
    1428274800000,
    0.145
  ],
  [
    1428361200000,
    0.137
  ],
  [
    1428447600000,
    0.128
  ],
  [
    1428534000000,
    0.155
  ],
  [
    1428620400000,
    0.157
  ],
  [
    1428706800000,
    0.115
  ],
  [
    1428793200000,
    0.135
  ],
  [
    1428879600000,
    0.141
  ],
  [
    1428966000000,
    0.142
  ],
  [
    1429052400000,
    0.123
  ],
  [
    1429138800000,
    0.065
  ],
  [
    1429225200000,
    0.108
  ],
  [
    1429311600000,
    0.104
  ],
  [
    1429398000000,
    0.107
  ],
  [
    1429484400000,
    0.103
  ],
  [
    1429570800000,
    0.086
  ],
  [
    1429657200000,
    0.1
  ],
  [
    1429743600000,
    0.102
  ],
  [
    1429830000000,
    0.1
  ],
  [
    1429916400000,
    0.111
  ],
  [
    1430002800000,
    0.094
  ],
  [
    1430089200000,
    0.122
  ],
  [
    1430175600000,
    0.129
  ],
  [
    1430262000000,
    0.139
  ],
  [
    1430348400000,
    0.099
  ],
  [
    1430434800000,
    0.141
  ],
  [
    1430521200000,
    0.112
  ],
  [
    1430607600000,
    0.133
  ],
  [
    1430694000000,
    0.109
  ],
  [
    1430780400000,
    0.137
  ],
  [
    1430866800000,
    0.137
  ],
  [
    1430953200000,
    0.136
  ],
  [
    1431039600000,
    0.131
  ],
  [
    1431126000000,
    0.155
  ],
  [
    1431212400000,
    0.163
  ],
  [
    1431298800000,
    0.137
  ],
  [
    1431385200000,
    0.141
  ],
  [
    1431471600000,
    0.157
  ],
  [
    1431558000000,
    0.125
  ],
  [
    1431644400000,
    0.134
  ],
  [
    1431730800000,
    0.109
  ],
  [
    1431817200000,
    0.176
  ],
  [
    1431903600000,
    0.132
  ],
  [
    1431990000000,
    0.133
  ],
  [
    1432076400000,
    0.104
  ],
  [
    1432162800000,
    0.112
  ],
  [
    1432249200000,
    0.146
  ],
  [
    1432422000000,
    0.13
  ],
  [
    1432508400000,
    0.114
  ],
  [
    1432594800000,
    0.154
  ],
  [
    1432681200000,
    0.118
  ],
  [
    1432767600000,
    0.137
  ],
  [
    1432854000000,
    0.75
  ],
  [
    1432940400000,
    0.505
  ],
  [
    1433026800000,
    0.151
  ],
  [
    1433113200000,
    0.159
  ],
  [
    1433199600000,
    0.128
  ],
  [
    1433286000000,
    0.125
  ],
  [
    1433372400000,
    0.127
  ],
  [
    1433458800000,
    6.652
  ],
  [
    1433545200000,
    0.088
  ],
  [
    1433631600000,
    0.077
  ],
  [
    1433718000000,
    0.111
  ],
  [
    1433804400000,
    0.105
  ],
  [
    1433890800000,
    0.113
  ],
  [
    1433977200000,
    0.105
  ],
  [
    1434063600000,
    0.107
  ],
  [
    1434150000000,
    0.084
  ],
  [
    1434236400000,
    0.099
  ],
  [
    1434322800000,
    0.088
  ],
  [
    1434409200000,
    0.116
  ],
  [
    1434495600000,
    0.626
  ],
  [
    1434582000000,
    0.553
  ],
  [
    1434668400000,
    0.359
  ],
  [
    1434754800000,
    0.194
  ],
  [
    1434841200000,
    0.53
  ],
  [
    1434927600000,
    0.108
  ],
  [
    1435014000000,
    0.133
  ],
  [
    1435100400000,
    0.116
  ],
  [
    1435186800000,
    0.084
  ],
  [
    1435273200000,
    0.123
  ],
  [
    1435359600000,
    0.103
  ],
  [
    1435446000000,
    0.132
  ],
  [
    1435532400000,
    0.116
  ],
  [
    1435618800000,
    0.135
  ],
  [
    1435705200000,
    1.048
  ],
  [
    1435791600000,
    0.531
  ],
  [
    1435878000000,
    0.337
  ],
  [
    1435964400000,
    0.218
  ],
  [
    1436050800000,
    0.194
  ],
  [
    1436137200000,
    0.198
  ],
  [
    1436223600000,
    0.174
  ],
  [
    1436310000000,
    0.171
  ],
  [
    1436396400000,
    0.146
  ],
  [
    1436482800000,
    0.148
  ],
  [
    1436569200000,
    0.16
  ],
  [
    1436655600000,
    0.167
  ],
  [
    1436742000000,
    0.173
  ],
  [
    1436828400000,
    0.155
  ],
  [
    1436914800000,
    0.169
  ],
  [
    1437001200000,
    0.16
  ],
  [
    1437087600000,
    0.179
  ],
  [
    1437174000000,
    0.186
  ],
  [
    1437260400000,
    0.174
  ],
  [
    1437346800000,
    0.201
  ],
  [
    1437433200000,
    0.237
  ],
  [
    1437519600000,
    0.165
  ],
  [
    1437606000000,
    0.198
  ],
  [
    1437692400000,
    0.17
  ],
  [
    1437778800000,
    0.181
  ],
  [
    1437865200000,
    0.204
  ],
  [
    1437951600000,
    0.194
  ],
  [
    1438038000000,
    0.196
  ],
  [
    1438210800000,
    0.2
  ],
  [
    1438297200000,
    0.182
  ],
  [
    1438383600000,
    0.171
  ],
  [
    1438470000000,
    0.179
  ],
  [
    1438642800000,
    0.17
  ],
  [
    1438729200000,
    0.159
  ],
  [
    1438902000000,
    0.099
  ],
  [
    1438988400000,
    0.136
  ],
  [
    1439074800000,
    0.16
  ],
  [
    1439161200000,
    0.187
  ],
  [
    1439247600000,
    0.174
  ],
  [
    1439334000000,
    0.12
  ],
  [
    1439420400000,
    0.196
  ],
  [
    1439506800000,
    0.148
  ],
  [
    1439593200000,
    0.156
  ],
  [
    1439679600000,
    0.122
  ],
  [
    1439766000000,
    0.155
  ],
  [
    1439852400000,
    0.109
  ],
  [
    1439938800000,
    0.14
  ],
  [
    1440025200000,
    0.129
  ],
  [
    1440111600000,
    0.118
  ],
  [
    1440198000000,
    0.114
  ],
  [
    1440284400000,
    0.094
  ],
  [
    1440370800000,
    0.095
  ],
  [
    1440457200000,
    0.083
  ],
  [
    1440543600000,
    0.125
  ],
  [
    1440630000000,
    0.126
  ],
  [
    1440716400000,
    0.121
  ],
  [
    1440802800000,
    0.129
  ],
  [
    1440889200000,
    0.156
  ],
  [
    1440975600000,
    0.173
  ],
  [
    1441062000000,
    0.182
  ],
  [
    1441148400000,
    0.202
  ],
  [
    1441234800000,
    0.169
  ],
  [
    1441321200000,
    0.177
  ],
  [
    1441407600000,
    0.18
  ],
  [
    1441494000000,
    0.145
  ],
  [
    1441580400000,
    0.174
  ],
  [
    1441666800000,
    0.199
  ],
  [
    1441753200000,
    0.163
  ],
  [
    1441839600000,
    0.19
  ],
  [
    1441926000000,
    0.197
  ],
  [
    1442012400000,
    0.209
  ],
  [
    1442098800000,
    0.214
  ],
  [
    1442185200000,
    0.161
  ],
  [
    1442271600000,
    0.186
  ],
  [
    1442358000000,
    0.189
  ],
  [
    1442444400000,
    0.199
  ],
  [
    1442530800000,
    0.194
  ],
  [
    1442617200000,
    0.168
  ],
  [
    1442703600000,
    0.178
  ],
  [
    1442790000000,
    0.156
  ],
  [
    1442876400000,
    0.153
  ],
  [
    1442962800000,
    0.184
  ],
  [
    1443049200000,
    0.238
  ],
  [
    1443135600000,
    0.21
  ],
  [
    1443222000000,
    0.231
  ],
  [
    1443308400000,
    0.266
  ],
  [
    1443394800000,
    0.25
  ],
  [
    1443481200000,
    0.3
  ],
  [
    1443567600000,
    0.277
  ],
  [
    1443654000000,
    18.647
  ],
  [
    1443740400000,
    0.224
  ],
  [
    1443826800000,
    0.254
  ],
  [
    1443999600000,
    0.245
  ],
  [
    1444086000000,
    0.232
  ],
  [
    1444172400000,
    0.206
  ],
  [
    1444258800000,
    0.198
  ],
  [
    1444345200000,
    0.212
  ],
  [
    1444431600000,
    0.215
  ],
  [
    1444518000000,
    0.22
  ],
  [
    1444604400000,
    0.24
  ],
  [
    1444690800000,
    0.269
  ],
  [
    1444777200000,
    0.198
  ],
  [
    1444863600000,
    0.181
  ],
  [
    1444950000000,
    0.173
  ],
  [
    1445036400000,
    0.224
  ],
  [
    1445122800000,
    0.203
  ],
  [
    1445209200000,
    0.204
  ],
  [
    1445295600000,
    0.2
  ],
  [
    1445382000000,
    0.202
  ],
  [
    1445468400000,
    0.172
  ],
  [
    1445554800000,
    0.165
  ],
  [
    1445641200000,
    0.177
  ],
  [
    1445727600000,
    0.188
  ],
  [
    1445817600000,
    0.153
  ],
  [
    1445904000000,
    0.183
  ],
  [
    1445990400000,
    0.167
  ],
  [
    1446076800000,
    0.163
  ],
  [
    1446163200000,
    0.171
  ],
  [
    1446249600000,
    0.175
  ],
  [
    1446336000000,
    0.219
  ],
  [
    1446422400000,
    0.165
  ],
  [
    1446508800000,
    0.162
  ],
  [
    1446595200000,
    0.178
  ],
  [
    1446681600000,
    0.181
  ],
  [
    1446768000000,
    0.213
  ],
  [
    1446854400000,
    0.23
  ],
  [
    1447027200000,
    0.163
  ],
  [
    1447113600000,
    0.208
  ],
  [
    1447200000000,
    0.211
  ],
  [
    1447286400000,
    0.229
  ],
  [
    1447459200000,
    0.211
  ],
  [
    1447545600000,
    0.247
  ],
  [
    1447632000000,
    0.16
  ],
  [
    1447804800000,
    0.242
  ],
  [
    1447891200000,
    0.234
  ],
  [
    1448064000000,
    0.224
  ],
  [
    1448150400000,
    0.092
  ],
  [
    1448236800000,
    87.602
  ],
  [
    1448323200000,
    0.361
  ],
  [
    1448409600000,
    0.157
  ],
  [
    1448496000000,
    0.171
  ],
  [
    1448582400000,
    0.206
  ],
  [
    1448668800000,
    0.193
  ],
  [
    1448755200000,
    17.527
  ],
  [
    1448841600000,
    14.601
  ],
  [
    1448928000000,
    0.15
  ],
  [
    1449014400000,
    0.195
  ],
  [
    1449100800000,
    0.343
  ],
  [
    1449187200000,
    0.229
  ],
  [
    1449273600000,
    0.212
  ],
  [
    1449360000000,
    0.218
  ],
  [
    1449446400000,
    20.995
  ],
  [
    1449532800000,
    0.234
  ],
  [
    1449619200000,
    13.935
  ],
  [
    1449792000000,
    0.211
  ],
  [
    1449878400000,
    0.218
  ],
  [
    1449964800000,
    0.197
  ],
  [
    1450051200000,
    1
  ],
  [
    1450137600000,
    1.09
  ],
  [
    1450224000000,
    0.38
  ],
  [
    1450310400000,
    0.85
  ],
  [
    1450396800000,
    0.78
  ],
  [
    1450569600000,
    0.596
  ],
  [
    1450656000000,
    0.568
  ],
  [
    1450742400000,
    0.195
  ],
  [
    1450828800000,
    0.281
  ],
  [
    1451001600000,
    0.272
  ],
  [
    1451088000000,
    0.226
  ],
  [
    1451174400000,
    0.187
  ],
  [
    1451260800000,
    0.197
  ],
  [
    1451347200000,
    0.205
  ],
  [
    1451433600000,
    0.209
  ],
  [
    1451520000000,
    0.204
  ],
  [
    1451606400000,
    0.203
  ],
  [
    1451692800000,
    0.199
  ],
  [
    1451779200000,
    0.205
  ],
  [
    1451865600000,
    0.184
  ],
  [
    1451952000000,
    0.187
  ],
  [
    1452038400000,
    0.198
  ],
  [
    1452124800000,
    0.205
  ],
  [
    1452211200000,
    0.205
  ],
  [
    1452297600000,
    0.208
  ],
  [
    1452384000000,
    0.186
  ],
  [
    1452470400000,
    0.181
  ],
  [
    1452556800000,
    0.17
  ],
  [
    1452643200000,
    0.212
  ],
  [
    1452729600000,
    0.229
  ],
  [
    1452816000000,
    0.231
  ],
  [
    1452988800000,
    0.211
  ],
  [
    1453075200000,
    0.242
  ],
  [
    1453161600000,
    0.25
  ],
  [
    1453248000000,
    0.202
  ],
  [
    1453334400000,
    0.25
  ],
  [
    1453420800000,
    0.255
  ],
  [
    1453507200000,
    0.241
  ],
  [
    1453593600000,
    0.214
  ],
  [
    1453680000000,
    0.173
  ],
  [
    1453766400000,
    0.213
  ],
  [
    1453852800000,
    0.21
  ],
  [
    1453939200000,
    0.245
  ],
  [
    1454025600000,
    0.206
  ],
  [
    1454112000000,
    0.255
  ],
  [
    1454198400000,
    0.255
  ],
  [
    1454371200000,
    0.247
  ],
  [
    1454457600000,
    0.266
  ],
  [
    1454716800000,
    0.223
  ],
  [
    1454803200000,
    0.249
  ],
  [
    1454976000000,
    0.255
  ],
  [
    1455062400000,
    0.211
  ],
  [
    1455148800000,
    0.256
  ],
  [
    1455235200000,
    0.19
  ],
  [
    1455321600000,
    0.281
  ],
  [
    1455408000000,
    0.239
  ],
  [
    1455494400000,
    0.227
  ],
  [
    1455580800000,
    0.256
  ],
  [
    1455667200000,
    0.249
  ],
  [
    1455753600000,
    0.22
  ],
  [
    1455840000000,
    0.242
  ],
  [
    1455926400000,
    0.237
  ],
  [
    1456012800000,
    0.238
  ],
  [
    1456099200000,
    0.246
  ],
  [
    1456185600000,
    0.286
  ],
  [
    1456272000000,
    0.281
  ],
  [
    1456358400000,
    0.265
  ],
  [
    1456444800000,
    0.205
  ],
  [
    1456617600000,
    0.213
  ],
  [
    1456704000000,
    0.231
  ],
  [
    1456790400000,
    0.228
  ],
  [
    1456876800000,
    0.253
  ],
  [
    1456963200000,
    0.254
  ],
  [
    1457049600000,
    4.893
  ],
  [
    1457136000000,
    0.226
  ],
  [
    1457222400000,
    1.043
  ],
  [
    1457308800000,
    0.468
  ],
  [
    1457395200000,
    1.108
  ],
  [
    1457481600000,
    1.221
  ],
  [
    1458086400000,
    0.89
  ],
  [
    1458172800000,
    1.64
  ],
  [
    1458432000000,
    1.647
  ],
  [
    1458691200000,
    1.22
  ],
  [
    1458864000000,
    50
  ],
  [
    1458950400000,
    1.648
  ],
  [
    1459036800000,
    3.751
  ],
  [
    1459119600000,
    5.649
  ],
  [
    1459206000000,
    9.467
  ],
  [
    1459292400000,
    7.209
  ],
  [
    1459378800000,
    6.545
  ],
  [
    1459465200000,
    6.509
  ],
  [
    1459551600000,
    7.457
  ],
  [
    1459638000000,
    3.47
  ],
  [
    1459724400000,
    4.892
  ],
  [
    1459897200000,
    1.79
  ],
  [
    1459983600000,
    2.103
  ],
  [
    1460242800000,
    2.677
  ],
  [
    1460588400000,
    1.69
  ],
  [
    1460674800000,
    1.5
  ],
  [
    1460847600000,
    1.26
  ],
  [
    1460934000000,
    1.456
  ],
  [
    1461020400000,
    1.38
  ],
  [
    1461193200000,
    1.4
  ],
  [
    1461279600000,
    1.18
  ],
  [
    1461366000000,
    1.518
  ],
  [
    1461538800000,
    1.408
  ],
  [
    1461625200000,
    1.11
  ],
  [
    1461798000000,
    2.635
  ],
  [
    1461884400000,
    0.938
  ],
  [
    1461970800000,
    1.229
  ],
  [
    1462057200000,
    1.763
  ],
  [
    1462143600000,
    1.599
  ],
  [
    1462230000000,
    0.55
  ],
  [
    1462316400000,
    1.367
  ],
  [
    1462402800000,
    1.744
  ],
  [
    1462575600000,
    2.077
  ],
  [
    1462921200000,
    1.577
  ],
  [
    1463007600000,
    1.222
  ],
  [
    1463094000000,
    1.574
  ],
  [
    1463180400000,
    1.24
  ],
  [
    1463266800000,
    1.12
  ],
  [
    1463526000000,
    0.97
  ],
  [
    1463698800000,
    0.993
  ],
  [
    1463785200000,
    0.89
  ],
  [
    1463871600000,
    0.85
  ],
  [
    1464130800000,
    0.73
  ],
  [
    1464217200000,
    0.734
  ],
  [
    1464303600000,
    0.66
  ],
  [
    1464390000000,
    0.655
  ],
  [
    1464476400000,
    0.645
  ],
  [
    1464562800000,
    0.51
  ],
  [
    1464649200000,
    0.37
  ],
  [
    1464735600000,
    0.602
  ],
  [
    1464822000000,
    0.485
  ],
  [
    1464908400000,
    0.35
  ],
  [
    1465254000000,
    0.512
  ],
  [
    1465340400000,
    0.09
  ],
  [
    1465426800000,
    0.405
  ],
  [
    1465513200000,
    0.395
  ],
  [
    1465772400000,
    0.41
  ],
  [
    1465858800000,
    0.382
  ],
  [
    1465945200000,
    0.366
  ],
  [
    1466031600000,
    0.426
  ],
  [
    1466118000000,
    0.34
  ],
  [
    1466204400000,
    0.483
  ],
  [
    1466463600000,
    0.34
  ],
  [
    1466550000000,
    0.35
  ],
  [
    1466636400000,
    0.323
  ],
  [
    1466722800000,
    0.315
  ],
  [
    1466895600000,
    0.341
  ],
  [
    1466982000000,
    0.341
  ],
  [
    1467154800000,
    0.33
  ],
  [
    1467241200000,
    0.332
  ],
  [
    1467414000000,
    0.341
  ],
  [
    1467500400000,
    0.326
  ],
  [
    1467586800000,
    0.355
  ],
  [
    1467673200000,
    0.297
  ],
  [
    1467759600000,
    0.345
  ],
  [
    1468018800000,
    0.347
  ],
  [
    1468105200000,
    0.33
  ],
  [
    1468191600000,
    0.285
  ],
  [
    1468364400000,
    0.299
  ],
  [
    1468623600000,
    0.345
  ],
  [
    1468969200000,
    0.34
  ],
  [
    1469055600000,
    0.3
  ],
  [
    1469228400000,
    0.304
  ],
  [
    1469574000000,
    0.276
  ],
  [
    1469660400000,
    0.263
  ],
  [
    1469746800000,
    0.255
  ],
  [
    1470092400000,
    0.279
  ],
  [
    1470178800000,
    0.28
  ],
  [
    1470265200000,
    0.263
  ],
  [
    1470351600000,
    0.25
  ],
  [
    1470783600000,
    0.289
  ],
  [
    1471042800000,
    0.29
  ],
  [
    1471129200000,
    0.301
  ],
  [
    1471388400000,
    0.29
  ],
  [
    1471561200000,
    0.282
  ],
  [
    1471647600000,
    0.322
  ],
  [
    1471820400000,
    0.258
  ],
  [
    1472079600000,
    1.578
  ],
  [
    1472252400000,
    1.588
  ],
  [
    1472684400000,
    0.41
  ],
  [
    1472943600000,
    0.515
  ],
  [
    1473116400000,
    0.43
  ],
  [
    1473202800000,
    0.507
  ],
  [
    1473462000000,
    0.31
  ],
  [
    1473721200000,
    0.531
  ],
  [
    1473807600000,
    0.488
  ],
  [
    1474758000000,
    0.32
  ],
  [
    1475276400000,
    0.338
  ],
  [
    1475622000000,
    0.28
  ],
  [
    1475708400000,
    0.413
  ],
  [
    1476054000000,
    0.315
  ],
  [
    1476140400000,
    0.338
  ],
  [
    1476226800000,
    0.385
  ],
  [
    1476313200000,
    0.385
  ],
  [
    1476486000000,
    0.416
  ],
  [
    1476572400000,
    0.36
  ],
  [
    1477090800000,
    0.43
  ],
  [
    1478476800000,
    0.28
  ],
  [
    1478822400000,
    0.283
  ],
  [
    1478995200000,
    0.271
  ],
  [
    1479081600000,
    0.287
  ],
  [
    1479772800000,
    0.297
  ],
  [
    1479859200000,
    0.32
  ],
  [
    1480118400000,
    0.315
  ],
  [
    1480291200000,
    0.486
  ],
  [
    1480896000000,
    0.543
  ],
  [
    1480982400000,
    0.786
  ],
  [
    1481155200000,
    0.797
  ],
  [
    1481414400000,
    0.832
  ],
  [
    1481932800000,
    0.694
  ],
  [
    1482019200000,
    0.598
  ],
  [
    1482105600000,
    0.599
  ],
  [
    1482710400000,
    0.761
  ],
  [
    1482796800000,
    0.636
  ],
  [
    1482883200000,
    0.741
  ],
  [
    1482969600000,
    0.768
  ],
  [
    1483142400000,
    0.759
  ],
  [
    1483228800000,
    0.761
  ],
  [
    1483315200000,
    1.126
  ],
  [
    1483488000000,
    0.799
  ],
  [
    1483574400000,
    0.568
  ],
  [
    1483833600000,
    0.724
  ],
  [
    1483920000000,
    0.843
  ],
  [
    1484179200000,
    1.323
  ],
  [
    1484265600000,
    0.627
  ],
  [
    1484611200000,
    0.64
  ],
  [
    1485043200000,
    0.57
  ],
  [
    1485216000000,
    0.4
  ],
  [
    1485475200000,
    0.589
  ],
  [
    1485561600000,
    0.487
  ],
  [
    1485820800000,
    0.38
  ],
  [
    1485907200000,
    0.58
  ],
  [
    1485993600000,
    0.58
  ],
  [
    1486080000000,
    0.59
  ],
  [
    1486857600000,
    0.54
  ],
  [
    1487030400000,
    0.427
  ],
  [
    1487203200000,
    0.35
  ],
  [
    1487462400000,
    0.471
  ],
  [
    1487894400000,
    0.475
  ],
  [
    1487980800000,
    0.444
  ],
  [
    1488153600000,
    0.456
  ],
  [
    1488585600000,
    0.433
  ],
  [
    1488672000000,
    0.433
  ],
  [
    1488758400000,
    0.448
  ],
  [
    1489449600000,
    0.426
  ],
  [
    1489536000000,
    0.447
  ],
  [
    1489968000000,
    0.39
  ],
  [
    1490227200000,
    0.335
  ],
  [
    1490313600000,
    0.384
  ],
  [
    1490400000000,
    0.453
  ],
  [
    1490486400000,
    0.43
  ],
  [
    1490655600000,
    0.375
  ],
  [
    1490828400000,
    0.495
  ],
  [
    1490914800000,
    0.491
  ],
  [
    1491001200000,
    0.467
  ],
  [
    1491174000000,
    0.448
  ],
  [
    1491346800000,
    0.31
  ],
  [
    1491433200000,
    0.33
  ],
  [
    1491519600000,
    0.339
  ],
  [
    1491778800000,
    0.393
  ],
  [
    1491865200000,
    0.359
  ],
  [
    1492038000000,
    0.36
  ],
  [
    1492210800000,
    0.33
  ],
  [
    1492297200000,
    0.334
  ],
  [
    1492383600000,
    0.305
  ],
  [
    1492470000000,
    0.538
  ],
  [
    1492556400000,
    0.586
  ],
  [
    1492642800000,
    0.664
  ],
  [
    1492988400000,
    0.336
  ],
  [
    1493247600000,
    0.249
  ],
  [
    1493420400000,
    0.43
  ],
  [
    1493593200000,
    0.436
  ],
  [
    1493679600000,
    0.476
  ],
  [
    1493766000000,
    0.29
  ],
  [
    1494198000000,
    0.612
  ],
  [
    1494543600000,
    0.24
  ],
  [
    1494630000000,
    0.611
  ],
  [
    1494802800000,
    0.581
  ],
  [
    1494889200000,
    0.639
  ],
  [
    1495580400000,
    0.782
  ],
  [
    1495666800000,
    0.805
  ],
  [
    1495839600000,
    0.899
  ],
  [
    1495926000000,
    0.771
  ],
  [
    1496012400000,
    1.002
  ],
  [
    1496185200000,
    0.77
  ],
  [
    1496271600000,
    0.706
  ],
  [
    1496617200000,
    0.739
  ],
  [
    1496790000000,
    0.679
  ],
  [
    1497481200000,
    0.866
  ],
  [
    1497567600000,
    0.869
  ],
  [
    1497654000000,
    0.575
  ],
  [
    1498431600000,
    0.5
  ],
  [
    1498518000000,
    0.62
  ],
  [
    1498863600000,
    0.798
  ],
  [
    1499036400000,
    0.835
  ],
  [
    1499122800000,
    6.8
  ],
  [
    1499295600000,
    2.66
  ],
  [
    1499641200000,
    2.88
  ],
  [
    1499727600000,
    8.623
  ],
  [
    1499814000000,
    10.833
  ],
  [
    1499900400000,
    12.908
  ],
  [
    1499986800000,
    16.671
  ],
  [
    1500073200000,
    21.403
  ],
  [
    1500159600000,
    3.45
  ],
  [
    1500246000000,
    3.433
  ],
  [
    1500505200000,
    2.338
  ],
  [
    1500591600000,
    2.2
  ],
  [
    1500678000000,
    14.325
  ],
  [
    1500764400000,
    10.202
  ],
  [
    1500850800000,
    18.245
  ],
  [
    1500937200000,
    37.782
  ],
  [
    1501023600000,
    20.599
  ],
  [
    1501282800000,
    25
  ],
  [
    1501455600000,
    23
  ],
  [
    1501542000000,
    3.935
  ],
  [
    1501628400000,
    20.518
  ],
  [
    1501714800000,
    4.6
  ],
  [
    1501801200000,
    4.539
  ],
  [
    1501887600000,
    5.062
  ],
  [
    1502060400000,
    5.171
  ],
  [
    1502146800000,
    28.857
  ],
  [
    1502233200000,
    15.517
  ],
  [
    1502319600000,
    17.12
  ],
  [
    1502406000000,
    5.745
  ],
  [
    1502492400000,
    20.504
  ],
  [
    1502578800000,
    29.983
  ],
  [
    1502665200000,
    34.98
  ],
  [
    1502751600000,
    41.195
  ],
  [
    1502838000000,
    7.775
  ],
  [
    1503097200000,
    25.94
  ],
  [
    1503183600000,
    43.339
  ],
  [
    1503270000000,
    33.759
  ],
  [
    1503356400000,
    31.928
  ],
  [
    1503442800000,
    5.632
  ],
  [
    1503529200000,
    5.941
  ],
  [
    1503615600000,
    4.376
  ],
  [
    1503788400000,
    54.045
  ],
  [
    1504047600000,
    29.329
  ],
  [
    1504134000000,
    30.921
  ],
  [
    1504220400000,
    8.168
  ],
  [
    1504479600000,
    29.027
  ],
  [
    1504566000000,
    33.301
  ],
  [
    1504911600000,
    7.31
  ],
  [
    1504998000000,
    6.28
  ],
  [
    1505084400000,
    7.32
  ],
  [
    1505602800000,
    7.281
  ],
  [
    1505689200000,
    8.167
  ],
  [
    1505775600000,
    7.618
  ],
  [
    1505862000000,
    7.333
  ],
  [
    1505948400000,
    7.74
  ],
  [
    1506207600000,
    6.6
  ],
  [
    1506294000000,
    6.284
  ],
  [
    1506380400000,
    6.125
  ],
  [
    1506812400000,
    4
  ],
  [
    1507590000000,
    4.415
  ],
  [
    1507676400000,
    4.312
  ],
  [
    1507935600000,
    4.508
  ],
  [
    1508108400000,
    4.6
  ],
  [
    1508194800000,
    4.33
  ],
  [
    1508540400000,
    4
  ],
  [
    1508972400000,
    4
  ],
  [
    1509058800000,
    4
  ],
  [
    1509231600000,
    3.007
  ],
  [
    1509321600000,
    3.99
  ],
  [
    1509408000000,
    4.068
  ],
  [
    1509494400000,
    4.26
  ],
  [
    1509580800000,
    4.016
  ],
  [
    1509667200000,
    4.095
  ],
  [
    1509753600000,
    4.417
  ],
  [
    1509926400000,
    4.462
  ],
  [
    1510099200000,
    4.536
  ],
  [
    1510272000000,
    4.37
  ],
  [
    1510617600000,
    4.173
  ],
  [
    1510704000000,
    3.69
  ],
  [
    1510790400000,
    3.39
  ],
  [
    1511049600000,
    4.064
  ],
  [
    1511136000000,
    4.15
  ],
  [
    1511222400000,
    4.751
  ],
  [
    1511481600000,
    4.15
  ],
  [
    1511827200000,
    4.358
  ],
  [
    1512086400000,
    4.249
  ],
  [
    1512259200000,
    4.45
  ],
  [
    1512345600000,
    4.623
  ],
  [
    1512864000000,
    4.05
  ],
  [
    1513209600000,
    3.952
  ],
  [
    1513814400000,
    2.722
  ],
  [
    1513900800000,
    3.753
  ],
  [
    1515024000000,
    2.777
  ],
  [
    1515110400000,
    3.193
  ],
  [
    1515196800000,
    1.214
  ],
  [
    1515283200000,
    1.234
  ],
  [
    1516320000000,
    2.177
  ],
  [
    1516579200000,
    1.296
  ],
  [
    1516665600000,
    1.406
  ],
  [
    1516752000000,
    1.311
  ],
  [
    1517011200000,
    1.315
  ],
  [
    1517270400000,
    2.518
  ],
  [
    1517702400000,
    2.505
  ],
  [
    1517788800000,
    2.744
  ],
  [
    1518134400000,
    2.471
  ],
  [
    1518220800000,
    2.816
  ],
  [
    1518393600000,
    2.942
  ],
  [
    1519171200000,
    1.86
  ],
  [
    1519862400000,
    2.494
  ],
  [
    1519948800000,
    2.607
  ],
  [
    1520294400000,
    1.826
  ],
  [
    1520467200000,
    2.012
  ],
  [
    1520553600000,
    2.133
  ],
  [
    1520640000000,
    2.704
  ],
  [
    1520726400000,
    1.847
  ],
  [
    1520812800000,
    2.839
  ],
  [
    1520899200000,
    1.229
  ],
  [
    1521331200000,
    2.783
  ],
  [
    1521676800000,
    1.214
  ],
  [
    1521849600000,
    1.215
  ],
  [
    1522191600000,
    1.567
  ],
  [
    1522364400000,
    1.283
  ],
  [
    1522882800000,
    1.32
  ],
  [
    1523055600000,
    0.87
  ],
  [
    1523487600000,
    0.747
  ],
  [
    1523574000000,
    0.718
  ],
  [
    1523660400000,
    0.712
  ],
  [
    1523746800000,
    0.698
  ],
  [
    1524006000000,
    0.715
  ],
  [
    1524092400000,
    0.728
  ],
  [
    1524438000000,
    0.715
  ],
  [
    1524783600000,
    0.71
  ],
  [
    1525129200000,
    0.72
  ],
  [
    1525302000000,
    0.582
  ],
  [
    1525388400000,
    0.495
  ],
  [
    1525561200000,
    0.54
  ],
  [
    1525734000000,
    0.574
  ],
  [
    1525820400000,
    0.54
  ],
  [
    1526338800000,
    0.555
  ],
  [
    1526511600000,
    0.517
  ],
  [
    1526684400000,
    0.547
  ],
  [
    1527030000000,
    0.52
  ],
  [
    1527116400000,
    0.533
  ],
  [
    1527202800000,
    0.54
  ],
  [
    1527289200000,
    0.541
  ],
  [
    1527375600000,
    0.545
  ],
  [
    1527462000000,
    0.6
  ],
  [
    1527548400000,
    0.688
  ],
  [
    1527634800000,
    0.688
  ],
  [
    1527721200000,
    0.592
  ],
  [
    1527894000000,
    0.713
  ],
  [
    1528153200000,
    0.607
  ],
  [
    1528239600000,
    0.573
  ],
  [
    1528412400000,
    0.489
  ],
  [
    1528758000000,
    0.49
  ],
  [
    1528844400000,
    0.488
  ],
  [
    1528930800000,
    0.416
  ],
  [
    1529017200000,
    0.439
  ],
  [
    1529190000000,
    0.274
  ],
  [
    1529362800000,
    0.325
  ],
  [
    1529449200000,
    0.393
  ],
  [
    1529708400000,
    0.374
  ],
  [
    1530226800000,
    0.279
  ],
  [
    1530313200000,
    0.35
  ],
  [
    1530399600000,
    0.34
  ],
  [
    1530486000000,
    0.28
  ],
  [
    1530572400000,
    0.36
  ],
  [
    1530658800000,
    0.26
  ],
  [
    1530745200000,
    0.33
  ],
  [
    1530918000000,
    0.38
  ],
  [
    1531004400000,
    0.383
  ],
  [
    1531090800000,
    0.38
  ],
  [
    1531263600000,
    0.388
  ],
  [
    1531350000000,
    0.378
  ],
  [
    1531522800000,
    0.334
  ],
  [
    1531695600000,
    0.409
  ],
  [
    1531868400000,
    0.39
  ],
  [
    1531954800000,
    0.401
  ],
  [
    1532041200000,
    0.41
  ],
  [
    1532127600000,
    0.425
  ],
  [
    1532214000000,
    0.425
  ],
  [
    1532559600000,
    0.473
  ],
  [
    1532991600000,
    0.484
  ],
  [
    1534633200000,
    0.24
  ],
  [
    1535065200000,
    0.334
  ],
  [
    1535151600000,
    0.342
  ],
  [
    1535238000000,
    0.455
  ],
  [
    1535497200000,
    0.256
  ],
  [
    1535583600000,
    0.265
  ],
  [
    1535670000000,
    0.55
  ],
  [
    1536015600000,
    2.166
  ],
  [
    1536274800000,
    3.231
  ],
  [
    1536447600000,
    4.013
  ],
  [
    1536534000000,
    4.63
  ],
  [
    1536706800000,
    3.507
  ],
  [
    1536793200000,
    4.1
  ],
  [
    1537138800000,
    2.181
  ],
  [
    1537225200000,
    2.73
  ],
  [
    1537311600000,
    4.508
  ],
  [
    1537398000000,
    5.23
  ],
  [
    1537570800000,
    5.014
  ],
  [
    1537657200000,
    5.77
  ],
  [
    1537743600000,
    5.106
  ],
  [
    1537830000000,
    0.708
  ],
  [
    1537916400000,
    3.367
  ],
  [
    1538002800000,
    0.756
  ],
  [
    1538262000000,
    5.014
  ],
  [
    1538348400000,
    5.77
  ],
  [
    1538521200000,
    0.75
  ],
  [
    1538607600000,
    3.223
  ],
  [
    1538694000000,
    5.92
  ],
  [
    1539126000000,
    5.014
  ],
  [
    1539212400000,
    5.81
  ],
  [
    1539298800000,
    5.508
  ],
  [
    1539385200000,
    3.468
  ],
  [
    1539471600000,
    0.924
  ],
  [
    1539730800000,
    3.01
  ],
  [
    1539817200000,
    6.9
  ],
  [
    1539990000000,
    0.54
  ],
  [
    1540681200000,
    0.635
  ],
  [
    1541030400000,
    0.673
  ],
  [
    1541548800000,
    0.515
  ],
  [
    1543363200000,
    0.518
  ],
  [
    1543449600000,
    0.563
  ],
  [
    1543968000000,
    0.51
  ],
  [
    1544140800000,
    0.576
  ],
  [
    1544227200000,
    0.435
  ],
  [
    1545350400000,
    0.552
  ],
  [
    1546300800000,
    0.497
  ],
  [
    1546992000000,
    0.441
  ],
  [
    1547424000000,
    0.447
  ],
  [
    1547510400000,
    0.45
  ],
  [
    1548028800000,
    0.429
  ],
  [
    1548115200000,
    0.459
  ],
  [
    1548892800000,
    0.422
  ],
  [
    1549152000000,
    0.494
  ],
  [
    1549324800000,
    0.532
  ],
  [
    1550102400000,
    0.472
  ],
  [
    1550275200000,
    0.518
  ],
  [
    1550707200000,
    0.452
  ],
  [
    1551052800000,
    0.489
  ],
  [
    1551139200000,
    0.522
  ],
  [
    1551484800000,
    0.486
  ],
  [
    1551571200000,
    0.487
  ],
  [
    1551657600000,
    0.456
  ],
  [
    1551830400000,
    0.444
  ],
  [
    1552521600000,
    0.536
  ],
  [
    1552694400000,
    0.562
  ],
  [
    1552780800000,
    0.559
  ],
  [
    1552867200000,
    0.567
  ],
  [
    1553212800000,
    0.47
  ],
  [
    1553558400000,
    0.558
  ],
  [
    1554591600000,
    0.45
  ],
  [
    1555282800000,
    0.391
  ],
  [
    1555455600000,
    0.446
  ],
  [
    1556146800000,
    0.525
  ],
  [
    1556578800000,
    0.522
  ],
  [
    1556665200000,
    0.391
  ],
  [
    1557961200000,
    0.386
  ],
  [
    1558047600000,
    0.501
  ],
  [
    1558306800000,
    0.391
  ],
  [
    1558393200000,
    0.403
  ],
  [
    1558825200000,
    0.518
  ],
  [
    1559602800000,
    0.505
  ],
  [
    1560294000000,
    0.402
  ],
  [
    1560466800000,
    0.535
  ],
  [
    1560726000000,
    0.517
  ],
  [
    1560985200000,
    0.36
  ],
  [
    1561676400000,
    0.388
  ],
  [
    1562194800000,
    0.439
  ],
  [
    1562281200000,
    0.403
  ],
  [
    1562454000000,
    0.46
  ],
  [
    1562799600000,
    0.483
  ],
  [
    1562886000000,
    0.493
  ],
  [
    1563058800000,
    0.4
  ],
  [
    1563231600000,
    0.464
  ],
  [
    1563318000000,
    0.495
  ],
  [
    1563577200000,
    0.49
  ],
  [
    1563750000000,
    0.43
  ],
  [
    1563836400000,
    0.465
  ],
  [
    1564095600000,
    0.349
  ],
  [
    1564182000000,
    0.268
  ],
  [
    1564268400000,
    0.491
  ],
  [
    1564441200000,
    0.299
  ],
  [
    1564959600000,
    0.431
  ],
  [
    1565132400000,
    0.486
  ],
  [
    1565218800000,
    0.423
  ],
  [
    1565391600000,
    0.489
  ],
  [
    1565823600000,
    0.424
  ],
  [
    1565910000000,
    0.56
  ],
  [
    1566169200000,
    0.467
  ],
  [
    1566428400000,
    0.474
  ],
  [
    1566514800000,
    0.319
  ],
  [
    1567033200000,
    0.47
  ],
  [
    1567378800000,
    0.488
  ],
  [
    1568156400000,
    0.411
  ],
  [
    1568242800000,
    0.382
  ],
  [
    1568415600000,
    0.496
  ],
  [
    1568761200000,
    0.475
  ],
  [
    1569020400000,
    0.468
  ],
  [
    1569106800000,
    0.538
  ],
  [
    1569193200000,
    0.542
  ],
  [
    1569452400000,
    0.343
  ],
  [
    1569625200000,
    0.341
  ],
  [
    1569798000000,
    0.343
  ],
  [
    1569970800000,
    0.456
  ],
  [
    1570230000000,
    0.388
  ],
  [
    1570402800000,
    0.286
  ],
  [
    1570575600000,
    0.241
  ],
  [
    1570748400000,
    0.499
  ],
  [
    1571180400000,
    0.512
  ],
  [
    1571439600000,
    0.514
  ],
  [
    1571612400000,
    0.359
  ],
  [
    1571698800000,
    0.5
  ],
  [
    1571785200000,
    0.563
  ],
  [
    1572220800000,
    0.476
  ],
  [
    1572307200000,
    0.56
  ],
  [
    1572566400000,
    0.556
  ],
  [
    1572652800000,
    0.367
  ],
  [
    1573171200000,
    0.343
  ],
  [
    1573257600000,
    0.423
  ],
  [
    1573603200000,
    0.549
  ],
  [
    1574035200000,
    0.448
  ],
  [
    1574121600000,
    0.438
  ],
  [
    1574208000000,
    0.52
  ],
  [
    1574294400000,
    0.354
  ],
  [
    1574380800000,
    0.354
  ],
  [
    1574985600000,
    0.358
  ],
  [
    1575244800000,
    0.448
  ],
  [
    1575331200000,
    0.533
  ],
  [
    1575417600000,
    0.509
  ],
  [
    1576195200000,
    0.48
  ],
  [
    1576454400000,
    0.5
  ],
  [
    1576800000000,
    0.419
  ],
  [
    1576886400000,
    0.369
  ],
  [
    1576972800000,
    0.345
  ],
  [
    1577059200000,
    0.46
  ],
  [
    1577404800000,
    0.38
  ],
  [
    1577577600000,
    0.41
  ],
  [
    1577750400000,
    0.35
  ],
  [
    1577836800000,
    0.431
  ],
  [
    1577923200000,
    0.404
  ],
  [
    1578009600000,
    0.483
  ],
  [
    1578268800000,
    0.481
  ],
  [
    1578614400000,
    0.525
  ],
  [
    1578787200000,
    0.469
  ],
  [
    1578960000000,
    0.405
  ],
  [
    1579132800000,
    0.479
  ],
  [
    1579305600000,
    0.487
  ],
  [
    1579737600000,
    0.484
  ],
  [
    1579824000000,
    0.463
  ],
  [
    1579910400000,
    0.39
  ],
  [
    1580256000000,
    0.45
  ],
  [
    1580515200000,
    0.381
  ],
  [
    1580601600000,
    0.32
  ],
  [
    1580688000000,
    0.38
  ],
  [
    1580774400000,
    0.4
  ],
  [
    1581033600000,
    0.483
  ],
  [
    1581120000000,
    0.504
  ],
  [
    1581552000000,
    0.475
  ],
  [
    1581724800000,
    0.334
  ],
  [
    1581897600000,
    0.456
  ],
  [
    1582848000000,
    0.44
  ],
  [
    1582934400000,
    0.481
  ],
  [
    1583020800000,
    0.479
  ],
  [
    1583193600000,
    0.463
  ],
  [
    1583366400000,
    0.486
  ],
  [
    1583625600000,
    0.53
  ],
  [
    1583712000000,
    0.521
  ],
  [
    1583884800000,
    0.448
  ],
  [
    1583971200000,
    0.426
  ],
  [
    1584057600000,
    0.633
  ],
  [
    1584144000000,
    0.462
  ],
  [
    1584316800000,
    0.529
  ],
  [
    1584576000000,
    0.427
  ],
  [
    1584835200000,
    0.528
  ],
  [
    1584921600000,
    0.609
  ],
  [
    1585008000000,
    0.577
  ],
  [
    1585094400000,
    0.624
  ],
  [
    1586127600000,
    0.52
  ],
  [
    1586214000000,
    0.682
  ],
  [
    1586300400000,
    0.574
  ],
  [
    1586386800000,
    0.383
  ],
  [
    1586646000000,
    0.478
  ],
  [
    1586732400000,
    0.311
  ],
  [
    1586818800000,
    0.552
  ],
  [
    1586905200000,
    0.604
  ],
  [
    1587250800000,
    0.695
  ],
  [
    1587337200000,
    0.624
  ],
  [
    1587510000000,
    0.684
  ],
  [
    1588028400000,
    0.485
  ],
  [
    1588201200000,
    0.48
  ],
  [
    1588287600000,
    0.456
  ],
  [
    1588460400000,
    0.596
  ],
  [
    1588546800000,
    0.604
  ],
  [
    1588633200000,
    0.628
  ],
  [
    1588719600000,
    0.76
  ],
  [
    1588806000000,
    0.825
  ],
  [
    1588978800000,
    0.876
  ],
  [
    1589065200000,
    1.105
  ],
  [
    1589151600000,
    0.743
  ],
  [
    1589238000000,
    1.099
  ],
  [
    1589324400000,
    0.794
  ],
  [
    1589497200000,
    1.09
  ],
  [
    1589756400000,
    0.46
  ],
  [
    1589929200000,
    0.896
  ],
  [
    1590015600000,
    0.824
  ],
  [
    1590361200000,
    0.769
  ],
  [
    1590966000000,
    1.079
  ],
  [
    1591570800000,
    0.95
  ],
  [
    1591657200000,
    0.874
  ],
  [
    1591743600000,
    0.858
  ],
  [
    1591916400000,
    0.848
  ],
  [
    1592175600000,
    0.836
  ],
  [
    1592262000000,
    0.817
  ],
  [
    1592348400000,
    0.827
  ],
  [
    1592434800000,
    0.906
  ],
  [
    1592521200000,
    0.717
  ],
  [
    1592607600000,
    0.796
  ],
  [
    1592694000000,
    0.739
  ],
  [
    1593471600000,
    0.78
  ],
  [
    1594076400000,
    0.637
  ],
  [
    1594335600000,
    0.711
  ],
  [
    1594508400000,
    0.709
  ],
  [
    1594767600000,
    0.652
  ],
  [
    1595113200000,
    0.757
  ],
  [
    1595199600000,
    0.657
  ],
  [
    1595286000000,
    0.59
  ],
  [
    1595372400000,
    0.627
  ],
  [
    1595458800000,
    0.562
  ],
  [
    1595545200000,
    0.518
  ],
  [
    1595631600000,
    0.55
  ],
  [
    1595718000000,
    0.615
  ],
  [
    1595804400000,
    0.615
  ],
  [
    1595890800000,
    0.64
  ],
  [
    1595977200000,
    0.539
  ],
  [
    1596063600000,
    0.61
  ],
  [
    1596495600000,
    0.655
  ],
  [
    1596668400000,
    0.55
  ],
  [
    1597014000000,
    0.611
  ],
  [
    1597186800000,
    0.645
  ],
  [
    1597705200000,
    0.6
  ],
  [
    1597791600000,
    0.603
  ],
  [
    1598223600000,
    0.587
  ],
  [
    1598310000000,
    0.617
  ],
  [
    1598655600000,
    0.653
  ],
  [
    1598914800000,
    0.47
  ],
  [
    1599260400000,
    0.448
  ],
  [
    1599692400000,
    0.65
  ],
  [
    1599778800000,
    0.668
  ],
  [
    1600210800000,
    0.605
  ],
  [
    1600297200000,
    0.629
  ],
  [
    1601679600000,
    0.594
  ],
  [
    1601938800000,
    0.563
  ],
  [
    1602111600000,
    0.55
  ],
  [
    1602370800000,
    0.54
  ],
  [
    1602630000000,
    0.542
  ],
  [
    1602889200000,
    0.62
  ],
  [
    1603321200000,
    0.598
  ],
  [
    1603670400000,
    0.55
  ],
  [
    1603756800000,
    0.551
  ],
  [
    1604016000000,
    0.602
  ],
  [
    1604102400000,
    0.728
  ],
  [
    1604188800000,
    0.53
  ],
  [
    1604361600000,
    0.401
  ],
  [
    1604534400000,
    0.518
  ],
  [
    1604620800000,
    0.625
  ],
  [
    1604707200000,
    0.751
  ],
  [
    1604880000000,
    0.729
  ],
  [
    1605052800000,
    0.573
  ],
  [
    1605398400000,
    0.592
  ],
  [
    1605830400000,
    0.5
  ],
  [
    1606176000000,
    0.526
  ],
  [
    1606521600000,
    0.49
  ],
  [
    1607126400000,
    0.583
  ],
  [
    1607212800000,
    0.478
  ],
  [
    1607385600000,
    0.497
  ],
  [
    1607558400000,
    0.546
  ],
  [
    1608076800000,
    0.314
  ],
  [
    1608163200000,
    0.5
  ],
  [
    1608768000000,
    0.39
  ],
  [
    1608940800000,
    0.472
  ],
  [
    1609113600000,
    0.529
  ],
  [
    1609286400000,
    0.38
  ],
  [
    1609372800000,
    0.597
  ],
  [
    1609718400000,
    0.598
  ],
  [
    1609891200000,
    0.509
  ],
  [
    1609977600000,
    0.443
  ],
  [
    1610323200000,
    0.447
  ],
  [
    1610409600000,
    0.467
  ],
  [
    1610496000000,
    0.782
  ],
  [
    1610668800000,
    0.579
  ],
  [
    1610755200000,
    0.613
  ],
  [
    1610841600000,
    0.514
  ],
  [
    1611014400000,
    0.48
  ],
  [
    1611273600000,
    0.542
  ],
  [
    1611360000000,
    0.521
  ],
  [
    1611446400000,
    0.621
  ],
  [
    1611532800000,
    0.667
  ],
  [
    1611705600000,
    0.662
  ],
  [
    1611792000000,
    0.517
  ],
  [
    1611964800000,
    0.583
  ],
  [
    1612051200000,
    0.65
  ],
  [
    1612310400000,
    0.626
  ],
  [
    1612483200000,
    0.418
  ],
  [
    1612569600000,
    0.425
  ],
  [
    1612828800000,
    0.525
  ],
  [
    1613001600000,
    0.62
  ],
  [
    1613088000000,
    0.486
  ],
  [
    1613174400000,
    0.484
  ],
  [
    1613606400000,
    0.577
  ],
  [
    1613952000000,
    0.418
  ],
  [
    1614124800000,
    0.62
  ],
  [
    1614902400000,
    0.612
  ],
  [
    1615075200000,
    0.623
  ],
  [
    1615161600000,
    0.644
  ],
  [
    1615248000000,
    0.56
  ],
  [
    1615334400000,
    0.66
  ],
  [
    1615680000000,
    0.299
  ],
  [
    1616025600000,
    0.548
  ],
  [
    1616112000000,
    0.552
  ],
  [
    1616284800000,
    0.564
  ],
  [
    1616371200000,
    0.612
  ],
  [
    1616803200000,
    0.551
  ],
  [
    1617058800000,
    0.672
  ],
  [
    1617490800000,
    0.731
  ],
  [
    1617663600000,
    0.544
  ],
  [
    1617922800000,
    0.562
  ],
  [
    1618700400000,
    0.579
  ],
  [
    1618786800000,
    0.605
  ],
  [
    1618959600000,
    0.474
  ],
  [
    1619218800000,
    0.748
  ],
  [
    1619564400000,
    0.337
  ],
  [
    1619737200000,
    0.747
  ],
  [
    1619823600000,
    0.454
  ],
  [
    1620342000000,
    0.739
  ],
  [
    1620514800000,
    0.466
  ],
  [
    1620687600000,
    0.667
  ],
  [
    1620860400000,
    0.483
  ],
  [
    1620946800000,
    0.508
  ],
  [
    1621033200000,
    0.653
  ],
  [
    1621638000000,
    0.515
  ],
  [
    1621810800000,
    0.517
  ],
  [
    1621983600000,
    0.626
  ],
  [
    1622070000000,
    0.621
  ],
  [
    1622156400000,
    0.584
  ],
  [
    1622502000000,
    0.671
  ],
  [
    1622674800000,
    0.69
  ],
  [
    1622847600000,
    0.739
  ],
  [
    1623279600000,
    0.759
  ],
  [
    1623366000000,
    0.807
  ],
  [
    1623625200000,
    0.819
  ],
  [
    1624143600000,
    0.832
  ],
  [
    1624230000000,
    0.829
  ],
  [
    1624748400000,
    0.793
  ],
  [
    1624921200000,
    0.8
  ],
  [
    1625094000000,
    0.8
  ],
  [
    1625871600000,
    0.695
  ],
  [
    1626217200000,
    0.765
  ],
  [
    1627081200000,
    0.704
  ],
  [
    1627167600000,
    0.704
  ],
  [
    1627254000000,
    0.704
  ],
  [
    1627340400000,
    0.89
  ],
  [
    1627513200000,
    0.719
  ],
  [
    1627772400000,
    0.62
  ],
  [
    1627858800000,
    0.776
  ],
  [
    1627945200000,
    0.714
  ],
  [
    1628031600000,
    0.711
  ],
  [
    1628204400000,
    0.822
  ],
  [
    1628377200000,
    0.898
  ],
  [
    1628550000000,
    0.871
  ],
  [
    1628636400000,
    0.878
  ],
  [
    1628722800000,
    0.637
  ],
  [
    1628895600000,
    0.823
  ],
  [
    1629068400000,
    0.562
  ],
  [
    1629673200000,
    0.954
  ],
  [
    1629932400000,
    1.066
  ],
  [
    1630191600000,
    0.723
  ],
  [
    1630278000000,
    0.713
  ],
  [
    1630364400000,
    0.543
  ],
  [
    1630450800000,
    0.632
  ],
  [
    1630537200000,
    0.62
  ],
  [
    1630623600000,
    0.595
  ],
  [
    1630882800000,
    0.618
  ],
  [
    1631142000000,
    0.678
  ],
  [
    1631228400000,
    0.656
  ],
  [
    1631401200000,
    0.69
  ],
  [
    1631660400000,
    0.749
  ],
  [
    1632006000000,
    0.701
  ],
  [
    1632092400000,
    1.198
  ],
  [
    1632265200000,
    0.839
  ],
  [
    1632956400000,
    0.63
  ],
  [
    1633042800000,
    0.507
  ],
  [
    1633388400000,
    0.49
  ],
  [
    1633474800000,
    0.863
  ],
  [
    1634166000000,
    0.987
  ],
  [
    1634598000000,
    0.645
  ],
  [
    1634857200000,
    0.55
  ],
  [
    1634943600000,
    0.496
  ],
  [
    1635462000000,
    0.413
  ],
  [
    1635634800000,
    0.427
  ],
  [
    1635724800000,
    0.588
  ],
  [
    1636243200000,
    0.617
  ],
  [
    1636329600000,
    0.631
  ],
  [
    1636588800000,
    0.561
  ],
  [
    1637280000000,
    0.68
  ],
  [
    1637452800000,
    0.724
  ],
  [
    1637539200000,
    3.855
  ],
  [
    1638057600000,
    0.794
  ],
  [
    1638230400000,
    0.806
  ],
  [
    1638662400000,
    1.092
  ],
  [
    1639180800000,
    0.814
  ],
  [
    1639267200000,
    0.788
  ],
  [
    1640044800000,
    0.754
  ],
  [
    1640822400000,
    0.608
  ],
  [
    1640995200000,
    0.647
  ],
  [
    1641081600000,
    0.575
  ],
  [
    1641254400000,
    0.576
  ],
  [
    1641686400000,
    0.634
  ],
  [
    1641945600000,
    0.43
  ],
  [
    1642377600000,
    0.446
  ],
  [
    1642809600000,
    0.597
  ],
  [
    1643155200000,
    0.58
  ],
  [
    1643241600000,
    0.682
  ],
  [
    1644192000000,
    0.774
  ],
  [
    1645142400000,
    0.67
  ],
  [
    1645574400000,
    0.661
  ],
  [
    1645747200000,
    0.533
  ],
  [
    1645833600000,
    0.653
  ],
  [
    1647475200000,
    0.69
  ],
  [
    1647561600000,
    0.701
  ],
  [
    1648166400000,
    0.596
  ],
  [
    1648339200000,
    0.554
  ],
  [
    1649026800000,
    0.525
  ],
  [
    1649372400000,
    0.701
  ],
  [
    1649890800000,
    0.655
  ],
  [
    1650063600000,
    0.497
  ],
  [
    1650236400000,
    0.621
  ],
  [
    1650754800000,
    0.628
  ],
  [
    1650841200000,
    0.678
  ],
  [
    1651446000000,
    0.715
  ],
  [
    1651618800000,
    0.579
  ],
  [
    1651878000000,
    0.766
  ],
  [
    1653346800000,
    0.808
  ],
  [
    1654124400000,
    0.772
  ],
  [
    1654383600000,
    0.904
  ],
  [
    1654642800000,
    0.569
  ],
  [
    1654902000000,
    0.776
  ],
  [
    1655161200000,
    1.159
  ],
  [
    1655852400000,
    0.908
  ],
  [
    1656284400000,
    0.97
  ],
  [
    1656543600000,
    1.073
  ],
  [
    1656889200000,
    1.501
  ],
  [
    1657148400000,
    1.12
  ],
  [
    1657321200000,
    1.12
  ],
  [
    1658098800000,
    0.73
  ],
  [
    1660863600000,
    0.833
  ],
  [
    1661122800000,
    1.115
  ],
  [
    1661209200000,
    0.913
  ],
  [
    1661295600000,
    1.12
  ],
  [
    1661468400000,
    0.89
  ],
  [
    1662764400000,
    1.296
  ],
  [
    1662850800000,
    3.209
  ],
  [
    1663196400000,
    1.272
  ],
  [
    1663282800000,
    0.749
  ],
  [
    1663628400000,
    0.988
  ],
  [
    1663974000000,
    1.061
  ],
  [
    1664406000000,
    1.006
  ],
  [
    1664492400000,
    0.973
  ],
  [
    1664665200000,
    0.942
  ],
  [
    1665356400000,
    1.247
  ],
  [
    1665442800000,
    1.263
  ],
  [
    1665529200000,
    1.278
  ],
  [
    1666652400000,
    1.081
  ],
  [
    1667260800000,
    1.051
  ],
  [
    1667347200000,
    1.02
  ],
  [
    1667433600000,
    1.07
  ],
  [
    1667606400000,
    1.055
  ],
  [
    1667952000000,
    0.575
  ],
  [
    1668038400000,
    1.075
  ],
  [
    1668297600000,
    0.89
  ],
  [
    1668384000000,
    0.85
  ],
  [
    1668470400000,
    0.735
  ],
  [
    1668556800000,
    0.491
  ],
  [
    1668643200000,
    0.537
  ],
  [
    1668729600000,
    0.749
  ],
  [
    1668902400000,
    0.683
  ],
  [
    1669075200000,
    0.834
  ],
  [
    1669248000000,
    0.714
  ],
  [
    1669680000000,
    0.55
  ],
  [
    1669766400000,
    0.557
  ],
  [
    1669939200000,
    0.498
  ],
  [
    1670457600000,
    0.77
  ],
  [
    1670544000000,
    0.571
  ],
  [
    1670630400000,
    0.576
  ],
  [
    1670716800000,
    0.688
  ],
  [
    1670803200000,
    0.615
  ],
  [
    1671062400000,
    0.651
  ],
  [
    1671408000000,
    0.616
  ],
  [
    1671667200000,
    0.605
  ],
  [
    1671753600000,
    0.506
  ],
  [
    1671840000000,
    0.574
  ],
  [
    1671926400000,
    0.63
  ],
  [
    1672012800000,
    0.576
  ],
  [
    1672099200000,
    0.58
  ],
  [
    1672185600000,
    0.654
  ],
  [
    1672272000000,
    0.684
  ],
  [
    1672531200000,
    0.738
  ],
  [
    1672790400000,
    0.624
  ],
  [
    1672876800000,
    0.52
  ],
  [
    1672963200000,
    0.738
  ],
  [
    1673481600000,
    0.404
  ],
  [
    1673568000000,
    0.686
  ],
  [
    1673827200000,
    0.831
  ],
  [
    1673913600000,
    0.66
  ],
  [
    1674086400000,
    1.031
  ],
  [
    1674345600000,
    0.83
  ],
  [
    1674432000000,
    0.994
  ],
  [
    1675036800000,
    0.979
  ],
  [
    1675209600000,
    0.87
  ],
  [
    1675296000000,
    1.115
  ],
  [
    1675382400000,
    0.912
  ],
  [
    1675468800000,
    1.143
  ],
  [
    1675641600000,
    0.85
  ],
  [
    1675728000000,
    0.87
  ],
  [
    1676073600000,
    0.885
  ],
  [
    1676160000000,
    1.15
  ],
  [
    1676246400000,
    0.89
  ],
  [
    1676332800000,
    0.97
  ],
  [
    1676505600000,
    0.986
  ],
  [
    1676592000000,
    0.89
  ],
  [
    1676851200000,
    1.011
  ],
  [
    1676937600000,
    0.908
  ],
  [
    1677024000000,
    1.354
  ],
  [
    1677369600000,
    1.248
  ],
  [
    1677456000000,
    1.208
  ],
  [
    1677542400000,
    1.489
  ],
  [
    1677888000000,
    1.21
  ],
  [
    1677974400000,
    1.38
  ],
  [
    1678233600000,
    1.161
  ],
  [
    1678492800000,
    1.299
  ],
  [
    1678579200000,
    1.12
  ],
  [
    1678665600000,
    0.759
  ],
  [
    1678838400000,
    1.09
  ],
  [
    1678924800000,
    1.24
  ],
  [
    1679011200000,
    1.209
  ],
  [
    1679097600000,
    1.38
  ],
  [
    1679270400000,
    1.07
  ],
  [
    1679356800000,
    1.136
  ],
  [
    1679529600000,
    0.92
  ],
  [
    1680130800000,
    1.1
  ],
  [
    1680390000000,
    1.131
  ],
  [
    1680476400000,
    1.06
  ],
  [
    1680649200000,
    1.001
  ],
  [
    1681081200000,
    1.127
  ],
  [
    1681254000000,
    1.11
  ],
  [
    1681340400000,
    0.75
  ],
  [
    1681426800000,
    1.058
  ],
  [
    1681513200000,
    0.92
  ],
  [
    1681686000000,
    1.127
  ],
  [
    1681772400000,
    0.872
  ],
  [
    1681945200000,
    1.01
  ],
  [
    1682031600000,
    1.215
  ],
  [
    1682204400000,
    1.224
  ],
  [
    1682290800000,
    1.465
  ],
  [
    1682377200000,
    1.229
  ],
  [
    1682463600000,
    1.34
  ],
  [
    1682550000000,
    1.121
  ],
  [
    1682636400000,
    1.15
  ],
  [
    1682722800000,
    1.412
  ],
  [
    1682895600000,
    1.463
  ],
  [
    1683068400000,
    1.276
  ],
  [
    1683241200000,
    1.445
  ],
  [
    1683327600000,
    1.292
  ],
  [
    1683414000000,
    1.08
  ],
  [
    1683500400000,
    1.009
  ],
  [
    1683673200000,
    0.952
  ],
  [
    1683846000000,
    1.38
  ],
  [
    1684278000000,
    0.92
  ],
  [
    1684537200000,
    1.012
  ],
  [
    1684623600000,
    1.07
  ],
  [
    1685055600000,
    1.392
  ],
  [
    1685228400000,
    1.235
  ],
  [
    1685401200000,
    1.061
  ],
  [
    1685574000000,
    1.226
  ],
  [
    1686265200000,
    1.022
  ],
  [
    1686351600000,
    1.241
  ],
  [
    1686610800000,
    1.086
  ],
  [
    1686697200000,
    1.189
  ],
  [
    1686956400000,
    1.31
  ],
  [
    1687129200000,
    1.244
  ],
  [
    1687215600000,
    1.042
  ],
  [
    1687302000000,
    1.11
  ],
  [
    1687474800000,
    1.133
  ],
  [
    1687561200000,
    1.247
  ],
  [
    1687734000000,
    1.108
  ],
  [
    1687820400000,
    1.219
  ],
  [
    1687906800000,
    1.254
  ],
  [
    1688079600000,
    1.334
  ],
  [
    1688166000000,
    1.11
  ],
  [
    1688511600000,
    1.05
  ],
  [
    1688598000000,
    1.066
  ],
  [
    1688857200000,
    1.066
  ],
  [
    1688943600000,
    1.478
  ],
  [
    1689721200000,
    1.07
  ],
  [
    1690326000000,
    1.374
  ],
  [
    1690844400000,
    1.299
  ],
  [
    1691276400000,
    1.312
  ],
  [
    1691362800000,
    1.037
  ],
  [
    1691449200000,
    1.114
  ],
  [
    1692572400000,
    1.259
  ],
  [
    1692658800000,
    1.084
  ],
  [
    1693004400000,
    1.046
  ],
  [
    1693177200000,
    0.999
  ],
  [
    1693350000000,
    1.047
  ],
  [
    1693609200000,
    1.1
  ],
  [
    1693695600000,
    1.2
  ],
  [
    1693954800000,
    1.12
  ],
  [
    1694127600000,
    0.901
  ],
  [
    1694386800000,
    1.31
  ],
  [
    1694646000000,
    1.244
  ],
  [
    1694732400000,
    1.247
  ],
  [
    1694905200000,
    1.07
  ],
  [
    1694991600000,
    1.31
  ],
  [
    1695078000000,
    1.16
  ],
  [
    1695164400000,
    1.319
  ],
  [
    1695337200000,
    1.341
  ],
  [
    1695855600000,
    1.15
  ],
  [
    1696114800000,
    1.144
  ],
  [
    1696201200000,
    1.22
  ],
  [
    1696287600000,
    1.452
  ],
  [
    1696374000000,
    2.137
  ],
  [
    1696978800000,
    3.911
  ],
  [
    1697151600000,
    3.91
  ],
  [
    1697410800000,
    1.162
  ],
  [
    1697583600000,
    1.219
  ],
  [
    1697670000000,
    3.97
  ],
  [
    1697756400000,
    3.89
  ],
  [
    1697929200000,
    3.95
  ],
  [
    1698015600000,
    2.48
  ],
  [
    1698102000000,
    3.814
  ],
  [
    1698361200000,
    3.042
  ],
  [
    1698534000000,
    3.664
  ],
  [
    1698624000000,
    3.31
  ],
  [
    1698710400000,
    3.27
  ],
  [
    1698796800000,
    3.92
  ],
  [
    1699056000000,
    3.5
  ],
  [
    1699747200000,
    3.31
  ],
  [
    1700352000000,
    1.299
  ],
  [
    1700870400000,
    2.541
  ],
  [
    1702080000000,
    2.001
  ],
  [
    1702252800000,
    2.107
  ],
  [
    1702425600000,
    1.715
  ],
  [
    1702512000000,
    1.72
  ],
  [
    1702598400000,
    1.402
  ],
  [
    1703289600000,
    1.33
  ],
  [
    1703376000000,
    1.413
  ],
  [
    1703635200000,
    1.523
  ],
  [
    1703721600000,
    1.381
  ],
  [
    1703980800000,
    1.448
  ],
  [
    1704153600000,
    1.36
  ],
  [
    1704240000000,
    1.484
  ],
  [
    1704412800000,
    1.518
  ],
  [
    1704844800000,
    1.535
  ],
  [
    1705104000000,
    1.39
  ],
  [
    1705190400000,
    1.5
  ],
  [
    1705276800000,
    1.438
  ],
  [
    1705449600000,
    1.55
  ],
  [
    1705536000000,
    1.66
  ],
  [
    1705622400000,
    1.49
  ],
  [
    1705708800000,
    1.45
  ],
  [
    1705795200000,
    1.193
  ],
  [
    1706054400000,
    1.33
  ],
  [
    1706227200000,
    1.73
  ],
  [
    1706313600000,
    1.86
  ],
  [
    1706400000000,
    1.89
  ],
  [
    1706486400000,
    2.11
  ],
  [
    1706572800000,
    2.11
  ],
  [
    1706745600000,
    1.99
  ],
  [
    1706918400000,
    2.062
  ],
  [
    1707004800000,
    2.08
  ],
  [
    1707609600000,
    1.516
  ],
  [
    1708041600000,
    1.58
  ],
  [
    1708387200000,
    1.898
  ],
  [
    1708819200000,
    1.45
  ],
  [
    1708992000000,
    1.834
  ],
  [
    1709164800000,
    1.713
  ],
  [
    1709337600000,
    1.875
  ],
  [
    1709510400000,
    1.909
  ],
  [
    1709769600000,
    1.86
  ],
  [
    1709942400000,
    1.755
  ],
  [
    1710028800000,
    1.917
  ],
  [
    1710201600000,
    1.607
  ],
  [
    1710288000000,
    1.327
  ],
  [
    1710374400000,
    1.606
  ],
  [
    1710460800000,
    1.192
  ],
  [
    1710633600000,
    1.683
  ],
  [
    1710806400000,
    1.47
  ],
  [
    1710892800000,
    1.55
  ],
  [
    1710979200000,
    1.515
  ],
  [
    1711152000000,
    1.727
  ],
  [
    1711324800000,
    2.104
  ],
  [
    1711497600000,
    2.167
  ],
  [
    1711843200000,
    2.49
  ],
  [
    1711926000000,
    2.504
  ],
  [
    1712012400000,
    2.95
  ],
  [
    1712098800000,
    2.685
  ],
  [
    1712271600000,
    2.96
  ],
  [
    1713308400000,
    3.15
  ],
  [
    1713481200000,
    3.157
  ],
  [
    1713826800000,
    3.137
  ],
  [
    1714086000000,
    3.08
  ],
  [
    1714258800000,
    2.804
  ],
  [
    1714431600000,
    2.73
  ],
  [
    1714518000000,
    2.86
  ],
  [
    1714690800000,
    2.78
  ],
  [
    1715122800000,
    2.58
  ],
  [
    1715209200000,
    2.78
  ],
  [
    1715382000000,
    2.91
  ],
  [
    1715468400000,
    2.93
  ],
  [
    1715554800000,
    2.96
  ],
  [
    1715900400000,
    3.345
  ],
  [
    1716073200000,
    3.46
  ],
  [
    1717059600000,
    3.075
  ],
  [
    1717261200000,
    3.3
  ],
  [
    1717707600000,
    2.403
  ],
  [
    1717995600000,
    2.89
  ],
  [
    1718197200000,
    2.854
  ],
  [
    1718312400000,
    2.85
  ]
]