[
  [
    1379631600000,
    1.228
  ],
  [
    1379718000000,
    0.372
  ],
  [
    1379804400000,
    0.214
  ],
  [
    1379890800000,
    0.228
  ],
  [
    1379977200000,
    0.198
  ],
  [
    1380063600000,
    0.226
  ],
  [
    1380150000000,
    0.224
  ],
  [
    1380236400000,
    0.203
  ],
  [
    1380322800000,
    0.146
  ],
  [
    1380409200000,
    0.138
  ],
  [
    1380495600000,
    0.156
  ],
  [
    1380582000000,
    0.157
  ],
  [
    1380668400000,
    0.19
  ],
  [
    1380754800000,
    0.19
  ],
  [
    1380841200000,
    0.169
  ],
  [
    1380927600000,
    0.138
  ],
  [
    1381014000000,
    0.098
  ],
  [
    1381100400000,
    0.107
  ],
  [
    1381186800000,
    0.099
  ],
  [
    1381273200000,
    0.106
  ],
  [
    1381359600000,
    0.101
  ],
  [
    1381446000000,
    0.13
  ],
  [
    1381532400000,
    0.074
  ],
  [
    1381618800000,
    0.095
  ],
  [
    1381705200000,
    0.072
  ],
  [
    1381791600000,
    0.08
  ],
  [
    1381878000000,
    0.067
  ],
  [
    1381964400000,
    0.06
  ],
  [
    1382050800000,
    0.073
  ],
  [
    1382137200000,
    0.083
  ],
  [
    1382223600000,
    0.071
  ],
  [
    1382310000000,
    0.063
  ],
  [
    1382396400000,
    0.061
  ],
  [
    1382482800000,
    0.076
  ],
  [
    1382569200000,
    0.071
  ],
  [
    1382655600000,
    0.063
  ],
  [
    1382742000000,
    0.066
  ],
  [
    1382828400000,
    0.055
  ],
  [
    1382918400000,
    0.062
  ],
  [
    1383004800000,
    0.049
  ],
  [
    1383091200000,
    0.053
  ],
  [
    1383177600000,
    0.04
  ],
  [
    1383264000000,
    0.042
  ],
  [
    1383350400000,
    0.049
  ],
  [
    1383436800000,
    0.046
  ],
  [
    1383523200000,
    0.05
  ],
  [
    1383609600000,
    0.056
  ],
  [
    1383696000000,
    0.042
  ],
  [
    1383782400000,
    0.05
  ],
  [
    1383868800000,
    0.069
  ],
  [
    1383955200000,
    0.035
  ],
  [
    1384041600000,
    0.039
  ],
  [
    1384128000000,
    0.03
  ],
  [
    1384214400000,
    0.032
  ],
  [
    1384300800000,
    0.035
  ],
  [
    1384387200000,
    0.036
  ],
  [
    1384473600000,
    0.046
  ],
  [
    1384560000000,
    0.051
  ],
  [
    1384646400000,
    0.053
  ],
  [
    1384732800000,
    0.042
  ],
  [
    1384819200000,
    0.037
  ],
  [
    1384905600000,
    0.05
  ],
  [
    1384992000000,
    0.035
  ],
  [
    1385078400000,
    0.037
  ],
  [
    1385164800000,
    0.044
  ],
  [
    1385251200000,
    0.043
  ],
  [
    1385337600000,
    0.043
  ],
  [
    1385424000000,
    0.045
  ],
  [
    1385510400000,
    0.038
  ],
  [
    1385596800000,
    0.04
  ],
  [
    1385683200000,
    0.042
  ],
  [
    1385769600000,
    0.053
  ],
  [
    1385856000000,
    0.045
  ],
  [
    1385942400000,
    0.037
  ],
  [
    1386028800000,
    0.041
  ],
  [
    1386115200000,
    0.041
  ],
  [
    1386201600000,
    0.049
  ],
  [
    1386288000000,
    0.041
  ],
  [
    1386374400000,
    0.042
  ],
  [
    1386460800000,
    0.036
  ],
  [
    1386547200000,
    0.034
  ],
  [
    1386633600000,
    0.035
  ],
  [
    1386720000000,
    0.032
  ],
  [
    1386806400000,
    0.032
  ],
  [
    1386892800000,
    0.03
  ],
  [
    1386979200000,
    0.03
  ],
  [
    1387065600000,
    0.039
  ],
  [
    1387152000000,
    0.044
  ],
  [
    1387238400000,
    0.031
  ],
  [
    1387324800000,
    0.039
  ],
  [
    1387411200000,
    0.03
  ],
  [
    1387497600000,
    0.034
  ],
  [
    1387584000000,
    0.034
  ],
  [
    1387670400000,
    0.033
  ],
  [
    1387756800000,
    0.03
  ],
  [
    1387843200000,
    0.03
  ],
  [
    1387929600000,
    0.031
  ],
  [
    1388016000000,
    0.03
  ],
  [
    1388102400000,
    0.032
  ],
  [
    1388188800000,
    0.031
  ],
  [
    1388275200000,
    0.03
  ],
  [
    1388361600000,
    0.03
  ],
  [
    1388448000000,
    0.032
  ],
  [
    1388534400000,
    0.032
  ],
  [
    1388620800000,
    0.03
  ],
  [
    1388707200000,
    0.031
  ],
  [
    1388793600000,
    0.03
  ],
  [
    1388880000000,
    0.032
  ],
  [
    1388966400000,
    0.03
  ],
  [
    1389052800000,
    0.03
  ],
  [
    1389139200000,
    0.03
  ],
  [
    1389225600000,
    0.03
  ],
  [
    1389312000000,
    0.03
  ],
  [
    1389398400000,
    1.037
  ],
  [
    1389484800000,
    0.03
  ],
  [
    1389571200000,
    0.03
  ],
  [
    1389657600000,
    0.03
  ],
  [
    1389744000000,
    0.03
  ],
  [
    1389830400000,
    0.031
  ],
  [
    1389916800000,
    0.03
  ],
  [
    1390003200000,
    0.03
  ],
  [
    1390089600000,
    0.03
  ],
  [
    1390176000000,
    0.03
  ],
  [
    1390262400000,
    0.03
  ],
  [
    1390348800000,
    0.03
  ],
  [
    1390435200000,
    0.03
  ],
  [
    1390521600000,
    0.03
  ],
  [
    1390608000000,
    0.03
  ],
  [
    1390694400000,
    0.03
  ],
  [
    1390780800000,
    0.03
  ],
  [
    1390867200000,
    0.03
  ],
  [
    1390953600000,
    0.03
  ],
  [
    1391040000000,
    0.03
  ],
  [
    1391126400000,
    0.03
  ],
  [
    1391212800000,
    0.03
  ],
  [
    1391299200000,
    0.03
  ],
  [
    1391385600000,
    0.03
  ],
  [
    1391472000000,
    0.03
  ],
  [
    1391558400000,
    0.03
  ],
  [
    1391644800000,
    0.078
  ],
  [
    1391731200000,
    0.03
  ],
  [
    1391817600000,
    0.03
  ],
  [
    1391904000000,
    0.03
  ],
  [
    1391990400000,
    0.03
  ],
  [
    1392076800000,
    0.03
  ],
  [
    1392163200000,
    0.034
  ],
  [
    1392249600000,
    0.03
  ],
  [
    1392336000000,
    0.03
  ],
  [
    1392422400000,
    0.03
  ],
  [
    1392508800000,
    0.03
  ],
  [
    1392595200000,
    0.03
  ],
  [
    1392681600000,
    0.03
  ],
  [
    1392768000000,
    0.03
  ],
  [
    1392854400000,
    0.03
  ],
  [
    1392940800000,
    0.03
  ],
  [
    1393027200000,
    0.03
  ],
  [
    1393113600000,
    0.03
  ],
  [
    1393200000000,
    0.03
  ],
  [
    1393286400000,
    0.03
  ],
  [
    1393372800000,
    0.03
  ],
  [
    1393459200000,
    0.03
  ],
  [
    1393545600000,
    0.03
  ],
  [
    1393632000000,
    0.03
  ],
  [
    1393718400000,
    0.03
  ],
  [
    1393804800000,
    0.03
  ],
  [
    1393891200000,
    0.03
  ],
  [
    1393977600000,
    0.03
  ],
  [
    1394064000000,
    0.03
  ],
  [
    1394150400000,
    0.03
  ],
  [
    1394236800000,
    0.03
  ],
  [
    1394323200000,
    0.03
  ],
  [
    1394409600000,
    0.03
  ],
  [
    1394496000000,
    0.03
  ],
  [
    1394582400000,
    0.03
  ],
  [
    1394668800000,
    0.03
  ],
  [
    1394755200000,
    0.03
  ],
  [
    1394841600000,
    0.095
  ],
  [
    1394928000000,
    0.03
  ],
  [
    1395014400000,
    0.033
  ],
  [
    1395100800000,
    0.03
  ],
  [
    1395187200000,
    0.03
  ],
  [
    1395273600000,
    0.03
  ],
  [
    1395360000000,
    0.03
  ],
  [
    1395446400000,
    0.03
  ],
  [
    1395532800000,
    1.076
  ],
  [
    1395619200000,
    0.03
  ],
  [
    1395705600000,
    0.03
  ],
  [
    1395792000000,
    0.03
  ],
  [
    1395878400000,
    0.03
  ],
  [
    1395964800000,
    0.03
  ],
  [
    1396051200000,
    0.03
  ],
  [
    1396137600000,
    0.404
  ],
  [
    1396220400000,
    0.03
  ],
  [
    1396306800000,
    0.037
  ],
  [
    1396393200000,
    0.03
  ],
  [
    1396479600000,
    0.03
  ],
  [
    1396566000000,
    0.03
  ],
  [
    1396652400000,
    0.03
  ],
  [
    1396738800000,
    0.03
  ],
  [
    1396825200000,
    0.03
  ],
  [
    1396911600000,
    0.03
  ],
  [
    1396998000000,
    0.03
  ],
  [
    1397084400000,
    0.03
  ],
  [
    1397170800000,
    0.03
  ],
  [
    1397257200000,
    0.03
  ],
  [
    1397343600000,
    0.03
  ],
  [
    1397430000000,
    0.03
  ],
  [
    1397516400000,
    0.03
  ],
  [
    1397602800000,
    0.03
  ],
  [
    1397689200000,
    0.03
  ],
  [
    1397775600000,
    0.03
  ],
  [
    1397862000000,
    0.03
  ],
  [
    1397948400000,
    0.03
  ],
  [
    1398034800000,
    0.03
  ],
  [
    1398121200000,
    0.03
  ],
  [
    1398207600000,
    0.03
  ],
  [
    1398294000000,
    0.03
  ],
  [
    1398380400000,
    0.03
  ],
  [
    1398466800000,
    0.03
  ],
  [
    1398553200000,
    0.03
  ],
  [
    1398639600000,
    0.03
  ],
  [
    1398726000000,
    0.03
  ],
  [
    1398812400000,
    0.03
  ],
  [
    1398898800000,
    0.03
  ],
  [
    1398985200000,
    0.03
  ],
  [
    1399071600000,
    0.362
  ],
  [
    1399158000000,
    0.03
  ],
  [
    1399244400000,
    0.03
  ],
  [
    1399330800000,
    0.03
  ],
  [
    1399417200000,
    0.03
  ],
  [
    1399503600000,
    0.03
  ],
  [
    1399590000000,
    0.03
  ],
  [
    1399676400000,
    0.034
  ],
  [
    1399762800000,
    0.03
  ],
  [
    1399849200000,
    0.03
  ],
  [
    1399935600000,
    0.03
  ],
  [
    1400022000000,
    0.03
  ],
  [
    1400108400000,
    0.03
  ],
  [
    1400194800000,
    0.179
  ],
  [
    1400281200000,
    0.03
  ],
  [
    1400367600000,
    0.03
  ],
  [
    1400454000000,
    0.04
  ],
  [
    1400540400000,
    0.03
  ],
  [
    1400626800000,
    0.074
  ],
  [
    1400713200000,
    0.101
  ],
  [
    1400799600000,
    0.03
  ],
  [
    1400886000000,
    0.03
  ],
  [
    1400972400000,
    0.03
  ],
  [
    1401058800000,
    0.03
  ],
  [
    1401145200000,
    0.032
  ],
  [
    1401231600000,
    0.03
  ],
  [
    1401318000000,
    0.03
  ],
  [
    1401404400000,
    0.03
  ],
  [
    1401490800000,
    0.03
  ],
  [
    1401577200000,
    0.03
  ],
  [
    1401663600000,
    0.03
  ],
  [
    1401750000000,
    0.03
  ],
  [
    1401836400000,
    0.03
  ],
  [
    1401922800000,
    0.03
  ],
  [
    1402009200000,
    0.031
  ],
  [
    1402095600000,
    0.03
  ],
  [
    1402182000000,
    0.03
  ],
  [
    1402268400000,
    0.03
  ],
  [
    1402354800000,
    0.03
  ],
  [
    1402441200000,
    0.03
  ],
  [
    1402527600000,
    0.03
  ],
  [
    1402614000000,
    0.03
  ],
  [
    1402700400000,
    0.03
  ],
  [
    1402786800000,
    0.03
  ],
  [
    1402873200000,
    0.03
  ],
  [
    1402959600000,
    0.034
  ],
  [
    1403046000000,
    0.03
  ],
  [
    1403132400000,
    0.03
  ],
  [
    1403218800000,
    0.03
  ],
  [
    1403305200000,
    0.03
  ],
  [
    1403391600000,
    0.03
  ],
  [
    1403478000000,
    0.03
  ],
  [
    1403564400000,
    0.03
  ],
  [
    1403650800000,
    0.03
  ],
  [
    1403737200000,
    0.03
  ],
  [
    1403823600000,
    0.03
  ],
  [
    1403910000000,
    0.03
  ],
  [
    1403996400000,
    0.03
  ],
  [
    1404082800000,
    0.03
  ],
  [
    1404169200000,
    0.031
  ],
  [
    1404255600000,
    0.03
  ],
  [
    1404342000000,
    0.03
  ],
  [
    1404428400000,
    0.03
  ],
  [
    1404514800000,
    0.034
  ],
  [
    1404601200000,
    0.03
  ],
  [
    1404687600000,
    0.03
  ],
  [
    1404774000000,
    0.032
  ],
  [
    1404860400000,
    0.036
  ],
  [
    1404946800000,
    0.03
  ],
  [
    1405033200000,
    0.03
  ],
  [
    1405119600000,
    0.03
  ],
  [
    1405206000000,
    0.03
  ],
  [
    1405292400000,
    0.03
  ],
  [
    1405378800000,
    0.03
  ],
  [
    1405465200000,
    0.03
  ],
  [
    1405551600000,
    0.03
  ],
  [
    1405638000000,
    0.032
  ],
  [
    1405724400000,
    0.034
  ],
  [
    1405810800000,
    0.03
  ],
  [
    1405897200000,
    0.03
  ],
  [
    1405983600000,
    0.03
  ],
  [
    1406070000000,
    0.03
  ],
  [
    1406156400000,
    0.03
  ],
  [
    1406242800000,
    0.03
  ],
  [
    1406329200000,
    0.037
  ],
  [
    1406415600000,
    0.03
  ],
  [
    1406502000000,
    0.03
  ],
  [
    1406588400000,
    0.03
  ],
  [
    1406674800000,
    0.03
  ],
  [
    1406761200000,
    0.038
  ],
  [
    1406847600000,
    0.03
  ],
  [
    1406934000000,
    0.03
  ],
  [
    1407020400000,
    0.03
  ],
  [
    1407106800000,
    0.031
  ],
  [
    1407193200000,
    0.03
  ],
  [
    1407279600000,
    0.03
  ],
  [
    1407366000000,
    0.031
  ],
  [
    1407452400000,
    0.03
  ],
  [
    1407538800000,
    0.03
  ],
  [
    1407625200000,
    0.032
  ],
  [
    1407711600000,
    0.03
  ],
  [
    1407798000000,
    0.03
  ],
  [
    1407884400000,
    0.04
  ],
  [
    1407970800000,
    0.03
  ],
  [
    1408057200000,
    0.034
  ],
  [
    1408143600000,
    0.03
  ],
  [
    1408230000000,
    0.03
  ],
  [
    1408316400000,
    0.031
  ],
  [
    1408402800000,
    0.03
  ],
  [
    1408489200000,
    0.03
  ],
  [
    1408575600000,
    0.036
  ],
  [
    1408662000000,
    0.03
  ],
  [
    1408748400000,
    0.037
  ],
  [
    1408834800000,
    0.03
  ],
  [
    1408921200000,
    0.063
  ],
  [
    1409007600000,
    0.041
  ],
  [
    1409094000000,
    0.043
  ],
  [
    1409180400000,
    0.03
  ],
  [
    1409266800000,
    0.05
  ],
  [
    1409353200000,
    0.03
  ],
  [
    1409439600000,
    0.034
  ],
  [
    1409526000000,
    0.04
  ],
  [
    1409612400000,
    0.036
  ],
  [
    1409698800000,
    0.047
  ],
  [
    1409785200000,
    0.03
  ],
  [
    1409871600000,
    0.041
  ],
  [
    1409958000000,
    0.043
  ],
  [
    1410044400000,
    0.042
  ],
  [
    1410130800000,
    0.043
  ],
  [
    1410217200000,
    0.044
  ],
  [
    1410303600000,
    0.041
  ],
  [
    1410390000000,
    0.04
  ],
  [
    1410476400000,
    0.059
  ],
  [
    1410562800000,
    0.033
  ],
  [
    1410649200000,
    0.03
  ],
  [
    1410735600000,
    0.038
  ],
  [
    1410822000000,
    0.036
  ],
  [
    1410908400000,
    0.038
  ],
  [
    1410994800000,
    0.03
  ],
  [
    1411081200000,
    0.036
  ],
  [
    1411167600000,
    0.033
  ],
  [
    1411254000000,
    0.034
  ],
  [
    1411340400000,
    0.034
  ],
  [
    1411426800000,
    0.04
  ],
  [
    1411513200000,
    0.033
  ],
  [
    1411599600000,
    0.03
  ],
  [
    1411686000000,
    0.039
  ],
  [
    1411772400000,
    0.035
  ],
  [
    1411858800000,
    0.038
  ],
  [
    1411945200000,
    0.03
  ],
  [
    1412031600000,
    0.045
  ],
  [
    1412118000000,
    0.03
  ],
  [
    1412204400000,
    0.04
  ],
  [
    1412290800000,
    0.033
  ],
  [
    1412377200000,
    0.046
  ],
  [
    1412463600000,
    0.043
  ],
  [
    1412550000000,
    0.03
  ],
  [
    1412636400000,
    0.033
  ],
  [
    1412722800000,
    0.038
  ],
  [
    1412809200000,
    0.036
  ],
  [
    1412895600000,
    0.04
  ],
  [
    1412982000000,
    0.036
  ],
  [
    1413068400000,
    0.043
  ],
  [
    1413154800000,
    0.041
  ],
  [
    1413241200000,
    0.037
  ],
  [
    1413327600000,
    0.034
  ],
  [
    1413414000000,
    0.05
  ],
  [
    1413500400000,
    0.039
  ],
  [
    1413586800000,
    0.035
  ],
  [
    1413673200000,
    0.038
  ],
  [
    1413759600000,
    0.034
  ],
  [
    1413846000000,
    0.035
  ],
  [
    1413932400000,
    0.047
  ],
  [
    1414018800000,
    0.033
  ],
  [
    1414105200000,
    0.047
  ],
  [
    1414191600000,
    0.038
  ],
  [
    1414278000000,
    0.037
  ],
  [
    1414368000000,
    0.051
  ],
  [
    1414454400000,
    0.036
  ],
  [
    1414540800000,
    0.051
  ],
  [
    1414627200000,
    0.036
  ],
  [
    1414713600000,
    0.045
  ],
  [
    1414800000000,
    0.036
  ],
  [
    1414886400000,
    0.032
  ],
  [
    1414972800000,
    0.036
  ],
  [
    1415059200000,
    0.034
  ],
  [
    1415145600000,
    0.042
  ],
  [
    1415232000000,
    0.043
  ],
  [
    1415318400000,
    0.035
  ],
  [
    1415404800000,
    0.038
  ],
  [
    1415491200000,
    0.049
  ],
  [
    1415577600000,
    0.139
  ],
  [
    1415664000000,
    0.039
  ],
  [
    1415750400000,
    0.039
  ],
  [
    1415836800000,
    0.04
  ],
  [
    1415923200000,
    0.032
  ],
  [
    1416009600000,
    0.044
  ],
  [
    1416096000000,
    0.03
  ],
  [
    1416182400000,
    0.037
  ],
  [
    1416268800000,
    0.033
  ],
  [
    1416355200000,
    0.042
  ],
  [
    1416441600000,
    0.035
  ],
  [
    1416528000000,
    0.039
  ],
  [
    1416614400000,
    0.033
  ],
  [
    1416700800000,
    0.042
  ],
  [
    1416787200000,
    0.03
  ],
  [
    1416873600000,
    0.033
  ],
  [
    1416960000000,
    0.032
  ],
  [
    1417046400000,
    0.042
  ],
  [
    1417132800000,
    0.031
  ],
  [
    1417219200000,
    0.049
  ],
  [
    1417305600000,
    0.032
  ],
  [
    1417392000000,
    0.037
  ],
  [
    1417478400000,
    0.05
  ],
  [
    1417564800000,
    0.037
  ],
  [
    1417651200000,
    0.031
  ],
  [
    1417737600000,
    0.045
  ],
  [
    1417824000000,
    0.046
  ],
  [
    1417910400000,
    26.033
  ],
  [
    1417996800000,
    0.078
  ],
  [
    1418083200000,
    0.048
  ],
  [
    1418169600000,
    0.052
  ],
  [
    1418256000000,
    0.044
  ],
  [
    1418342400000,
    0.042
  ],
  [
    1418428800000,
    0.045
  ],
  [
    1418515200000,
    0.052
  ],
  [
    1418601600000,
    0.052
  ],
  [
    1418688000000,
    0.034
  ],
  [
    1418774400000,
    0.054
  ],
  [
    1418860800000,
    0.042
  ],
  [
    1418947200000,
    0.038
  ],
  [
    1419033600000,
    0.031
  ],
  [
    1419120000000,
    0.032
  ],
  [
    1419206400000,
    0.052
  ],
  [
    1419292800000,
    0.051
  ],
  [
    1419379200000,
    0.039
  ],
  [
    1419465600000,
    0.036
  ],
  [
    1419552000000,
    0.045
  ],
  [
    1419638400000,
    0.039
  ],
  [
    1419724800000,
    0.039
  ],
  [
    1419811200000,
    0.03
  ],
  [
    1419897600000,
    0.052
  ],
  [
    1419984000000,
    0.045
  ],
  [
    1420070400000,
    0.034
  ],
  [
    1420156800000,
    0.038
  ],
  [
    1420243200000,
    0.053
  ],
  [
    1420329600000,
    0.05
  ],
  [
    1420416000000,
    0.044
  ],
  [
    1420502400000,
    0.059
  ],
  [
    1420588800000,
    0.051
  ],
  [
    1420675200000,
    0.054
  ],
  [
    1420761600000,
    0.043
  ],
  [
    1420848000000,
    0.516
  ],
  [
    1420934400000,
    0.058
  ],
  [
    1421020800000,
    0.057
  ],
  [
    1421107200000,
    0.057
  ],
  [
    1421193600000,
    0.061
  ],
  [
    1421280000000,
    0.05
  ],
  [
    1421366400000,
    0.064
  ],
  [
    1421452800000,
    0.059
  ],
  [
    1421539200000,
    0.06
  ],
  [
    1421625600000,
    0.055
  ],
  [
    1421712000000,
    0.055
  ],
  [
    1421798400000,
    0.04
  ],
  [
    1421884800000,
    0.065
  ],
  [
    1421971200000,
    0.197
  ],
  [
    1422057600000,
    0.075
  ],
  [
    1422144000000,
    0.07
  ],
  [
    1422230400000,
    0.053
  ],
  [
    1422316800000,
    0.048
  ],
  [
    1422403200000,
    0.053
  ],
  [
    1422489600000,
    0.052
  ],
  [
    1422576000000,
    0.063
  ],
  [
    1422662400000,
    0.076
  ],
  [
    1422748800000,
    0.067
  ],
  [
    1422835200000,
    0.071
  ],
  [
    1422921600000,
    0.087
  ],
  [
    1423008000000,
    0.095
  ],
  [
    1423094400000,
    0.091
  ],
  [
    1423180800000,
    0.072
  ],
  [
    1423267200000,
    0.078
  ],
  [
    1423353600000,
    0.23
  ],
  [
    1423440000000,
    0.053
  ],
  [
    1423526400000,
    0.096
  ],
  [
    1423612800000,
    0.076
  ],
  [
    1423699200000,
    0.059
  ],
  [
    1423785600000,
    0.065
  ],
  [
    1423872000000,
    0.068
  ],
  [
    1423958400000,
    0.057
  ],
  [
    1424044800000,
    0.068
  ],
  [
    1424131200000,
    0.086
  ],
  [
    1424217600000,
    0.076
  ],
  [
    1424304000000,
    0.091
  ],
  [
    1424390400000,
    0.057
  ],
  [
    1424476800000,
    0.059
  ],
  [
    1424563200000,
    0.09
  ],
  [
    1424649600000,
    0.081
  ],
  [
    1424736000000,
    0.065
  ],
  [
    1424822400000,
    0.071
  ],
  [
    1424908800000,
    0.08
  ],
  [
    1424995200000,
    0.09
  ],
  [
    1425081600000,
    0.064
  ],
  [
    1425168000000,
    0.57
  ],
  [
    1425254400000,
    0.096
  ],
  [
    1425340800000,
    0.075
  ],
  [
    1425427200000,
    0.903
  ],
  [
    1425513600000,
    0.078
  ],
  [
    1425600000000,
    0.072
  ],
  [
    1425686400000,
    0.097
  ],
  [
    1425772800000,
    0.081
  ],
  [
    1425859200000,
    0.079
  ],
  [
    1425945600000,
    0.097
  ],
  [
    1426032000000,
    0.088
  ],
  [
    1426118400000,
    0.096
  ],
  [
    1426204800000,
    0.07
  ],
  [
    1426291200000,
    0.067
  ],
  [
    1426377600000,
    0.049
  ],
  [
    1426464000000,
    0.041
  ],
  [
    1426550400000,
    0.087
  ],
  [
    1426636800000,
    10.696
  ],
  [
    1426723200000,
    0.083
  ],
  [
    1426809600000,
    0.08
  ],
  [
    1426896000000,
    0.068
  ],
  [
    1426982400000,
    0.091
  ],
  [
    1427068800000,
    0.1
  ],
  [
    1427155200000,
    0.1
  ],
  [
    1427241600000,
    0.078
  ],
  [
    1427328000000,
    0.119
  ],
  [
    1427500800000,
    0.074
  ],
  [
    1427587200000,
    0.081
  ],
  [
    1427670000000,
    0.083
  ],
  [
    1427756400000,
    0.091
  ],
  [
    1427842800000,
    0.109
  ],
  [
    1427929200000,
    0.075
  ],
  [
    1428015600000,
    0.1
  ],
  [
    1428102000000,
    0.102
  ],
  [
    1428188400000,
    0.105
  ],
  [
    1428274800000,
    0.12
  ],
  [
    1428361200000,
    0.101
  ],
  [
    1428447600000,
    0.124
  ],
  [
    1428534000000,
    0.089
  ],
  [
    1428620400000,
    0.103
  ],
  [
    1428706800000,
    0.127
  ],
  [
    1428793200000,
    0.1
  ],
  [
    1428879600000,
    0.112
  ],
  [
    1428966000000,
    0.111
  ],
  [
    1429052400000,
    0.098
  ],
  [
    1429138800000,
    0.094
  ],
  [
    1429225200000,
    0.082
  ],
  [
    1429311600000,
    0.103
  ],
  [
    1429398000000,
    0.088
  ],
  [
    1429484400000,
    0.085
  ],
  [
    1429570800000,
    0.08
  ],
  [
    1429657200000,
    1.34
  ],
  [
    1429743600000,
    0.103
  ],
  [
    1429830000000,
    0.109
  ],
  [
    1429916400000,
    0.089
  ],
  [
    1430002800000,
    0.088
  ],
  [
    1430089200000,
    0.09
  ],
  [
    1430175600000,
    40.982
  ],
  [
    1430262000000,
    0.103
  ],
  [
    1430348400000,
    0.12
  ],
  [
    1430434800000,
    0.089
  ],
  [
    1430521200000,
    0.096
  ],
  [
    1430607600000,
    0.091
  ],
  [
    1430694000000,
    0.379
  ],
  [
    1430780400000,
    0.108
  ],
  [
    1430866800000,
    0.113
  ],
  [
    1430953200000,
    0.113
  ],
  [
    1431039600000,
    0.109
  ],
  [
    1431126000000,
    0.103
  ],
  [
    1431212400000,
    0.122
  ],
  [
    1431298800000,
    0.085
  ],
  [
    1431385200000,
    17.627
  ],
  [
    1431471600000,
    0.132
  ],
  [
    1431558000000,
    0.135
  ],
  [
    1431644400000,
    0.148
  ],
  [
    1431730800000,
    0.151
  ],
  [
    1431817200000,
    0.153
  ],
  [
    1431903600000,
    0.103
  ],
  [
    1432076400000,
    0.125
  ],
  [
    1432162800000,
    0.116
  ],
  [
    1432249200000,
    0.121
  ],
  [
    1432335600000,
    0.114
  ],
  [
    1432422000000,
    0.104
  ],
  [
    1432594800000,
    0.164
  ],
  [
    1432767600000,
    0.133
  ],
  [
    1432854000000,
    0.118
  ],
  [
    1432940400000,
    0.107
  ],
  [
    1433026800000,
    0.104
  ],
  [
    1433113200000,
    0.094
  ],
  [
    1433199600000,
    0.126
  ],
  [
    1433286000000,
    0.134
  ],
  [
    1433372400000,
    11.659
  ],
  [
    1433458800000,
    0.107
  ],
  [
    1433545200000,
    0.118
  ],
  [
    1433631600000,
    0.115
  ],
  [
    1433718000000,
    0.132
  ],
  [
    1433804400000,
    0.127
  ],
  [
    1433890800000,
    0.087
  ],
  [
    1433977200000,
    0.054
  ],
  [
    1434063600000,
    0.093
  ],
  [
    1434150000000,
    0.085
  ],
  [
    1434236400000,
    0.09
  ],
  [
    1434322800000,
    0.074
  ],
  [
    1434409200000,
    0.082
  ],
  [
    1434495600000,
    0.182
  ],
  [
    1434582000000,
    0.248
  ],
  [
    1434668400000,
    0.184
  ],
  [
    1434754800000,
    0.16
  ],
  [
    1434841200000,
    0.115
  ],
  [
    1434927600000,
    0.097
  ],
  [
    1435014000000,
    0.079
  ],
  [
    1435100400000,
    0.084
  ],
  [
    1435186800000,
    0.09
  ],
  [
    1435273200000,
    0.116
  ],
  [
    1435359600000,
    0.08
  ],
  [
    1435446000000,
    0.095
  ],
  [
    1435532400000,
    0.125
  ],
  [
    1435618800000,
    0.135
  ],
  [
    1435705200000,
    0.203
  ],
  [
    1435791600000,
    0.205
  ],
  [
    1435878000000,
    0.55
  ],
  [
    1435964400000,
    0.55
  ],
  [
    1436050800000,
    0.228
  ],
  [
    1436137200000,
    0.248
  ],
  [
    1436310000000,
    0.221
  ],
  [
    1436396400000,
    0.206
  ],
  [
    1436482800000,
    0.211
  ],
  [
    1436569200000,
    0.21
  ],
  [
    1436655600000,
    0.186
  ],
  [
    1436742000000,
    0.247
  ],
  [
    1436828400000,
    0.204
  ],
  [
    1436914800000,
    0.198
  ],
  [
    1437001200000,
    0.16
  ],
  [
    1437087600000,
    0.216
  ],
  [
    1437174000000,
    0.218
  ],
  [
    1437260400000,
    0.216
  ],
  [
    1437346800000,
    0.222
  ],
  [
    1437433200000,
    0.26
  ],
  [
    1437519600000,
    0.279
  ],
  [
    1437606000000,
    0.246
  ],
  [
    1437692400000,
    0.204
  ],
  [
    1437778800000,
    0.211
  ],
  [
    1437865200000,
    0.211
  ],
  [
    1437951600000,
    0.203
  ],
  [
    1438038000000,
    0.205
  ],
  [
    1438124400000,
    0.209
  ],
  [
    1438210800000,
    0.206
  ],
  [
    1438297200000,
    0.233
  ],
  [
    1438383600000,
    0.202
  ],
  [
    1438470000000,
    0.211
  ],
  [
    1438556400000,
    0.201
  ],
  [
    1438642800000,
    0.192
  ],
  [
    1438729200000,
    0.111
  ],
  [
    1438815600000,
    0.141
  ],
  [
    1438902000000,
    0.186
  ],
  [
    1438988400000,
    0.338
  ],
  [
    1439074800000,
    0.261
  ],
  [
    1439161200000,
    0.19
  ],
  [
    1439247600000,
    0.217
  ],
  [
    1439334000000,
    0.202
  ],
  [
    1439420400000,
    0.144
  ],
  [
    1439506800000,
    0.178
  ],
  [
    1439593200000,
    0.161
  ],
  [
    1439679600000,
    0.143
  ],
  [
    1439766000000,
    0.154
  ],
  [
    1439852400000,
    0.143
  ],
  [
    1439938800000,
    6.471
  ],
  [
    1440025200000,
    0.184
  ],
  [
    1440111600000,
    0.179
  ],
  [
    1440284400000,
    0.098
  ],
  [
    1440370800000,
    0.098
  ],
  [
    1440457200000,
    0.112
  ],
  [
    1440543600000,
    0.116
  ],
  [
    1440630000000,
    0.129
  ],
  [
    1440716400000,
    0.142
  ],
  [
    1440802800000,
    0.141
  ],
  [
    1440889200000,
    0.139
  ],
  [
    1440975600000,
    0.166
  ],
  [
    1441062000000,
    0.141
  ],
  [
    1441148400000,
    0.167
  ],
  [
    1441234800000,
    0.139
  ],
  [
    1441321200000,
    0.168
  ],
  [
    1441407600000,
    0.255
  ],
  [
    1441580400000,
    5.244
  ],
  [
    1441666800000,
    0.165
  ],
  [
    1441753200000,
    0.156
  ],
  [
    1441839600000,
    0.624
  ],
  [
    1441926000000,
    0.155
  ],
  [
    1442012400000,
    0.158
  ],
  [
    1442098800000,
    0.181
  ],
  [
    1442185200000,
    3.709
  ],
  [
    1442271600000,
    0.138
  ],
  [
    1442358000000,
    0.149
  ],
  [
    1442444400000,
    0.137
  ],
  [
    1442530800000,
    0.151
  ],
  [
    1442617200000,
    0.171
  ],
  [
    1442703600000,
    0.166
  ],
  [
    1442790000000,
    0.133
  ],
  [
    1442876400000,
    0.142
  ],
  [
    1442962800000,
    0.152
  ],
  [
    1443049200000,
    0.147
  ],
  [
    1443135600000,
    0.164
  ],
  [
    1443222000000,
    0.135
  ],
  [
    1443308400000,
    0.168
  ],
  [
    1443394800000,
    0.18
  ],
  [
    1443481200000,
    0.174
  ],
  [
    1443567600000,
    0.221
  ],
  [
    1443654000000,
    0.198
  ],
  [
    1443740400000,
    0.165
  ],
  [
    1443826800000,
    0.169
  ],
  [
    1443913200000,
    0.191
  ],
  [
    1443999600000,
    0.171
  ],
  [
    1444086000000,
    0.204
  ],
  [
    1444258800000,
    0.163
  ],
  [
    1444345200000,
    0.145
  ],
  [
    1444431600000,
    0.186
  ],
  [
    1444518000000,
    0.179
  ],
  [
    1444604400000,
    0.15
  ],
  [
    1444690800000,
    0.146
  ],
  [
    1444777200000,
    0.193
  ],
  [
    1444863600000,
    0.212
  ],
  [
    1444950000000,
    0.179
  ],
  [
    1445036400000,
    0.205
  ],
  [
    1445122800000,
    0.18
  ],
  [
    1445209200000,
    0.155
  ],
  [
    1445295600000,
    0.164
  ],
  [
    1445382000000,
    0.205
  ],
  [
    1445468400000,
    0.2
  ],
  [
    1445554800000,
    3.769
  ],
  [
    1445641200000,
    0.217
  ],
  [
    1445727600000,
    0.18
  ],
  [
    1445817600000,
    0.164
  ],
  [
    1445990400000,
    2.217
  ],
  [
    1446076800000,
    0.208
  ],
  [
    1446163200000,
    0.175
  ],
  [
    1446336000000,
    0.161
  ],
  [
    1446422400000,
    0.109
  ],
  [
    1446508800000,
    0.14
  ],
  [
    1446595200000,
    0.213
  ],
  [
    1446681600000,
    0.206
  ],
  [
    1446768000000,
    0.178
  ],
  [
    1446854400000,
    0.143
  ],
  [
    1446940800000,
    0.203
  ],
  [
    1447027200000,
    0.206
  ],
  [
    1447113600000,
    0.209
  ],
  [
    1447200000000,
    0.204
  ],
  [
    1447286400000,
    0.094
  ],
  [
    1447372800000,
    0.138
  ],
  [
    1447459200000,
    0.197
  ],
  [
    1447545600000,
    0.146
  ],
  [
    1447718400000,
    0.185
  ],
  [
    1447804800000,
    0.159
  ],
  [
    1447891200000,
    0.166
  ],
  [
    1447977600000,
    0.166
  ],
  [
    1448064000000,
    0.166
  ],
  [
    1448150400000,
    0.158
  ],
  [
    1448236800000,
    0.155
  ],
  [
    1448323200000,
    0.165
  ],
  [
    1448409600000,
    0.212
  ],
  [
    1448496000000,
    0.15
  ],
  [
    1448582400000,
    0.141
  ],
  [
    1448668800000,
    0.143
  ],
  [
    1448755200000,
    10.966
  ],
  [
    1448841600000,
    0.137
  ],
  [
    1448928000000,
    0.141
  ],
  [
    1449014400000,
    0.124
  ],
  [
    1449100800000,
    0.156
  ],
  [
    1449187200000,
    0.722
  ],
  [
    1449273600000,
    0.765
  ],
  [
    1449360000000,
    0.562
  ],
  [
    1449446400000,
    0.562
  ],
  [
    1449619200000,
    0.317
  ],
  [
    1449705600000,
    0.235
  ],
  [
    1449792000000,
    0.13
  ],
  [
    1449878400000,
    0.239
  ],
  [
    1449964800000,
    0.181
  ],
  [
    1450051200000,
    0.208
  ],
  [
    1450224000000,
    0.22
  ],
  [
    1450310400000,
    0.178
  ],
  [
    1450396800000,
    0.186
  ],
  [
    1450483200000,
    0.33
  ],
  [
    1450569600000,
    0.23
  ],
  [
    1450742400000,
    0.187
  ],
  [
    1450828800000,
    0.188
  ],
  [
    1450915200000,
    0.157
  ],
  [
    1451001600000,
    0.183
  ],
  [
    1451088000000,
    7.58
  ],
  [
    1451174400000,
    4.538
  ],
  [
    1451260800000,
    28.457
  ],
  [
    1451347200000,
    0.21
  ],
  [
    1451433600000,
    7.235
  ],
  [
    1451520000000,
    0.111
  ],
  [
    1451606400000,
    10.706
  ],
  [
    1451692800000,
    0.234
  ],
  [
    1451779200000,
    0.341
  ],
  [
    1451952000000,
    1.515
  ],
  [
    1452038400000,
    41.824
  ],
  [
    1452124800000,
    0.482
  ],
  [
    1452211200000,
    0.463
  ],
  [
    1452297600000,
    0.538
  ],
  [
    1452384000000,
    0.482
  ],
  [
    1452470400000,
    0.412
  ],
  [
    1452729600000,
    0.322
  ],
  [
    1452816000000,
    0.293
  ],
  [
    1452902400000,
    0.258
  ],
  [
    1452988800000,
    0.291
  ],
  [
    1453075200000,
    0.222
  ],
  [
    1453248000000,
    0.26
  ],
  [
    1453420800000,
    0.248
  ],
  [
    1453507200000,
    0.199
  ],
  [
    1453593600000,
    0.239
  ],
  [
    1453680000000,
    0.15
  ],
  [
    1453766400000,
    0.212
  ],
  [
    1453852800000,
    0.207
  ],
  [
    1453939200000,
    0.183
  ],
  [
    1454025600000,
    0.197
  ],
  [
    1454112000000,
    0.195
  ],
  [
    1454198400000,
    0.219
  ],
  [
    1454284800000,
    0.198
  ],
  [
    1454371200000,
    0.212
  ],
  [
    1454457600000,
    0.175
  ],
  [
    1454630400000,
    0.255
  ],
  [
    1454716800000,
    0.137
  ],
  [
    1454803200000,
    0.209
  ],
  [
    1454889600000,
    0.194
  ],
  [
    1454976000000,
    0.259
  ],
  [
    1455062400000,
    0.153
  ],
  [
    1455148800000,
    0.187
  ],
  [
    1455235200000,
    0.186
  ],
  [
    1455321600000,
    0.214
  ],
  [
    1455408000000,
    0.236
  ],
  [
    1455494400000,
    0.223
  ],
  [
    1455580800000,
    0.226
  ],
  [
    1455667200000,
    0.256
  ],
  [
    1455753600000,
    0.243
  ],
  [
    1455840000000,
    0.237
  ],
  [
    1455926400000,
    0.159
  ],
  [
    1456012800000,
    0.202
  ],
  [
    1456099200000,
    0.3
  ],
  [
    1456185600000,
    0.228
  ],
  [
    1456272000000,
    0.249
  ],
  [
    1456358400000,
    0.235
  ],
  [
    1456444800000,
    0.248
  ],
  [
    1456531200000,
    0.238
  ],
  [
    1456617600000,
    0.23
  ],
  [
    1456704000000,
    0.25
  ],
  [
    1456790400000,
    0.217
  ],
  [
    1456876800000,
    0.257
  ],
  [
    1456963200000,
    0.217
  ],
  [
    1457049600000,
    0.232
  ],
  [
    1457136000000,
    0.238
  ],
  [
    1457222400000,
    0.24
  ],
  [
    1457308800000,
    0.245
  ],
  [
    1457395200000,
    0.246
  ],
  [
    1457481600000,
    0.264
  ],
  [
    1457568000000,
    0.278
  ],
  [
    1457654400000,
    0.273
  ],
  [
    1457740800000,
    0.283
  ],
  [
    1457827200000,
    0.303
  ],
  [
    1457913600000,
    0.371
  ],
  [
    1458000000000,
    0.325
  ],
  [
    1458086400000,
    0.289
  ],
  [
    1458172800000,
    0.288
  ],
  [
    1458259200000,
    0.357
  ],
  [
    1458345600000,
    0.361
  ],
  [
    1458432000000,
    0.34
  ],
  [
    1458518400000,
    0.329
  ],
  [
    1458691200000,
    0.314
  ],
  [
    1458777600000,
    0.345
  ],
  [
    1458864000000,
    0.254
  ],
  [
    1458950400000,
    0.268
  ],
  [
    1459036800000,
    0.32
  ],
  [
    1459119600000,
    0.323
  ],
  [
    1459206000000,
    0.48
  ],
  [
    1459292400000,
    0.565
  ],
  [
    1459378800000,
    0.411
  ],
  [
    1459465200000,
    0.607
  ],
  [
    1459551600000,
    0.681
  ],
  [
    1459638000000,
    0.873
  ],
  [
    1459724400000,
    0.526
  ],
  [
    1459810800000,
    1.005
  ],
  [
    1459897200000,
    0.914
  ],
  [
    1460070000000,
    0.652
  ],
  [
    1460156400000,
    0.788
  ],
  [
    1460242800000,
    0.853
  ],
  [
    1460329200000,
    0.825
  ],
  [
    1460502000000,
    0.78
  ],
  [
    1460588400000,
    0.868
  ],
  [
    1460674800000,
    0.938
  ],
  [
    1460847600000,
    0.88
  ],
  [
    1460934000000,
    0.327
  ],
  [
    1461020400000,
    0.506
  ],
  [
    1461106800000,
    0.829
  ],
  [
    1461193200000,
    0.532
  ],
  [
    1461279600000,
    0.807
  ],
  [
    1461366000000,
    0.761
  ],
  [
    1461452400000,
    0.606
  ],
  [
    1461625200000,
    0.35
  ],
  [
    1461798000000,
    0.442
  ],
  [
    1461884400000,
    0.537
  ],
  [
    1461970800000,
    0.528
  ],
  [
    1462143600000,
    0.578
  ],
  [
    1462230000000,
    0.981
  ],
  [
    1462316400000,
    1
  ],
  [
    1462402800000,
    0.571
  ],
  [
    1462575600000,
    0.675
  ],
  [
    1462662000000,
    0.654
  ],
  [
    1462921200000,
    0.58
  ],
  [
    1463007600000,
    0.54
  ],
  [
    1463266800000,
    0.876
  ],
  [
    1463439600000,
    0.436
  ],
  [
    1463526000000,
    0.63
  ],
  [
    1463612400000,
    0.642
  ],
  [
    1463698800000,
    0.58
  ],
  [
    1463785200000,
    0.644
  ],
  [
    1463871600000,
    0.637
  ],
  [
    1464130800000,
    0.47
  ],
  [
    1464303600000,
    0.433
  ],
  [
    1464390000000,
    0.38
  ],
  [
    1464649200000,
    0.512
  ],
  [
    1464735600000,
    0.457
  ],
  [
    1464822000000,
    0.476
  ],
  [
    1464908400000,
    0.426
  ],
  [
    1464994800000,
    0.434
  ],
  [
    1465081200000,
    0.457
  ],
  [
    1465167600000,
    0.429
  ],
  [
    1465254000000,
    0.469
  ],
  [
    1465340400000,
    0.468
  ],
  [
    1465426800000,
    0.457
  ],
  [
    1465513200000,
    0.47
  ],
  [
    1465599600000,
    0.464
  ],
  [
    1465686000000,
    0.441
  ],
  [
    1465858800000,
    0.427
  ],
  [
    1465945200000,
    0.406
  ],
  [
    1466031600000,
    0.47
  ],
  [
    1466118000000,
    0.322
  ],
  [
    1466204400000,
    0.539
  ],
  [
    1466290800000,
    0.346
  ],
  [
    1466377200000,
    0.421
  ],
  [
    1466463600000,
    0.364
  ],
  [
    1466550000000,
    0.586
  ],
  [
    1466636400000,
    0.598
  ],
  [
    1466982000000,
    0.425
  ],
  [
    1467068400000,
    0.432
  ],
  [
    1467154800000,
    0.385
  ],
  [
    1467327600000,
    0.515
  ],
  [
    1467500400000,
    0.34
  ],
  [
    1467586800000,
    0.365
  ],
  [
    1467673200000,
    0.358
  ],
  [
    1467759600000,
    0.365
  ],
  [
    1467846000000,
    0.41
  ],
  [
    1468018800000,
    0.38
  ],
  [
    1468105200000,
    0.35
  ],
  [
    1468364400000,
    0.389
  ],
  [
    1468537200000,
    0.379
  ],
  [
    1468623600000,
    0.378
  ],
  [
    1468882800000,
    0.27
  ],
  [
    1468969200000,
    0.333
  ],
  [
    1469055600000,
    0.341
  ],
  [
    1469228400000,
    0.352
  ],
  [
    1469401200000,
    0.43
  ],
  [
    1469746800000,
    0.628
  ],
  [
    1469919600000,
    0.345
  ],
  [
    1470092400000,
    0.3
  ],
  [
    1470178800000,
    0.27
  ],
  [
    1470524400000,
    0.29
  ],
  [
    1470610800000,
    0.288
  ],
  [
    1470697200000,
    0.26
  ],
  [
    1470783600000,
    0.254
  ],
  [
    1470870000000,
    0.301
  ],
  [
    1470956400000,
    0.25
  ],
  [
    1471042800000,
    0.2
  ],
  [
    1471129200000,
    0.2
  ],
  [
    1471215600000,
    0.255
  ],
  [
    1471647600000,
    0.294
  ],
  [
    1471734000000,
    0.199
  ],
  [
    1472079600000,
    0.202
  ],
  [
    1472166000000,
    0.23
  ],
  [
    1472252400000,
    0.15
  ],
  [
    1472338800000,
    0.207
  ],
  [
    1472425200000,
    0.232
  ],
  [
    1472684400000,
    0.234
  ],
  [
    1472770800000,
    0.228
  ],
  [
    1472857200000,
    0.19
  ],
  [
    1472943600000,
    0.243
  ],
  [
    1473116400000,
    0.232
  ],
  [
    1473202800000,
    0.226
  ],
  [
    1473289200000,
    0.258
  ],
  [
    1473548400000,
    0.258
  ],
  [
    1473634800000,
    0.15
  ],
  [
    1473721200000,
    0.23
  ],
  [
    1473980400000,
    0.28
  ],
  [
    1474066800000,
    0.258
  ],
  [
    1474153200000,
    0.567
  ],
  [
    1474239600000,
    2.23
  ],
  [
    1474326000000,
    1.811
  ],
  [
    1474412400000,
    1.322
  ],
  [
    1475103600000,
    0.495
  ],
  [
    1475190000000,
    0.51
  ],
  [
    1475276400000,
    0.53
  ],
  [
    1475362800000,
    0.51
  ],
  [
    1475535600000,
    0.54
  ],
  [
    1475794800000,
    0.47
  ],
  [
    1475881200000,
    0.542
  ],
  [
    1475967600000,
    0.592
  ],
  [
    1476054000000,
    0.592
  ],
  [
    1476226800000,
    0.506
  ],
  [
    1476313200000,
    0.453
  ],
  [
    1476399600000,
    0.553
  ],
  [
    1476486000000,
    0.544
  ],
  [
    1476918000000,
    0.478
  ],
  [
    1477090800000,
    0.475
  ],
  [
    1477350000000,
    0.465
  ],
  [
    1477436400000,
    0.362
  ],
  [
    1477522800000,
    0.269
  ],
  [
    1477609200000,
    0.255
  ],
  [
    1477695600000,
    0.235
  ],
  [
    1477782000000,
    0.238
  ],
  [
    1477872000000,
    0.26
  ],
  [
    1477958400000,
    0.26
  ],
  [
    1478044800000,
    0.239
  ],
  [
    1478390400000,
    0.236
  ],
  [
    1478476800000,
    0.2
  ],
  [
    1478649600000,
    0.254
  ],
  [
    1478736000000,
    0.24
  ],
  [
    1478822400000,
    0.255
  ],
  [
    1478908800000,
    0.216
  ],
  [
    1479081600000,
    0.27
  ],
  [
    1479168000000,
    0.277
  ],
  [
    1479340800000,
    0.272
  ],
  [
    1479427200000,
    0.31
  ],
  [
    1479513600000,
    0.329
  ],
  [
    1479600000000,
    0.32
  ],
  [
    1479772800000,
    0.352
  ],
  [
    1480032000000,
    0.312
  ],
  [
    1480204800000,
    0.331
  ],
  [
    1480291200000,
    0.355
  ],
  [
    1480377600000,
    0.424
  ],
  [
    1480464000000,
    0.6
  ],
  [
    1480550400000,
    0.589
  ],
  [
    1480723200000,
    0.4
  ],
  [
    1480809600000,
    0.729
  ],
  [
    1480982400000,
    0.749
  ],
  [
    1481068800000,
    0.24
  ],
  [
    1481155200000,
    0.633
  ],
  [
    1481241600000,
    0.478
  ],
  [
    1481414400000,
    0.45
  ],
  [
    1481673600000,
    0.47
  ],
  [
    1481760000000,
    0.61
  ],
  [
    1481932800000,
    0.511
  ],
  [
    1482019200000,
    0.509
  ],
  [
    1482105600000,
    0.53
  ],
  [
    1482192000000,
    0.42
  ],
  [
    1482278400000,
    0.38
  ],
  [
    1482364800000,
    0.454
  ],
  [
    1482710400000,
    0.415
  ],
  [
    1482796800000,
    0.456
  ],
  [
    1482969600000,
    0.478
  ],
  [
    1483056000000,
    0.454
  ],
  [
    1483228800000,
    0.387
  ],
  [
    1483315200000,
    0.36
  ],
  [
    1483488000000,
    0.254
  ],
  [
    1483574400000,
    0.24
  ],
  [
    1483660800000,
    0.273
  ],
  [
    1483833600000,
    0.272
  ],
  [
    1483920000000,
    0.282
  ],
  [
    1484265600000,
    1.248
  ],
  [
    1484352000000,
    0.947
  ],
  [
    1484438400000,
    0.745
  ],
  [
    1484524800000,
    1.245
  ],
  [
    1484611200000,
    1.801
  ],
  [
    1485129600000,
    0.623
  ],
  [
    1485302400000,
    0.665
  ],
  [
    1485475200000,
    0.501
  ],
  [
    1485820800000,
    0.569
  ],
  [
    1485907200000,
    0.43
  ],
  [
    1486252800000,
    0.423
  ],
  [
    1486339200000,
    0.387
  ],
  [
    1486512000000,
    0.352
  ],
  [
    1486598400000,
    0.495
  ],
  [
    1486684800000,
    0.326
  ],
  [
    1486771200000,
    0.334
  ],
  [
    1486857600000,
    0.346
  ],
  [
    1487030400000,
    0.312
  ],
  [
    1487116800000,
    0.28
  ],
  [
    1487203200000,
    0.319
  ],
  [
    1487289600000,
    0.274
  ],
  [
    1487376000000,
    0.278
  ],
  [
    1487462400000,
    0.33
  ],
  [
    1487548800000,
    0.3
  ],
  [
    1487721600000,
    0.363
  ],
  [
    1487894400000,
    0.439
  ],
  [
    1487980800000,
    0.435
  ],
  [
    1488067200000,
    0.382
  ],
  [
    1488153600000,
    0.382
  ],
  [
    1488240000000,
    0.338
  ],
  [
    1488326400000,
    26.421
  ],
  [
    1488499200000,
    0.36
  ],
  [
    1488585600000,
    0.352
  ],
  [
    1488672000000,
    0.38
  ],
  [
    1488758400000,
    0.364
  ],
  [
    1488844800000,
    0.392
  ],
  [
    1488931200000,
    0.38
  ],
  [
    1489104000000,
    0.402
  ],
  [
    1489190400000,
    0.402
  ],
  [
    1489276800000,
    0.436
  ],
  [
    1489363200000,
    0.404
  ],
  [
    1489622400000,
    0.403
  ],
  [
    1489708800000,
    0.394
  ],
  [
    1489795200000,
    0.394
  ],
  [
    1489881600000,
    0.312
  ],
  [
    1490054400000,
    0.441
  ],
  [
    1490569200000,
    0.423
  ],
  [
    1490655600000,
    0.51
  ],
  [
    1490742000000,
    0.51
  ],
  [
    1490828400000,
    0.425
  ],
  [
    1491174000000,
    0.427
  ],
  [
    1491346800000,
    0.37
  ],
  [
    1491433200000,
    0.39
  ],
  [
    1491778800000,
    0.382
  ],
  [
    1491865200000,
    0.368
  ],
  [
    1492038000000,
    0.303
  ],
  [
    1492124400000,
    0.36
  ],
  [
    1492297200000,
    0.361
  ],
  [
    1492383600000,
    0.276
  ],
  [
    1492470000000,
    0.226
  ],
  [
    1492556400000,
    0.309
  ],
  [
    1492642800000,
    0.269
  ],
  [
    1492729200000,
    0.14
  ],
  [
    1492815600000,
    0.262
  ],
  [
    1493420400000,
    0.251
  ],
  [
    1493506800000,
    0.326
  ],
  [
    1493593200000,
    12.542
  ],
  [
    1493679600000,
    3.754
  ],
  [
    1493766000000,
    4.311
  ],
  [
    1494111600000,
    0.656
  ],
  [
    1494370800000,
    0.734
  ],
  [
    1494543600000,
    0.436
  ],
  [
    1494630000000,
    0.43
  ],
  [
    1494716400000,
    0.502
  ],
  [
    1494889200000,
    0.44
  ],
  [
    1494975600000,
    0.675
  ],
  [
    1495062000000,
    0.43
  ],
  [
    1495234800000,
    0.41
  ],
  [
    1495321200000,
    0.357
  ],
  [
    1495407600000,
    0.347
  ],
  [
    1495494000000,
    0.415
  ],
  [
    1495753200000,
    0.343
  ],
  [
    1495839600000,
    6.596
  ],
  [
    1495926000000,
    0.448
  ],
  [
    1496271600000,
    0.554
  ],
  [
    1496617200000,
    0.772
  ],
  [
    1496790000000,
    0.472
  ],
  [
    1496876400000,
    0.7
  ],
  [
    1496962800000,
    0.38
  ],
  [
    1497049200000,
    0.37
  ],
  [
    1497308400000,
    0.31
  ],
  [
    1497481200000,
    0.319
  ],
  [
    1497567600000,
    4.353
  ],
  [
    1497654000000,
    7.753
  ],
  [
    1497740400000,
    0.6
  ],
  [
    1497999600000,
    6.688
  ],
  [
    1498172400000,
    7.367
  ],
  [
    1498431600000,
    0.795
  ],
  [
    1498604400000,
    1.538
  ],
  [
    1498690800000,
    1.7
  ],
  [
    1499036400000,
    1.01
  ],
  [
    1499122800000,
    1.01
  ],
  [
    1499382000000,
    0.795
  ],
  [
    1499468400000,
    0.642
  ],
  [
    1499641200000,
    0.84
  ],
  [
    1499814000000,
    0.902
  ],
  [
    1500159600000,
    0.955
  ],
  [
    1500332400000,
    0.754
  ],
  [
    1500418800000,
    0.904
  ],
  [
    1500591600000,
    1.044
  ],
  [
    1500678000000,
    1.163
  ],
  [
    1500764400000,
    0.824
  ],
  [
    1500937200000,
    2.865
  ],
  [
    1501110000000,
    1.875
  ],
  [
    1501282800000,
    0.942
  ],
  [
    1501369200000,
    1
  ],
  [
    1501714800000,
    1.135
  ],
  [
    1501887600000,
    0.97
  ],
  [
    1502233200000,
    1.75
  ],
  [
    1502319600000,
    29.639
  ],
  [
    1502406000000,
    90.755
  ],
  [
    1502492400000,
    26.428
  ],
  [
    1502578800000,
    82.97
  ],
  [
    1502665200000,
    62.668
  ],
  [
    1502751600000,
    69.385
  ],
  [
    1503010800000,
    4.595
  ],
  [
    1503097200000,
    82.29
  ],
  [
    1503356400000,
    82
  ],
  [
    1503442800000,
    38.097
  ],
  [
    1503529200000,
    34.652
  ],
  [
    1503788400000,
    4.468
  ],
  [
    1503874800000,
    5.85
  ],
  [
    1503961200000,
    3.586
  ],
  [
    1504134000000,
    3.745
  ],
  [
    1504220400000,
    4.56
  ],
  [
    1504566000000,
    3.843
  ],
  [
    1504652400000,
    4.302
  ],
  [
    1504738800000,
    4.707
  ],
  [
    1504825200000,
    5.18
  ],
  [
    1504911600000,
    4.018
  ],
  [
    1504998000000,
    4
  ],
  [
    1505084400000,
    4.108
  ],
  [
    1505257200000,
    4.077
  ],
  [
    1505343600000,
    4.508
  ],
  [
    1505430000000,
    4.474
  ],
  [
    1505689200000,
    3.45
  ],
  [
    1505948400000,
    3.348
  ],
  [
    1506034800000,
    4.433
  ],
  [
    1506121200000,
    4.592
  ],
  [
    1506207600000,
    4
  ],
  [
    1506294000000,
    3.275
  ],
  [
    1506380400000,
    4.56
  ],
  [
    1506553200000,
    4.45
  ],
  [
    1506985200000,
    3.38
  ],
  [
    1507071600000,
    3.66
  ],
  [
    1507503600000,
    3.437
  ],
  [
    1507590000000,
    3.495
  ],
  [
    1507676400000,
    3.213
  ],
  [
    1507849200000,
    3.251
  ],
  [
    1508281200000,
    3.017
  ],
  [
    1508454000000,
    3
  ],
  [
    1508540400000,
    77
  ],
  [
    1508713200000,
    16.897
  ],
  [
    1508799600000,
    2.697
  ],
  [
    1508886000000,
    2.895
  ],
  [
    1509058800000,
    2.864
  ],
  [
    1509494400000,
    2.576
  ],
  [
    1509580800000,
    2.49
  ],
  [
    1509840000000,
    2.41
  ],
  [
    1510099200000,
    2.691
  ],
  [
    1510790400000,
    2.489
  ],
  [
    1510876800000,
    2.61
  ],
  [
    1510963200000,
    2.303
  ],
  [
    1511049600000,
    2.818
  ],
  [
    1511136000000,
    2.373
  ],
  [
    1511308800000,
    2.697
  ],
  [
    1511481600000,
    2.698
  ],
  [
    1511568000000,
    2.754
  ],
  [
    1511740800000,
    2.699
  ],
  [
    1511913600000,
    2.743
  ],
  [
    1512000000000,
    2.775
  ],
  [
    1512086400000,
    2.867
  ],
  [
    1512259200000,
    2.817
  ],
  [
    1512345600000,
    2.748
  ],
  [
    1512432000000,
    2.012
  ],
  [
    1512518400000,
    2.634
  ],
  [
    1512604800000,
    3.01
  ],
  [
    1512777600000,
    3.068
  ],
  [
    1512864000000,
    3.068
  ],
  [
    1512950400000,
    2.993
  ],
  [
    1513123200000,
    2.698
  ],
  [
    1513296000000,
    2.301
  ],
  [
    1513382400000,
    3.073
  ],
  [
    1513468800000,
    2.767
  ],
  [
    1513555200000,
    2.504
  ],
  [
    1513814400000,
    2.369
  ],
  [
    1513900800000,
    2.043
  ],
  [
    1514073600000,
    2.104
  ],
  [
    1514160000000,
    2.056
  ],
  [
    1514246400000,
    2.148
  ],
  [
    1514419200000,
    1.7
  ],
  [
    1514678400000,
    1.952
  ],
  [
    1514851200000,
    1.561
  ],
  [
    1514937600000,
    1.67
  ],
  [
    1515110400000,
    1.598
  ],
  [
    1515196800000,
    1.58
  ],
  [
    1515283200000,
    1.38
  ],
  [
    1515628800000,
    1.468
  ],
  [
    1515715200000,
    1.586
  ],
  [
    1515801600000,
    1.633
  ],
  [
    1515888000000,
    1.367
  ],
  [
    1516147200000,
    0.778
  ],
  [
    1516233600000,
    1.299
  ],
  [
    1516320000000,
    1.276
  ],
  [
    1516406400000,
    1.316
  ],
  [
    1516579200000,
    0.703
  ],
  [
    1516752000000,
    0.735
  ],
  [
    1516838400000,
    0.71
  ],
  [
    1516924800000,
    0.806
  ],
  [
    1517011200000,
    0.868
  ],
  [
    1517097600000,
    0.846
  ],
  [
    1517184000000,
    0.927
  ],
  [
    1517270400000,
    0.994
  ],
  [
    1517443200000,
    0.932
  ],
  [
    1517529600000,
    1.135
  ],
  [
    1517616000000,
    1.083
  ],
  [
    1518048000000,
    0.929
  ],
  [
    1518134400000,
    1.016
  ],
  [
    1518220800000,
    1.026
  ],
  [
    1518307200000,
    1.041
  ],
  [
    1518393600000,
    0.845
  ],
  [
    1518652800000,
    1.026
  ],
  [
    1518912000000,
    0.863
  ],
  [
    1518998400000,
    0.862
  ],
  [
    1519084800000,
    0.862
  ],
  [
    1519257600000,
    0.92
  ],
  [
    1519516800000,
    0.92
  ],
  [
    1519776000000,
    0.773
  ],
  [
    1519948800000,
    0.852
  ],
  [
    1520035200000,
    0.785
  ],
  [
    1520467200000,
    0.692
  ],
  [
    1520726400000,
    0.756
  ],
  [
    1520899200000,
    0.753
  ],
  [
    1520985600000,
    0.861
  ],
  [
    1521158400000,
    0.785
  ],
  [
    1521244800000,
    0.768
  ],
  [
    1521590400000,
    0.748
  ],
  [
    1521936000000,
    0.703
  ],
  [
    1522105200000,
    0.75
  ],
  [
    1522450800000,
    0.666
  ],
  [
    1522537200000,
    0.662
  ],
  [
    1522623600000,
    0.662
  ],
  [
    1522710000000,
    0.435
  ],
  [
    1522882800000,
    0.477
  ],
  [
    1522969200000,
    0.294
  ],
  [
    1523142000000,
    0.514
  ],
  [
    1523228400000,
    0.425
  ],
  [
    1523401200000,
    0.39
  ],
  [
    1523487600000,
    0.47
  ],
  [
    1523574000000,
    0.498
  ],
  [
    1523746800000,
    0.481
  ],
  [
    1524265200000,
    0.358
  ],
  [
    1524438000000,
    0.34
  ],
  [
    1524524400000,
    0.355
  ],
  [
    1524610800000,
    0.368
  ],
  [
    1524697200000,
    0.345
  ],
  [
    1524956400000,
    0.31
  ],
  [
    1525042800000,
    0.315
  ],
  [
    1525129200000,
    0.268
  ],
  [
    1525215600000,
    0.348
  ],
  [
    1525388400000,
    0.331
  ],
  [
    1525474800000,
    0.319
  ],
  [
    1525647600000,
    0.286
  ],
  [
    1525734000000,
    0.284
  ],
  [
    1525820400000,
    0.29
  ],
  [
    1525906800000,
    0.28
  ],
  [
    1525993200000,
    0.28
  ],
  [
    1526079600000,
    0.275
  ],
  [
    1526166000000,
    0.308
  ],
  [
    1526252400000,
    0.29
  ],
  [
    1526338800000,
    0.29
  ],
  [
    1526598000000,
    0.29
  ],
  [
    1526684400000,
    0.294
  ],
  [
    1526770800000,
    0.309
  ],
  [
    1526857200000,
    0.307
  ],
  [
    1526943600000,
    0.295
  ],
  [
    1527030000000,
    0.289
  ],
  [
    1527116400000,
    0.26
  ],
  [
    1527202800000,
    0.226
  ],
  [
    1527289200000,
    0.241
  ],
  [
    1527462000000,
    0.197
  ],
  [
    1527548400000,
    0.258
  ],
  [
    1527634800000,
    0.239
  ],
  [
    1527721200000,
    0.297
  ],
  [
    1528326000000,
    0.208
  ],
  [
    1528585200000,
    0.246
  ],
  [
    1528758000000,
    0.224
  ],
  [
    1528844400000,
    0.181
  ],
  [
    1529103600000,
    0.197
  ],
  [
    1529190000000,
    0.225
  ],
  [
    1529449200000,
    0.117
  ],
  [
    1529535600000,
    0.259
  ],
  [
    1529622000000,
    0.237
  ],
  [
    1529708400000,
    0.35
  ],
  [
    1529794800000,
    0.37
  ],
  [
    1529881200000,
    0.381
  ],
  [
    1529967600000,
    0.375
  ],
  [
    1530313200000,
    0.33
  ],
  [
    1530399600000,
    0.361
  ],
  [
    1530918000000,
    0.38
  ],
  [
    1531436400000,
    0.29
  ],
  [
    1531522800000,
    0.221
  ],
  [
    1531609200000,
    0.35
  ],
  [
    1531868400000,
    0.254
  ],
  [
    1532041200000,
    0.275
  ],
  [
    1532127600000,
    0.363
  ],
  [
    1532214000000,
    0.291
  ],
  [
    1532300400000,
    0.21
  ],
  [
    1532473200000,
    0.327
  ],
  [
    1532559600000,
    0.333
  ],
  [
    1532646000000,
    0.321
  ],
  [
    1533250800000,
    0.29
  ],
  [
    1533596400000,
    0.363
  ],
  [
    1534028400000,
    0.281
  ],
  [
    1534201200000,
    0.208
  ],
  [
    1534374000000,
    0.051
  ],
  [
    1534719600000,
    33.543
  ],
  [
    1534892400000,
    0.249
  ],
  [
    1534978800000,
    0.264
  ],
  [
    1535151600000,
    0.25
  ],
  [
    1535238000000,
    0.27
  ],
  [
    1535324400000,
    0.243
  ],
  [
    1535410800000,
    0.233
  ],
  [
    1535670000000,
    0.4
  ],
  [
    1535929200000,
    1.091
  ],
  [
    1536015600000,
    1.091
  ],
  [
    1536102000000,
    0.219
  ],
  [
    1536620400000,
    1.012
  ],
  [
    1536706800000,
    1.16
  ],
  [
    1537138800000,
    0.908
  ],
  [
    1537225200000,
    1.04
  ],
  [
    1537311600000,
    0.749
  ],
  [
    1537398000000,
    1.05
  ],
  [
    1537570800000,
    0.614
  ],
  [
    1537657200000,
    1.05
  ],
  [
    1537743600000,
    0.955
  ],
  [
    1537916400000,
    1.11
  ],
  [
    1538175600000,
    0.29
  ],
  [
    1538262000000,
    0.661
  ],
  [
    1538348400000,
    0.749
  ],
  [
    1538521200000,
    0.376
  ],
  [
    1538607600000,
    0.819
  ],
  [
    1538694000000,
    1.04
  ],
  [
    1538780400000,
    0.756
  ],
  [
    1539126000000,
    0.908
  ],
  [
    1539212400000,
    1.06
  ],
  [
    1539298800000,
    0.92
  ],
  [
    1539385200000,
    0.715
  ],
  [
    1539730800000,
    0.955
  ],
  [
    1539817200000,
    1.1
  ],
  [
    1540076400000,
    0.451
  ],
  [
    1540771200000,
    0.456
  ],
  [
    1541030400000,
    0.471
  ],
  [
    1542412800000,
    0.558
  ],
  [
    1543017600000,
    0.37
  ],
  [
    1543449600000,
    0.495
  ],
  [
    1543536000000,
    0.409
  ],
  [
    1544659200000,
    0.35
  ],
  [
    1544918400000,
    0.449
  ],
  [
    1545177600000,
    0.378
  ],
  [
    1545436800000,
    0.288
  ],
  [
    1545609600000,
    0.341
  ],
  [
    1545868800000,
    0.35
  ],
  [
    1546214400000,
    0.334
  ],
  [
    1546300800000,
    0.328
  ],
  [
    1546387200000,
    0.341
  ],
  [
    1546646400000,
    0.384
  ],
  [
    1547078400000,
    0.32
  ],
  [
    1547251200000,
    0.327
  ],
  [
    1547596800000,
    0.341
  ],
  [
    1547683200000,
    0.34
  ],
  [
    1547769600000,
    0.344
  ],
  [
    1548028800000,
    0.344
  ],
  [
    1548633600000,
    0.347
  ],
  [
    1549238400000,
    0.32
  ],
  [
    1549929600000,
    0.28
  ],
  [
    1550534400000,
    0.311
  ],
  [
    1550620800000,
    0.334
  ],
  [
    1551312000000,
    0.32
  ],
  [
    1551398400000,
    0.301
  ],
  [
    1551484800000,
    0.296
  ],
  [
    1551571200000,
    0.31
  ],
  [
    1551830400000,
    0.306
  ],
  [
    1552348800000,
    0.287
  ],
  [
    1552521600000,
    0.339
  ],
  [
    1552694400000,
    0.286
  ],
  [
    1552867200000,
    0.339
  ],
  [
    1553126400000,
    0.348
  ],
  [
    1553212800000,
    0.341
  ],
  [
    1553299200000,
    0.342
  ],
  [
    1553385600000,
    0.345
  ],
  [
    1553472000000,
    0.351
  ],
  [
    1554505200000,
    0.29
  ],
  [
    1554591600000,
    0.352
  ],
  [
    1554678000000,
    0.367
  ],
  [
    1554764400000,
    0.376
  ],
  [
    1555196400000,
    0.268
  ],
  [
    1555628400000,
    0.27
  ],
  [
    1555801200000,
    0.399
  ],
  [
    1556146800000,
    0.31
  ],
  [
    1556233200000,
    0.316
  ],
  [
    1556319600000,
    0.346
  ],
  [
    1556406000000,
    0.315
  ],
  [
    1556665200000,
    0.322
  ],
  [
    1556751600000,
    0.536
  ],
  [
    1556838000000,
    0.242
  ],
  [
    1557183600000,
    0.3
  ],
  [
    1557788400000,
    0.324
  ],
  [
    1557874800000,
    0.314
  ],
  [
    1558393200000,
    0.223
  ],
  [
    1559170800000,
    0.27
  ],
  [
    1559516400000,
    0.262
  ],
  [
    1559948400000,
    0.26
  ],
  [
    1560121200000,
    0.263
  ],
  [
    1560207600000,
    0.27
  ],
  [
    1560294000000,
    0.305
  ],
  [
    1560466800000,
    0.25
  ],
  [
    1560553200000,
    0.31
  ],
  [
    1560726000000,
    0.312
  ],
  [
    1561071600000,
    0.318
  ],
  [
    1561503600000,
    0.296
  ],
  [
    1561590000000,
    0.204
  ],
  [
    1562194800000,
    0.249
  ],
  [
    1562454000000,
    0.213
  ],
  [
    1562886000000,
    0.23
  ],
  [
    1562972400000,
    0.266
  ],
  [
    1563231600000,
    0.28
  ],
  [
    1563318000000,
    0.276
  ],
  [
    1563404400000,
    0.28
  ],
  [
    1563490800000,
    0.261
  ],
  [
    1563836400000,
    0.271
  ],
  [
    1564268400000,
    0.285
  ],
  [
    1564700400000,
    0.25
  ],
  [
    1565132400000,
    0.299
  ],
  [
    1565305200000,
    0.257
  ],
  [
    1565391600000,
    0.313
  ],
  [
    1565478000000,
    0.31
  ],
  [
    1565737200000,
    0.28
  ],
  [
    1565823600000,
    0.288
  ],
  [
    1566082800000,
    0.332
  ],
  [
    1566255600000,
    0.29
  ],
  [
    1566428400000,
    0.327
  ],
  [
    1566514800000,
    0.365
  ],
  [
    1566774000000,
    0.423
  ],
  [
    1567810800000,
    0.35
  ],
  [
    1568070000000,
    0.152
  ],
  [
    1568156400000,
    0.349
  ],
  [
    1568242800000,
    0.395
  ],
  [
    1568588400000,
    0.345
  ],
  [
    1569106800000,
    0.414
  ],
  [
    1569279600000,
    0.34
  ],
  [
    1569884400000,
    0.322
  ],
  [
    1569970800000,
    0.414
  ],
  [
    1570057200000,
    0.474
  ],
  [
    1570143600000,
    0.34
  ],
  [
    1570575600000,
    0.612
  ],
  [
    1570834800000,
    0.452
  ],
  [
    1570921200000,
    0.436
  ],
  [
    1571094000000,
    0.39
  ],
  [
    1571180400000,
    0.563
  ],
  [
    1571353200000,
    0.458
  ],
  [
    1571526000000,
    0.57
  ],
  [
    1571785200000,
    0.588
  ],
  [
    1572044400000,
    0.408
  ],
  [
    1572220800000,
    0.449
  ],
  [
    1572393600000,
    0.111
  ],
  [
    1572480000000,
    0.396
  ],
  [
    1572566400000,
    0.483
  ],
  [
    1572912000000,
    0.5
  ],
  [
    1573084800000,
    0.449
  ],
  [
    1573430400000,
    0.507
  ],
  [
    1573516800000,
    0.609
  ],
  [
    1573689600000,
    0.624
  ],
  [
    1573776000000,
    0.539
  ],
  [
    1574208000000,
    0.45
  ],
  [
    1574294400000,
    0.433
  ],
  [
    1574726400000,
    0.448
  ],
  [
    1574812800000,
    0.5
  ],
  [
    1574899200000,
    0.496
  ],
  [
    1574985600000,
    0.595
  ],
  [
    1575763200000,
    0.565
  ],
  [
    1575849600000,
    0.423
  ],
  [
    1576368000000,
    0.604
  ],
  [
    1576540800000,
    0.65
  ],
  [
    1576886400000,
    0.414
  ],
  [
    1576972800000,
    0.506
  ],
  [
    1577059200000,
    0.624
  ],
  [
    1577664000000,
    0.563
  ],
  [
    1577923200000,
    0.551
  ],
  [
    1578096000000,
    0.538
  ],
  [
    1578182400000,
    1.77
  ],
  [
    1578268800000,
    0.548
  ],
  [
    1578355200000,
    8.027
  ],
  [
    1578700800000,
    0.571
  ],
  [
    1578787200000,
    0.538
  ],
  [
    1578960000000,
    0.531
  ],
  [
    1579219200000,
    0.545
  ],
  [
    1579392000000,
    0.618
  ],
  [
    1579737600000,
    0.57
  ],
  [
    1579910400000,
    0.532
  ],
  [
    1580256000000,
    0.53
  ],
  [
    1580515200000,
    0.43
  ],
  [
    1580688000000,
    0.451
  ],
  [
    1581292800000,
    0.529
  ],
  [
    1581379200000,
    0.466
  ],
  [
    1581724800000,
    0.542
  ],
  [
    1581897600000,
    0.452
  ],
  [
    1582675200000,
    0.417
  ],
  [
    1583280000000,
    0.37
  ],
  [
    1583366400000,
    0.508
  ],
  [
    1583539200000,
    0.578
  ],
  [
    1583712000000,
    0.543
  ],
  [
    1584230400000,
    0.422
  ],
  [
    1584662400000,
    0.41
  ],
  [
    1584835200000,
    0.46
  ],
  [
    1584921600000,
    0.32
  ],
  [
    1585094400000,
    0.299
  ],
  [
    1585267200000,
    0.414
  ],
  [
    1585353600000,
    0.364
  ],
  [
    1585695600000,
    0.394
  ],
  [
    1585782000000,
    0.338
  ],
  [
    1585868400000,
    0.333
  ],
  [
    1585954800000,
    2.328
  ],
  [
    1586127600000,
    0.377
  ],
  [
    1586300400000,
    0.391
  ],
  [
    1586386800000,
    0.421
  ],
  [
    1586559600000,
    0.368
  ],
  [
    1586646000000,
    0.381
  ],
  [
    1586732400000,
    0.415
  ],
  [
    1586905200000,
    0.41
  ],
  [
    1586991600000,
    0.414
  ],
  [
    1587164400000,
    0.423
  ],
  [
    1587337200000,
    0.405
  ],
  [
    1588114800000,
    0.412
  ],
  [
    1588374000000,
    0.305
  ],
  [
    1588460400000,
    0.406
  ],
  [
    1588633200000,
    0.405
  ],
  [
    1588719600000,
    0.232
  ],
  [
    1588806000000,
    0.23
  ],
  [
    1588892400000,
    0.376
  ],
  [
    1589151600000,
    0.427
  ],
  [
    1589497200000,
    0.37
  ],
  [
    1589583600000,
    0.366
  ],
  [
    1589670000000,
    0.398
  ],
  [
    1590102000000,
    0.376
  ],
  [
    1590274800000,
    0.424
  ],
  [
    1590361200000,
    0.325
  ],
  [
    1590447600000,
    0.394
  ],
  [
    1590534000000,
    0.414
  ],
  [
    1590706800000,
    0.423
  ],
  [
    1590966000000,
    0.334
  ],
  [
    1591398000000,
    0.378
  ],
  [
    1591484400000,
    0.441
  ],
  [
    1591570800000,
    0.41
  ],
  [
    1591743600000,
    0.38
  ],
  [
    1592089200000,
    0.332
  ],
  [
    1592175600000,
    0.322
  ],
  [
    1592348400000,
    0.349
  ],
  [
    1592866800000,
    0.339
  ],
  [
    1593039600000,
    0.233
  ],
  [
    1593212400000,
    0.304
  ],
  [
    1593644400000,
    0.298
  ],
  [
    1593817200000,
    0.366
  ],
  [
    1593903600000,
    0.382
  ],
  [
    1593990000000,
    0.322
  ],
  [
    1594162800000,
    0.336
  ],
  [
    1594249200000,
    0.418
  ],
  [
    1594422000000,
    0.35
  ],
  [
    1594681200000,
    0.339
  ],
  [
    1594854000000,
    0.389
  ],
  [
    1595199600000,
    0.378
  ],
  [
    1595286000000,
    0.447
  ],
  [
    1595458800000,
    0.465
  ],
  [
    1595545200000,
    0.39
  ],
  [
    1595718000000,
    0.436
  ],
  [
    1595977200000,
    0.482
  ],
  [
    1596150000000,
    0.481
  ],
  [
    1596409200000,
    0.454
  ],
  [
    1596582000000,
    0.39
  ],
  [
    1596754800000,
    0.479
  ],
  [
    1596927600000,
    0.443
  ],
  [
    1597014000000,
    0.4
  ],
  [
    1597186800000,
    0.485
  ],
  [
    1597359600000,
    0.529
  ],
  [
    1597618800000,
    0.41
  ],
  [
    1597705200000,
    0.379
  ],
  [
    1597964400000,
    0.374
  ],
  [
    1598050800000,
    0.416
  ],
  [
    1598223600000,
    0.558
  ],
  [
    1598396400000,
    0.483
  ],
  [
    1598569200000,
    0.473
  ],
  [
    1598742000000,
    0.54
  ],
  [
    1598914800000,
    0.494
  ],
  [
    1599087600000,
    0.504
  ],
  [
    1599260400000,
    0.56
  ],
  [
    1599433200000,
    0.54
  ],
  [
    1599778800000,
    0.522
  ],
  [
    1599865200000,
    0.551
  ],
  [
    1599951600000,
    0.5
  ],
  [
    1600038000000,
    0.459
  ],
  [
    1600124400000,
    0.474
  ],
  [
    1600297200000,
    0.46
  ],
  [
    1600470000000,
    0.426
  ],
  [
    1600556400000,
    0.494
  ],
  [
    1600642800000,
    0.516
  ],
  [
    1600729200000,
    0.556
  ],
  [
    1600815600000,
    0.451
  ],
  [
    1600988400000,
    0.427
  ],
  [
    1601074800000,
    0.337
  ],
  [
    1601247600000,
    0.51
  ],
  [
    1601593200000,
    0.439
  ],
  [
    1601679600000,
    0.405
  ],
  [
    1601852400000,
    0.538
  ],
  [
    1602198000000,
    0.58
  ],
  [
    1602370800000,
    0.556
  ],
  [
    1602543600000,
    0.51
  ],
  [
    1602630000000,
    0.506
  ],
  [
    1603062000000,
    0.445
  ],
  [
    1603148400000,
    0.539
  ],
  [
    1603234800000,
    0.531
  ],
  [
    1603321200000,
    0.571
  ],
  [
    1603407600000,
    0.496
  ],
  [
    1603494000000,
    0.45
  ],
  [
    1603580400000,
    0.52
  ],
  [
    1603756800000,
    0.578
  ],
  [
    1603843200000,
    0.598
  ],
  [
    1603929600000,
    0.53
  ],
  [
    1604188800000,
    0.491
  ],
  [
    1604361600000,
    0.615
  ],
  [
    1604534400000,
    0.479
  ],
  [
    1604620800000,
    0.497
  ],
  [
    1604880000000,
    0.598
  ],
  [
    1606003200000,
    0.367
  ],
  [
    1606089600000,
    0.429
  ],
  [
    1607212800000,
    0.47
  ],
  [
    1607558400000,
    0.474
  ],
  [
    1607731200000,
    0.407
  ],
  [
    1608076800000,
    0.285
  ],
  [
    1608249600000,
    0.434
  ],
  [
    1608681600000,
    0.901
  ],
  [
    1608940800000,
    0.32
  ],
  [
    1609200000000,
    0.541
  ],
  [
    1609286400000,
    0.345
  ],
  [
    1609545600000,
    0.38
  ],
  [
    1609632000000,
    0.491
  ],
  [
    1609977600000,
    0.504
  ],
  [
    1610323200000,
    0.527
  ],
  [
    1610409600000,
    0.53
  ],
  [
    1610668800000,
    0.548
  ],
  [
    1610755200000,
    0.284
  ],
  [
    1610841600000,
    0.581
  ],
  [
    1610928000000,
    0.557
  ],
  [
    1611273600000,
    0.335
  ],
  [
    1611532800000,
    0.572
  ],
  [
    1611619200000,
    0.557
  ],
  [
    1611792000000,
    0.563
  ],
  [
    1611878400000,
    0.465
  ],
  [
    1612137600000,
    0.607
  ],
  [
    1612224000000,
    0.46
  ],
  [
    1612396800000,
    0.487
  ],
  [
    1612569600000,
    0.497
  ],
  [
    1612828800000,
    0.503
  ],
  [
    1612915200000,
    0.546
  ],
  [
    1613692800000,
    0.621
  ],
  [
    1614297600000,
    0.54
  ],
  [
    1614384000000,
    0.458
  ],
  [
    1614470400000,
    0.536
  ],
  [
    1614643200000,
    0.536
  ],
  [
    1614816000000,
    0.494
  ],
  [
    1614902400000,
    0.517
  ],
  [
    1615075200000,
    0.513
  ],
  [
    1615161600000,
    0.508
  ],
  [
    1615248000000,
    0.437
  ],
  [
    1615420800000,
    0.425
  ],
  [
    1615593600000,
    0.439
  ],
  [
    1615680000000,
    2.98
  ],
  [
    1615939200000,
    0.383
  ],
  [
    1616025600000,
    0.582
  ],
  [
    1616284800000,
    0.498
  ],
  [
    1616630400000,
    0.42
  ],
  [
    1616716800000,
    0.432
  ],
  [
    1616803200000,
    0.496
  ],
  [
    1617058800000,
    0.598
  ],
  [
    1617145200000,
    0.666
  ],
  [
    1617231600000,
    0.677
  ],
  [
    1617490800000,
    0.662
  ],
  [
    1618095600000,
    0.452
  ],
  [
    1618268400000,
    0.452
  ],
  [
    1618614000000,
    0.496
  ],
  [
    1618700400000,
    0.449
  ],
  [
    1618786800000,
    0.502
  ],
  [
    1618873200000,
    0.498
  ],
  [
    1618959600000,
    0.528
  ],
  [
    1619132400000,
    0.407
  ],
  [
    1619478000000,
    0.469
  ],
  [
    1619650800000,
    0.541
  ],
  [
    1619910000000,
    0.466
  ],
  [
    1619996400000,
    0.582
  ],
  [
    1620082800000,
    0.492
  ],
  [
    1620169200000,
    0.517
  ],
  [
    1620342000000,
    0.483
  ],
  [
    1620428400000,
    0.472
  ],
  [
    1620601200000,
    0.492
  ],
  [
    1620774000000,
    0.606
  ],
  [
    1620860400000,
    0.612
  ],
  [
    1621206000000,
    0.653
  ],
  [
    1621292400000,
    0.554
  ],
  [
    1621551600000,
    0.656
  ],
  [
    1621638000000,
    0.606
  ],
  [
    1621810800000,
    0.659
  ],
  [
    1621897200000,
    0.366
  ],
  [
    1621983600000,
    1.09
  ],
  [
    1622070000000,
    0.624
  ],
  [
    1622242800000,
    0.552
  ],
  [
    1622329200000,
    0.676
  ],
  [
    1622502000000,
    0.576
  ],
  [
    1622588400000,
    0.691
  ],
  [
    1622674800000,
    0.689
  ],
  [
    1622847600000,
    0.782
  ],
  [
    1622934000000,
    0.732
  ],
  [
    1623020400000,
    0.762
  ],
  [
    1623106800000,
    0.84
  ],
  [
    1623193200000,
    0.649
  ],
  [
    1623366000000,
    0.756
  ],
  [
    1623452400000,
    0.822
  ],
  [
    1623625200000,
    0.683
  ],
  [
    1623711600000,
    0.557
  ],
  [
    1623798000000,
    0.724
  ],
  [
    1623884400000,
    0.842
  ],
  [
    1623970800000,
    0.752
  ],
  [
    1624143600000,
    0.749
  ],
  [
    1624230000000,
    0.677
  ],
  [
    1624402800000,
    0.75
  ],
  [
    1624575600000,
    1.671
  ],
  [
    1624662000000,
    0.66
  ],
  [
    1624921200000,
    0.887
  ],
  [
    1625007600000,
    0.77
  ],
  [
    1625094000000,
    0.955
  ],
  [
    1625180400000,
    1.07
  ],
  [
    1625266800000,
    0.685
  ],
  [
    1625526000000,
    0.674
  ],
  [
    1625612400000,
    0.86
  ],
  [
    1626044400000,
    0.94
  ],
  [
    1626562800000,
    1.063
  ],
  [
    1626649200000,
    0.84
  ],
  [
    1626735600000,
    0.575
  ],
  [
    1626822000000,
    1.06
  ],
  [
    1627254000000,
    0.772
  ],
  [
    1627426800000,
    1.101
  ],
  [
    1627686000000,
    1.23
  ],
  [
    1628204400000,
    0.86
  ],
  [
    1629154800000,
    0.87
  ],
  [
    1629586800000,
    0.704
  ],
  [
    1630105200000,
    0.846
  ],
  [
    1631660400000,
    0.805
  ],
  [
    1631746800000,
    0.744
  ],
  [
    1632351600000,
    0.63
  ],
  [
    1632438000000,
    0.412
  ],
  [
    1632524400000,
    0.631
  ],
  [
    1632697200000,
    0.895
  ],
  [
    1633129200000,
    0.66
  ],
  [
    1633302000000,
    0.564
  ],
  [
    1633820400000,
    0.589
  ],
  [
    1634770800000,
    0.664
  ],
  [
    1635116400000,
    0.59
  ],
  [
    1635811200000,
    0.534
  ],
  [
    1636156800000,
    0.85
  ],
  [
    1636502400000,
    0.791
  ],
  [
    1636848000000,
    0.744
  ],
  [
    1637193600000,
    0.964
  ],
  [
    1637712000000,
    0.62
  ],
  [
    1638144000000,
    0.609
  ],
  [
    1638576000000,
    0.665
  ],
  [
    1639267200000,
    0.693
  ],
  [
    1639353600000,
    0.895
  ],
  [
    1640131200000,
    0.764
  ],
  [
    1640476800000,
    0.862
  ],
  [
    1640649600000,
    0.611
  ],
  [
    1641340800000,
    0.661
  ],
  [
    1641600000000,
    0.795
  ],
  [
    1641772800000,
    0.989
  ],
  [
    1641945600000,
    1.006
  ],
  [
    1642204800000,
    1.152
  ],
  [
    1642550400000,
    0.75
  ],
  [
    1642982400000,
    0.76
  ],
  [
    1643414400000,
    0.833
  ],
  [
    1643846400000,
    0.741
  ],
  [
    1643932800000,
    0.679
  ],
  [
    1644019200000,
    0.66
  ],
  [
    1644451200000,
    0.66
  ],
  [
    1644796800000,
    0.95
  ],
  [
    1644883200000,
    0.825
  ],
  [
    1644969600000,
    0.817
  ],
  [
    1645488000000,
    0.63
  ],
  [
    1645920000000,
    0.53
  ],
  [
    1646265600000,
    0.53
  ],
  [
    1646524800000,
    0.517
  ],
  [
    1646611200000,
    0.413
  ],
  [
    1647216000000,
    0.593
  ],
  [
    1647388800000,
    0.436
  ],
  [
    1647648000000,
    0.432
  ],
  [
    1647734400000,
    0.406
  ],
  [
    1647820800000,
    0.587
  ],
  [
    1648252800000,
    0.658
  ],
  [
    1648339200000,
    0.603
  ],
  [
    1648422000000,
    0.603
  ],
  [
    1648767600000,
    0.584
  ],
  [
    1648854000000,
    0.609
  ],
  [
    1648940400000,
    0.534
  ],
  [
    1649026800000,
    0.467
  ],
  [
    1649199600000,
    0.655
  ],
  [
    1649286000000,
    0.532
  ],
  [
    1649372400000,
    0.567
  ],
  [
    1649458800000,
    3.751
  ],
  [
    1649631600000,
    0.597
  ],
  [
    1649718000000,
    0.455
  ],
  [
    1650063600000,
    0.313
  ],
  [
    1650150000000,
    0.579
  ],
  [
    1650409200000,
    0.696
  ],
  [
    1650754800000,
    0.697
  ],
  [
    1651186800000,
    0.671
  ],
  [
    1651618800000,
    0.406
  ],
  [
    1651791600000,
    0.664
  ],
  [
    1651878000000,
    0.667
  ],
  [
    1653346800000,
    0.03
  ],
  [
    1653433200000,
    0.606
  ],
  [
    1653519600000,
    0.66
  ],
  [
    1653606000000,
    0.586
  ],
  [
    1653692400000,
    0.516
  ],
  [
    1654470000000,
    0.609
  ],
  [
    1654902000000,
    0.493
  ],
  [
    1655247600000,
    0.69
  ],
  [
    1655679600000,
    0.46
  ],
  [
    1656630000000,
    0.631
  ],
  [
    1656716400000,
    0.356
  ],
  [
    1656802800000,
    0.593
  ],
  [
    1657148400000,
    0.625
  ],
  [
    1657234800000,
    0.494
  ],
  [
    1657494000000,
    0.44
  ],
  [
    1657580400000,
    0.61
  ],
  [
    1657753200000,
    0.519
  ],
  [
    1657839600000,
    0.671
  ],
  [
    1657926000000,
    0.4
  ],
  [
    1658271600000,
    0.64
  ],
  [
    1658962800000,
    0.794
  ],
  [
    1659222000000,
    0.54
  ],
  [
    1659567600000,
    6.16
  ],
  [
    1659999600000,
    0.66
  ],
  [
    1660258800000,
    0.476
  ],
  [
    1660604400000,
    0.648
  ],
  [
    1660690800000,
    0.78
  ],
  [
    1661295600000,
    0.63
  ],
  [
    1661554800000,
    0.86
  ],
  [
    1661814000000,
    0.92
  ],
  [
    1661900400000,
    0.552
  ],
  [
    1662159600000,
    0.65
  ],
  [
    1662246000000,
    0.956
  ],
  [
    1662332400000,
    0.989
  ],
  [
    1662505200000,
    0.66
  ],
  [
    1663110000000,
    0.906
  ],
  [
    1663542000000,
    0.62
  ],
  [
    1664060400000,
    0.59
  ],
  [
    1664492400000,
    0.66
  ],
  [
    1664578800000,
    0.93
  ],
  [
    1665183600000,
    0.66
  ],
  [
    1665442800000,
    0.66
  ],
  [
    1665615600000,
    0.84
  ],
  [
    1666047600000,
    0.839
  ],
  [
    1666479600000,
    0.819
  ],
  [
    1667260800000,
    0.681
  ],
  [
    1667347200000,
    0.674
  ],
  [
    1667433600000,
    0.66
  ],
  [
    1667865600000,
    1.02
  ],
  [
    1667952000000,
    0.822
  ],
  [
    1668038400000,
    0.835
  ],
  [
    1668556800000,
    1.914
  ],
  [
    1668729600000,
    1.062
  ],
  [
    1668816000000,
    0.757
  ],
  [
    1668902400000,
    0.77
  ],
  [
    1669248000000,
    0.69
  ],
  [
    1669593600000,
    0.6
  ],
  [
    1669680000000,
    0.6
  ],
  [
    1670112000000,
    0.619
  ],
  [
    1670198400000,
    0.691
  ],
  [
    1670371200000,
    0.767
  ],
  [
    1670544000000,
    0.715
  ],
  [
    1670630400000,
    0.874
  ],
  [
    1670976000000,
    0.804
  ],
  [
    1671062400000,
    0.799
  ],
  [
    1671753600000,
    0.693
  ],
  [
    1671840000000,
    0.782
  ],
  [
    1672099200000,
    0.61
  ],
  [
    1672272000000,
    0.57
  ],
  [
    1672444800000,
    0.61
  ],
  [
    1672704000000,
    0.583
  ],
  [
    1672876800000,
    0.801
  ],
  [
    1673222400000,
    0.877
  ],
  [
    1673308800000,
    0.864
  ],
  [
    1673568000000,
    0.766
  ],
  [
    1673654400000,
    0.669
  ],
  [
    1673827200000,
    1.017
  ],
  [
    1674000000000,
    0.81
  ],
  [
    1674086400000,
    0.744
  ],
  [
    1674172800000,
    0.46
  ],
  [
    1674259200000,
    0.74
  ],
  [
    1674432000000,
    0.859
  ],
  [
    1674604800000,
    0.86
  ],
  [
    1674691200000,
    0.85
  ],
  [
    1675036800000,
    0.795
  ],
  [
    1675296000000,
    0.973
  ],
  [
    1675382400000,
    0.999
  ],
  [
    1675468800000,
    1.147
  ],
  [
    1675728000000,
    0.833
  ],
  [
    1675900800000,
    0.96
  ],
  [
    1675987200000,
    0.85
  ],
  [
    1676073600000,
    0.86
  ],
  [
    1676160000000,
    1.012
  ],
  [
    1676332800000,
    1.023
  ],
  [
    1676851200000,
    0.83
  ],
  [
    1677024000000,
    0.856
  ],
  [
    1677110400000,
    0.924
  ],
  [
    1677456000000,
    0.837
  ],
  [
    1677542400000,
    1.013
  ],
  [
    1677628800000,
    0.873
  ],
  [
    1677715200000,
    0.831
  ],
  [
    1677801600000,
    1.15
  ],
  [
    1677888000000,
    1.027
  ],
  [
    1677974400000,
    1.295
  ],
  [
    1678406400000,
    1.132
  ],
  [
    1678492800000,
    1.15
  ],
  [
    1678579200000,
    1.278
  ],
  [
    1678665600000,
    1.47
  ],
  [
    1679011200000,
    1.071
  ],
  [
    1679097600000,
    1.315
  ],
  [
    1679184000000,
    0.931
  ],
  [
    1679356800000,
    0.808
  ],
  [
    1679443200000,
    0.731
  ],
  [
    1679529600000,
    0.908
  ],
  [
    1679616000000,
    0.996
  ],
  [
    1679788800000,
    1.037
  ],
  [
    1679871600000,
    1.049
  ],
  [
    1680044400000,
    1.164
  ],
  [
    1680130800000,
    0.948
  ],
  [
    1680217200000,
    0.73
  ],
  [
    1680390000000,
    1.069
  ],
  [
    1680476400000,
    1.055
  ],
  [
    1680562800000,
    1.045
  ],
  [
    1680649200000,
    0.83
  ],
  [
    1680822000000,
    0.963
  ],
  [
    1680908400000,
    0.973
  ],
  [
    1681081200000,
    1.008
  ],
  [
    1681254000000,
    0.87
  ],
  [
    1681426800000,
    1.001
  ],
  [
    1681513200000,
    1.01
  ],
  [
    1681599600000,
    0.81
  ],
  [
    1681945200000,
    0.873
  ],
  [
    1682031600000,
    0.986
  ],
  [
    1682204400000,
    0.87
  ],
  [
    1682463600000,
    1.156
  ],
  [
    1682722800000,
    1.044
  ],
  [
    1682895600000,
    1
  ],
  [
    1683068400000,
    1.304
  ],
  [
    1683327600000,
    1.228
  ],
  [
    1683759600000,
    1.279
  ],
  [
    1683846000000,
    1.339
  ],
  [
    1684018800000,
    1.233
  ],
  [
    1684105200000,
    1.311
  ],
  [
    1684278000000,
    1.331
  ],
  [
    1684364400000,
    1.903
  ],
  [
    1685660400000,
    1.392
  ],
  [
    1686351600000,
    1.58
  ],
  [
    1686697200000,
    1.62
  ],
  [
    1686870000000,
    2.208
  ],
  [
    1687042800000,
    1.38
  ],
  [
    1687129200000,
    1.93
  ],
  [
    1687215600000,
    1.827
  ],
  [
    1687302000000,
    2.03
  ],
  [
    1687388400000,
    2.168
  ],
  [
    1687474800000,
    4.26
  ],
  [
    1687561200000,
    27.215
  ],
  [
    1687647600000,
    2.13
  ],
  [
    1688252400000,
    1.87
  ],
  [
    1688511600000,
    1.64
  ],
  [
    1689030000000,
    1.967
  ],
  [
    1689202800000,
    1.117
  ],
  [
    1689548400000,
    1.26
  ],
  [
    1689980400000,
    1.422
  ],
  [
    1690412400000,
    1.15
  ],
  [
    1690585200000,
    1.44
  ],
  [
    1690930800000,
    1.19
  ],
  [
    1691103600000,
    1.088
  ],
  [
    1691190000000,
    1.292
  ],
  [
    1691708400000,
    1.31
  ],
  [
    1692399600000,
    1.357
  ],
  [
    1692745200000,
    0.839
  ],
  [
    1693004400000,
    0.815
  ],
  [
    1693090800000,
    0.816
  ],
  [
    1693177200000,
    0.732
  ],
  [
    1693436400000,
    0.76
  ],
  [
    1693522800000,
    0.736
  ],
  [
    1693609200000,
    0.912
  ],
  [
    1693695600000,
    0.981
  ],
  [
    1693868400000,
    0.8
  ],
  [
    1693954800000,
    0.782
  ],
  [
    1694127600000,
    0.559
  ],
  [
    1694214000000,
    0.814
  ],
  [
    1694300400000,
    0.905
  ],
  [
    1694386800000,
    0.667
  ],
  [
    1694473200000,
    0.78
  ],
  [
    1694559600000,
    0.943
  ],
  [
    1694646000000,
    0.943
  ],
  [
    1694732400000,
    0.991
  ],
  [
    1694905200000,
    0.746
  ],
  [
    1695250800000,
    1.038
  ],
  [
    1695337200000,
    0.901
  ],
  [
    1695423600000,
    0.904
  ],
  [
    1695510000000,
    1.032
  ],
  [
    1695596400000,
    1.184
  ],
  [
    1695942000000,
    1.207
  ],
  [
    1696114800000,
    1.048
  ],
  [
    1696201200000,
    1.484
  ],
  [
    1696287600000,
    1.62
  ],
  [
    1696374000000,
    1.23
  ],
  [
    1696546800000,
    1.22
  ],
  [
    1696719600000,
    1.207
  ],
  [
    1696892400000,
    1.272
  ],
  [
    1696978800000,
    1.572
  ],
  [
    1697238000000,
    1.76
  ],
  [
    1697583600000,
    1.4
  ],
  [
    1697756400000,
    1.19
  ],
  [
    1698015600000,
    1.54
  ],
  [
    1698274800000,
    1.54
  ],
  [
    1698361200000,
    1.154
  ],
  [
    1698447600000,
    1.338
  ],
  [
    1698624000000,
    1.678
  ],
  [
    1698796800000,
    1.652
  ],
  [
    1699142400000,
    1.585
  ],
  [
    1699315200000,
    1.65
  ],
  [
    1699401600000,
    1.606
  ],
  [
    1699488000000,
    1.085
  ],
  [
    1699574400000,
    1.169
  ],
  [
    1699660800000,
    1.518
  ],
  [
    1699833600000,
    1.22
  ],
  [
    1699920000000,
    1.38
  ],
  [
    1700265600000,
    1.35
  ],
  [
    1700438400000,
    1.469
  ],
  [
    1701043200000,
    1.5
  ],
  [
    1701216000000,
    1.12
  ],
  [
    1701475200000,
    0.986
  ],
  [
    1701648000000,
    1.72
  ],
  [
    1701820800000,
    1.369
  ],
  [
    1702339200000,
    1.38
  ],
  [
    1702512000000,
    1.618
  ],
  [
    1702684800000,
    1.178
  ],
  [
    1702771200000,
    1.396
  ],
  [
    1702857600000,
    1.229
  ],
  [
    1702944000000,
    1.418
  ],
  [
    1703030400000,
    1.439
  ],
  [
    1703289600000,
    1.598
  ],
  [
    1703376000000,
    1.446
  ],
  [
    1703462400000,
    1.311
  ],
  [
    1703548800000,
    1.565
  ],
  [
    1703721600000,
    1.74
  ],
  [
    1704067200000,
    1.57
  ],
  [
    1704585600000,
    1.63
  ],
  [
    1704758400000,
    1.73
  ],
  [
    1704844800000,
    1.099
  ],
  [
    1704931200000,
    1.76
  ],
  [
    1705104000000,
    1.56
  ],
  [
    1705190400000,
    1.685
  ],
  [
    1705276800000,
    1.647
  ],
  [
    1705795200000,
    1.622
  ],
  [
    1705881600000,
    1.7
  ],
  [
    1706400000000,
    1.39
  ],
  [
    1707350400000,
    1.69
  ],
  [
    1707609600000,
    1.239
  ],
  [
    1707782400000,
    1.159
  ],
  [
    1708128000000,
    1.234
  ],
  [
    1708387200000,
    1.406
  ],
  [
    1708819200000,
    1.812
  ],
  [
    1709078400000,
    1.636
  ],
  [
    1709251200000,
    1.683
  ],
  [
    1709337600000,
    1.793
  ],
  [
    1709510400000,
    1.74
  ],
  [
    1709596800000,
    1.885
  ],
  [
    1709683200000,
    2.04
  ],
  [
    1709769600000,
    2.1
  ],
  [
    1709856000000,
    2.32
  ],
  [
    1710201600000,
    1.92
  ],
  [
    1710460800000,
    1.784
  ],
  [
    1710547200000,
    1.574
  ],
  [
    1710806400000,
    1.223
  ],
  [
    1711238400000,
    1.439
  ],
  [
    1711324800000,
    1.599
  ],
  [
    1712012400000,
    1.44
  ],
  [
    1712185200000,
    1.392
  ],
  [
    1712271600000,
    1.56
  ],
  [
    1712358000000,
    1.59
  ],
  [
    1712530800000,
    1.73
  ],
  [
    1712617200000,
    1.777
  ],
  [
    1712790000000,
    2.092
  ],
  [
    1712962800000,
    2.1
  ],
  [
    1713049200000,
    2.085
  ],
  [
    1713135600000,
    2.16
  ],
  [
    1713567600000,
    2.105
  ],
  [
    1713654000000,
    1.92
  ],
  [
    1713826800000,
    2.257
  ],
  [
    1713999600000,
    2.3
  ],
  [
    1714172400000,
    1.7
  ],
  [
    1714518000000,
    1.947
  ],
  [
    1715727600000,
    1.75
  ],
  [
    1715814000000,
    2.024
  ],
  [
    1716073200000,
    2.12
  ],
  [
    1716494400000,
    2
  ],
  [
    1716915600000,
    2
  ],
  [
    1716919200000,
    2.32
  ],
  [
    1717095600000,
    2.48
  ],
  [
    1717477200000,
    2.47
  ],
  [
    1717876800000,
    2.87
  ],
  [
    1718449200000,
    2.13
  ],
  [
    1718514000000,
    6.13
  ]
]