[
  [
    1379631600000,
    4.865
  ],
  [
    1379804400000,
    5.18
  ],
  [
    1379890800000,
    4.722
  ],
  [
    1379977200000,
    4.227
  ],
  [
    1380063600000,
    4.07
  ],
  [
    1380150000000,
    3.57
  ],
  [
    1380236400000,
    3.918
  ],
  [
    1380322800000,
    3.373
  ],
  [
    1380409200000,
    2.007
  ],
  [
    1380495600000,
    2.429
  ],
  [
    1380582000000,
    2.79
  ],
  [
    1380668400000,
    3.653
  ],
  [
    1380841200000,
    3.4
  ],
  [
    1380927600000,
    2.412
  ],
  [
    1381014000000,
    2.355
  ],
  [
    1381100400000,
    1.877
  ],
  [
    1381186800000,
    1.708
  ],
  [
    1381273200000,
    1.725
  ],
  [
    1381359600000,
    1.49
  ],
  [
    1381446000000,
    1.36
  ],
  [
    1381532400000,
    1.407
  ],
  [
    1381618800000,
    1.539
  ],
  [
    1381705200000,
    0.614
  ],
  [
    1381791600000,
    1.092
  ],
  [
    1381878000000,
    0.982
  ],
  [
    1381964400000,
    1.242
  ],
  [
    1382050800000,
    1.167
  ],
  [
    1382137200000,
    1.213
  ],
  [
    1382223600000,
    0.985
  ],
  [
    1382310000000,
    1.158
  ],
  [
    1382396400000,
    1
  ],
  [
    1382482800000,
    1.094
  ],
  [
    1382569200000,
    1.023
  ],
  [
    1382655600000,
    1.294
  ],
  [
    1382742000000,
    1.44
  ],
  [
    1382828400000,
    1.122
  ],
  [
    1382918400000,
    1.32
  ],
  [
    1383004800000,
    0.962
  ],
  [
    1383091200000,
    1.282
  ],
  [
    1383177600000,
    1.132
  ],
  [
    1383264000000,
    1.057
  ],
  [
    1383436800000,
    1.339
  ],
  [
    1383523200000,
    1.292
  ],
  [
    1383609600000,
    1.381
  ],
  [
    1383696000000,
    2.148
  ],
  [
    1383868800000,
    1.975
  ],
  [
    1383955200000,
    1.41
  ],
  [
    1384041600000,
    1.228
  ],
  [
    1384128000000,
    0.444
  ],
  [
    1384214400000,
    0.98
  ],
  [
    1384300800000,
    0.709
  ],
  [
    1384387200000,
    0.73
  ],
  [
    1384473600000,
    0.969
  ],
  [
    1384560000000,
    0.795
  ],
  [
    1384646400000,
    1.12
  ],
  [
    1384732800000,
    0.713
  ],
  [
    1384819200000,
    0.802
  ],
  [
    1384905600000,
    0.806
  ],
  [
    1384992000000,
    0.968
  ],
  [
    1385078400000,
    0.97
  ],
  [
    1385164800000,
    0.759
  ],
  [
    1385251200000,
    0.705
  ],
  [
    1385337600000,
    0.463
  ],
  [
    1385424000000,
    0.38
  ],
  [
    1385510400000,
    0.447
  ],
  [
    1385596800000,
    0.379
  ],
  [
    1385683200000,
    0.404
  ],
  [
    1385769600000,
    0.291
  ],
  [
    1385856000000,
    0.183
  ],
  [
    1385942400000,
    0.287
  ],
  [
    1386028800000,
    0.186
  ],
  [
    1386115200000,
    0.219
  ],
  [
    1386201600000,
    0.232
  ],
  [
    1386288000000,
    0.267
  ],
  [
    1386374400000,
    0.219
  ],
  [
    1386460800000,
    0.229
  ],
  [
    1386547200000,
    0.213
  ],
  [
    1386633600000,
    0.174
  ],
  [
    1386720000000,
    0.209
  ],
  [
    1386806400000,
    0.172
  ],
  [
    1386892800000,
    0.176
  ],
  [
    1386979200000,
    0.237
  ],
  [
    1387065600000,
    0.247
  ],
  [
    1387152000000,
    0.158
  ],
  [
    1387238400000,
    0.197
  ],
  [
    1387324800000,
    0.272
  ],
  [
    1387411200000,
    0.262
  ],
  [
    1387497600000,
    0.165
  ],
  [
    1387584000000,
    0.203
  ],
  [
    1387670400000,
    0.184
  ],
  [
    1387756800000,
    0.183
  ],
  [
    1387843200000,
    0.198
  ],
  [
    1387929600000,
    0.122
  ],
  [
    1388016000000,
    0.137
  ],
  [
    1388102400000,
    0.136
  ],
  [
    1388188800000,
    0.107
  ],
  [
    1388275200000,
    0.15
  ],
  [
    1388361600000,
    0.377
  ],
  [
    1388448000000,
    0.274
  ],
  [
    1388620800000,
    0.215
  ],
  [
    1388707200000,
    0.128
  ],
  [
    1388793600000,
    0.148
  ],
  [
    1388880000000,
    0.138
  ],
  [
    1388966400000,
    0.16
  ],
  [
    1389052800000,
    0.209
  ],
  [
    1389139200000,
    0.197
  ],
  [
    1389225600000,
    0.188
  ],
  [
    1389312000000,
    0.179
  ],
  [
    1389398400000,
    0.182
  ],
  [
    1389484800000,
    0.139
  ],
  [
    1389571200000,
    0.158
  ],
  [
    1389657600000,
    0.141
  ],
  [
    1389744000000,
    0.127
  ],
  [
    1389830400000,
    0.18
  ],
  [
    1389916800000,
    0.136
  ],
  [
    1390003200000,
    0.147
  ],
  [
    1390089600000,
    0.211
  ],
  [
    1390176000000,
    0.102
  ],
  [
    1390262400000,
    0.131
  ],
  [
    1390348800000,
    0.157
  ],
  [
    1390435200000,
    0.14
  ],
  [
    1390521600000,
    0.113
  ],
  [
    1390608000000,
    0.075
  ],
  [
    1390694400000,
    0.088
  ],
  [
    1390780800000,
    0.093
  ],
  [
    1390867200000,
    0.105
  ],
  [
    1390953600000,
    0.105
  ],
  [
    1391040000000,
    0.121
  ],
  [
    1391126400000,
    0.124
  ],
  [
    1391212800000,
    0.128
  ],
  [
    1391299200000,
    0.114
  ],
  [
    1391385600000,
    0.122
  ],
  [
    1391472000000,
    0.085
  ],
  [
    1391558400000,
    0.106
  ],
  [
    1391644800000,
    0.104
  ],
  [
    1391731200000,
    0.13
  ],
  [
    1391817600000,
    0.15
  ],
  [
    1391904000000,
    0.141
  ],
  [
    1391990400000,
    0.121
  ],
  [
    1392076800000,
    0.128
  ],
  [
    1392163200000,
    0.202
  ],
  [
    1392249600000,
    0.176
  ],
  [
    1392336000000,
    0.195
  ],
  [
    1392422400000,
    0.125
  ],
  [
    1392508800000,
    0.195
  ],
  [
    1392595200000,
    0.153
  ],
  [
    1392681600000,
    0.186
  ],
  [
    1392768000000,
    0.123
  ],
  [
    1392854400000,
    0.136
  ],
  [
    1393027200000,
    0.322
  ],
  [
    1393113600000,
    0.195
  ],
  [
    1393200000000,
    0.23
  ],
  [
    1393286400000,
    0.155
  ],
  [
    1393372800000,
    0.134
  ],
  [
    1393459200000,
    0.128
  ],
  [
    1393545600000,
    0.179
  ],
  [
    1393632000000,
    0.156
  ],
  [
    1393718400000,
    0.126
  ],
  [
    1393804800000,
    0.129
  ],
  [
    1393891200000,
    0.095
  ],
  [
    1393977600000,
    0.118
  ],
  [
    1394064000000,
    0.067
  ],
  [
    1394150400000,
    0.111
  ],
  [
    1394236800000,
    0.115
  ],
  [
    1394323200000,
    0.128
  ],
  [
    1394409600000,
    0.148
  ],
  [
    1394496000000,
    0.11
  ],
  [
    1394582400000,
    0.152
  ],
  [
    1394668800000,
    0.175
  ],
  [
    1394755200000,
    0.18
  ],
  [
    1394841600000,
    0.231
  ],
  [
    1394928000000,
    0.212
  ],
  [
    1395014400000,
    0.191
  ],
  [
    1395100800000,
    0.189
  ],
  [
    1395187200000,
    0.129
  ],
  [
    1395273600000,
    0.099
  ],
  [
    1395360000000,
    0.127
  ],
  [
    1395446400000,
    0.172
  ],
  [
    1395532800000,
    0.207
  ],
  [
    1395619200000,
    0.154
  ],
  [
    1395705600000,
    0.217
  ],
  [
    1395792000000,
    0.244
  ],
  [
    1395878400000,
    0.218
  ],
  [
    1395964800000,
    0.582
  ],
  [
    1396051200000,
    0.535
  ],
  [
    1396137600000,
    0.962
  ],
  [
    1396220400000,
    0.148
  ],
  [
    1396306800000,
    0.965
  ],
  [
    1396393200000,
    0.609
  ],
  [
    1396566000000,
    0.515
  ],
  [
    1396652400000,
    0.03
  ],
  [
    1396738800000,
    0.409
  ],
  [
    1396825200000,
    0.531
  ],
  [
    1396911600000,
    0.494
  ],
  [
    1396998000000,
    0.503
  ],
  [
    1397084400000,
    0.174
  ],
  [
    1397257200000,
    0.295
  ],
  [
    1397343600000,
    0.193
  ],
  [
    1397430000000,
    0.29
  ],
  [
    1397516400000,
    0.185
  ],
  [
    1397602800000,
    0.298
  ],
  [
    1397775600000,
    0.284
  ],
  [
    1397862000000,
    0.25
  ],
  [
    1397948400000,
    0.28
  ],
  [
    1398034800000,
    0.302
  ],
  [
    1398121200000,
    0.051
  ],
  [
    1398207600000,
    0.345
  ],
  [
    1398294000000,
    0.28
  ],
  [
    1398380400000,
    0.325
  ],
  [
    1398466800000,
    0.442
  ],
  [
    1398553200000,
    0.528
  ],
  [
    1398639600000,
    0.647
  ],
  [
    1398812400000,
    0.53
  ],
  [
    1398898800000,
    0.479
  ],
  [
    1398985200000,
    0.759
  ],
  [
    1399071600000,
    0.759
  ],
  [
    1399244400000,
    0.524
  ],
  [
    1399330800000,
    0.587
  ],
  [
    1399417200000,
    0.473
  ],
  [
    1399590000000,
    0.479
  ],
  [
    1399676400000,
    0.508
  ],
  [
    1399762800000,
    0.415
  ],
  [
    1399849200000,
    0.371
  ],
  [
    1399935600000,
    0.165
  ],
  [
    1400022000000,
    0.268
  ],
  [
    1400108400000,
    0.51
  ],
  [
    1400194800000,
    0.269
  ],
  [
    1400281200000,
    0.321
  ],
  [
    1400367600000,
    0.322
  ],
  [
    1400454000000,
    0.41
  ],
  [
    1400540400000,
    0.337
  ],
  [
    1400626800000,
    0.373
  ],
  [
    1400713200000,
    0.341
  ],
  [
    1400799600000,
    0.613
  ],
  [
    1400886000000,
    0.905
  ],
  [
    1400972400000,
    1.22
  ],
  [
    1401058800000,
    3.645
  ],
  [
    1401145200000,
    3.293
  ],
  [
    1401231600000,
    1.606
  ],
  [
    1401318000000,
    2.01
  ],
  [
    1401404400000,
    1.56
  ],
  [
    1401490800000,
    1.81
  ],
  [
    1401577200000,
    1.881
  ],
  [
    1401663600000,
    1.067
  ],
  [
    1401750000000,
    0.998
  ],
  [
    1401836400000,
    1.017
  ],
  [
    1401922800000,
    1.464
  ],
  [
    1402009200000,
    0.847
  ],
  [
    1402095600000,
    1.037
  ],
  [
    1402182000000,
    0.94
  ],
  [
    1402268400000,
    0.845
  ],
  [
    1402354800000,
    0.886
  ],
  [
    1402441200000,
    0.961
  ],
  [
    1402614000000,
    1.069
  ],
  [
    1402700400000,
    1.042
  ],
  [
    1402786800000,
    1.23
  ],
  [
    1402873200000,
    1.77
  ],
  [
    1402959600000,
    2.084
  ],
  [
    1403046000000,
    1.8
  ],
  [
    1403132400000,
    1.5
  ],
  [
    1403218800000,
    1.179
  ],
  [
    1403305200000,
    0.77
  ],
  [
    1403391600000,
    0.824
  ],
  [
    1403478000000,
    0.58
  ],
  [
    1403564400000,
    0.441
  ],
  [
    1403650800000,
    0.465
  ],
  [
    1403737200000,
    0.442
  ],
  [
    1403823600000,
    0.511
  ],
  [
    1403910000000,
    0.511
  ],
  [
    1403996400000,
    0.217
  ],
  [
    1404082800000,
    0.568
  ],
  [
    1404169200000,
    1.292
  ],
  [
    1404255600000,
    0.907
  ],
  [
    1404342000000,
    0.97
  ],
  [
    1404428400000,
    0.762
  ],
  [
    1404514800000,
    0.53
  ],
  [
    1404601200000,
    0.884
  ],
  [
    1404687600000,
    0.948
  ],
  [
    1404946800000,
    1.98
  ],
  [
    1405033200000,
    1.54
  ],
  [
    1405119600000,
    1.088
  ],
  [
    1405206000000,
    1.375
  ],
  [
    1405378800000,
    1.789
  ],
  [
    1405465200000,
    1.766
  ],
  [
    1405551600000,
    2.05
  ],
  [
    1405638000000,
    5.17
  ],
  [
    1405724400000,
    4.73
  ],
  [
    1405810800000,
    2.12
  ],
  [
    1405897200000,
    2.7
  ],
  [
    1405983600000,
    2.68
  ],
  [
    1406070000000,
    1.128
  ],
  [
    1406156400000,
    2.637
  ],
  [
    1406242800000,
    2.657
  ],
  [
    1406329200000,
    2.907
  ],
  [
    1406415600000,
    2.985
  ],
  [
    1406502000000,
    1.849
  ],
  [
    1406588400000,
    3.14
  ],
  [
    1406674800000,
    2.775
  ],
  [
    1406761200000,
    5.472
  ],
  [
    1406847600000,
    6.359
  ],
  [
    1407020400000,
    1.69
  ],
  [
    1407106800000,
    2.165
  ],
  [
    1407193200000,
    2.526
  ],
  [
    1407279600000,
    3.987
  ],
  [
    1407366000000,
    4.003
  ],
  [
    1407452400000,
    3.415
  ],
  [
    1407538800000,
    2.913
  ],
  [
    1407625200000,
    2.879
  ],
  [
    1407711600000,
    2.76
  ],
  [
    1407798000000,
    2.647
  ],
  [
    1407884400000,
    1.977
  ],
  [
    1407970800000,
    2.188
  ],
  [
    1408057200000,
    1.827
  ],
  [
    1408143600000,
    1.768
  ],
  [
    1408230000000,
    1.474
  ],
  [
    1408316400000,
    1.885
  ],
  [
    1408402800000,
    1.495
  ],
  [
    1408489200000,
    1.49
  ],
  [
    1408575600000,
    1.448
  ],
  [
    1408662000000,
    1.5
  ],
  [
    1408748400000,
    1.982
  ],
  [
    1408921200000,
    1.896
  ],
  [
    1409007600000,
    1.963
  ],
  [
    1409094000000,
    1.505
  ],
  [
    1409180400000,
    1.39
  ],
  [
    1409266800000,
    1.518
  ],
  [
    1409353200000,
    1.488
  ],
  [
    1409439600000,
    1.35
  ],
  [
    1409526000000,
    1.464
  ],
  [
    1409698800000,
    1.419
  ],
  [
    1409871600000,
    1.55
  ],
  [
    1409958000000,
    1.3
  ],
  [
    1410044400000,
    1.338
  ],
  [
    1410130800000,
    1.51
  ],
  [
    1410217200000,
    1.513
  ],
  [
    1410303600000,
    1.423
  ],
  [
    1410390000000,
    1.585
  ],
  [
    1410476400000,
    1.641
  ],
  [
    1410562800000,
    1.34
  ],
  [
    1410649200000,
    2.19
  ],
  [
    1410735600000,
    2.44
  ],
  [
    1410908400000,
    2.988
  ],
  [
    1410994800000,
    6.79
  ],
  [
    1411167600000,
    5.007
  ],
  [
    1411254000000,
    3.215
  ],
  [
    1411426800000,
    4.5
  ],
  [
    1411513200000,
    3.845
  ],
  [
    1411772400000,
    3.635
  ],
  [
    1411858800000,
    1.789
  ],
  [
    1411945200000,
    3.55
  ],
  [
    1412031600000,
    2.92
  ],
  [
    1412118000000,
    1.653
  ],
  [
    1412204400000,
    3.375
  ],
  [
    1412290800000,
    3.22
  ],
  [
    1412377200000,
    2.64
  ],
  [
    1412463600000,
    2.889
  ],
  [
    1412550000000,
    2.863
  ],
  [
    1412722800000,
    3.585
  ],
  [
    1412809200000,
    3.76
  ],
  [
    1412982000000,
    3.975
  ],
  [
    1413068400000,
    1.705
  ],
  [
    1413500400000,
    3.11
  ],
  [
    1413846000000,
    2.66
  ],
  [
    1413932400000,
    2.7
  ],
  [
    1414105200000,
    2.761
  ],
  [
    1414278000000,
    2.72
  ],
  [
    1414368000000,
    3.01
  ],
  [
    1414713600000,
    1.977
  ],
  [
    1414886400000,
    2.411
  ],
  [
    1415145600000,
    2.248
  ],
  [
    1415232000000,
    1.552
  ],
  [
    1415318400000,
    2.158
  ],
  [
    1415491200000,
    2.14
  ],
  [
    1415577600000,
    2.104
  ],
  [
    1415664000000,
    2.297
  ],
  [
    1415750400000,
    2.436
  ],
  [
    1415836800000,
    2.403
  ],
  [
    1415923200000,
    3.749
  ],
  [
    1416096000000,
    9.084
  ],
  [
    1416182400000,
    4.965
  ],
  [
    1416355200000,
    4.465
  ],
  [
    1416441600000,
    4.3
  ],
  [
    1416528000000,
    5.01
  ],
  [
    1416787200000,
    7.51
  ],
  [
    1416873600000,
    7.529
  ],
  [
    1417132800000,
    5.576
  ],
  [
    1417305600000,
    3.884
  ],
  [
    1417392000000,
    3.876
  ],
  [
    1417478400000,
    4.968
  ],
  [
    1417564800000,
    5.291
  ],
  [
    1417651200000,
    5.077
  ],
  [
    1417737600000,
    6.111
  ],
  [
    1417824000000,
    5.786
  ],
  [
    1417910400000,
    4.075
  ],
  [
    1417996800000,
    4.734
  ],
  [
    1418083200000,
    4.262
  ],
  [
    1418169600000,
    4.897
  ],
  [
    1418256000000,
    3.411
  ],
  [
    1418342400000,
    3.066
  ],
  [
    1418428800000,
    3.175
  ],
  [
    1418515200000,
    3.581
  ],
  [
    1418601600000,
    3.251
  ],
  [
    1418688000000,
    3.261
  ],
  [
    1418774400000,
    4.14
  ],
  [
    1418860800000,
    4.228
  ],
  [
    1418947200000,
    4.841
  ],
  [
    1419033600000,
    4.093
  ],
  [
    1419120000000,
    4.463
  ],
  [
    1419206400000,
    4.452
  ],
  [
    1419292800000,
    4.371
  ],
  [
    1419379200000,
    3.704
  ],
  [
    1419465600000,
    4.185
  ],
  [
    1419552000000,
    4.566
  ],
  [
    1419638400000,
    3.573
  ],
  [
    1419724800000,
    4.54
  ],
  [
    1419811200000,
    3.684
  ],
  [
    1419897600000,
    4.035
  ],
  [
    1419984000000,
    4.199
  ],
  [
    1420070400000,
    3.952
  ],
  [
    1420156800000,
    4.755
  ],
  [
    1420243200000,
    4.776
  ],
  [
    1420329600000,
    4.717
  ],
  [
    1420416000000,
    4.882
  ],
  [
    1420502400000,
    5.126
  ],
  [
    1420588800000,
    5.47
  ],
  [
    1420675200000,
    4.937
  ],
  [
    1420761600000,
    4.608
  ],
  [
    1420848000000,
    4.571
  ],
  [
    1420934400000,
    4.591
  ],
  [
    1421020800000,
    4.931
  ],
  [
    1421107200000,
    5.271
  ],
  [
    1421193600000,
    5.28
  ],
  [
    1421280000000,
    4.92
  ],
  [
    1421366400000,
    5.2
  ],
  [
    1421452800000,
    4.828
  ],
  [
    1421539200000,
    5.121
  ],
  [
    1421625600000,
    5.053
  ],
  [
    1421712000000,
    4.939
  ],
  [
    1421798400000,
    5.159
  ],
  [
    1421884800000,
    4.881
  ],
  [
    1421971200000,
    5.465
  ],
  [
    1422057600000,
    5.447
  ],
  [
    1422144000000,
    5.376
  ],
  [
    1422230400000,
    5.043
  ],
  [
    1422316800000,
    5.228
  ],
  [
    1422403200000,
    5.464
  ],
  [
    1422489600000,
    5.328
  ],
  [
    1422576000000,
    5.47
  ],
  [
    1422662400000,
    5.708
  ],
  [
    1422748800000,
    5.065
  ],
  [
    1422835200000,
    4.789
  ],
  [
    1422921600000,
    5.498
  ],
  [
    1423008000000,
    5.762
  ],
  [
    1423094400000,
    5.416
  ],
  [
    1423180800000,
    6.44
  ],
  [
    1423267200000,
    6.319
  ],
  [
    1423353600000,
    5.734
  ],
  [
    1423440000000,
    6.321
  ],
  [
    1423526400000,
    6.159
  ],
  [
    1423612800000,
    6.098
  ],
  [
    1423699200000,
    6.295
  ],
  [
    1423785600000,
    6.092
  ],
  [
    1423872000000,
    5.916
  ],
  [
    1423958400000,
    6.309
  ],
  [
    1424044800000,
    6.401
  ],
  [
    1424131200000,
    5.967
  ],
  [
    1424217600000,
    5.852
  ],
  [
    1424304000000,
    6.277
  ],
  [
    1424390400000,
    5.265
  ],
  [
    1424476800000,
    6.5
  ],
  [
    1424563200000,
    6.186
  ],
  [
    1424649600000,
    5.956
  ],
  [
    1424736000000,
    6.371
  ],
  [
    1424908800000,
    6.522
  ],
  [
    1424995200000,
    6.607
  ],
  [
    1425081600000,
    7.037
  ],
  [
    1425168000000,
    5.558
  ],
  [
    1425254400000,
    6.548
  ],
  [
    1425340800000,
    8.102
  ],
  [
    1425427200000,
    7.8
  ],
  [
    1425513600000,
    8.675
  ],
  [
    1425600000000,
    12.405
  ],
  [
    1425686400000,
    32.279
  ],
  [
    1425772800000,
    48.993
  ],
  [
    1425859200000,
    47.978
  ],
  [
    1425945600000,
    46.188
  ],
  [
    1426032000000,
    44.8
  ],
  [
    1426118400000,
    11.451
  ],
  [
    1426204800000,
    5.767
  ],
  [
    1426291200000,
    10.488
  ],
  [
    1426377600000,
    3.297
  ],
  [
    1426464000000,
    3.693
  ],
  [
    1426550400000,
    4.377
  ],
  [
    1426636800000,
    3.844
  ],
  [
    1426723200000,
    4.34
  ],
  [
    1426809600000,
    3.801
  ],
  [
    1426896000000,
    4.322
  ],
  [
    1426982400000,
    4.413
  ],
  [
    1427068800000,
    4.31
  ],
  [
    1427155200000,
    4.358
  ],
  [
    1427241600000,
    4.57
  ],
  [
    1427328000000,
    4.808
  ],
  [
    1427414400000,
    4.907
  ],
  [
    1427500800000,
    4.179
  ],
  [
    1427587200000,
    4.144
  ],
  [
    1427670000000,
    4.48
  ],
  [
    1427756400000,
    4.274
  ],
  [
    1427842800000,
    4.535
  ],
  [
    1427929200000,
    5.088
  ],
  [
    1428102000000,
    5.9
  ],
  [
    1428188400000,
    4.236
  ],
  [
    1428274800000,
    4.559
  ],
  [
    1428361200000,
    5.038
  ],
  [
    1428447600000,
    4.77
  ],
  [
    1428534000000,
    4.372
  ],
  [
    1428620400000,
    3.977
  ],
  [
    1428706800000,
    4.222
  ],
  [
    1428793200000,
    2.795
  ],
  [
    1428879600000,
    4.364
  ],
  [
    1428966000000,
    4.135
  ],
  [
    1429052400000,
    4.359
  ],
  [
    1429225200000,
    4.513
  ],
  [
    1429311600000,
    4.028
  ],
  [
    1429398000000,
    4.024
  ],
  [
    1429484400000,
    4.003
  ],
  [
    1429657200000,
    4.753
  ],
  [
    1429830000000,
    3.527
  ],
  [
    1429916400000,
    3.571
  ],
  [
    1430002800000,
    3.409
  ],
  [
    1430089200000,
    3.665
  ],
  [
    1430175600000,
    2.924
  ],
  [
    1430262000000,
    3.302
  ],
  [
    1430348400000,
    3.219
  ],
  [
    1430434800000,
    3.36
  ],
  [
    1430521200000,
    2.759
  ],
  [
    1430607600000,
    3.52
  ],
  [
    1430694000000,
    3.092
  ],
  [
    1430780400000,
    3.421
  ],
  [
    1430866800000,
    3.503
  ],
  [
    1430953200000,
    3.162
  ],
  [
    1431039600000,
    4.458
  ],
  [
    1431126000000,
    3.13
  ],
  [
    1431212400000,
    3.222
  ],
  [
    1431298800000,
    2.447
  ],
  [
    1431385200000,
    4.27
  ],
  [
    1431644400000,
    5.351
  ],
  [
    1431730800000,
    3.91
  ],
  [
    1431817200000,
    3.398
  ],
  [
    1431903600000,
    3.052
  ],
  [
    1432076400000,
    3.141
  ],
  [
    1432162800000,
    3.415
  ],
  [
    1432249200000,
    3.229
  ],
  [
    1432335600000,
    3.356
  ],
  [
    1432422000000,
    2.99
  ],
  [
    1432508400000,
    2.491
  ],
  [
    1432594800000,
    3.223
  ],
  [
    1432767600000,
    1.15
  ],
  [
    1432854000000,
    1.41
  ],
  [
    1432940400000,
    1.909
  ],
  [
    1433026800000,
    1.713
  ],
  [
    1433113200000,
    2.57
  ],
  [
    1433199600000,
    2.987
  ],
  [
    1433286000000,
    2.85
  ],
  [
    1433372400000,
    2.71
  ],
  [
    1433458800000,
    2.237
  ],
  [
    1433545200000,
    1.923
  ],
  [
    1433631600000,
    1.21
  ],
  [
    1433718000000,
    2.31
  ],
  [
    1433804400000,
    1.23
  ],
  [
    1433977200000,
    1.9
  ],
  [
    1434063600000,
    1.289
  ],
  [
    1434150000000,
    1.489
  ],
  [
    1434236400000,
    1.45
  ],
  [
    1434322800000,
    1.387
  ],
  [
    1434409200000,
    1.579
  ],
  [
    1434495600000,
    1.365
  ],
  [
    1434582000000,
    1.11
  ],
  [
    1434668400000,
    0.03
  ],
  [
    1434754800000,
    1.408
  ],
  [
    1434927600000,
    0.94
  ],
  [
    1435014000000,
    1.403
  ],
  [
    1435100400000,
    1.389
  ],
  [
    1435186800000,
    1.275
  ],
  [
    1435273200000,
    1.419
  ],
  [
    1435359600000,
    2.103
  ],
  [
    1435446000000,
    1.92
  ],
  [
    1435532400000,
    1.854
  ],
  [
    1435618800000,
    1.92
  ],
  [
    1435791600000,
    1.786
  ],
  [
    1435878000000,
    1.884
  ],
  [
    1436137200000,
    2.14
  ],
  [
    1436310000000,
    1.84
  ],
  [
    1436396400000,
    1.525
  ],
  [
    1436655600000,
    1.855
  ],
  [
    1436742000000,
    1.942
  ],
  [
    1436914800000,
    3.25
  ],
  [
    1437001200000,
    2.011
  ],
  [
    1437087600000,
    2.46
  ],
  [
    1437519600000,
    2.287
  ],
  [
    1437692400000,
    1.1
  ],
  [
    1437778800000,
    2.156
  ],
  [
    1437951600000,
    2.262
  ],
  [
    1438210800000,
    1.942
  ],
  [
    1438297200000,
    1.389
  ],
  [
    1438642800000,
    1.813
  ],
  [
    1438729200000,
    1.6
  ],
  [
    1438815600000,
    2.089
  ],
  [
    1438988400000,
    2.221
  ],
  [
    1439074800000,
    1.999
  ],
  [
    1439247600000,
    2.148
  ],
  [
    1439420400000,
    2.69
  ],
  [
    1439506800000,
    3.662
  ],
  [
    1439766000000,
    3.531
  ],
  [
    1439852400000,
    0.064
  ],
  [
    1440111600000,
    3.802
  ],
  [
    1440370800000,
    2.526
  ],
  [
    1440543600000,
    3.65
  ],
  [
    1440630000000,
    3.59
  ],
  [
    1440716400000,
    3.37
  ],
  [
    1440802800000,
    2.374
  ],
  [
    1440889200000,
    3.082
  ],
  [
    1440975600000,
    3.31
  ],
  [
    1441148400000,
    3.141
  ],
  [
    1441234800000,
    3.339
  ],
  [
    1441321200000,
    3.898
  ],
  [
    1441494000000,
    2.943
  ],
  [
    1441666800000,
    3.35
  ],
  [
    1441753200000,
    2.946
  ],
  [
    1441926000000,
    3.407
  ],
  [
    1442098800000,
    2.582
  ],
  [
    1442185200000,
    2.568
  ],
  [
    1442358000000,
    3.41
  ],
  [
    1443135600000,
    3.265
  ],
  [
    1443481200000,
    3.22
  ],
  [
    1443567600000,
    3.33
  ],
  [
    1443654000000,
    3.24
  ],
  [
    1443913200000,
    2.89
  ],
  [
    1443999600000,
    3.472
  ],
  [
    1444086000000,
    2.274
  ],
  [
    1444518000000,
    2.27
  ],
  [
    1444604400000,
    2.703
  ],
  [
    1444690800000,
    2.799
  ],
  [
    1444777200000,
    2.356
  ],
  [
    1444950000000,
    3.066
  ],
  [
    1445122800000,
    2.993
  ],
  [
    1445209200000,
    3.45
  ],
  [
    1445554800000,
    3
  ],
  [
    1445641200000,
    3.12
  ],
  [
    1445727600000,
    3.12
  ],
  [
    1445990400000,
    3.144
  ],
  [
    1446249600000,
    3.096
  ],
  [
    1446422400000,
    2.04
  ],
  [
    1446508800000,
    2.305
  ],
  [
    1446681600000,
    3.17
  ],
  [
    1446768000000,
    2.71
  ],
  [
    1446940800000,
    2.3
  ],
  [
    1447027200000,
    2.157
  ],
  [
    1447113600000,
    3.33
  ],
  [
    1447372800000,
    2.87
  ],
  [
    1447545600000,
    2.524
  ],
  [
    1447632000000,
    2.28
  ],
  [
    1447718400000,
    2.96
  ],
  [
    1448409600000,
    3.116
  ],
  [
    1448496000000,
    79.445
  ],
  [
    1448582400000,
    28.561
  ],
  [
    1448668800000,
    3.099
  ],
  [
    1448755200000,
    6.151
  ],
  [
    1448928000000,
    14.756
  ],
  [
    1449014400000,
    4.507
  ],
  [
    1449273600000,
    6.23
  ],
  [
    1449532800000,
    5.61
  ],
  [
    1449792000000,
    3.798
  ],
  [
    1450224000000,
    3.786
  ],
  [
    1450310400000,
    3.646
  ],
  [
    1450569600000,
    3.25
  ],
  [
    1450656000000,
    3.287
  ],
  [
    1451088000000,
    4.544
  ],
  [
    1451347200000,
    4.999
  ],
  [
    1451779200000,
    4.889
  ],
  [
    1451865600000,
    4.71
  ],
  [
    1452038400000,
    2.257
  ],
  [
    1452297600000,
    3.566
  ],
  [
    1452384000000,
    3.324
  ],
  [
    1452470400000,
    3.004
  ],
  [
    1452556800000,
    3.002
  ],
  [
    1452729600000,
    2.648
  ],
  [
    1452902400000,
    1.963
  ],
  [
    1453248000000,
    2.665
  ],
  [
    1453420800000,
    2.289
  ],
  [
    1453593600000,
    2.659
  ],
  [
    1453766400000,
    1.85
  ],
  [
    1454112000000,
    3.717
  ],
  [
    1454371200000,
    1.86
  ],
  [
    1454457600000,
    2.576
  ],
  [
    1454630400000,
    2.427
  ],
  [
    1454803200000,
    1.72
  ],
  [
    1454889600000,
    1.91
  ],
  [
    1455148800000,
    1.515
  ],
  [
    1455321600000,
    2.664
  ],
  [
    1455840000000,
    1.91
  ],
  [
    1456012800000,
    1.276
  ],
  [
    1456099200000,
    1.611
  ],
  [
    1456185600000,
    1.523
  ],
  [
    1456358400000,
    2.147
  ],
  [
    1456704000000,
    2.437
  ],
  [
    1456876800000,
    2.39
  ],
  [
    1457049600000,
    2.38
  ],
  [
    1457136000000,
    2.187
  ],
  [
    1457308800000,
    2.09
  ],
  [
    1457395200000,
    2.123
  ],
  [
    1457481600000,
    1.618
  ],
  [
    1457568000000,
    1.702
  ],
  [
    1457740800000,
    2.059
  ],
  [
    1457827200000,
    2.215
  ],
  [
    1457913600000,
    2.575
  ],
  [
    1458000000000,
    2.66
  ],
  [
    1458086400000,
    2.72
  ],
  [
    1458432000000,
    2.995
  ],
  [
    1458604800000,
    2.519
  ],
  [
    1458691200000,
    2.463
  ],
  [
    1458777600000,
    2.97
  ],
  [
    1458950400000,
    3.835
  ],
  [
    1459036800000,
    3.669
  ],
  [
    1459119600000,
    2.705
  ],
  [
    1459465200000,
    5.066
  ],
  [
    1459551600000,
    3.348
  ],
  [
    1459810800000,
    3.211
  ],
  [
    1459897200000,
    5.958
  ],
  [
    1460242800000,
    4.879
  ],
  [
    1460847600000,
    5.15
  ],
  [
    1461366000000,
    4.503
  ],
  [
    1461538800000,
    5.167
  ],
  [
    1461625200000,
    4.43
  ],
  [
    1461711600000,
    3.38
  ],
  [
    1461798000000,
    2.87
  ],
  [
    1461884400000,
    3.79
  ],
  [
    1462057200000,
    3.58
  ],
  [
    1462230000000,
    3.439
  ],
  [
    1462316400000,
    3.8
  ],
  [
    1462489200000,
    3.839
  ],
  [
    1462575600000,
    3.808
  ],
  [
    1462662000000,
    3.02
  ],
  [
    1462834800000,
    2.841
  ],
  [
    1463353200000,
    3.634
  ],
  [
    1463526000000,
    3.864
  ],
  [
    1463612400000,
    4.63
  ],
  [
    1463698800000,
    5.7
  ],
  [
    1463958000000,
    4.751
  ],
  [
    1464044400000,
    4.015
  ],
  [
    1464130800000,
    6.28
  ],
  [
    1464303600000,
    5.415
  ],
  [
    1464822000000,
    3.175
  ],
  [
    1464908400000,
    7.48
  ],
  [
    1465599600000,
    4.54
  ],
  [
    1465858800000,
    3.945
  ],
  [
    1466031600000,
    4.564
  ],
  [
    1466118000000,
    4.34
  ],
  [
    1466377200000,
    4.32
  ],
  [
    1466636400000,
    3.271
  ],
  [
    1467327600000,
    3.991
  ],
  [
    1468018800000,
    3.93
  ],
  [
    1468191600000,
    4.427
  ],
  [
    1468278000000,
    9.92
  ],
  [
    1468450800000,
    4.92
  ],
  [
    1468537200000,
    9.51
  ],
  [
    1468796400000,
    8.97
  ],
  [
    1469055600000,
    4.99
  ],
  [
    1469401200000,
    17.709
  ],
  [
    1469487600000,
    5.81
  ],
  [
    1469574000000,
    4.92
  ],
  [
    1469660400000,
    4.93
  ],
  [
    1469746800000,
    4.735
  ],
  [
    1470092400000,
    4.735
  ],
  [
    1470438000000,
    4.818
  ],
  [
    1470783600000,
    4.836
  ],
  [
    1471215600000,
    3.42
  ],
  [
    1471388400000,
    4.068
  ],
  [
    1472338800000,
    3.37
  ],
  [
    1472425200000,
    3.376
  ],
  [
    1472684400000,
    4.25
  ],
  [
    1472857200000,
    4.322
  ],
  [
    1473116400000,
    3.38
  ],
  [
    1473289200000,
    4.302
  ],
  [
    1474239600000,
    3.351
  ],
  [
    1475103600000,
    1.51
  ],
  [
    1475276400000,
    2.958
  ],
  [
    1475881200000,
    2.811
  ],
  [
    1476486000000,
    3.358
  ],
  [
    1476572400000,
    3.348
  ],
  [
    1476831600000,
    2.21
  ],
  [
    1477004400000,
    2.43
  ],
  [
    1477090800000,
    3.35
  ],
  [
    1477177200000,
    2.399
  ],
  [
    1477263600000,
    2.41
  ],
  [
    1477436400000,
    2.288
  ],
  [
    1477958400000,
    3.104
  ],
  [
    1478390400000,
    1.66
  ],
  [
    1478649600000,
    1.673
  ],
  [
    1478822400000,
    1.833
  ],
  [
    1478908800000,
    2.92
  ],
  [
    1479168000000,
    2.678
  ],
  [
    1479600000000,
    1.717
  ],
  [
    1480032000000,
    1.762
  ],
  [
    1480118400000,
    2.43
  ],
  [
    1480291200000,
    2.013
  ],
  [
    1480464000000,
    1.743
  ],
  [
    1480550400000,
    2.123
  ],
  [
    1480636800000,
    1.7
  ],
  [
    1481241600000,
    2.056
  ],
  [
    1481414400000,
    1.98
  ],
  [
    1481500800000,
    2.131
  ],
  [
    1481673600000,
    2.059
  ],
  [
    1481932800000,
    1.77
  ],
  [
    1482624000000,
    2.13
  ],
  [
    1482710400000,
    2.13
  ],
  [
    1482883200000,
    1.974
  ],
  [
    1483056000000,
    1.976
  ],
  [
    1483142400000,
    2.091
  ],
  [
    1483228800000,
    2.624
  ],
  [
    1483747200000,
    1.792
  ],
  [
    1484956800000,
    3.291
  ],
  [
    1485129600000,
    2.629
  ],
  [
    1485216000000,
    2.578
  ],
  [
    1485388800000,
    2.824
  ],
  [
    1485561600000,
    2.96
  ],
  [
    1485820800000,
    2.658
  ],
  [
    1485907200000,
    3.07
  ],
  [
    1485993600000,
    2.012
  ],
  [
    1486252800000,
    3.3
  ],
  [
    1486512000000,
    2.02
  ],
  [
    1486598400000,
    2.028
  ],
  [
    1486857600000,
    3.194
  ],
  [
    1486944000000,
    2.865
  ],
  [
    1487548800000,
    2.584
  ],
  [
    1487635200000,
    2.067
  ],
  [
    1487808000000,
    3.71
  ],
  [
    1487980800000,
    3.414
  ],
  [
    1488153600000,
    4.071
  ],
  [
    1488326400000,
    5.005
  ],
  [
    1488931200000,
    5.238
  ],
  [
    1489795200000,
    4.215
  ],
  [
    1489881600000,
    4.215
  ],
  [
    1491001200000,
    3.865
  ],
  [
    1492297200000,
    5.691
  ],
  [
    1492642800000,
    2.724
  ],
  [
    1493161200000,
    5.45
  ],
  [
    1493334000000,
    3
  ],
  [
    1494111600000,
    3.85
  ],
  [
    1494457200000,
    3.851
  ],
  [
    1494802800000,
    5.619
  ],
  [
    1495580400000,
    3.862
  ],
  [
    1496185200000,
    3
  ],
  [
    1496876400000,
    4.143
  ],
  [
    1497049200000,
    3.38
  ],
  [
    1497308400000,
    2.948
  ],
  [
    1498172400000,
    5.018
  ],
  [
    1498345200000,
    5.581
  ],
  [
    1499641200000,
    5.885
  ],
  [
    1500764400000,
    4.2
  ],
  [
    1500850800000,
    7.73
  ],
  [
    1500937200000,
    7.727
  ],
  [
    1501023600000,
    7.75
  ],
  [
    1501196400000,
    8.345
  ],
  [
    1501282800000,
    32.245
  ],
  [
    1501369200000,
    49.563
  ],
  [
    1501628400000,
    80.982
  ],
  [
    1501801200000,
    13.6
  ],
  [
    1501974000000,
    69.875
  ],
  [
    1502060400000,
    18.883
  ],
  [
    1502146800000,
    102.136
  ],
  [
    1502319600000,
    81.633
  ],
  [
    1502406000000,
    139.596
  ],
  [
    1502492400000,
    110.748
  ],
  [
    1502751600000,
    98.99
  ],
  [
    1502924400000,
    105
  ],
  [
    1503097200000,
    24.303
  ],
  [
    1503183600000,
    81.342
  ],
  [
    1503356400000,
    80.387
  ],
  [
    1503442800000,
    195.495
  ],
  [
    1503615600000,
    175
  ],
  [
    1503788400000,
    39.8
  ],
  [
    1504047600000,
    39.622
  ],
  [
    1504393200000,
    31.239
  ],
  [
    1504479600000,
    17.148
  ],
  [
    1504566000000,
    160.518
  ],
  [
    1504652400000,
    31.221
  ],
  [
    1504825200000,
    31.644
  ],
  [
    1505516400000,
    39.99
  ],
  [
    1506121200000,
    20.399
  ],
  [
    1506639600000,
    25.9
  ],
  [
    1506985200000,
    18.984
  ],
  [
    1507503600000,
    29.155
  ],
  [
    1509494400000,
    37.264
  ],
  [
    1509580800000,
    23.3
  ],
  [
    1510012800000,
    20.112
  ],
  [
    1510272000000,
    16.025
  ],
  [
    1510531200000,
    15
  ],
  [
    1511049600000,
    10.738
  ],
  [
    1511827200000,
    11.183
  ],
  [
    1513468800000,
    11.297
  ],
  [
    1513728000000,
    17.969
  ],
  [
    1513987200000,
    18.13
  ],
  [
    1514160000000,
    10.574
  ],
  [
    1516233600000,
    15.875
  ],
  [
    1516320000000,
    15.663
  ],
  [
    1517270400000,
    10.095
  ],
  [
    1517616000000,
    10.005
  ],
  [
    1517702400000,
    10.005
  ],
  [
    1518134400000,
    11.246
  ],
  [
    1518652800000,
    10.436
  ],
  [
    1518739200000,
    9.976
  ],
  [
    1519257600000,
    12.349
  ],
  [
    1519344000000,
    11.496
  ],
  [
    1519516800000,
    10.785
  ],
  [
    1520035200000,
    13.083
  ],
  [
    1520294400000,
    11.027
  ],
  [
    1521763200000,
    11.991
  ],
  [
    1522278000000,
    9.851
  ],
  [
    1522364400000,
    9.006
  ],
  [
    1523487600000,
    4.54
  ],
  [
    1523574000000,
    4.311
  ],
  [
    1523919600000,
    5.122
  ],
  [
    1524006000000,
    5.682
  ],
  [
    1524524400000,
    4.145
  ],
  [
    1525129200000,
    4.186
  ],
  [
    1526338800000,
    4.278
  ],
  [
    1526511600000,
    3.08
  ],
  [
    1527202800000,
    2.518
  ],
  [
    1527375600000,
    2.428
  ],
  [
    1527462000000,
    3.691
  ],
  [
    1528412400000,
    2.245
  ],
  [
    1528758000000,
    0.613
  ],
  [
    1528844400000,
    2.48
  ],
  [
    1529103600000,
    2.299
  ],
  [
    1529449200000,
    3.143
  ],
  [
    1529708400000,
    2.18
  ],
  [
    1529881200000,
    3.07
  ],
  [
    1529967600000,
    3.115
  ],
  [
    1530572400000,
    3.123
  ],
  [
    1530918000000,
    3.523
  ],
  [
    1531436400000,
    3.495
  ],
  [
    1531609200000,
    3.689
  ],
  [
    1531954800000,
    3.614
  ],
  [
    1532300400000,
    3.638
  ],
  [
    1532386800000,
    3.7
  ],
  [
    1532559600000,
    3.05
  ],
  [
    1534028400000,
    5.48
  ],
  [
    1534719600000,
    5.41
  ],
  [
    1535410800000,
    3.031
  ],
  [
    1536620400000,
    4.023
  ],
  [
    1536966000000,
    5.63
  ],
  [
    1537743600000,
    4.02
  ],
  [
    1538002800000,
    3.998
  ],
  [
    1538607600000,
    1.74
  ],
  [
    1538953200000,
    2.762
  ],
  [
    1539471600000,
    3.893
  ],
  [
    1540076400000,
    3.05
  ],
  [
    1540944000000,
    3.036
  ],
  [
    1542153600000,
    4.5
  ],
  [
    1543104000000,
    4.559
  ],
  [
    1543708800000,
    2.922
  ],
  [
    1544054400000,
    2.95
  ],
  [
    1545264000000,
    2.906
  ],
  [
    1546473600000,
    5.094
  ],
  [
    1546905600000,
    3.094
  ],
  [
    1547164800000,
    3.271
  ],
  [
    1547251200000,
    3.142
  ],
  [
    1548028800000,
    3.554
  ],
  [
    1548288000000,
    3.273
  ],
  [
    1549065600000,
    3.554
  ],
  [
    1549152000000,
    3.51
  ],
  [
    1550275200000,
    3.259
  ],
  [
    1550361600000,
    3.217
  ],
  [
    1551571200000,
    3.144
  ],
  [
    1552176000000,
    2.962
  ],
  [
    1552521600000,
    4.109
  ],
  [
    1552608000000,
    2.285
  ],
  [
    1553558400000,
    3.042
  ],
  [
    1553817600000,
    2.296
  ],
  [
    1555110000000,
    2.691
  ],
  [
    1555196400000,
    5.089
  ],
  [
    1557183600000,
    2.58
  ],
  [
    1557442800000,
    2.664
  ],
  [
    1557788400000,
    2.592
  ],
  [
    1558479600000,
    7.902
  ],
  [
    1560034800000,
    45
  ],
  [
    1560121200000,
    50
  ],
  [
    1560207600000,
    78.62
  ],
  [
    1560380400000,
    4.94
  ],
  [
    1560812400000,
    3.345
  ],
  [
    1561158000000,
    3.982
  ],
  [
    1561244400000,
    4.018
  ],
  [
    1561762800000,
    2.624
  ],
  [
    1562367600000,
    3.948
  ],
  [
    1564873200000,
    3.879
  ],
  [
    1565218800000,
    3.252
  ],
  [
    1565823600000,
    3.952
  ],
  [
    1565910000000,
    2.72
  ],
  [
    1566601200000,
    4.766
  ],
  [
    1567206000000,
    4.69
  ],
  [
    1568415600000,
    2.802
  ],
  [
    1569798000000,
    4.905
  ],
  [
    1570230000000,
    4.94
  ],
  [
    1570316400000,
    2.748
  ],
  [
    1571007600000,
    4.93
  ],
  [
    1571612400000,
    4.72
  ],
  [
    1571785200000,
    4.791
  ],
  [
    1573084800000,
    2.754
  ],
  [
    1573516800000,
    5.142
  ],
  [
    1573603200000,
    4.75
  ],
  [
    1574467200000,
    4.153
  ],
  [
    1574899200000,
    4.18
  ],
  [
    1575936000000,
    3.55
  ],
  [
    1576195200000,
    3.51
  ],
  [
    1576368000000,
    2.95
  ],
  [
    1577232000000,
    3.067
  ],
  [
    1577836800000,
    2.8
  ],
  [
    1578009600000,
    3.502
  ],
  [
    1579392000000,
    2.857
  ],
  [
    1579996800000,
    3.377
  ],
  [
    1580169600000,
    3.554
  ],
  [
    1580601600000,
    2.634
  ],
  [
    1581552000000,
    3.76
  ],
  [
    1581811200000,
    3.541
  ],
  [
    1581984000000,
    3.561
  ],
  [
    1582416000000,
    4.173
  ],
  [
    1582502400000,
    3.541
  ],
  [
    1582675200000,
    4.993
  ],
  [
    1582761600000,
    5.917
  ],
  [
    1582848000000,
    5.051
  ],
  [
    1582934400000,
    7.144
  ],
  [
    1583712000000,
    3.843
  ],
  [
    1584403200000,
    3.768
  ],
  [
    1585267200000,
    3.973
  ],
  [
    1585522800000,
    4.417
  ],
  [
    1585954800000,
    3.541
  ],
  [
    1586214000000,
    3.654
  ],
  [
    1586473200000,
    3.758
  ],
  [
    1586646000000,
    4.089
  ],
  [
    1587337200000,
    4.37
  ],
  [
    1587769200000,
    3.074
  ],
  [
    1588028400000,
    3.042
  ],
  [
    1588114800000,
    4.579
  ],
  [
    1588633200000,
    4.15
  ],
  [
    1588806000000,
    3.079
  ],
  [
    1588978800000,
    6.928
  ],
  [
    1589497200000,
    3.172
  ],
  [
    1590015600000,
    5.209
  ],
  [
    1590188400000,
    5.223
  ],
  [
    1590966000000,
    4.237
  ],
  [
    1591138800000,
    5.355
  ],
  [
    1591225200000,
    5.594
  ],
  [
    1591657200000,
    10.081
  ],
  [
    1592694000000,
    5.57
  ],
  [
    1593644400000,
    5.93
  ],
  [
    1594076400000,
    3.966
  ],
  [
    1594249200000,
    3.99
  ],
  [
    1594681200000,
    3.97
  ],
  [
    1594940400000,
    5.232
  ],
  [
    1595890800000,
    4.595
  ],
  [
    1596582000000,
    4.296
  ],
  [
    1596927600000,
    4.347
  ],
  [
    1598310000000,
    5.41
  ],
  [
    1598828400000,
    5.874
  ],
  [
    1599519600000,
    5.61
  ],
  [
    1599606000000,
    4
  ],
  [
    1599951600000,
    5.692
  ],
  [
    1600642800000,
    5.69
  ],
  [
    1601161200000,
    3.923
  ],
  [
    1602716400000,
    4.015
  ],
  [
    1602802800000,
    5.449
  ],
  [
    1604534400000,
    5.17
  ],
  [
    1604880000000,
    5.33
  ],
  [
    1605398400000,
    5.505
  ],
  [
    1605916800000,
    4.562
  ],
  [
    1607040000000,
    4.277
  ],
  [
    1607299200000,
    4.044
  ],
  [
    1607817600000,
    5.714
  ],
  [
    1607904000000,
    5.401
  ],
  [
    1608595200000,
    5.249
  ],
  [
    1608940800000,
    4.061
  ],
  [
    1609545600000,
    5.377
  ],
  [
    1610064000000,
    5.362
  ],
  [
    1610928000000,
    5.568
  ],
  [
    1611187200000,
    6.096
  ],
  [
    1611446400000,
    4.013
  ],
  [
    1611619200000,
    3.967
  ],
  [
    1611964800000,
    5.27
  ],
  [
    1612137600000,
    5.281
  ],
  [
    1613347200000,
    5.28
  ],
  [
    1613606400000,
    5.343
  ],
  [
    1613865600000,
    4.042
  ],
  [
    1614902400000,
    3.667
  ],
  [
    1615248000000,
    4.784
  ],
  [
    1615334400000,
    4.281
  ],
  [
    1615852800000,
    5.464
  ],
  [
    1615939200000,
    6.84
  ],
  [
    1616284800000,
    6.254
  ],
  [
    1616803200000,
    3.961
  ],
  [
    1617145200000,
    5.436
  ],
  [
    1617318000000,
    5.997
  ],
  [
    1617750000000,
    3.75
  ],
  [
    1619391600000,
    4.831
  ],
  [
    1619823600000,
    4.706
  ],
  [
    1619910000000,
    7.308
  ],
  [
    1620687600000,
    7.011
  ],
  [
    1621206000000,
    6.865
  ],
  [
    1621378800000,
    4.879
  ],
  [
    1621465200000,
    6.9
  ],
  [
    1621551600000,
    4.905
  ],
  [
    1622070000000,
    5.542
  ],
  [
    1622674800000,
    8.562
  ],
  [
    1623106800000,
    7.999
  ],
  [
    1623452400000,
    8.35
  ],
  [
    1623711600000,
    6.888
  ],
  [
    1624402800000,
    8.049
  ],
  [
    1626476400000,
    5.47
  ],
  [
    1627254000000,
    10.034
  ],
  [
    1629154800000,
    5.589
  ],
  [
    1629241200000,
    5.09
  ],
  [
    1630018800000,
    13.431
  ],
  [
    1630278000000,
    13.78
  ],
  [
    1630882800000,
    5.962
  ],
  [
    1631660400000,
    5.66
  ],
  [
    1631919600000,
    5.7
  ],
  [
    1632006000000,
    9.404
  ],
  [
    1632351600000,
    5.899
  ],
  [
    1632870000000,
    0.271
  ],
  [
    1635724800000,
    8.86
  ],
  [
    1635984000000,
    8.975
  ],
  [
    1636761600000,
    11.332
  ],
  [
    1637539200000,
    5.396
  ],
  [
    1640649600000,
    9.82
  ],
  [
    1640908800000,
    8.491
  ],
  [
    1641772800000,
    8.664
  ],
  [
    1642377600000,
    6.274
  ],
  [
    1643500800000,
    8.231
  ],
  [
    1644796800000,
    8.536
  ],
  [
    1645920000000,
    8.28
  ],
  [
    1646697600000,
    7.584
  ],
  [
    1647993600000,
    8.472
  ],
  [
    1648252800000,
    9.24
  ],
  [
    1648681200000,
    8.355
  ],
  [
    1648767600000,
    7.25
  ],
  [
    1649718000000,
    17.609
  ],
  [
    1649804400000,
    8.658
  ],
  [
    1649890800000,
    8.71
  ],
  [
    1649977200000,
    5.014
  ],
  [
    1651186800000,
    7.22
  ],
  [
    1651273200000,
    10.335
  ],
  [
    1651359600000,
    6.509
  ],
  [
    1651618800000,
    7.82
  ],
  [
    1653087600000,
    10.99
  ],
  [
    1653174000000,
    11.016
  ],
  [
    1653433200000,
    14.111
  ],
  [
    1654815600000,
    10.86
  ],
  [
    1655247600000,
    7.138
  ],
  [
    1655420400000,
    7.141
  ],
  [
    1657148400000,
    7.39
  ],
  [
    1657234800000,
    12.782
  ],
  [
    1657839600000,
    7.279
  ],
  [
    1658358000000,
    8.87
  ],
  [
    1658876400000,
    10.67
  ],
  [
    1659049200000,
    6.93
  ],
  [
    1659567600000,
    7.51
  ],
  [
    1660258800000,
    7.17
  ],
  [
    1660431600000,
    7.115
  ],
  [
    1660950000000,
    8.05
  ],
  [
    1661468400000,
    7.999
  ],
  [
    1662159600000,
    8.308
  ],
  [
    1662418800000,
    8.064
  ],
  [
    1662505200000,
    10.615
  ],
  [
    1663369200000,
    10.579
  ],
  [
    1663974000000,
    10.32
  ],
  [
    1667084400000,
    10.623
  ],
  [
    1667260800000,
    10.51
  ],
  [
    1668729600000,
    7.095
  ],
  [
    1668988800000,
    9.992
  ],
  [
    1670716800000,
    9.691
  ],
  [
    1671840000000,
    12.004
  ],
  [
    1672444800000,
    21.316
  ],
  [
    1673568000000,
    10.796
  ],
  [
    1673654400000,
    7.706
  ],
  [
    1673827200000,
    7.7
  ],
  [
    1673913600000,
    46.01
  ],
  [
    1674864000000,
    8.455
  ],
  [
    1674950400000,
    8.45
  ],
  [
    1675036800000,
    10.155
  ],
  [
    1676419200000,
    10.066
  ],
  [
    1677369600000,
    8.05
  ],
  [
    1678320000000,
    8.53
  ],
  [
    1678924800000,
    9.75
  ],
  [
    1679270400000,
    12.84
  ],
  [
    1679356800000,
    12.85
  ],
  [
    1679616000000,
    13
  ],
  [
    1680044400000,
    10.66
  ],
  [
    1680908400000,
    16.512
  ],
  [
    1680994800000,
    13.76
  ],
  [
    1681340400000,
    16.814
  ],
  [
    1681426800000,
    29.511
  ],
  [
    1681599600000,
    16.566
  ],
  [
    1681772400000,
    32.44
  ],
  [
    1682031600000,
    35.15
  ],
  [
    1682895600000,
    24.514
  ],
  [
    1683154800000,
    30.889
  ],
  [
    1683414000000,
    54.178
  ],
  [
    1685401200000,
    25.01
  ],
  [
    1686092400000,
    22.713
  ],
  [
    1686178800000,
    42.336
  ],
  [
    1686265200000,
    29.399
  ],
  [
    1689462000000,
    40.019
  ],
  [
    1690585200000,
    55.998
  ],
  [
    1692658800000,
    25.69
  ],
  [
    1692831600000,
    40.38
  ],
  [
    1692918000000,
    37.97
  ],
  [
    1693522800000,
    26.88
  ],
  [
    1693609200000,
    36.65
  ],
  [
    1694559600000,
    38.63
  ],
  [
    1694991600000,
    55.139
  ],
  [
    1695682800000,
    30.177
  ],
  [
    1696546800000,
    30.22
  ],
  [
    1697670000000,
    29.546
  ],
  [
    1698361200000,
    34
  ],
  [
    1699142400000,
    34.499
  ],
  [
    1699574400000,
    33.595
  ],
  [
    1699920000000,
    33.674
  ],
  [
    1701388800000,
    70.93
  ],
  [
    1701993600000,
    39.301
  ],
  [
    1702944000000,
    40.709
  ],
  [
    1705708800000,
    48.181
  ],
  [
    1707004800000,
    50.001
  ],
  [
    1708560000000,
    50.007
  ],
  [
    1709078400000,
    54.873
  ],
  [
    1710633600000,
    47.012
  ],
  [
    1712530800000,
    44.79
  ],
  [
    1713394800000,
    46.93
  ],
  [
    1715382000000,
    66.874
  ],
  [
    1718168400000,
    45.038
  ]
]