[
  [
    1379631600000,
    6.316
  ],
  [
    1379718000000,
    2.518
  ],
  [
    1379804400000,
    1.71
  ],
  [
    1379890800000,
    1.456
  ],
  [
    1379977200000,
    1.763
  ],
  [
    1380063600000,
    1.7
  ],
  [
    1380150000000,
    1.529
  ],
  [
    1380236400000,
    1.575
  ],
  [
    1380322800000,
    1.168
  ],
  [
    1380409200000,
    1.342
  ],
  [
    1380495600000,
    1.474
  ],
  [
    1380582000000,
    1.369
  ],
  [
    1380668400000,
    1.51
  ],
  [
    1380754800000,
    1.619
  ],
  [
    1380841200000,
    1.506
  ],
  [
    1380927600000,
    1.189
  ],
  [
    1381014000000,
    1.079
  ],
  [
    1381100400000,
    1.174
  ],
  [
    1381186800000,
    0.98
  ],
  [
    1381273200000,
    0.948
  ],
  [
    1381359600000,
    1.059
  ],
  [
    1381446000000,
    1.018
  ],
  [
    1381532400000,
    1.038
  ],
  [
    1381618800000,
    0.911
  ],
  [
    1381705200000,
    0.866
  ],
  [
    1381791600000,
    0.782
  ],
  [
    1381878000000,
    0.716
  ],
  [
    1381964400000,
    0.755
  ],
  [
    1382050800000,
    0.825
  ],
  [
    1382137200000,
    0.839
  ],
  [
    1382223600000,
    0.802
  ],
  [
    1382310000000,
    0.744
  ],
  [
    1382396400000,
    0.682
  ],
  [
    1382482800000,
    0.784
  ],
  [
    1382569200000,
    1.066
  ],
  [
    1382655600000,
    1.06
  ],
  [
    1382742000000,
    0.949
  ],
  [
    1382828400000,
    0.793
  ],
  [
    1382918400000,
    0.725
  ],
  [
    1383004800000,
    0.689
  ],
  [
    1383091200000,
    0.675
  ],
  [
    1383177600000,
    0.651
  ],
  [
    1383264000000,
    0.699
  ],
  [
    1383350400000,
    0.611
  ],
  [
    1383436800000,
    0.575
  ],
  [
    1383523200000,
    0.541
  ],
  [
    1383609600000,
    0.51
  ],
  [
    1383696000000,
    0.521
  ],
  [
    1383782400000,
    0.558
  ],
  [
    1383868800000,
    0.486
  ],
  [
    1383955200000,
    0.431
  ],
  [
    1384041600000,
    0.458
  ],
  [
    1384128000000,
    0.492
  ],
  [
    1384214400000,
    0.423
  ],
  [
    1384300800000,
    0.515
  ],
  [
    1384387200000,
    0.53
  ],
  [
    1384473600000,
    0.508
  ],
  [
    1384560000000,
    0.426
  ],
  [
    1384646400000,
    0.457
  ],
  [
    1384732800000,
    0.473
  ],
  [
    1384819200000,
    0.359
  ],
  [
    1384905600000,
    0.434
  ],
  [
    1384992000000,
    0.47
  ],
  [
    1385078400000,
    0.413
  ],
  [
    1385164800000,
    0.461
  ],
  [
    1385251200000,
    0.407
  ],
  [
    1385337600000,
    0.391
  ],
  [
    1385424000000,
    0.335
  ],
  [
    1385510400000,
    0.391
  ],
  [
    1385596800000,
    0.338
  ],
  [
    1385683200000,
    0.274
  ],
  [
    1385769600000,
    0.258
  ],
  [
    1385856000000,
    0.263
  ],
  [
    1385942400000,
    0.247
  ],
  [
    1386028800000,
    0.252
  ],
  [
    1386115200000,
    0.256
  ],
  [
    1386201600000,
    0.355
  ],
  [
    1386288000000,
    0.256
  ],
  [
    1386374400000,
    0.244
  ],
  [
    1386460800000,
    0.251
  ],
  [
    1386547200000,
    0.241
  ],
  [
    1386633600000,
    0.191
  ],
  [
    1386720000000,
    0.27
  ],
  [
    1386806400000,
    0.227
  ],
  [
    1386892800000,
    0.211
  ],
  [
    1386979200000,
    0.2
  ],
  [
    1387065600000,
    0.211
  ],
  [
    1387152000000,
    0.234
  ],
  [
    1387238400000,
    0.175
  ],
  [
    1387324800000,
    0.16
  ],
  [
    1387411200000,
    0.168
  ],
  [
    1387497600000,
    0.124
  ],
  [
    1387584000000,
    0.129
  ],
  [
    1387670400000,
    0.144
  ],
  [
    1387756800000,
    0.165
  ],
  [
    1387843200000,
    0.183
  ],
  [
    1387929600000,
    0.166
  ],
  [
    1388016000000,
    0.236
  ],
  [
    1388102400000,
    0.391
  ],
  [
    1388188800000,
    0.193
  ],
  [
    1388275200000,
    0.182
  ],
  [
    1388361600000,
    0.154
  ],
  [
    1388448000000,
    0.17
  ],
  [
    1388534400000,
    0.172
  ],
  [
    1388620800000,
    0.167
  ],
  [
    1388707200000,
    0.187
  ],
  [
    1388793600000,
    0.182
  ],
  [
    1388880000000,
    0.221
  ],
  [
    1388966400000,
    0.223
  ],
  [
    1389052800000,
    0.193
  ],
  [
    1389139200000,
    0.189
  ],
  [
    1389225600000,
    0.171
  ],
  [
    1389312000000,
    0.167
  ],
  [
    1389398400000,
    0.188
  ],
  [
    1389484800000,
    0.168
  ],
  [
    1389571200000,
    0.159
  ],
  [
    1389657600000,
    0.147
  ],
  [
    1389744000000,
    0.175
  ],
  [
    1389830400000,
    0.15
  ],
  [
    1389916800000,
    0.174
  ],
  [
    1390003200000,
    0.158
  ],
  [
    1390089600000,
    0.141
  ],
  [
    1390176000000,
    0.159
  ],
  [
    1390262400000,
    0.147
  ],
  [
    1390348800000,
    0.163
  ],
  [
    1390435200000,
    0.156
  ],
  [
    1390521600000,
    0.162
  ],
  [
    1390608000000,
    0.144
  ],
  [
    1390694400000,
    0.139
  ],
  [
    1390780800000,
    0.14
  ],
  [
    1390867200000,
    0.133
  ],
  [
    1390953600000,
    0.128
  ],
  [
    1391040000000,
    0.127
  ],
  [
    1391126400000,
    0.103
  ],
  [
    1391212800000,
    0.108
  ],
  [
    1391299200000,
    0.138
  ],
  [
    1391385600000,
    0.122
  ],
  [
    1391472000000,
    0.114
  ],
  [
    1391558400000,
    0.113
  ],
  [
    1391644800000,
    0.116
  ],
  [
    1391731200000,
    0.126
  ],
  [
    1391817600000,
    0.137
  ],
  [
    1391904000000,
    0.127
  ],
  [
    1391990400000,
    0.131
  ],
  [
    1392076800000,
    0.132
  ],
  [
    1392163200000,
    0.129
  ],
  [
    1392249600000,
    0.145
  ],
  [
    1392336000000,
    0.124
  ],
  [
    1392422400000,
    0.126
  ],
  [
    1392508800000,
    0.12
  ],
  [
    1392595200000,
    0.136
  ],
  [
    1392681600000,
    0.137
  ],
  [
    1392768000000,
    0.12
  ],
  [
    1392854400000,
    0.125
  ],
  [
    1392940800000,
    0.093
  ],
  [
    1393027200000,
    0.065
  ],
  [
    1393113600000,
    0.054
  ],
  [
    1393200000000,
    0.065
  ],
  [
    1393286400000,
    0.077
  ],
  [
    1393372800000,
    0.075
  ],
  [
    1393459200000,
    1.62
  ],
  [
    1393545600000,
    0.084
  ],
  [
    1393632000000,
    0.081
  ],
  [
    1393718400000,
    0.068
  ],
  [
    1393804800000,
    0.082
  ],
  [
    1393891200000,
    0.07
  ],
  [
    1393977600000,
    0.084
  ],
  [
    1394064000000,
    0.115
  ],
  [
    1394150400000,
    0.075
  ],
  [
    1394236800000,
    0.086
  ],
  [
    1394323200000,
    0.07
  ],
  [
    1394409600000,
    0.077
  ],
  [
    1394496000000,
    0.087
  ],
  [
    1394582400000,
    0.09
  ],
  [
    1394668800000,
    0.085
  ],
  [
    1394755200000,
    0.085
  ],
  [
    1394841600000,
    0.077
  ],
  [
    1394928000000,
    0.058
  ],
  [
    1395014400000,
    0.065
  ],
  [
    1395100800000,
    0.077
  ],
  [
    1395187200000,
    0.067
  ],
  [
    1395273600000,
    0.078
  ],
  [
    1395360000000,
    0.077
  ],
  [
    1395446400000,
    0.077
  ],
  [
    1395532800000,
    0.078
  ],
  [
    1395619200000,
    0.073
  ],
  [
    1395705600000,
    0.067
  ],
  [
    1395792000000,
    0.079
  ],
  [
    1395878400000,
    0.088
  ],
  [
    1395964800000,
    0.089
  ],
  [
    1396051200000,
    0.081
  ],
  [
    1396137600000,
    0.098
  ],
  [
    1396220400000,
    0.085
  ],
  [
    1396306800000,
    0.097
  ],
  [
    1396393200000,
    0.088
  ],
  [
    1396479600000,
    0.096
  ],
  [
    1396566000000,
    0.092
  ],
  [
    1396652400000,
    0.094
  ],
  [
    1396738800000,
    0.081
  ],
  [
    1396825200000,
    0.081
  ],
  [
    1396911600000,
    0.086
  ],
  [
    1396998000000,
    0.096
  ],
  [
    1397084400000,
    0.091
  ],
  [
    1397170800000,
    0.118
  ],
  [
    1397257200000,
    0.103
  ],
  [
    1397343600000,
    0.117
  ],
  [
    1397430000000,
    0.131
  ],
  [
    1397516400000,
    0.126
  ],
  [
    1397602800000,
    0.099
  ],
  [
    1397689200000,
    0.11
  ],
  [
    1397775600000,
    0.106
  ],
  [
    1397862000000,
    0.095
  ],
  [
    1397948400000,
    0.089
  ],
  [
    1398034800000,
    0.104
  ],
  [
    1398121200000,
    0.16
  ],
  [
    1398207600000,
    0.115
  ],
  [
    1398294000000,
    0.117
  ],
  [
    1398380400000,
    0.144
  ],
  [
    1398466800000,
    0.131
  ],
  [
    1398553200000,
    0.132
  ],
  [
    1398639600000,
    0.116
  ],
  [
    1398726000000,
    0.117
  ],
  [
    1398812400000,
    0.124
  ],
  [
    1398898800000,
    0.133
  ],
  [
    1398985200000,
    0.11
  ],
  [
    1399071600000,
    0.111
  ],
  [
    1399158000000,
    0.095
  ],
  [
    1399244400000,
    0.089
  ],
  [
    1399330800000,
    0.085
  ],
  [
    1399417200000,
    0.077
  ],
  [
    1399503600000,
    0.088
  ],
  [
    1399590000000,
    0.079
  ],
  [
    1399676400000,
    0.097
  ],
  [
    1399762800000,
    0.096
  ],
  [
    1399849200000,
    0.078
  ],
  [
    1399935600000,
    0.079
  ],
  [
    1400022000000,
    0.093
  ],
  [
    1400108400000,
    0.139
  ],
  [
    1400194800000,
    0.121
  ],
  [
    1400281200000,
    0.125
  ],
  [
    1400367600000,
    0.113
  ],
  [
    1400454000000,
    0.118
  ],
  [
    1400540400000,
    0.123
  ],
  [
    1400626800000,
    0.13
  ],
  [
    1400713200000,
    0.139
  ],
  [
    1400799600000,
    0.131
  ],
  [
    1400886000000,
    0.11
  ],
  [
    1400972400000,
    0.126
  ],
  [
    1401058800000,
    0.119
  ],
  [
    1401145200000,
    0.155
  ],
  [
    1401231600000,
    0.176
  ],
  [
    1401318000000,
    0.148
  ],
  [
    1401404400000,
    0.136
  ],
  [
    1401490800000,
    0.105
  ],
  [
    1401577200000,
    0.095
  ],
  [
    1401663600000,
    0.099
  ],
  [
    1401750000000,
    0.1
  ],
  [
    1401836400000,
    0.101
  ],
  [
    1401922800000,
    0.104
  ],
  [
    1402009200000,
    0.09
  ],
  [
    1402095600000,
    0.108
  ],
  [
    1402182000000,
    0.109
  ],
  [
    1402268400000,
    0.112
  ],
  [
    1402354800000,
    0.099
  ],
  [
    1402441200000,
    0.108
  ],
  [
    1402527600000,
    0.106
  ],
  [
    1402614000000,
    0.101
  ],
  [
    1402700400000,
    0.105
  ],
  [
    1402786800000,
    0.096
  ],
  [
    1402873200000,
    0.117
  ],
  [
    1402959600000,
    0.1
  ],
  [
    1403046000000,
    0.109
  ],
  [
    1403132400000,
    0.105
  ],
  [
    1403218800000,
    0.075
  ],
  [
    1403305200000,
    0.091
  ],
  [
    1403391600000,
    0.083
  ],
  [
    1403478000000,
    0.073
  ],
  [
    1403564400000,
    0.071
  ],
  [
    1403650800000,
    0.081
  ],
  [
    1403737200000,
    0.082
  ],
  [
    1403823600000,
    0.075
  ],
  [
    1403910000000,
    0.08
  ],
  [
    1403996400000,
    0.066
  ],
  [
    1404082800000,
    0.073
  ],
  [
    1404169200000,
    0.08
  ],
  [
    1404255600000,
    0.076
  ],
  [
    1404342000000,
    0.061
  ],
  [
    1404428400000,
    0.068
  ],
  [
    1404514800000,
    0.072
  ],
  [
    1404601200000,
    0.09
  ],
  [
    1404687600000,
    0.091
  ],
  [
    1404774000000,
    0.098
  ],
  [
    1404860400000,
    0.092
  ],
  [
    1404946800000,
    0.248
  ],
  [
    1405033200000,
    0.102
  ],
  [
    1405119600000,
    0.091
  ],
  [
    1405206000000,
    0.1
  ],
  [
    1405292400000,
    0.122
  ],
  [
    1405378800000,
    0.099
  ],
  [
    1405465200000,
    0.097
  ],
  [
    1405551600000,
    0.098
  ],
  [
    1405638000000,
    0.08
  ],
  [
    1405724400000,
    0.099
  ],
  [
    1405810800000,
    0.106
  ],
  [
    1405897200000,
    0.097
  ],
  [
    1405983600000,
    0.084
  ],
  [
    1406070000000,
    0.114
  ],
  [
    1406156400000,
    0.098
  ],
  [
    1406242800000,
    0.095
  ],
  [
    1406329200000,
    0.088
  ],
  [
    1406415600000,
    0.096
  ],
  [
    1406502000000,
    0.115
  ],
  [
    1406588400000,
    0.093
  ],
  [
    1406674800000,
    0.137
  ],
  [
    1406761200000,
    0.104
  ],
  [
    1406847600000,
    0.087
  ],
  [
    1406934000000,
    0.108
  ],
  [
    1407020400000,
    0.102
  ],
  [
    1407106800000,
    0.129
  ],
  [
    1407193200000,
    0.126
  ],
  [
    1407279600000,
    0.087
  ],
  [
    1407366000000,
    0.103
  ],
  [
    1407452400000,
    0.125
  ],
  [
    1407538800000,
    0.113
  ],
  [
    1407625200000,
    0.099
  ],
  [
    1407711600000,
    0.101
  ],
  [
    1407798000000,
    0.101
  ],
  [
    1407884400000,
    0.103
  ],
  [
    1407970800000,
    0.09
  ],
  [
    1408057200000,
    0.093
  ],
  [
    1408143600000,
    0.101
  ],
  [
    1408230000000,
    0.072
  ],
  [
    1408316400000,
    0.075
  ],
  [
    1408402800000,
    0.105
  ],
  [
    1408489200000,
    0.137
  ],
  [
    1408575600000,
    0.138
  ],
  [
    1408662000000,
    0.112
  ],
  [
    1408748400000,
    0.12
  ],
  [
    1408834800000,
    0.125
  ],
  [
    1408921200000,
    0.132
  ],
  [
    1409007600000,
    0.144
  ],
  [
    1409094000000,
    0.165
  ],
  [
    1409180400000,
    0.152
  ],
  [
    1409266800000,
    0.125
  ],
  [
    1409353200000,
    0.139
  ],
  [
    1409439600000,
    0.155
  ],
  [
    1409526000000,
    0.186
  ],
  [
    1409612400000,
    0.189
  ],
  [
    1409698800000,
    0.188
  ],
  [
    1409785200000,
    0.163
  ],
  [
    1409871600000,
    0.151
  ],
  [
    1409958000000,
    0.173
  ],
  [
    1410044400000,
    0.168
  ],
  [
    1410130800000,
    0.163
  ],
  [
    1410217200000,
    0.13
  ],
  [
    1410303600000,
    0.148
  ],
  [
    1410390000000,
    0.131
  ],
  [
    1410476400000,
    0.112
  ],
  [
    1410562800000,
    0.134
  ],
  [
    1410649200000,
    0.164
  ],
  [
    1410735600000,
    0.154
  ],
  [
    1410822000000,
    0.15
  ],
  [
    1410908400000,
    0.162
  ],
  [
    1410994800000,
    0.173
  ],
  [
    1411081200000,
    0.139
  ],
  [
    1411167600000,
    0.157
  ],
  [
    1411254000000,
    0.188
  ],
  [
    1411340400000,
    0.148
  ],
  [
    1411426800000,
    0.14
  ],
  [
    1411513200000,
    0.153
  ],
  [
    1411599600000,
    0.179
  ],
  [
    1411686000000,
    0.142
  ],
  [
    1411772400000,
    0.131
  ],
  [
    1411858800000,
    0.13
  ],
  [
    1411945200000,
    0.128
  ],
  [
    1412031600000,
    0.157
  ],
  [
    1412118000000,
    0.154
  ],
  [
    1412204400000,
    0.462
  ],
  [
    1412290800000,
    0.415
  ],
  [
    1412377200000,
    0.235
  ],
  [
    1412463600000,
    0.176
  ],
  [
    1412550000000,
    0.14
  ],
  [
    1412636400000,
    0.163
  ],
  [
    1412722800000,
    0.151
  ],
  [
    1412809200000,
    0.151
  ],
  [
    1412895600000,
    0.157
  ],
  [
    1412982000000,
    0.175
  ],
  [
    1413068400000,
    0.242
  ],
  [
    1413154800000,
    0.231
  ],
  [
    1413241200000,
    0.188
  ],
  [
    1413327600000,
    0.2
  ],
  [
    1413414000000,
    0.231
  ],
  [
    1413500400000,
    0.215
  ],
  [
    1413586800000,
    0.144
  ],
  [
    1413673200000,
    0.284
  ],
  [
    1413759600000,
    0.262
  ],
  [
    1413846000000,
    0.259
  ],
  [
    1413932400000,
    0.251
  ],
  [
    1414018800000,
    0.222
  ],
  [
    1414105200000,
    0.181
  ],
  [
    1414191600000,
    0.184
  ],
  [
    1414278000000,
    0.163
  ],
  [
    1414368000000,
    0.164
  ],
  [
    1414454400000,
    0.161
  ],
  [
    1414540800000,
    0.171
  ],
  [
    1414627200000,
    0.173
  ],
  [
    1414713600000,
    0.135
  ],
  [
    1414800000000,
    0.187
  ],
  [
    1414886400000,
    0.201
  ],
  [
    1414972800000,
    0.254
  ],
  [
    1415059200000,
    0.256
  ],
  [
    1415145600000,
    0.199
  ],
  [
    1415232000000,
    0.184
  ],
  [
    1415318400000,
    0.191
  ],
  [
    1415404800000,
    0.185
  ],
  [
    1415491200000,
    0.181
  ],
  [
    1415577600000,
    0.282
  ],
  [
    1415664000000,
    0.228
  ],
  [
    1415750400000,
    0.145
  ],
  [
    1415836800000,
    0.131
  ],
  [
    1415923200000,
    0.174
  ],
  [
    1416009600000,
    0.23
  ],
  [
    1416096000000,
    0.212
  ],
  [
    1416182400000,
    0.2
  ],
  [
    1416268800000,
    0.237
  ],
  [
    1416355200000,
    0.287
  ],
  [
    1416441600000,
    0.176
  ],
  [
    1416528000000,
    0.165
  ],
  [
    1416614400000,
    0.128
  ],
  [
    1416700800000,
    0.148
  ],
  [
    1416787200000,
    0.15
  ],
  [
    1416873600000,
    0.147
  ],
  [
    1416960000000,
    0.154
  ],
  [
    1417046400000,
    0.19
  ],
  [
    1417132800000,
    0.135
  ],
  [
    1417219200000,
    0.175
  ],
  [
    1417305600000,
    0.109
  ],
  [
    1417392000000,
    0.101
  ],
  [
    1417478400000,
    0.136
  ],
  [
    1417564800000,
    0.167
  ],
  [
    1417651200000,
    0.16
  ],
  [
    1417737600000,
    0.143
  ],
  [
    1417824000000,
    0.171
  ],
  [
    1417910400000,
    0.19
  ],
  [
    1417996800000,
    0.204
  ],
  [
    1418083200000,
    0.223
  ],
  [
    1418169600000,
    0.205
  ],
  [
    1418256000000,
    0.247
  ],
  [
    1418342400000,
    0.182
  ],
  [
    1418428800000,
    0.162
  ],
  [
    1418515200000,
    0.162
  ],
  [
    1418601600000,
    0.177
  ],
  [
    1418688000000,
    0.15
  ],
  [
    1418774400000,
    0.164
  ],
  [
    1418860800000,
    0.184
  ],
  [
    1418947200000,
    0.154
  ],
  [
    1419033600000,
    0.18
  ],
  [
    1419120000000,
    0.212
  ],
  [
    1419206400000,
    0.139
  ],
  [
    1419292800000,
    0.197
  ],
  [
    1419379200000,
    0.188
  ],
  [
    1419465600000,
    0.176
  ],
  [
    1419552000000,
    0.186
  ],
  [
    1419638400000,
    0.212
  ],
  [
    1419724800000,
    0.247
  ],
  [
    1419811200000,
    0.245
  ],
  [
    1419897600000,
    0.227
  ],
  [
    1419984000000,
    0.213
  ],
  [
    1420070400000,
    0.223
  ],
  [
    1420156800000,
    0.22
  ],
  [
    1420243200000,
    0.243
  ],
  [
    1420329600000,
    0.212
  ],
  [
    1420416000000,
    0.228
  ],
  [
    1420502400000,
    0.234
  ],
  [
    1420588800000,
    0.306
  ],
  [
    1420675200000,
    0.481
  ],
  [
    1420761600000,
    0.223
  ],
  [
    1420848000000,
    0.284
  ],
  [
    1420934400000,
    0.229
  ],
  [
    1421020800000,
    0.249
  ],
  [
    1421107200000,
    0.218
  ],
  [
    1421193600000,
    0.204
  ],
  [
    1421280000000,
    0.283
  ],
  [
    1421366400000,
    0.334
  ],
  [
    1421452800000,
    0.284
  ],
  [
    1421539200000,
    0.222
  ],
  [
    1421625600000,
    0.192
  ],
  [
    1421712000000,
    0.228
  ],
  [
    1421798400000,
    0.28
  ],
  [
    1421884800000,
    0.36
  ],
  [
    1421971200000,
    0.225
  ],
  [
    1422057600000,
    0.273
  ],
  [
    1422144000000,
    0.301
  ],
  [
    1422230400000,
    0.262
  ],
  [
    1422316800000,
    0.264
  ],
  [
    1422403200000,
    0.305
  ],
  [
    1422489600000,
    0.248
  ],
  [
    1422576000000,
    0.244
  ],
  [
    1422662400000,
    0.28
  ],
  [
    1422748800000,
    0.235
  ],
  [
    1422835200000,
    0.244
  ],
  [
    1422921600000,
    0.293
  ],
  [
    1423008000000,
    0.357
  ],
  [
    1423094400000,
    0.47
  ],
  [
    1423180800000,
    0.296
  ],
  [
    1423267200000,
    0.238
  ],
  [
    1423353600000,
    0.234
  ],
  [
    1423440000000,
    0.261
  ],
  [
    1423526400000,
    0.341
  ],
  [
    1423612800000,
    0.338
  ],
  [
    1423699200000,
    0.302
  ],
  [
    1423785600000,
    0.283
  ],
  [
    1423872000000,
    0.241
  ],
  [
    1423958400000,
    0.271
  ],
  [
    1424044800000,
    0.318
  ],
  [
    1424131200000,
    0.287
  ],
  [
    1424217600000,
    0.262
  ],
  [
    1424304000000,
    0.265
  ],
  [
    1424390400000,
    0.286
  ],
  [
    1424476800000,
    0.297
  ],
  [
    1424563200000,
    0.31
  ],
  [
    1424649600000,
    0.238
  ],
  [
    1424736000000,
    0.249
  ],
  [
    1424822400000,
    0.308
  ],
  [
    1424908800000,
    0.314
  ],
  [
    1424995200000,
    0.371
  ],
  [
    1425081600000,
    0.309
  ],
  [
    1425168000000,
    0.345
  ],
  [
    1425254400000,
    0.313
  ],
  [
    1425340800000,
    0.477
  ],
  [
    1425427200000,
    0.555
  ],
  [
    1425513600000,
    0.402
  ],
  [
    1425600000000,
    0.369
  ],
  [
    1425686400000,
    0.313
  ],
  [
    1425772800000,
    0.396
  ],
  [
    1425859200000,
    0.387
  ],
  [
    1425945600000,
    0.472
  ],
  [
    1426032000000,
    0.343
  ],
  [
    1426118400000,
    0.325
  ],
  [
    1426204800000,
    0.368
  ],
  [
    1426291200000,
    0.282
  ],
  [
    1426377600000,
    0.231
  ],
  [
    1426464000000,
    0.201
  ],
  [
    1426550400000,
    0.288
  ],
  [
    1426636800000,
    0.234
  ],
  [
    1426723200000,
    0.261
  ],
  [
    1426809600000,
    0.337
  ],
  [
    1426896000000,
    0.288
  ],
  [
    1426982400000,
    0.294
  ],
  [
    1427068800000,
    0.349
  ],
  [
    1427155200000,
    0.359
  ],
  [
    1427241600000,
    0.349
  ],
  [
    1427328000000,
    0.363
  ],
  [
    1427414400000,
    0.285
  ],
  [
    1427500800000,
    0.28
  ],
  [
    1427587200000,
    0.411
  ],
  [
    1427670000000,
    0.422
  ],
  [
    1427756400000,
    0.386
  ],
  [
    1427842800000,
    0.296
  ],
  [
    1427929200000,
    0.35
  ],
  [
    1428015600000,
    0.428
  ],
  [
    1428102000000,
    0.455
  ],
  [
    1428188400000,
    0.495
  ],
  [
    1428274800000,
    0.738
  ],
  [
    1428361200000,
    0.461
  ],
  [
    1428447600000,
    0.569
  ],
  [
    1428534000000,
    0.43
  ],
  [
    1428620400000,
    0.439
  ],
  [
    1428706800000,
    0.434
  ],
  [
    1428793200000,
    0.447
  ],
  [
    1428879600000,
    0.444
  ],
  [
    1428966000000,
    0.45
  ],
  [
    1429052400000,
    0.447
  ],
  [
    1429138800000,
    0.37
  ],
  [
    1429225200000,
    0.366
  ],
  [
    1429311600000,
    0.326
  ],
  [
    1429398000000,
    0.323
  ],
  [
    1429484400000,
    0.33
  ],
  [
    1429570800000,
    0.324
  ],
  [
    1429657200000,
    0.309
  ],
  [
    1429743600000,
    0.361
  ],
  [
    1429830000000,
    0.429
  ],
  [
    1429916400000,
    0.328
  ],
  [
    1430002800000,
    0.329
  ],
  [
    1430089200000,
    0.377
  ],
  [
    1430175600000,
    0.372
  ],
  [
    1430262000000,
    0.302
  ],
  [
    1430348400000,
    0.411
  ],
  [
    1430434800000,
    0.458
  ],
  [
    1430521200000,
    0.401
  ],
  [
    1430607600000,
    0.411
  ],
  [
    1430694000000,
    0.516
  ],
  [
    1430780400000,
    0.478
  ],
  [
    1430866800000,
    0.579
  ],
  [
    1430953200000,
    0.531
  ],
  [
    1431039600000,
    0.505
  ],
  [
    1431126000000,
    0.43
  ],
  [
    1431212400000,
    0.446
  ],
  [
    1431298800000,
    0.484
  ],
  [
    1431385200000,
    0.83
  ],
  [
    1431471600000,
    0.412
  ],
  [
    1431558000000,
    0.399
  ],
  [
    1431644400000,
    0.395
  ],
  [
    1431730800000,
    0.383
  ],
  [
    1431817200000,
    0.424
  ],
  [
    1431903600000,
    0.43
  ],
  [
    1431990000000,
    0.497
  ],
  [
    1432076400000,
    0.841
  ],
  [
    1432162800000,
    0.5
  ],
  [
    1432249200000,
    0.707
  ],
  [
    1432335600000,
    0.59
  ],
  [
    1432422000000,
    0.544
  ],
  [
    1432508400000,
    0.543
  ],
  [
    1432594800000,
    0.503
  ],
  [
    1432681200000,
    0.382
  ],
  [
    1432767600000,
    0.399
  ],
  [
    1432854000000,
    0.352
  ],
  [
    1432940400000,
    0.341
  ],
  [
    1433026800000,
    0.484
  ],
  [
    1433113200000,
    0.578
  ],
  [
    1433199600000,
    0.583
  ],
  [
    1433286000000,
    0.495
  ],
  [
    1433372400000,
    0.517
  ],
  [
    1433458800000,
    0.469
  ],
  [
    1433545200000,
    0.51
  ],
  [
    1433631600000,
    0.464
  ],
  [
    1433718000000,
    0.408
  ],
  [
    1433804400000,
    15.552
  ],
  [
    1433890800000,
    0.385
  ],
  [
    1433977200000,
    0.392
  ],
  [
    1434063600000,
    0.395
  ],
  [
    1434150000000,
    0.358
  ],
  [
    1434236400000,
    0.326
  ],
  [
    1434322800000,
    0.365
  ],
  [
    1434409200000,
    0.336
  ],
  [
    1434495600000,
    0.355
  ],
  [
    1434582000000,
    0.343
  ],
  [
    1434668400000,
    0.35
  ],
  [
    1434754800000,
    0.357
  ],
  [
    1434841200000,
    0.294
  ],
  [
    1434927600000,
    0.339
  ],
  [
    1435014000000,
    0.31
  ],
  [
    1435100400000,
    0.268
  ],
  [
    1435186800000,
    0.332
  ],
  [
    1435273200000,
    0.408
  ],
  [
    1435359600000,
    0.421
  ],
  [
    1435446000000,
    0.412
  ],
  [
    1435532400000,
    0.469
  ],
  [
    1435618800000,
    0.426
  ],
  [
    1435705200000,
    0.472
  ],
  [
    1435791600000,
    0.298
  ],
  [
    1435878000000,
    0.421
  ],
  [
    1435964400000,
    0.455
  ],
  [
    1436050800000,
    0.456
  ],
  [
    1436137200000,
    0.533
  ],
  [
    1436223600000,
    0.632
  ],
  [
    1436310000000,
    0.5
  ],
  [
    1436396400000,
    0.48
  ],
  [
    1436482800000,
    0.595
  ],
  [
    1436569200000,
    0.663
  ],
  [
    1436655600000,
    0.53
  ],
  [
    1436742000000,
    0.542
  ],
  [
    1436828400000,
    0.703
  ],
  [
    1436914800000,
    0.676
  ],
  [
    1437001200000,
    0.69
  ],
  [
    1437087600000,
    0.616
  ],
  [
    1437174000000,
    0.635
  ],
  [
    1437260400000,
    0.5
  ],
  [
    1437346800000,
    0.472
  ],
  [
    1437433200000,
    0.558
  ],
  [
    1437519600000,
    0.594
  ],
  [
    1437606000000,
    0.427
  ],
  [
    1437692400000,
    0.561
  ],
  [
    1437778800000,
    0.392
  ],
  [
    1437865200000,
    0.453
  ],
  [
    1437951600000,
    0.466
  ],
  [
    1438038000000,
    0.826
  ],
  [
    1438124400000,
    0.588
  ],
  [
    1438210800000,
    0.486
  ],
  [
    1438297200000,
    0.486
  ],
  [
    1438383600000,
    0.41
  ],
  [
    1438470000000,
    0.418
  ],
  [
    1438556400000,
    0.494
  ],
  [
    1438642800000,
    0.521
  ],
  [
    1438729200000,
    0.645
  ],
  [
    1438815600000,
    0.616
  ],
  [
    1438902000000,
    0.572
  ],
  [
    1438988400000,
    0.524
  ],
  [
    1439074800000,
    0.725
  ],
  [
    1439161200000,
    0.669
  ],
  [
    1439247600000,
    0.595
  ],
  [
    1439334000000,
    0.621
  ],
  [
    1439420400000,
    0.585
  ],
  [
    1439506800000,
    0.467
  ],
  [
    1439593200000,
    0.642
  ],
  [
    1439679600000,
    0.802
  ],
  [
    1439766000000,
    0.737
  ],
  [
    1439852400000,
    0.777
  ],
  [
    1439938800000,
    0.738
  ],
  [
    1440025200000,
    0.383
  ],
  [
    1440111600000,
    0.44
  ],
  [
    1440198000000,
    0.427
  ],
  [
    1440284400000,
    0.396
  ],
  [
    1440370800000,
    0.327
  ],
  [
    1440457200000,
    0.348
  ],
  [
    1440543600000,
    0.368
  ],
  [
    1440630000000,
    0.433
  ],
  [
    1440716400000,
    0.443
  ],
  [
    1440802800000,
    0.541
  ],
  [
    1440889200000,
    0.535
  ],
  [
    1440975600000,
    0.502
  ],
  [
    1441062000000,
    0.547
  ],
  [
    1441148400000,
    0.609
  ],
  [
    1441234800000,
    0.617
  ],
  [
    1441321200000,
    0.766
  ],
  [
    1441407600000,
    0.475
  ],
  [
    1441494000000,
    0.612
  ],
  [
    1441580400000,
    0.61
  ],
  [
    1441666800000,
    0.483
  ],
  [
    1441753200000,
    0.596
  ],
  [
    1441839600000,
    0.529
  ],
  [
    1441926000000,
    0.544
  ],
  [
    1442012400000,
    0.556
  ],
  [
    1442098800000,
    0.637
  ],
  [
    1442185200000,
    0.71
  ],
  [
    1442271600000,
    0.719
  ],
  [
    1442358000000,
    0.74
  ],
  [
    1442444400000,
    0.569
  ],
  [
    1442530800000,
    0.576
  ],
  [
    1442617200000,
    0.578
  ],
  [
    1442703600000,
    0.57
  ],
  [
    1442790000000,
    0.342
  ],
  [
    1442876400000,
    0.493
  ],
  [
    1442962800000,
    0.504
  ],
  [
    1443049200000,
    0.514
  ],
  [
    1443135600000,
    0.51
  ],
  [
    1443222000000,
    0.573
  ],
  [
    1443308400000,
    0.458
  ],
  [
    1443394800000,
    0.556
  ],
  [
    1443481200000,
    0.629
  ],
  [
    1443567600000,
    0.745
  ],
  [
    1443654000000,
    0.397
  ],
  [
    1443740400000,
    0.477
  ],
  [
    1443826800000,
    0.432
  ],
  [
    1443913200000,
    0.536
  ],
  [
    1443999600000,
    0.599
  ],
  [
    1444086000000,
    0.744
  ],
  [
    1444172400000,
    0.592
  ],
  [
    1444258800000,
    0.777
  ],
  [
    1444345200000,
    0.554
  ],
  [
    1444431600000,
    0.706
  ],
  [
    1444518000000,
    0.531
  ],
  [
    1444604400000,
    0.633
  ],
  [
    1444690800000,
    0.722
  ],
  [
    1444777200000,
    0.547
  ],
  [
    1444863600000,
    0.538
  ],
  [
    1444950000000,
    0.598
  ],
  [
    1445036400000,
    0.6
  ],
  [
    1445122800000,
    0.664
  ],
  [
    1445209200000,
    0.631
  ],
  [
    1445295600000,
    0.676
  ],
  [
    1445382000000,
    0.541
  ],
  [
    1445468400000,
    0.641
  ],
  [
    1445554800000,
    0.664
  ],
  [
    1445641200000,
    0.567
  ],
  [
    1445727600000,
    0.52
  ],
  [
    1445817600000,
    0.733
  ],
  [
    1445904000000,
    0.712
  ],
  [
    1445990400000,
    0.646
  ],
  [
    1446076800000,
    0.77
  ],
  [
    1446163200000,
    0.622
  ],
  [
    1446249600000,
    0.69
  ],
  [
    1446336000000,
    0.694
  ],
  [
    1446422400000,
    0.682
  ],
  [
    1446508800000,
    0.683
  ],
  [
    1446595200000,
    0.651
  ],
  [
    1446681600000,
    0.78
  ],
  [
    1446768000000,
    0.692
  ],
  [
    1446854400000,
    0.765
  ],
  [
    1446940800000,
    0.64
  ],
  [
    1447027200000,
    0.621
  ],
  [
    1447113600000,
    0.681
  ],
  [
    1447200000000,
    0.741
  ],
  [
    1447286400000,
    0.76
  ],
  [
    1447372800000,
    0.682
  ],
  [
    1447459200000,
    0.987
  ],
  [
    1447545600000,
    0.748
  ],
  [
    1447632000000,
    0.6
  ],
  [
    1447718400000,
    0.618
  ],
  [
    1447804800000,
    0.668
  ],
  [
    1447891200000,
    0.764
  ],
  [
    1447977600000,
    0.788
  ],
  [
    1448064000000,
    0.996
  ],
  [
    1448150400000,
    0.999
  ],
  [
    1448236800000,
    1.109
  ],
  [
    1448323200000,
    0.967
  ],
  [
    1448409600000,
    0.904
  ],
  [
    1448496000000,
    0.941
  ],
  [
    1448582400000,
    0.949
  ],
  [
    1448668800000,
    0.753
  ],
  [
    1448841600000,
    0.807
  ],
  [
    1448928000000,
    0.927
  ],
  [
    1449014400000,
    1.012
  ],
  [
    1449100800000,
    0.821
  ],
  [
    1449187200000,
    0.88
  ],
  [
    1449273600000,
    1.081
  ],
  [
    1449360000000,
    1.174
  ],
  [
    1449446400000,
    1.11
  ],
  [
    1449532800000,
    0.966
  ],
  [
    1449619200000,
    0.767
  ],
  [
    1449705600000,
    0.841
  ],
  [
    1449792000000,
    0.868
  ],
  [
    1449878400000,
    1.05
  ],
  [
    1449964800000,
    1.091
  ],
  [
    1450051200000,
    1.109
  ],
  [
    1450137600000,
    0.96
  ],
  [
    1450224000000,
    1.113
  ],
  [
    1450310400000,
    1.099
  ],
  [
    1450396800000,
    1.135
  ],
  [
    1450483200000,
    0.908
  ],
  [
    1450569600000,
    0.714
  ],
  [
    1450656000000,
    0.648
  ],
  [
    1450742400000,
    0.577
  ],
  [
    1450828800000,
    0.575
  ],
  [
    1450915200000,
    0.72
  ],
  [
    1451001600000,
    0.8
  ],
  [
    1451088000000,
    0.941
  ],
  [
    1451174400000,
    0.939
  ],
  [
    1451260800000,
    0.959
  ],
  [
    1451347200000,
    0.849
  ],
  [
    1451433600000,
    0.904
  ],
  [
    1451520000000,
    0.803
  ],
  [
    1451606400000,
    0.725
  ],
  [
    1451692800000,
    0.789
  ],
  [
    1451779200000,
    0.735
  ],
  [
    1451865600000,
    0.921
  ],
  [
    1451952000000,
    0.877
  ],
  [
    1452038400000,
    0.782
  ],
  [
    1452124800000,
    0.814
  ],
  [
    1452211200000,
    0.714
  ],
  [
    1452297600000,
    0.775
  ],
  [
    1452384000000,
    0.849
  ],
  [
    1452470400000,
    0.779
  ],
  [
    1452556800000,
    0.904
  ],
  [
    1452643200000,
    0.952
  ],
  [
    1452729600000,
    0.907
  ],
  [
    1452902400000,
    0.69
  ],
  [
    1452988800000,
    0.801
  ],
  [
    1453075200000,
    0.833
  ],
  [
    1453161600000,
    0.895
  ],
  [
    1453248000000,
    0.939
  ],
  [
    1453334400000,
    0.817
  ],
  [
    1453420800000,
    1.243
  ],
  [
    1453507200000,
    1.103
  ],
  [
    1453593600000,
    1.031
  ],
  [
    1453680000000,
    1.136
  ],
  [
    1453852800000,
    1.008
  ],
  [
    1453939200000,
    0.946
  ],
  [
    1454025600000,
    0.983
  ],
  [
    1454112000000,
    1.02
  ],
  [
    1454198400000,
    1.24
  ],
  [
    1454284800000,
    1.083
  ],
  [
    1454371200000,
    1.082
  ],
  [
    1454457600000,
    1.45
  ],
  [
    1454544000000,
    1.212
  ],
  [
    1454716800000,
    0.83
  ],
  [
    1454803200000,
    0.825
  ],
  [
    1454889600000,
    0.942
  ],
  [
    1454976000000,
    0.84
  ],
  [
    1455062400000,
    0.777
  ],
  [
    1455148800000,
    0.793
  ],
  [
    1455235200000,
    0.712
  ],
  [
    1455321600000,
    0.744
  ],
  [
    1455408000000,
    0.765
  ],
  [
    1455494400000,
    0.634
  ],
  [
    1455580800000,
    0.673
  ],
  [
    1455667200000,
    0.784
  ],
  [
    1455753600000,
    0.972
  ],
  [
    1455840000000,
    0.975
  ],
  [
    1455926400000,
    0.917
  ],
  [
    1456012800000,
    0.96
  ],
  [
    1456099200000,
    0.807
  ],
  [
    1456185600000,
    0.724
  ],
  [
    1456272000000,
    0.875
  ],
  [
    1456358400000,
    0.72
  ],
  [
    1456444800000,
    0.704
  ],
  [
    1456531200000,
    0.725
  ],
  [
    1456617600000,
    0.967
  ],
  [
    1456704000000,
    0.874
  ],
  [
    1456790400000,
    0.982
  ],
  [
    1456876800000,
    0.868
  ],
  [
    1456963200000,
    0.949
  ],
  [
    1457049600000,
    1.006
  ],
  [
    1457136000000,
    1.208
  ],
  [
    1457222400000,
    1.221
  ],
  [
    1457395200000,
    1.146
  ],
  [
    1457481600000,
    1.157
  ],
  [
    1457654400000,
    1.247
  ],
  [
    1457827200000,
    1.313
  ],
  [
    1457913600000,
    1.152
  ],
  [
    1458000000000,
    1.12
  ],
  [
    1458086400000,
    1.142
  ],
  [
    1458172800000,
    1.089
  ],
  [
    1458259200000,
    1.073
  ],
  [
    1458432000000,
    1.112
  ],
  [
    1458518400000,
    1.235
  ],
  [
    1458604800000,
    1.3
  ],
  [
    1458777600000,
    1.169
  ],
  [
    1458864000000,
    1.13
  ],
  [
    1458950400000,
    0.998
  ],
  [
    1459036800000,
    1.134
  ],
  [
    1459119600000,
    1.181
  ],
  [
    1459206000000,
    17.94
  ],
  [
    1459292400000,
    5.487
  ],
  [
    1459378800000,
    17.345
  ],
  [
    1459465200000,
    3.855
  ],
  [
    1459638000000,
    4.291
  ],
  [
    1459724400000,
    2.445
  ],
  [
    1459810800000,
    2.213
  ],
  [
    1459897200000,
    5.098
  ],
  [
    1459983600000,
    55
  ],
  [
    1460070000000,
    4.415
  ],
  [
    1460156400000,
    2.673
  ],
  [
    1460242800000,
    27.556
  ],
  [
    1460329200000,
    84.055
  ],
  [
    1460415600000,
    2.762
  ],
  [
    1460502000000,
    7.947
  ],
  [
    1460588400000,
    2.725
  ],
  [
    1460674800000,
    2.995
  ],
  [
    1460761200000,
    3.252
  ],
  [
    1460847600000,
    3.945
  ],
  [
    1460934000000,
    3.807
  ],
  [
    1461020400000,
    3.825
  ],
  [
    1461193200000,
    1.41
  ],
  [
    1461366000000,
    3.705
  ],
  [
    1461452400000,
    3
  ],
  [
    1461538800000,
    3
  ],
  [
    1461625200000,
    3
  ],
  [
    1461711600000,
    2.775
  ],
  [
    1462057200000,
    2.509
  ],
  [
    1462143600000,
    2.029
  ],
  [
    1462230000000,
    1.741
  ],
  [
    1462316400000,
    2.25
  ],
  [
    1462402800000,
    1.17
  ],
  [
    1462489200000,
    1.895
  ],
  [
    1462575600000,
    1.623
  ],
  [
    1462662000000,
    1.054
  ],
  [
    1462748400000,
    1.598
  ],
  [
    1462834800000,
    1.878
  ],
  [
    1462921200000,
    1.254
  ],
  [
    1463007600000,
    1.382
  ],
  [
    1463094000000,
    1.151
  ],
  [
    1463180400000,
    1.26
  ],
  [
    1463266800000,
    1.062
  ],
  [
    1463353200000,
    1.51
  ],
  [
    1463439600000,
    2.485
  ],
  [
    1463526000000,
    1.872
  ],
  [
    1463612400000,
    1.429
  ],
  [
    1463698800000,
    1.287
  ],
  [
    1463785200000,
    1.55
  ],
  [
    1463871600000,
    1.55
  ],
  [
    1463958000000,
    1.54
  ],
  [
    1464044400000,
    1.504
  ],
  [
    1464130800000,
    1.33
  ],
  [
    1464303600000,
    1.12
  ],
  [
    1464390000000,
    1.525
  ],
  [
    1464476400000,
    1.3
  ],
  [
    1464649200000,
    1.227
  ],
  [
    1464735600000,
    1.275
  ],
  [
    1464822000000,
    1.284
  ],
  [
    1464908400000,
    1.339
  ],
  [
    1464994800000,
    1.224
  ],
  [
    1465081200000,
    1.518
  ],
  [
    1465167600000,
    1.507
  ],
  [
    1465254000000,
    1.72
  ],
  [
    1465340400000,
    1.034
  ],
  [
    1465426800000,
    1.408
  ],
  [
    1465513200000,
    1.491
  ],
  [
    1465599600000,
    1.451
  ],
  [
    1465686000000,
    1.192
  ],
  [
    1465772400000,
    1.407
  ],
  [
    1465858800000,
    1.417
  ],
  [
    1465945200000,
    1.312
  ],
  [
    1466031600000,
    1.376
  ],
  [
    1466118000000,
    1.248
  ],
  [
    1466204400000,
    1.303
  ],
  [
    1466290800000,
    1.393
  ],
  [
    1466377200000,
    1.028
  ],
  [
    1466463600000,
    1.159
  ],
  [
    1466550000000,
    1.237
  ],
  [
    1466636400000,
    1.224
  ],
  [
    1466722800000,
    1.041
  ],
  [
    1466809200000,
    1.127
  ],
  [
    1466895600000,
    0.976
  ],
  [
    1466982000000,
    1.01
  ],
  [
    1467068400000,
    0.924
  ],
  [
    1467154800000,
    0.999
  ],
  [
    1467241200000,
    0.882
  ],
  [
    1467500400000,
    0.833
  ],
  [
    1467586800000,
    0.719
  ],
  [
    1467673200000,
    0.841
  ],
  [
    1467759600000,
    0.806
  ],
  [
    1467846000000,
    0.958
  ],
  [
    1467932400000,
    1.165
  ],
  [
    1468018800000,
    1.45
  ],
  [
    1468105200000,
    1.226
  ],
  [
    1468191600000,
    1.237
  ],
  [
    1468278000000,
    1.144
  ],
  [
    1468364400000,
    1.36
  ],
  [
    1468450800000,
    12.334
  ],
  [
    1468537200000,
    1.48
  ],
  [
    1468623600000,
    1.341
  ],
  [
    1468710000000,
    1.297
  ],
  [
    1468796400000,
    2.788
  ],
  [
    1468882800000,
    1.4
  ],
  [
    1469055600000,
    1.39
  ],
  [
    1469142000000,
    1.271
  ],
  [
    1469228400000,
    1.342
  ],
  [
    1469314800000,
    1.328
  ],
  [
    1469401200000,
    1.209
  ],
  [
    1469487600000,
    1.701
  ],
  [
    1469574000000,
    1.124
  ],
  [
    1469660400000,
    1.071
  ],
  [
    1469746800000,
    1.153
  ],
  [
    1469833200000,
    1.08
  ],
  [
    1469919600000,
    0.961
  ],
  [
    1470006000000,
    1.127
  ],
  [
    1470092400000,
    1.214
  ],
  [
    1470178800000,
    1.342
  ],
  [
    1470351600000,
    1.327
  ],
  [
    1470438000000,
    1.153
  ],
  [
    1470610800000,
    1.338
  ],
  [
    1470697200000,
    1.247
  ],
  [
    1470783600000,
    1.461
  ],
  [
    1470870000000,
    1.356
  ],
  [
    1470956400000,
    1.15
  ],
  [
    1471129200000,
    2.552
  ],
  [
    1471215600000,
    1.191
  ],
  [
    1471302000000,
    1.32
  ],
  [
    1471388400000,
    1.446
  ],
  [
    1471474800000,
    1.244
  ],
  [
    1471647600000,
    1.458
  ],
  [
    1471734000000,
    1.355
  ],
  [
    1471820400000,
    1.989
  ],
  [
    1471906800000,
    0.66
  ],
  [
    1471993200000,
    1.276
  ],
  [
    1472166000000,
    1.996
  ],
  [
    1472252400000,
    1.34
  ],
  [
    1472425200000,
    1.38
  ],
  [
    1472598000000,
    1.26
  ],
  [
    1472684400000,
    1.111
  ],
  [
    1472770800000,
    1.263
  ],
  [
    1472943600000,
    1.288
  ],
  [
    1473030000000,
    1.249
  ],
  [
    1473116400000,
    1.232
  ],
  [
    1473375600000,
    1.17
  ],
  [
    1473462000000,
    0.877
  ],
  [
    1473548400000,
    1.2
  ],
  [
    1473634800000,
    0.903
  ],
  [
    1473807600000,
    1.05
  ],
  [
    1473894000000,
    1.15
  ],
  [
    1473980400000,
    1.066
  ],
  [
    1474066800000,
    0.876
  ],
  [
    1474153200000,
    1.28
  ],
  [
    1474239600000,
    0.863
  ],
  [
    1474326000000,
    3.205
  ],
  [
    1474498800000,
    1.002
  ],
  [
    1474671600000,
    1.15
  ],
  [
    1474758000000,
    1.176
  ],
  [
    1474930800000,
    1.147
  ],
  [
    1475190000000,
    1.13
  ],
  [
    1475276400000,
    1.152
  ],
  [
    1475362800000,
    0.85
  ],
  [
    1475449200000,
    0.766
  ],
  [
    1475535600000,
    0.71
  ],
  [
    1475622000000,
    0.741
  ],
  [
    1475708400000,
    1.113
  ],
  [
    1475967600000,
    0.926
  ],
  [
    1476054000000,
    0.917
  ],
  [
    1476140400000,
    0.722
  ],
  [
    1476226800000,
    0.731
  ],
  [
    1476313200000,
    0.914
  ],
  [
    1476399600000,
    0.61
  ],
  [
    1476486000000,
    0.7
  ],
  [
    1476572400000,
    0.762
  ],
  [
    1476658800000,
    0.75
  ],
  [
    1476745200000,
    0.95
  ],
  [
    1476918000000,
    0.883
  ],
  [
    1477004400000,
    1.344
  ],
  [
    1477090800000,
    1.959
  ],
  [
    1477177200000,
    2.121
  ],
  [
    1477263600000,
    2.621
  ],
  [
    1477350000000,
    2.267
  ],
  [
    1477522800000,
    3.276
  ],
  [
    1477695600000,
    2.385
  ],
  [
    1477782000000,
    2.32
  ],
  [
    1477872000000,
    58.038
  ],
  [
    1477958400000,
    26.102
  ],
  [
    1478304000000,
    4.147
  ],
  [
    1478390400000,
    7.815
  ],
  [
    1478476800000,
    7.946
  ],
  [
    1478563200000,
    8.862
  ],
  [
    1478649600000,
    8.821
  ],
  [
    1478736000000,
    3.706
  ],
  [
    1478908800000,
    2.764
  ],
  [
    1478995200000,
    2.699
  ],
  [
    1479081600000,
    2.753
  ],
  [
    1479168000000,
    1.93
  ],
  [
    1479254400000,
    1.993
  ],
  [
    1479427200000,
    2.517
  ],
  [
    1479513600000,
    2.088
  ],
  [
    1479600000000,
    1.727
  ],
  [
    1479686400000,
    1.515
  ],
  [
    1479772800000,
    1.472
  ],
  [
    1479945600000,
    1.464
  ],
  [
    1480032000000,
    1.126
  ],
  [
    1480118400000,
    1.285
  ],
  [
    1480204800000,
    0.85
  ],
  [
    1480291200000,
    0.922
  ],
  [
    1480377600000,
    0.774
  ],
  [
    1480464000000,
    0.78
  ],
  [
    1480550400000,
    0.745
  ],
  [
    1480636800000,
    0.73
  ],
  [
    1480809600000,
    0.664
  ],
  [
    1480896000000,
    0.62
  ],
  [
    1481068800000,
    1.121
  ],
  [
    1481241600000,
    1.289
  ],
  [
    1481328000000,
    1.069
  ],
  [
    1481500800000,
    1.169
  ],
  [
    1481587200000,
    0.917
  ],
  [
    1481760000000,
    0.945
  ],
  [
    1481846400000,
    0.859
  ],
  [
    1481932800000,
    0.884
  ],
  [
    1482019200000,
    0.727
  ],
  [
    1482192000000,
    0.882
  ],
  [
    1482278400000,
    0.95
  ],
  [
    1482364800000,
    0.76
  ],
  [
    1482451200000,
    0.882
  ],
  [
    1482537600000,
    0.892
  ],
  [
    1482624000000,
    0.81
  ],
  [
    1482710400000,
    0.47
  ],
  [
    1482796800000,
    0.851
  ],
  [
    1482883200000,
    0.988
  ],
  [
    1483056000000,
    0.92
  ],
  [
    1483142400000,
    0.995
  ],
  [
    1483228800000,
    1
  ],
  [
    1483315200000,
    0.995
  ],
  [
    1483401600000,
    0.954
  ],
  [
    1483488000000,
    0.89
  ],
  [
    1483660800000,
    0.938
  ],
  [
    1483747200000,
    0.996
  ],
  [
    1483920000000,
    1.297
  ],
  [
    1484006400000,
    1.16
  ],
  [
    1484265600000,
    1.426
  ],
  [
    1484352000000,
    1.436
  ],
  [
    1484438400000,
    1.455
  ],
  [
    1484524800000,
    1.166
  ],
  [
    1484611200000,
    1.16
  ],
  [
    1484697600000,
    1.431
  ],
  [
    1484870400000,
    1.418
  ],
  [
    1484956800000,
    1.21
  ],
  [
    1485043200000,
    1.053
  ],
  [
    1485129600000,
    1.437
  ],
  [
    1485216000000,
    1.155
  ],
  [
    1485388800000,
    1.32
  ],
  [
    1485475200000,
    0.7
  ],
  [
    1485648000000,
    0.87
  ],
  [
    1485734400000,
    1.146
  ],
  [
    1486166400000,
    0.85
  ],
  [
    1486252800000,
    0.977
  ],
  [
    1486339200000,
    0.975
  ],
  [
    1486425600000,
    0.901
  ],
  [
    1486512000000,
    1.04
  ],
  [
    1486684800000,
    2.988
  ],
  [
    1486771200000,
    1.05
  ],
  [
    1486857600000,
    1
  ],
  [
    1486944000000,
    1.11
  ],
  [
    1487030400000,
    1
  ],
  [
    1487116800000,
    1.012
  ],
  [
    1487203200000,
    1.474
  ],
  [
    1487289600000,
    1.143
  ],
  [
    1487376000000,
    1.306
  ],
  [
    1487462400000,
    1.233
  ],
  [
    1487548800000,
    1.414
  ],
  [
    1487635200000,
    1.242
  ],
  [
    1487808000000,
    1.029
  ],
  [
    1487894400000,
    1.135
  ],
  [
    1487980800000,
    1.307
  ],
  [
    1488067200000,
    1.152
  ],
  [
    1488153600000,
    1.315
  ],
  [
    1488240000000,
    1.263
  ],
  [
    1488326400000,
    1.388
  ],
  [
    1488412800000,
    1.436
  ],
  [
    1488499200000,
    1.449
  ],
  [
    1488585600000,
    1.372
  ],
  [
    1488672000000,
    1.44
  ],
  [
    1488844800000,
    1.461
  ],
  [
    1488931200000,
    1.457
  ],
  [
    1489017600000,
    1.424
  ],
  [
    1489104000000,
    2.022
  ],
  [
    1489190400000,
    1.49
  ],
  [
    1489276800000,
    1.381
  ],
  [
    1489363200000,
    1.309
  ],
  [
    1489449600000,
    1.17
  ],
  [
    1489622400000,
    1.4
  ],
  [
    1489708800000,
    1.42
  ],
  [
    1489795200000,
    1.45
  ],
  [
    1489881600000,
    1.464
  ],
  [
    1490054400000,
    1.042
  ],
  [
    1490140800000,
    1.046
  ],
  [
    1490227200000,
    1.057
  ],
  [
    1490313600000,
    1.062
  ],
  [
    1490400000000,
    1.39
  ],
  [
    1490486400000,
    1.24
  ],
  [
    1490569200000,
    1.183
  ],
  [
    1490655600000,
    1.064
  ],
  [
    1490828400000,
    1.016
  ],
  [
    1490914800000,
    1.05
  ],
  [
    1491087600000,
    1.004
  ],
  [
    1491174000000,
    1.081
  ],
  [
    1491433200000,
    1.072
  ],
  [
    1491519600000,
    1.35
  ],
  [
    1491606000000,
    1.566
  ],
  [
    1491692400000,
    1.273
  ],
  [
    1491778800000,
    1.55
  ],
  [
    1491951600000,
    1.11
  ],
  [
    1492038000000,
    4.226
  ],
  [
    1492124400000,
    5.276
  ],
  [
    1492210800000,
    4.366
  ],
  [
    1492297200000,
    5.787
  ],
  [
    1492383600000,
    1.615
  ],
  [
    1492470000000,
    1.433
  ],
  [
    1492556400000,
    1.426
  ],
  [
    1492642800000,
    1.429
  ],
  [
    1492815600000,
    1.46
  ],
  [
    1492902000000,
    1.534
  ],
  [
    1492988400000,
    1.261
  ],
  [
    1493074800000,
    1.41
  ],
  [
    1493247600000,
    1.501
  ],
  [
    1493334000000,
    1.478
  ],
  [
    1493420400000,
    1.204
  ],
  [
    1493506800000,
    1.461
  ],
  [
    1493593200000,
    2.113
  ],
  [
    1493679600000,
    1.35
  ],
  [
    1493766000000,
    2.232
  ],
  [
    1493852400000,
    1.658
  ],
  [
    1493938800000,
    1.774
  ],
  [
    1494025200000,
    2.265
  ],
  [
    1494111600000,
    1.669
  ],
  [
    1494198000000,
    1.81
  ],
  [
    1494284400000,
    1.891
  ],
  [
    1494370800000,
    1.45
  ],
  [
    1494457200000,
    1.437
  ],
  [
    1494716400000,
    1.423
  ],
  [
    1494889200000,
    1.424
  ],
  [
    1495062000000,
    1.198
  ],
  [
    1495148400000,
    1.355
  ],
  [
    1495234800000,
    1.453
  ],
  [
    1495321200000,
    1.275
  ],
  [
    1495407600000,
    1.023
  ],
  [
    1495494000000,
    1
  ],
  [
    1495580400000,
    0.947
  ],
  [
    1495666800000,
    0.961
  ],
  [
    1495753200000,
    1.01
  ],
  [
    1495839600000,
    1.08
  ],
  [
    1495926000000,
    1.18
  ],
  [
    1496012400000,
    1.182
  ],
  [
    1496185200000,
    1.169
  ],
  [
    1496271600000,
    1.31
  ],
  [
    1496358000000,
    1.32
  ],
  [
    1496444400000,
    1.311
  ],
  [
    1496530800000,
    1.18
  ],
  [
    1496617200000,
    1.329
  ],
  [
    1496703600000,
    1.323
  ],
  [
    1496790000000,
    1.207
  ],
  [
    1496876400000,
    2.067
  ],
  [
    1496962800000,
    1.15
  ],
  [
    1497049200000,
    1.327
  ],
  [
    1497222000000,
    1.257
  ],
  [
    1497308400000,
    1.335
  ],
  [
    1497567600000,
    1.501
  ],
  [
    1497654000000,
    1.406
  ],
  [
    1497740400000,
    1.32
  ],
  [
    1497826800000,
    1.552
  ],
  [
    1497999600000,
    1.24
  ],
  [
    1498086000000,
    1.492
  ],
  [
    1498172400000,
    1.171
  ],
  [
    1498258800000,
    1.172
  ],
  [
    1498345200000,
    1.17
  ],
  [
    1498431600000,
    0.99
  ],
  [
    1498604400000,
    0.959
  ],
  [
    1498690800000,
    0.975
  ],
  [
    1498863600000,
    1.086
  ],
  [
    1499122800000,
    1.135
  ],
  [
    1499295600000,
    1.205
  ],
  [
    1499382000000,
    1.149
  ],
  [
    1499554800000,
    1.251
  ],
  [
    1499641200000,
    1
  ],
  [
    1499727600000,
    1.21
  ],
  [
    1499814000000,
    1.115
  ],
  [
    1499986800000,
    0.98
  ],
  [
    1500073200000,
    1.28
  ],
  [
    1500159600000,
    1.13
  ],
  [
    1500246000000,
    1.04
  ],
  [
    1500332400000,
    1.03
  ],
  [
    1500418800000,
    1.106
  ],
  [
    1500505200000,
    1.08
  ],
  [
    1500591600000,
    1.18
  ],
  [
    1500764400000,
    1.079
  ],
  [
    1500850800000,
    1.2
  ],
  [
    1500937200000,
    1.309
  ],
  [
    1501023600000,
    2.3
  ],
  [
    1501196400000,
    1.43
  ],
  [
    1501282800000,
    4.99
  ],
  [
    1501369200000,
    1.506
  ],
  [
    1501455600000,
    1.67
  ],
  [
    1501542000000,
    1.19
  ],
  [
    1501628400000,
    3.923
  ],
  [
    1501801200000,
    1.7
  ],
  [
    1501887600000,
    1.724
  ],
  [
    1501974000000,
    1.372
  ],
  [
    1502060400000,
    1.3
  ],
  [
    1502146800000,
    1.698
  ],
  [
    1502233200000,
    1.542
  ],
  [
    1502406000000,
    1.63
  ],
  [
    1502578800000,
    1.64
  ],
  [
    1502665200000,
    1.638
  ],
  [
    1502751600000,
    1.45
  ],
  [
    1503010800000,
    1.38
  ],
  [
    1503183600000,
    1.378
  ],
  [
    1503356400000,
    1.098
  ],
  [
    1503615600000,
    1.64
  ],
  [
    1503702000000,
    1.587
  ],
  [
    1503788400000,
    1.498
  ],
  [
    1504220400000,
    1.278
  ],
  [
    1504306800000,
    1.448
  ],
  [
    1504393200000,
    1.552
  ],
  [
    1504566000000,
    1.59
  ],
  [
    1504652400000,
    1.608
  ],
  [
    1504738800000,
    1
  ],
  [
    1504825200000,
    1.665
  ],
  [
    1504911600000,
    1.21
  ],
  [
    1505170800000,
    1.24
  ],
  [
    1505257200000,
    1.659
  ],
  [
    1505516400000,
    1.352
  ],
  [
    1505689200000,
    1.702
  ],
  [
    1506121200000,
    1.399
  ],
  [
    1506294000000,
    1.116
  ],
  [
    1506639600000,
    1.529
  ],
  [
    1506726000000,
    1.509
  ],
  [
    1506812400000,
    1.24
  ],
  [
    1507158000000,
    1.289
  ],
  [
    1507244400000,
    1.403
  ],
  [
    1507330800000,
    1.127
  ],
  [
    1507417200000,
    1.287
  ],
  [
    1507590000000,
    1.404
  ],
  [
    1507849200000,
    1.124
  ],
  [
    1508022000000,
    1.117
  ],
  [
    1508367600000,
    0.999
  ],
  [
    1508454000000,
    1.001
  ],
  [
    1508540400000,
    1.357
  ],
  [
    1508626800000,
    1.348
  ],
  [
    1508713200000,
    1.307
  ],
  [
    1509058800000,
    1.177
  ],
  [
    1509231600000,
    1.255
  ],
  [
    1509580800000,
    1.156
  ],
  [
    1509753600000,
    1.144
  ],
  [
    1509840000000,
    1.32
  ],
  [
    1510012800000,
    1.331
  ],
  [
    1510185600000,
    1.147
  ],
  [
    1510272000000,
    0.897
  ],
  [
    1510358400000,
    0.948
  ],
  [
    1510531200000,
    0.88
  ],
  [
    1510617600000,
    0.938
  ],
  [
    1510704000000,
    0.991
  ],
  [
    1511136000000,
    1.193
  ],
  [
    1511222400000,
    1.031
  ],
  [
    1511308800000,
    0.905
  ],
  [
    1511395200000,
    1.005
  ],
  [
    1511481600000,
    1.094
  ],
  [
    1511568000000,
    1.164
  ],
  [
    1511654400000,
    1.052
  ],
  [
    1511740800000,
    1.154
  ],
  [
    1511827200000,
    1.249
  ],
  [
    1512345600000,
    1.26
  ],
  [
    1512518400000,
    1.265
  ],
  [
    1512691200000,
    1.264
  ],
  [
    1512864000000,
    1.035
  ],
  [
    1512950400000,
    0.918
  ],
  [
    1513123200000,
    1.11
  ],
  [
    1513209600000,
    1.648
  ],
  [
    1513382400000,
    1.012
  ],
  [
    1513468800000,
    1.131
  ],
  [
    1513555200000,
    1.233
  ],
  [
    1513641600000,
    1.357
  ],
  [
    1513728000000,
    1.377
  ],
  [
    1513814400000,
    1.352
  ],
  [
    1514160000000,
    0.89
  ],
  [
    1514246400000,
    1.141
  ],
  [
    1514332800000,
    0.89
  ],
  [
    1514505600000,
    1.008
  ],
  [
    1514592000000,
    1.083
  ],
  [
    1514678400000,
    1.162
  ],
  [
    1514764800000,
    1.162
  ],
  [
    1514851200000,
    1.162
  ],
  [
    1514937600000,
    1.4
  ],
  [
    1515024000000,
    1.028
  ],
  [
    1515196800000,
    1.382
  ],
  [
    1515283200000,
    1.471
  ],
  [
    1515369600000,
    1.445
  ],
  [
    1515456000000,
    0.909
  ],
  [
    1515542400000,
    1.582
  ],
  [
    1515801600000,
    1.335
  ],
  [
    1515888000000,
    1.24
  ],
  [
    1515974400000,
    1.325
  ],
  [
    1516147200000,
    1.06
  ],
  [
    1516233600000,
    1.329
  ],
  [
    1516320000000,
    1.15
  ],
  [
    1516406400000,
    1.321
  ],
  [
    1516492800000,
    1.05
  ],
  [
    1516665600000,
    1.15
  ],
  [
    1516752000000,
    1.033
  ],
  [
    1516838400000,
    1.163
  ],
  [
    1516924800000,
    1.548
  ],
  [
    1517011200000,
    1.544
  ],
  [
    1517097600000,
    1.449
  ],
  [
    1517184000000,
    1.628
  ],
  [
    1517270400000,
    1.24
  ],
  [
    1517356800000,
    1.416
  ],
  [
    1517529600000,
    1.43
  ],
  [
    1517616000000,
    1.536
  ],
  [
    1517702400000,
    1.627
  ],
  [
    1517788800000,
    1.806
  ],
  [
    1517875200000,
    1.41
  ],
  [
    1517961600000,
    1.528
  ],
  [
    1518048000000,
    1.484
  ],
  [
    1518134400000,
    1.633
  ],
  [
    1518307200000,
    1.616
  ],
  [
    1518393600000,
    1.19
  ],
  [
    1518480000000,
    1.376
  ],
  [
    1518566400000,
    1.27
  ],
  [
    1518652800000,
    1.517
  ],
  [
    1518739200000,
    1.557
  ],
  [
    1518825600000,
    5.563
  ],
  [
    1518912000000,
    1.551
  ],
  [
    1519084800000,
    1.721
  ],
  [
    1519257600000,
    1.439
  ],
  [
    1519430400000,
    1.68
  ],
  [
    1519516800000,
    1.685
  ],
  [
    1519603200000,
    1.632
  ],
  [
    1519862400000,
    1.559
  ],
  [
    1519948800000,
    1.723
  ],
  [
    1520035200000,
    1.894
  ],
  [
    1520121600000,
    1.877
  ],
  [
    1520726400000,
    2.529
  ],
  [
    1521158400000,
    2.306
  ],
  [
    1521244800000,
    2.058
  ],
  [
    1521590400000,
    21.804
  ],
  [
    1521936000000,
    2.07
  ],
  [
    1522018800000,
    1.64
  ],
  [
    1522105200000,
    1.815
  ],
  [
    1522191600000,
    1.98
  ],
  [
    1522364400000,
    1.5
  ],
  [
    1522623600000,
    1.47
  ],
  [
    1522796400000,
    1.437
  ],
  [
    1522882800000,
    1.56
  ],
  [
    1522969200000,
    1.4
  ],
  [
    1523314800000,
    1.24
  ],
  [
    1523574000000,
    1.29
  ],
  [
    1523833200000,
    1.326
  ],
  [
    1524006000000,
    1.44
  ],
  [
    1524178800000,
    1.276
  ],
  [
    1524524400000,
    1.198
  ],
  [
    1524783600000,
    1.28
  ],
  [
    1524870000000,
    1.115
  ],
  [
    1524956400000,
    1.135
  ],
  [
    1525042800000,
    1.147
  ],
  [
    1525129200000,
    1.013
  ],
  [
    1525215600000,
    0.81
  ],
  [
    1525474800000,
    0.96
  ],
  [
    1525561200000,
    0.971
  ],
  [
    1525734000000,
    0.829
  ],
  [
    1525820400000,
    0.914
  ],
  [
    1525906800000,
    0.829
  ],
  [
    1526598000000,
    0.775
  ],
  [
    1526684400000,
    0.892
  ],
  [
    1526943600000,
    0.782
  ],
  [
    1527202800000,
    0.837
  ],
  [
    1527289200000,
    0.813
  ],
  [
    1527375600000,
    0.837
  ],
  [
    1527548400000,
    0.821
  ],
  [
    1527634800000,
    0.89
  ],
  [
    1527894000000,
    0.87
  ],
  [
    1528153200000,
    0.833
  ],
  [
    1528326000000,
    0.891
  ],
  [
    1528412400000,
    0.907
  ],
  [
    1528498800000,
    0.912
  ],
  [
    1528671600000,
    1.163
  ],
  [
    1529017200000,
    1.144
  ],
  [
    1529103600000,
    1.034
  ],
  [
    1529190000000,
    1.148
  ],
  [
    1529449200000,
    0.867
  ],
  [
    1529708400000,
    0.583
  ],
  [
    1529794800000,
    0.647
  ],
  [
    1529881200000,
    1.047
  ],
  [
    1529967600000,
    1.094
  ],
  [
    1530399600000,
    0.679
  ],
  [
    1530572400000,
    0.665
  ],
  [
    1530745200000,
    0.864
  ],
  [
    1530831600000,
    0.86
  ],
  [
    1530918000000,
    0.93
  ],
  [
    1531090800000,
    0.635
  ],
  [
    1531177200000,
    1.047
  ],
  [
    1531436400000,
    1.027
  ],
  [
    1531695600000,
    2.553
  ],
  [
    1531868400000,
    1.09
  ],
  [
    1531954800000,
    1.092
  ],
  [
    1532041200000,
    0.742
  ],
  [
    1532127600000,
    0.667
  ],
  [
    1532559600000,
    1.103
  ],
  [
    1533078000000,
    1.103
  ],
  [
    1533164400000,
    1.004
  ],
  [
    1533250800000,
    0.844
  ],
  [
    1533337200000,
    1.121
  ],
  [
    1533510000000,
    1.08
  ],
  [
    1533596400000,
    1.09
  ],
  [
    1533769200000,
    1.055
  ],
  [
    1533942000000,
    1.099
  ],
  [
    1534028400000,
    1.149
  ],
  [
    1534114800000,
    1.138
  ],
  [
    1534201200000,
    1.108
  ],
  [
    1534287600000,
    1.22
  ],
  [
    1534374000000,
    1.15
  ],
  [
    1534460400000,
    1.3
  ],
  [
    1534633200000,
    1.311
  ],
  [
    1534719600000,
    0.78
  ],
  [
    1534892400000,
    1.287
  ],
  [
    1535151600000,
    1.332
  ],
  [
    1535324400000,
    1.405
  ],
  [
    1535410800000,
    1.24
  ],
  [
    1535497200000,
    1.375
  ],
  [
    1535583600000,
    0.85
  ],
  [
    1535670000000,
    1.4
  ],
  [
    1535756400000,
    1.403
  ],
  [
    1535929200000,
    3.484
  ],
  [
    1536015600000,
    1
  ],
  [
    1536188400000,
    1.513
  ],
  [
    1536274800000,
    1
  ],
  [
    1536447600000,
    1.45
  ],
  [
    1537052400000,
    1.364
  ],
  [
    1537225200000,
    0.844
  ],
  [
    1537398000000,
    1.435
  ],
  [
    1537484400000,
    3.171
  ],
  [
    1537570800000,
    1.196
  ],
  [
    1537657200000,
    0.805
  ],
  [
    1537830000000,
    1.276
  ],
  [
    1537916400000,
    0.844
  ],
  [
    1538002800000,
    1.054
  ],
  [
    1538175600000,
    5.206
  ],
  [
    1538348400000,
    5.68
  ],
  [
    1538780400000,
    1.46
  ],
  [
    1538866800000,
    1.461
  ],
  [
    1539126000000,
    1.01
  ],
  [
    1539212400000,
    1.51
  ],
  [
    1539298800000,
    1.247
  ],
  [
    1539385200000,
    1.242
  ],
  [
    1539644400000,
    1.472
  ],
  [
    1539730800000,
    5.696
  ],
  [
    1539817200000,
    1.487
  ],
  [
    1539990000000,
    1.1
  ],
  [
    1540162800000,
    1.617
  ],
  [
    1540335600000,
    1.753
  ],
  [
    1540508400000,
    1.42
  ],
  [
    1540594800000,
    1.08
  ],
  [
    1540681200000,
    1.42
  ],
  [
    1540771200000,
    1.327
  ],
  [
    1540944000000,
    1.041
  ],
  [
    1541203200000,
    1.153
  ],
  [
    1541289600000,
    5.247
  ],
  [
    1541376000000,
    1.01
  ],
  [
    1541635200000,
    1.323
  ],
  [
    1541894400000,
    0.742
  ],
  [
    1542240000000,
    1.321
  ],
  [
    1542585600000,
    1.15
  ],
  [
    1542758400000,
    1.321
  ],
  [
    1543104000000,
    1.3
  ],
  [
    1543190400000,
    1.053
  ],
  [
    1543363200000,
    0.89
  ],
  [
    1543536000000,
    0.868
  ],
  [
    1543968000000,
    1.087
  ],
  [
    1544054400000,
    1.077
  ],
  [
    1544140800000,
    1.08
  ],
  [
    1544227200000,
    1.137
  ],
  [
    1544313600000,
    0.918
  ],
  [
    1544400000000,
    0.94
  ],
  [
    1544659200000,
    2.041
  ],
  [
    1544918400000,
    0.683
  ],
  [
    1545004800000,
    0.903
  ],
  [
    1545091200000,
    0.897
  ],
  [
    1545177600000,
    1.044
  ],
  [
    1545523200000,
    0.786
  ],
  [
    1545609600000,
    0.89
  ],
  [
    1545696000000,
    0.99
  ],
  [
    1545868800000,
    1.01
  ],
  [
    1546041600000,
    0.982
  ],
  [
    1546214400000,
    0.851
  ],
  [
    1546300800000,
    0.981
  ],
  [
    1546387200000,
    0.886
  ],
  [
    1546473600000,
    0.804
  ],
  [
    1546646400000,
    0.978
  ],
  [
    1546732800000,
    1.01
  ],
  [
    1546905600000,
    1.123
  ],
  [
    1546992000000,
    1.112
  ],
  [
    1547251200000,
    1.182
  ],
  [
    1547510400000,
    1.063
  ],
  [
    1547856000000,
    0.997
  ],
  [
    1548201600000,
    1.017
  ],
  [
    1548288000000,
    0.69
  ],
  [
    1548460800000,
    0.915
  ],
  [
    1548806400000,
    0.88
  ],
  [
    1549152000000,
    1.011
  ],
  [
    1549670400000,
    0.912
  ],
  [
    1549756800000,
    0.965
  ],
  [
    1549929600000,
    1.024
  ],
  [
    1550102400000,
    1.026
  ],
  [
    1550188800000,
    1.49
  ],
  [
    1550361600000,
    1
  ],
  [
    1550448000000,
    1.15
  ],
  [
    1550534400000,
    1.229
  ],
  [
    1550620800000,
    1.1
  ],
  [
    1550793600000,
    1.909
  ],
  [
    1550966400000,
    1.907
  ],
  [
    1551225600000,
    1.84
  ],
  [
    1551484800000,
    1.129
  ],
  [
    1551571200000,
    1.866
  ],
  [
    1551916800000,
    2.208
  ],
  [
    1552176000000,
    1.136
  ],
  [
    1552608000000,
    1.395
  ],
  [
    1552780800000,
    1.153
  ],
  [
    1552867200000,
    1.396
  ],
  [
    1553040000000,
    1.598
  ],
  [
    1553126400000,
    1.19
  ],
  [
    1553212800000,
    1.144
  ],
  [
    1553299200000,
    1.18
  ],
  [
    1553385600000,
    1.43
  ],
  [
    1553472000000,
    1.085
  ],
  [
    1553558400000,
    0.95
  ],
  [
    1553644800000,
    1.376
  ],
  [
    1553731200000,
    0.78
  ],
  [
    1553817600000,
    2.354
  ],
  [
    1553904000000,
    1.044
  ],
  [
    1554073200000,
    1.429
  ],
  [
    1554332400000,
    1.213
  ],
  [
    1554505200000,
    1.211
  ],
  [
    1554591600000,
    1.333
  ],
  [
    1554678000000,
    1.422
  ],
  [
    1555023600000,
    3.442
  ],
  [
    1555369200000,
    1.514
  ],
  [
    1555714800000,
    1.577
  ],
  [
    1555801200000,
    1.137
  ],
  [
    1555974000000,
    1.749
  ],
  [
    1556146800000,
    1.457
  ],
  [
    1556233200000,
    1.66
  ],
  [
    1556319600000,
    1.895
  ],
  [
    1556578800000,
    1.77
  ],
  [
    1556665200000,
    1.493
  ],
  [
    1556751600000,
    2.036
  ],
  [
    1556838000000,
    1.729
  ],
  [
    1556924400000,
    1.84
  ],
  [
    1557183600000,
    2.583
  ],
  [
    1557270000000,
    1.83
  ],
  [
    1557529200000,
    1.68
  ],
  [
    1557702000000,
    2.101
  ],
  [
    1557788400000,
    2.298
  ],
  [
    1558047600000,
    2.309
  ],
  [
    1558134000000,
    2.568
  ],
  [
    1558220400000,
    1.999
  ],
  [
    1558306800000,
    1.15
  ],
  [
    1558393200000,
    1.991
  ],
  [
    1558738800000,
    1.7
  ],
  [
    1558911600000,
    2.254
  ],
  [
    1558998000000,
    1.67
  ],
  [
    1559084400000,
    1.61
  ],
  [
    1559343600000,
    1.57
  ],
  [
    1559516400000,
    1.804
  ],
  [
    1559602800000,
    1.932
  ],
  [
    1559689200000,
    2.353
  ],
  [
    1559862000000,
    2.15
  ],
  [
    1560034800000,
    2.432
  ],
  [
    1560207600000,
    2.288
  ],
  [
    1560294000000,
    1.98
  ],
  [
    1560466800000,
    2.823
  ],
  [
    1560553200000,
    1.847
  ],
  [
    1560812400000,
    4.504
  ],
  [
    1560898800000,
    1.995
  ],
  [
    1560985200000,
    1.98
  ],
  [
    1561071600000,
    1.545
  ],
  [
    1561158000000,
    23.711
  ],
  [
    1561762800000,
    1.85
  ],
  [
    1561849200000,
    1.5
  ],
  [
    1561935600000,
    1.502
  ],
  [
    1562022000000,
    1.505
  ],
  [
    1562108400000,
    1.519
  ],
  [
    1562194800000,
    1.472
  ],
  [
    1562281200000,
    1.493
  ],
  [
    1562367600000,
    1.551
  ],
  [
    1562540400000,
    2.116
  ],
  [
    1562626800000,
    2.249
  ],
  [
    1562713200000,
    2.287
  ],
  [
    1562799600000,
    1.9
  ],
  [
    1562886000000,
    2.273
  ],
  [
    1562972400000,
    1.81
  ],
  [
    1563145200000,
    2.343
  ],
  [
    1563231600000,
    2.36
  ],
  [
    1563318000000,
    1.41
  ],
  [
    1563404400000,
    2.097
  ],
  [
    1564009200000,
    1.92
  ],
  [
    1564268400000,
    2.225
  ],
  [
    1564354800000,
    2.126
  ],
  [
    1564441200000,
    2.237
  ],
  [
    1564873200000,
    2.06
  ],
  [
    1564959600000,
    3.95
  ],
  [
    1565218800000,
    5.719
  ],
  [
    1565305200000,
    2.757
  ],
  [
    1565391600000,
    3.51
  ],
  [
    1565564400000,
    2.99
  ],
  [
    1565996400000,
    2.19
  ],
  [
    1566082800000,
    2.391
  ],
  [
    1566169200000,
    2.241
  ],
  [
    1566514800000,
    2.1
  ],
  [
    1566601200000,
    2.73
  ],
  [
    1567033200000,
    3.298
  ],
  [
    1567206000000,
    3.596
  ],
  [
    1567551600000,
    3.73
  ],
  [
    1567638000000,
    3.246
  ],
  [
    1567810800000,
    5.74
  ],
  [
    1568242800000,
    2.96
  ],
  [
    1568502000000,
    2.1
  ],
  [
    1569106800000,
    2.21
  ],
  [
    1569711600000,
    2.198
  ],
  [
    1569798000000,
    2.43
  ],
  [
    1569884400000,
    2.191
  ],
  [
    1570230000000,
    2.45
  ],
  [
    1570316400000,
    2.206
  ],
  [
    1570489200000,
    2.336
  ],
  [
    1570575600000,
    2.31
  ],
  [
    1570662000000,
    2.208
  ],
  [
    1570748400000,
    2.14
  ],
  [
    1571266800000,
    2.436
  ],
  [
    1571439600000,
    2.454
  ],
  [
    1571526000000,
    2.11
  ],
  [
    1571871600000,
    2.404
  ],
  [
    1571958000000,
    2.23
  ],
  [
    1572130800000,
    2.231
  ],
  [
    1572393600000,
    0.85
  ],
  [
    1572739200000,
    2.162
  ],
  [
    1573171200000,
    2.06
  ],
  [
    1573344000000,
    2.208
  ],
  [
    1573603200000,
    1.9
  ],
  [
    1573689600000,
    1.78
  ],
  [
    1573862400000,
    2.199
  ],
  [
    1574294400000,
    1.9
  ],
  [
    1574640000000,
    2.214
  ],
  [
    1574812800000,
    2.168
  ],
  [
    1574985600000,
    1.967
  ],
  [
    1575158400000,
    1.867
  ],
  [
    1575331200000,
    2.16
  ],
  [
    1575417600000,
    1.88
  ],
  [
    1575504000000,
    1.67
  ],
  [
    1576281600000,
    4.738
  ],
  [
    1576713600000,
    2.052
  ],
  [
    1577059200000,
    2.087
  ],
  [
    1577145600000,
    2.089
  ],
  [
    1577232000000,
    2.21
  ],
  [
    1577404800000,
    2.23
  ],
  [
    1577664000000,
    2.329
  ],
  [
    1577923200000,
    2.222
  ],
  [
    1578096000000,
    2.23
  ],
  [
    1578441600000,
    2
  ],
  [
    1578787200000,
    2.395
  ],
  [
    1578873600000,
    1.95
  ],
  [
    1579046400000,
    2.1
  ],
  [
    1579132800000,
    1.93
  ],
  [
    1579219200000,
    5.59
  ],
  [
    1579305600000,
    2.236
  ],
  [
    1579651200000,
    2.32
  ],
  [
    1579996800000,
    1.928
  ],
  [
    1580342400000,
    2.221
  ],
  [
    1580428800000,
    1.154
  ],
  [
    1580774400000,
    2.212
  ],
  [
    1580860800000,
    2.58
  ],
  [
    1581033600000,
    2.226
  ],
  [
    1581120000000,
    2.18
  ],
  [
    1581206400000,
    2.044
  ],
  [
    1581379200000,
    2.036
  ],
  [
    1581465600000,
    2.212
  ],
  [
    1581724800000,
    2.345
  ],
  [
    1581897600000,
    1.97
  ],
  [
    1582416000000,
    1.72
  ],
  [
    1582502400000,
    2.07
  ],
  [
    1582588800000,
    2.264
  ],
  [
    1582675200000,
    2.182
  ],
  [
    1583280000000,
    1.887
  ],
  [
    1583366400000,
    1.709
  ],
  [
    1583539200000,
    1.924
  ],
  [
    1583625600000,
    2.01
  ],
  [
    1583798400000,
    1.999
  ],
  [
    1583884800000,
    2.07
  ],
  [
    1583971200000,
    2.143
  ],
  [
    1584403200000,
    1.81
  ],
  [
    1584576000000,
    2.12
  ],
  [
    1584662400000,
    1.43
  ],
  [
    1584748800000,
    1.805
  ],
  [
    1584835200000,
    1.399
  ],
  [
    1585008000000,
    1.75
  ],
  [
    1585094400000,
    1.909
  ],
  [
    1585267200000,
    2.047
  ],
  [
    1585353600000,
    1.967
  ],
  [
    1585522800000,
    1.45
  ],
  [
    1585695600000,
    1.89
  ],
  [
    1585954800000,
    1.593
  ],
  [
    1586041200000,
    1.76
  ],
  [
    1586214000000,
    1.999
  ],
  [
    1586300400000,
    2.053
  ],
  [
    1586473200000,
    2.393
  ],
  [
    1586559600000,
    2.045
  ],
  [
    1586646000000,
    1.97
  ],
  [
    1586732400000,
    1.568
  ],
  [
    1586818800000,
    1.724
  ],
  [
    1586905200000,
    2.672
  ],
  [
    1586991600000,
    1.563
  ],
  [
    1587164400000,
    1.429
  ],
  [
    1587250800000,
    1.781
  ],
  [
    1587337200000,
    1.73
  ],
  [
    1587423600000,
    1.692
  ],
  [
    1587510000000,
    1.57
  ],
  [
    1587596400000,
    1.626
  ],
  [
    1587682800000,
    1.247
  ],
  [
    1587769200000,
    3.38
  ],
  [
    1587855600000,
    1.826
  ],
  [
    1587942000000,
    1.833
  ],
  [
    1588201200000,
    1.584
  ],
  [
    1588287600000,
    1.55
  ],
  [
    1588546800000,
    4.372
  ],
  [
    1588633200000,
    1.57
  ],
  [
    1588719600000,
    1.482
  ],
  [
    1588978800000,
    1.679
  ],
  [
    1589238000000,
    1.62
  ],
  [
    1589324400000,
    1.715
  ],
  [
    1589497200000,
    1.566
  ],
  [
    1589583600000,
    1.816
  ],
  [
    1589670000000,
    1.79
  ],
  [
    1589756400000,
    1.825
  ],
  [
    1590015600000,
    1.886
  ],
  [
    1590102000000,
    1.56
  ],
  [
    1590188400000,
    1.581
  ],
  [
    1590274800000,
    1.56
  ],
  [
    1590447600000,
    1.969
  ],
  [
    1590620400000,
    1.45
  ],
  [
    1590879600000,
    1.503
  ],
  [
    1591052400000,
    1.737
  ],
  [
    1591138800000,
    1.43
  ],
  [
    1591225200000,
    1.681
  ],
  [
    1591398000000,
    1.466
  ],
  [
    1591570800000,
    1.752
  ],
  [
    1591657200000,
    1.691
  ],
  [
    1592002800000,
    1.967
  ],
  [
    1592175600000,
    1.771
  ],
  [
    1592262000000,
    1.909
  ],
  [
    1592521200000,
    1.585
  ],
  [
    1592866800000,
    1.51
  ],
  [
    1592953200000,
    1.598
  ],
  [
    1593126000000,
    1.918
  ],
  [
    1593385200000,
    1.47
  ],
  [
    1593471600000,
    1.58
  ],
  [
    1593558000000,
    1.605
  ],
  [
    1593644400000,
    1.75
  ],
  [
    1593817200000,
    1.621
  ],
  [
    1593903600000,
    1.767
  ],
  [
    1594162800000,
    2.274
  ],
  [
    1594249200000,
    1.943
  ],
  [
    1594335600000,
    1.644
  ],
  [
    1594422000000,
    1.91
  ],
  [
    1594508400000,
    1.97
  ],
  [
    1594594800000,
    2.016
  ],
  [
    1594681200000,
    2.061
  ],
  [
    1594854000000,
    1.952
  ],
  [
    1594940400000,
    2.404
  ],
  [
    1595113200000,
    2.225
  ],
  [
    1595545200000,
    2.41
  ],
  [
    1595890800000,
    2.615
  ],
  [
    1595977200000,
    2.41
  ],
  [
    1596063600000,
    1.88
  ],
  [
    1596150000000,
    2.363
  ],
  [
    1596236400000,
    1.29
  ],
  [
    1596495600000,
    1.967
  ],
  [
    1596754800000,
    1.92
  ],
  [
    1596841200000,
    2.154
  ],
  [
    1596927600000,
    1.906
  ],
  [
    1597359600000,
    2.1
  ],
  [
    1597446000000,
    2.125
  ],
  [
    1597705200000,
    2.037
  ],
  [
    1597791600000,
    1.759
  ],
  [
    1598050800000,
    2.433
  ],
  [
    1598137200000,
    2.058
  ],
  [
    1598310000000,
    2.074
  ],
  [
    1598482800000,
    1.673
  ],
  [
    1598655600000,
    1.99
  ],
  [
    1598828400000,
    1.963
  ],
  [
    1599087600000,
    2.01
  ],
  [
    1599174000000,
    2.035
  ],
  [
    1599260400000,
    3.304
  ],
  [
    1599346800000,
    1.7
  ],
  [
    1599433200000,
    1.701
  ],
  [
    1599692400000,
    1.712
  ],
  [
    1599865200000,
    1.67
  ],
  [
    1600124400000,
    1.61
  ],
  [
    1600297200000,
    1.943
  ],
  [
    1600383600000,
    1.776
  ],
  [
    1600470000000,
    1.668
  ],
  [
    1600556400000,
    1.921
  ],
  [
    1600815600000,
    1.425
  ],
  [
    1600902000000,
    1.84
  ],
  [
    1601161200000,
    1.69
  ],
  [
    1601247600000,
    1.824
  ],
  [
    1601420400000,
    1.69
  ],
  [
    1601506800000,
    1.507
  ],
  [
    1601593200000,
    1.507
  ],
  [
    1601679600000,
    1.735
  ],
  [
    1601852400000,
    1.443
  ],
  [
    1601938800000,
    1.87
  ],
  [
    1602025200000,
    2.02
  ],
  [
    1602111600000,
    2.081
  ],
  [
    1602198000000,
    2.044
  ],
  [
    1602457200000,
    1.842
  ],
  [
    1602543600000,
    1.992
  ],
  [
    1602630000000,
    1.998
  ],
  [
    1602802800000,
    1.74
  ],
  [
    1602889200000,
    1.912
  ],
  [
    1602975600000,
    1.15
  ],
  [
    1603148400000,
    2.039
  ],
  [
    1603407600000,
    2.09
  ],
  [
    1603494000000,
    1.74
  ],
  [
    1603580400000,
    2.036
  ],
  [
    1603670400000,
    2.03
  ],
  [
    1603756800000,
    1.725
  ],
  [
    1604016000000,
    2.008
  ],
  [
    1604275200000,
    1.889
  ],
  [
    1604361600000,
    1.664
  ],
  [
    1604448000000,
    1.885
  ],
  [
    1604707200000,
    2.501
  ],
  [
    1604793600000,
    2.743
  ],
  [
    1604880000000,
    2.133
  ],
  [
    1605052800000,
    8.034
  ],
  [
    1605139200000,
    2.12
  ],
  [
    1605312000000,
    2.197
  ],
  [
    1606089600000,
    1.737
  ],
  [
    1606262400000,
    1.836
  ],
  [
    1606435200000,
    1.807
  ],
  [
    1606521600000,
    1.962
  ],
  [
    1606608000000,
    1.74
  ],
  [
    1606780800000,
    1.72
  ],
  [
    1606953600000,
    1.97
  ],
  [
    1607126400000,
    1.89
  ],
  [
    1607299200000,
    1.65
  ],
  [
    1607644800000,
    2.156
  ],
  [
    1607731200000,
    1.34
  ],
  [
    1607904000000,
    1.809
  ],
  [
    1608076800000,
    1.736
  ],
  [
    1608249600000,
    1.756
  ],
  [
    1608422400000,
    1.85
  ],
  [
    1608508800000,
    1.922
  ],
  [
    1608595200000,
    1.52
  ],
  [
    1608768000000,
    1.839
  ],
  [
    1608940800000,
    1.58
  ],
  [
    1609027200000,
    1.544
  ],
  [
    1609200000000,
    1.944
  ],
  [
    1609286400000,
    1.955
  ],
  [
    1609372800000,
    1.32
  ],
  [
    1609545600000,
    2.199
  ],
  [
    1609718400000,
    1.85
  ],
  [
    1609977600000,
    1.876
  ],
  [
    1610064000000,
    1.768
  ],
  [
    1610150400000,
    1.68
  ],
  [
    1610496000000,
    1.713
  ],
  [
    1610582400000,
    1.823
  ],
  [
    1610668800000,
    1.687
  ],
  [
    1610755200000,
    2.835
  ],
  [
    1610841600000,
    2.158
  ],
  [
    1610928000000,
    1.831
  ],
  [
    1611014400000,
    2.03
  ],
  [
    1611187200000,
    1.582
  ],
  [
    1611273600000,
    1.833
  ],
  [
    1611360000000,
    2.36
  ],
  [
    1611619200000,
    1.88
  ],
  [
    1611792000000,
    1.7
  ],
  [
    1611964800000,
    1.721
  ],
  [
    1612483200000,
    1.861
  ],
  [
    1612569600000,
    1.699
  ],
  [
    1612656000000,
    1.982
  ],
  [
    1612742400000,
    1.05
  ],
  [
    1612828800000,
    1.614
  ],
  [
    1613001600000,
    1.895
  ],
  [
    1613088000000,
    1.9
  ],
  [
    1613174400000,
    1.826
  ],
  [
    1613260800000,
    2.161
  ],
  [
    1613433600000,
    2.006
  ],
  [
    1613606400000,
    1.841
  ],
  [
    1613692800000,
    2.19
  ],
  [
    1613952000000,
    2.178
  ],
  [
    1614211200000,
    1.95
  ],
  [
    1614470400000,
    1.825
  ],
  [
    1614556800000,
    2.248
  ],
  [
    1614729600000,
    2.432
  ],
  [
    1614816000000,
    2.169
  ],
  [
    1614902400000,
    2.353
  ],
  [
    1615334400000,
    2.296
  ],
  [
    1615420800000,
    1.89
  ],
  [
    1615680000000,
    2.496
  ],
  [
    1615766400000,
    2.193
  ],
  [
    1615852800000,
    2.292
  ],
  [
    1616284800000,
    2.294
  ],
  [
    1616371200000,
    1.973
  ],
  [
    1616457600000,
    1.91
  ],
  [
    1616544000000,
    2.262
  ],
  [
    1616716800000,
    2.255
  ],
  [
    1616803200000,
    2.273
  ],
  [
    1616889600000,
    1.92
  ],
  [
    1617058800000,
    2.358
  ],
  [
    1617231600000,
    1.879
  ],
  [
    1617318000000,
    2.172
  ],
  [
    1617663600000,
    2.179
  ],
  [
    1617922800000,
    2.208
  ],
  [
    1618009200000,
    2.45
  ],
  [
    1618095600000,
    2.447
  ],
  [
    1618182000000,
    2.04
  ],
  [
    1618268400000,
    1.869
  ],
  [
    1618441200000,
    2.435
  ],
  [
    1618786800000,
    2.749
  ],
  [
    1619046000000,
    2.37
  ],
  [
    1619132400000,
    2.706
  ],
  [
    1619218800000,
    3.31
  ],
  [
    1619478000000,
    1.222
  ],
  [
    1619650800000,
    2.26
  ],
  [
    1619737200000,
    2.734
  ],
  [
    1619823600000,
    1.952
  ],
  [
    1620169200000,
    2.205
  ],
  [
    1620255600000,
    2.4
  ],
  [
    1620342000000,
    2.522
  ],
  [
    1620428400000,
    2.686
  ],
  [
    1620687600000,
    2.09
  ],
  [
    1620774000000,
    2.26
  ],
  [
    1620860400000,
    2.689
  ],
  [
    1621033200000,
    2.587
  ],
  [
    1621378800000,
    2.69
  ],
  [
    1621638000000,
    2.545
  ],
  [
    1621724400000,
    2.176
  ],
  [
    1621810800000,
    2.518
  ],
  [
    1621897200000,
    2.203
  ],
  [
    1622070000000,
    2.529
  ],
  [
    1622502000000,
    3.058
  ],
  [
    1622588400000,
    2.625
  ],
  [
    1622847600000,
    2.691
  ],
  [
    1623020400000,
    2.5
  ],
  [
    1623193200000,
    2.515
  ],
  [
    1623279600000,
    3.242
  ],
  [
    1623538800000,
    2.997
  ],
  [
    1623711600000,
    2.5
  ],
  [
    1623884400000,
    4.639
  ],
  [
    1624489200000,
    3.68
  ],
  [
    1624662000000,
    1.11
  ],
  [
    1624748400000,
    2.935
  ],
  [
    1624834800000,
    4.715
  ],
  [
    1624921200000,
    4.16
  ],
  [
    1625007600000,
    3.7
  ],
  [
    1625266800000,
    3.68
  ],
  [
    1625353200000,
    3.18
  ],
  [
    1625439600000,
    3.352
  ],
  [
    1625526000000,
    3.15
  ],
  [
    1625958000000,
    2.906
  ],
  [
    1626044400000,
    3.093
  ],
  [
    1626130800000,
    3.069
  ],
  [
    1626217200000,
    3.582
  ],
  [
    1626390000000,
    3.624
  ],
  [
    1626562800000,
    3
  ],
  [
    1626822000000,
    2.56
  ],
  [
    1626908400000,
    3.057
  ],
  [
    1626994800000,
    3.024
  ],
  [
    1627340400000,
    2.999
  ],
  [
    1627426800000,
    2.874
  ],
  [
    1627858800000,
    2.5
  ],
  [
    1627945200000,
    3.03
  ],
  [
    1628118000000,
    2.725
  ],
  [
    1628290800000,
    6.515
  ],
  [
    1628377200000,
    2.8
  ],
  [
    1628463600000,
    2.94
  ],
  [
    1628895600000,
    2.1
  ],
  [
    1629068400000,
    2.706
  ],
  [
    1629414000000,
    1.944
  ],
  [
    1629500400000,
    2.2
  ],
  [
    1629586800000,
    3.002
  ],
  [
    1629673200000,
    2.725
  ],
  [
    1629932400000,
    16.65
  ],
  [
    1630018800000,
    2.59
  ],
  [
    1630105200000,
    3.393
  ],
  [
    1630191600000,
    2.67
  ],
  [
    1630623600000,
    2.656
  ],
  [
    1631055600000,
    5.985
  ],
  [
    1631574000000,
    4.505
  ],
  [
    1631919600000,
    3.81
  ],
  [
    1632006000000,
    3.515
  ],
  [
    1632178800000,
    3.394
  ],
  [
    1632438000000,
    3.248
  ],
  [
    1632610800000,
    3.16
  ],
  [
    1633215600000,
    3.145
  ],
  [
    1633906800000,
    2.57
  ],
  [
    1634166000000,
    2.915
  ],
  [
    1634511600000,
    2.013
  ],
  [
    1634857200000,
    2.5
  ],
  [
    1635548400000,
    2.12
  ],
  [
    1635634800000,
    3.093
  ],
  [
    1635724800000,
    3.113
  ],
  [
    1635897600000,
    3.122
  ],
  [
    1636243200000,
    2.348
  ],
  [
    1636329600000,
    2.5
  ],
  [
    1636502400000,
    2.49
  ],
  [
    1636761600000,
    3.049
  ],
  [
    1636848000000,
    2.27
  ],
  [
    1637020800000,
    2.19
  ],
  [
    1637193600000,
    2.916
  ],
  [
    1637539200000,
    1.95
  ],
  [
    1637625600000,
    2.192
  ],
  [
    1638403200000,
    2.229
  ],
  [
    1638662400000,
    2.687
  ],
  [
    1638748800000,
    2.608
  ],
  [
    1638835200000,
    1.878
  ],
  [
    1638921600000,
    2.359
  ],
  [
    1639180800000,
    2.322
  ],
  [
    1639267200000,
    2.603
  ],
  [
    1639353600000,
    2.289
  ],
  [
    1639785600000,
    2.6
  ],
  [
    1639958400000,
    2.63
  ],
  [
    1640476800000,
    2.15
  ],
  [
    1640649600000,
    2.269
  ],
  [
    1640908800000,
    2.49
  ],
  [
    1640995200000,
    2.5
  ],
  [
    1641340800000,
    2.087
  ],
  [
    1641427200000,
    2.02
  ],
  [
    1641600000000,
    2.13
  ],
  [
    1641772800000,
    2.14
  ],
  [
    1642032000000,
    2.363
  ],
  [
    1642377600000,
    2.726
  ],
  [
    1642550400000,
    2.317
  ],
  [
    1642809600000,
    2.311
  ],
  [
    1642896000000,
    2.04
  ],
  [
    1642982400000,
    2.575
  ],
  [
    1643068800000,
    2.4
  ],
  [
    1643414400000,
    2.219
  ],
  [
    1643500800000,
    2.381
  ],
  [
    1643673600000,
    2.19
  ],
  [
    1643846400000,
    2.537
  ],
  [
    1643932800000,
    2.183
  ],
  [
    1644105600000,
    2.518
  ],
  [
    1644278400000,
    2.454
  ],
  [
    1644451200000,
    2.27
  ],
  [
    1644624000000,
    2.04
  ],
  [
    1644883200000,
    2.36
  ],
  [
    1645056000000,
    2.446
  ],
  [
    1645228800000,
    3.046
  ],
  [
    1645315200000,
    2.448
  ],
  [
    1645488000000,
    2
  ],
  [
    1645574400000,
    2.245
  ],
  [
    1645660800000,
    2.26
  ],
  [
    1645747200000,
    2.415
  ],
  [
    1645920000000,
    2.518
  ],
  [
    1646265600000,
    2.399
  ],
  [
    1646352000000,
    2.643
  ],
  [
    1646784000000,
    2.757
  ],
  [
    1647043200000,
    1.09
  ],
  [
    1647129600000,
    2.959
  ],
  [
    1647302400000,
    3.592
  ],
  [
    1647388800000,
    1.05
  ],
  [
    1647648000000,
    2.954
  ],
  [
    1647734400000,
    2.725
  ],
  [
    1647820800000,
    2.918
  ],
  [
    1647907200000,
    2.723
  ],
  [
    1647993600000,
    2.5
  ],
  [
    1648166400000,
    2.805
  ],
  [
    1648252800000,
    2.42
  ],
  [
    1648508400000,
    2.956
  ],
  [
    1648594800000,
    2.95
  ],
  [
    1648681200000,
    2.955
  ],
  [
    1649026800000,
    4.404
  ],
  [
    1649113200000,
    3.152
  ],
  [
    1649199600000,
    2.685
  ],
  [
    1649286000000,
    2.927
  ],
  [
    1649372400000,
    4.371
  ],
  [
    1649458800000,
    2.95
  ],
  [
    1649545200000,
    2.73
  ],
  [
    1649631600000,
    2.967
  ],
  [
    1650322800000,
    0.454
  ],
  [
    1650927600000,
    2.549
  ],
  [
    1651014000000,
    2.794
  ],
  [
    1651100400000,
    2.5
  ],
  [
    1651273200000,
    2.866
  ],
  [
    1651618800000,
    2.5
  ],
  [
    1652050800000,
    2.57
  ],
  [
    1652223600000,
    2.87
  ],
  [
    1652482800000,
    2.5
  ],
  [
    1652569200000,
    4.121
  ],
  [
    1652655600000,
    2.633
  ],
  [
    1653087600000,
    3.06
  ],
  [
    1653260400000,
    2.833
  ],
  [
    1653346800000,
    3.61
  ],
  [
    1653692400000,
    4.405
  ],
  [
    1654902000000,
    4.282
  ],
  [
    1655074800000,
    3.19
  ],
  [
    1655334000000,
    3.26
  ],
  [
    1655420400000,
    3.31
  ],
  [
    1655679600000,
    3.5
  ],
  [
    1655938800000,
    3.33
  ],
  [
    1656111600000,
    4.094
  ],
  [
    1656284400000,
    3.345
  ],
  [
    1656370800000,
    4.1
  ],
  [
    1656457200000,
    4.12
  ],
  [
    1656543600000,
    5.41
  ],
  [
    1656716400000,
    3.527
  ],
  [
    1656975600000,
    3.54
  ],
  [
    1657407600000,
    3.82
  ],
  [
    1657580400000,
    3.99
  ],
  [
    1658185200000,
    1.068
  ],
  [
    1658617200000,
    3.695
  ],
  [
    1658876400000,
    3.85
  ],
  [
    1659049200000,
    4.075
  ],
  [
    1659135600000,
    3.386
  ],
  [
    1659222000000,
    3.4
  ],
  [
    1659308400000,
    5.073
  ],
  [
    1659740400000,
    3.5
  ],
  [
    1660086000000,
    3.52
  ],
  [
    1660172400000,
    3.54
  ],
  [
    1660258800000,
    3.54
  ],
  [
    1660345200000,
    3.932
  ],
  [
    1660431600000,
    3.5
  ],
  [
    1660604400000,
    3.54
  ],
  [
    1660863600000,
    4
  ],
  [
    1660950000000,
    3.54
  ],
  [
    1661036400000,
    4.024
  ],
  [
    1661468400000,
    5.151
  ],
  [
    1661727600000,
    3.48
  ],
  [
    1661814000000,
    4.06
  ],
  [
    1662073200000,
    3.42
  ],
  [
    1662246000000,
    4.159
  ],
  [
    1662505200000,
    3.91
  ],
  [
    1663023600000,
    3.822
  ],
  [
    1663110000000,
    3.51
  ],
  [
    1663196400000,
    3.379
  ],
  [
    1663282800000,
    3.387
  ],
  [
    1663369200000,
    3.372
  ],
  [
    1663455600000,
    3.846
  ],
  [
    1663801200000,
    3.23
  ],
  [
    1663887600000,
    3.7
  ],
  [
    1663974000000,
    3.79
  ],
  [
    1664060400000,
    3.69
  ],
  [
    1664233200000,
    4.02
  ],
  [
    1664319600000,
    3.048
  ],
  [
    1664406000000,
    2.2
  ],
  [
    1664492400000,
    3.254
  ],
  [
    1665270000000,
    2.719
  ],
  [
    1665529200000,
    2.056
  ],
  [
    1666134000000,
    2.81
  ],
  [
    1666220400000,
    2.625
  ],
  [
    1666393200000,
    2.761
  ],
  [
    1666479600000,
    2.93
  ],
  [
    1666566000000,
    2.834
  ],
  [
    1666652400000,
    2.956
  ],
  [
    1666998000000,
    2.48
  ],
  [
    1667260800000,
    3.097
  ],
  [
    1667692800000,
    2.89
  ],
  [
    1667952000000,
    3.498
  ],
  [
    1668297600000,
    3.007
  ],
  [
    1668470400000,
    3.103
  ],
  [
    1668729600000,
    2.94
  ],
  [
    1668816000000,
    2.37
  ],
  [
    1668988800000,
    3.242
  ],
  [
    1669075200000,
    2.62
  ],
  [
    1669161600000,
    3.404
  ],
  [
    1669334400000,
    3.407
  ],
  [
    1669507200000,
    3.82
  ],
  [
    1670112000000,
    3.495
  ],
  [
    1670198400000,
    2.22
  ],
  [
    1670544000000,
    3.16
  ],
  [
    1670889600000,
    2.85
  ],
  [
    1671148800000,
    3.31
  ],
  [
    1671321600000,
    3.333
  ],
  [
    1671667200000,
    2.84
  ],
  [
    1672012800000,
    3.074
  ],
  [
    1672185600000,
    3.622
  ],
  [
    1672272000000,
    2.93
  ],
  [
    1672963200000,
    3.322
  ],
  [
    1673222400000,
    2.96
  ],
  [
    1673308800000,
    2.96
  ],
  [
    1673654400000,
    3.294
  ],
  [
    1673740800000,
    3.557
  ],
  [
    1674172800000,
    5.219
  ],
  [
    1674518400000,
    2.96
  ],
  [
    1674604800000,
    3.503
  ],
  [
    1674691200000,
    3.649
  ],
  [
    1674864000000,
    3.653
  ],
  [
    1674950400000,
    3.19
  ],
  [
    1675036800000,
    3.18
  ],
  [
    1675296000000,
    3.525
  ],
  [
    1675468800000,
    2.8
  ],
  [
    1675641600000,
    3.087
  ],
  [
    1675814400000,
    3.23
  ],
  [
    1676160000000,
    3.15
  ],
  [
    1676246400000,
    3.519
  ],
  [
    1676332800000,
    3.85
  ],
  [
    1676678400000,
    3.19
  ],
  [
    1676937600000,
    5.33
  ],
  [
    1677024000000,
    1.991
  ],
  [
    1677110400000,
    3.199
  ],
  [
    1677542400000,
    3.618
  ],
  [
    1677888000000,
    3.83
  ],
  [
    1677974400000,
    4.254
  ],
  [
    1678147200000,
    3.85
  ],
  [
    1678665600000,
    4.565
  ],
  [
    1678752000000,
    3.182
  ],
  [
    1678924800000,
    4.184
  ],
  [
    1679184000000,
    3.68
  ],
  [
    1679270400000,
    3.53
  ],
  [
    1679443200000,
    0.881
  ],
  [
    1679529600000,
    4.163
  ],
  [
    1679616000000,
    4.201
  ],
  [
    1679871600000,
    4.183
  ],
  [
    1679958000000,
    3.81
  ],
  [
    1680044400000,
    4.05
  ],
  [
    1680217200000,
    4.012
  ],
  [
    1680303600000,
    3.88
  ],
  [
    1680390000000,
    2.266
  ],
  [
    1680476400000,
    3.46
  ],
  [
    1680562800000,
    3.703
  ],
  [
    1680649200000,
    2.428
  ],
  [
    1680735600000,
    3.73
  ],
  [
    1680822000000,
    3.77
  ],
  [
    1680908400000,
    3.709
  ],
  [
    1681081200000,
    0.908
  ],
  [
    1681167600000,
    3.329
  ],
  [
    1681254000000,
    3.631
  ],
  [
    1681426800000,
    3.487
  ],
  [
    1681513200000,
    3.285
  ],
  [
    1681599600000,
    3.91
  ],
  [
    1681686000000,
    3.405
  ],
  [
    1681772400000,
    3.917
  ],
  [
    1681858800000,
    3.95
  ],
  [
    1682031600000,
    3.998
  ],
  [
    1682204400000,
    4.269
  ],
  [
    1682377200000,
    4.05
  ],
  [
    1682550000000,
    3.33
  ],
  [
    1682636400000,
    3.72
  ],
  [
    1682722800000,
    2.645
  ],
  [
    1682982000000,
    1.014
  ],
  [
    1683241200000,
    2.098
  ],
  [
    1683327600000,
    4.125
  ],
  [
    1683586800000,
    4.287
  ],
  [
    1683673200000,
    3.4
  ],
  [
    1683759600000,
    3.54
  ],
  [
    1684018800000,
    4.37
  ],
  [
    1684105200000,
    4.08
  ],
  [
    1684278000000,
    4.018
  ],
  [
    1684450800000,
    3.73
  ],
  [
    1684710000000,
    3.991
  ],
  [
    1684796400000,
    4.021
  ],
  [
    1684882800000,
    3.805
  ],
  [
    1685055600000,
    4.22
  ],
  [
    1685142000000,
    4.145
  ],
  [
    1685574000000,
    4.614
  ],
  [
    1685833200000,
    4.32
  ],
  [
    1685919600000,
    4.304
  ],
  [
    1686006000000,
    4.465
  ],
  [
    1686351600000,
    5.748
  ],
  [
    1686438000000,
    4.549
  ],
  [
    1686697200000,
    1.116
  ],
  [
    1686783600000,
    3.665
  ],
  [
    1686870000000,
    4.546
  ],
  [
    1686956400000,
    4.32
  ],
  [
    1687129200000,
    4.72
  ],
  [
    1687215600000,
    4.756
  ],
  [
    1687302000000,
    5.222
  ],
  [
    1687474800000,
    5.453
  ],
  [
    1687906800000,
    4.916
  ],
  [
    1688079600000,
    6.248
  ],
  [
    1688166000000,
    5.38
  ],
  [
    1688252400000,
    5.55
  ],
  [
    1688338800000,
    5.275
  ],
  [
    1688425200000,
    5.363
  ],
  [
    1688770800000,
    5.03
  ],
  [
    1689030000000,
    4.622
  ],
  [
    1689116400000,
    5.93
  ],
  [
    1689202800000,
    5.03
  ],
  [
    1689548400000,
    5.816
  ],
  [
    1689807600000,
    4.85
  ],
  [
    1689894000000,
    5.508
  ],
  [
    1690153200000,
    4.754
  ],
  [
    1690412400000,
    4.2
  ],
  [
    1690585200000,
    4.344
  ],
  [
    1690671600000,
    6.599
  ],
  [
    1690844400000,
    4.732
  ],
  [
    1691190000000,
    4.468
  ],
  [
    1691535600000,
    4.87
  ],
  [
    1691622000000,
    4.963
  ],
  [
    1691794800000,
    5.04
  ],
  [
    1691967600000,
    4.25
  ],
  [
    1692054000000,
    3.619
  ],
  [
    1692140400000,
    4.11
  ],
  [
    1692226800000,
    5.115
  ],
  [
    1692486000000,
    5.05
  ],
  [
    1692831600000,
    5.11
  ],
  [
    1693004400000,
    5.42
  ],
  [
    1693350000000,
    5.354
  ],
  [
    1693436400000,
    7.203
  ],
  [
    1693695600000,
    5.963
  ],
  [
    1693782000000,
    6.806
  ],
  [
    1694127600000,
    5.49
  ],
  [
    1694214000000,
    6.5
  ],
  [
    1694559600000,
    5.34
  ],
  [
    1694646000000,
    5.543
  ],
  [
    1694991600000,
    5.347
  ],
  [
    1695337200000,
    4.845
  ],
  [
    1695682800000,
    5.374
  ],
  [
    1696028400000,
    5.508
  ],
  [
    1696201200000,
    5.21
  ],
  [
    1696287600000,
    5.13
  ],
  [
    1696546800000,
    5.245
  ],
  [
    1696633200000,
    3.69
  ],
  [
    1696719600000,
    5.02
  ],
  [
    1696806000000,
    4.563
  ],
  [
    1696892400000,
    4.84
  ],
  [
    1696978800000,
    4.956
  ],
  [
    1697065200000,
    5.14
  ],
  [
    1697151600000,
    5.655
  ],
  [
    1697238000000,
    5.561
  ],
  [
    1697324400000,
    5.75
  ],
  [
    1697410800000,
    5.87
  ],
  [
    1697583600000,
    5.29
  ],
  [
    1697756400000,
    6.2
  ],
  [
    1697842800000,
    6.061
  ],
  [
    1697929200000,
    5.83
  ],
  [
    1698015600000,
    5.84
  ],
  [
    1698188400000,
    6.021
  ],
  [
    1698274800000,
    4.74
  ],
  [
    1698624000000,
    5.59
  ],
  [
    1699142400000,
    6.108
  ],
  [
    1699315200000,
    6.347
  ],
  [
    1699920000000,
    6.03
  ],
  [
    1700006400000,
    6.513
  ],
  [
    1700179200000,
    8.935
  ],
  [
    1700697600000,
    9.36
  ],
  [
    1700784000000,
    10
  ],
  [
    1700870400000,
    10.05
  ],
  [
    1700956800000,
    8.58
  ],
  [
    1701043200000,
    10.252
  ],
  [
    1701388800000,
    8.746
  ],
  [
    1701648000000,
    7.942
  ],
  [
    1701734400000,
    7.376
  ],
  [
    1701993600000,
    7.545
  ],
  [
    1702512000000,
    9.233
  ],
  [
    1702944000000,
    8.2
  ],
  [
    1703030400000,
    7.53
  ],
  [
    1703289600000,
    8.404
  ],
  [
    1703376000000,
    8.993
  ],
  [
    1703548800000,
    8.292
  ],
  [
    1703635200000,
    6.617
  ],
  [
    1703721600000,
    5.831
  ],
  [
    1703894400000,
    4.525
  ],
  [
    1704067200000,
    5.964
  ],
  [
    1704240000000,
    6.01
  ],
  [
    1704326400000,
    6.229
  ],
  [
    1704412800000,
    5.29
  ],
  [
    1704499200000,
    5.23
  ],
  [
    1704585600000,
    5.26
  ],
  [
    1704672000000,
    5.952
  ],
  [
    1705190400000,
    6.27
  ],
  [
    1705276800000,
    6.336
  ],
  [
    1705536000000,
    6.592
  ],
  [
    1705622400000,
    6.618
  ],
  [
    1705881600000,
    6.26
  ],
  [
    1705968000000,
    6.525
  ],
  [
    1706400000000,
    6.601
  ],
  [
    1707264000000,
    5.619
  ],
  [
    1707350400000,
    5.29
  ],
  [
    1707696000000,
    6.199
  ],
  [
    1708300800000,
    5.985
  ],
  [
    1708387200000,
    5.835
  ],
  [
    1708560000000,
    6.47
  ],
  [
    1708646400000,
    6.01
  ],
  [
    1708732800000,
    6.877
  ],
  [
    1708905600000,
    5.42
  ],
  [
    1709164800000,
    6.9
  ],
  [
    1709251200000,
    6.872
  ],
  [
    1709424000000,
    6.69
  ],
  [
    1709510400000,
    6.92
  ],
  [
    1709683200000,
    7.396
  ],
  [
    1709856000000,
    6.003
  ],
  [
    1709942400000,
    8.35
  ],
  [
    1710201600000,
    7.135
  ],
  [
    1710633600000,
    6.38
  ],
  [
    1710806400000,
    6.871
  ],
  [
    1710979200000,
    6.25
  ],
  [
    1711238400000,
    6.36
  ],
  [
    1711497600000,
    6.565
  ],
  [
    1711756800000,
    6.85
  ],
  [
    1712271600000,
    8.021
  ],
  [
    1713394800000,
    6.99
  ],
  [
    1713567600000,
    7.867
  ],
  [
    1713826800000,
    7.333
  ],
  [
    1714086000000,
    6.18
  ],
  [
    1714777200000,
    7.565
  ],
  [
    1714863600000,
    7.569
  ],
  [
    1714950000000,
    7.7
  ],
  [
    1715122800000,
    8.64
  ],
  [
    1715209200000,
    8.93
  ],
  [
    1715295600000,
    11.016
  ],
  [
    1715554800000,
    9.33
  ],
  [
    1716159600000,
    9.435
  ],
  [
    1716246000000,
    8.69
  ],
  [
    1716508800000,
    8.66
  ],
  [
    1717056000000,
    10.049
  ],
  [
    1717621200000,
    8.158
  ],
  [
    1717819200000,
    6.915
  ],
  [
    1717869600000,
    8.24
  ],
  [
    1717981200000,
    6.78
  ],
  [
    1718215200000,
    8.123
  ],
  [
    1718384400000,
    8.005
  ],
  [
    1718928000000,
    19.98
  ]
]