[
  [
    1606953600000,
    1.49
  ],
  [
    1607040000000,
    1.025
  ],
  [
    1607126400000,
    1.006
  ],
  [
    1607212800000,
    0.993
  ],
  [
    1607299200000,
    0.983
  ],
  [
    1607385600000,
    0.965
  ],
  [
    1607472000000,
    0.885
  ],
  [
    1607558400000,
    0.955
  ],
  [
    1607644800000,
    0.969
  ],
  [
    1607731200000,
    0.976
  ],
  [
    1607817600000,
    0.969
  ],
  [
    1607904000000,
    0.969
  ],
  [
    1607990400000,
    0.959
  ],
  [
    1608076800000,
    0.904
  ],
  [
    1608163200000,
    0.946
  ],
  [
    1608249600000,
    0.959
  ],
  [
    1608336000000,
    0.963
  ],
  [
    1608422400000,
    0.961
  ],
  [
    1608508800000,
    0.959
  ],
  [
    1608595200000,
    0.951
  ],
  [
    1608681600000,
    0.91
  ],
  [
    1608768000000,
    0.935
  ],
  [
    1608854400000,
    0.948
  ],
  [
    1608940800000,
    0.946
  ],
  [
    1609027200000,
    0.941
  ],
  [
    1609113600000,
    0.939
  ],
  [
    1609200000000,
    0.933
  ],
  [
    1609286400000,
    0.837
  ],
  [
    1609372800000,
    0.886
  ],
  [
    1609459200000,
    0.911
  ],
  [
    1609545600000,
    0.912
  ],
  [
    1609632000000,
    0.908
  ],
  [
    1609718400000,
    0.908
  ],
  [
    1609804800000,
    0.908
  ],
  [
    1609891200000,
    0.83
  ],
  [
    1609977600000,
    0.853
  ],
  [
    1610064000000,
    0.872
  ],
  [
    1610150400000,
    0.895
  ],
  [
    1610236800000,
    0.908
  ],
  [
    1610323200000,
    0.907
  ],
  [
    1610409600000,
    0.897
  ],
  [
    1610496000000,
    0.848
  ],
  [
    1610582400000,
    0.858
  ],
  [
    1610668800000,
    0.872
  ],
  [
    1610755200000,
    0.878
  ],
  [
    1610841600000,
    0.883
  ],
  [
    1610928000000,
    0.879
  ],
  [
    1611014400000,
    0.869
  ],
  [
    1611100800000,
    0.816
  ],
  [
    1611187200000,
    0.814
  ],
  [
    1611273600000,
    0.811
  ],
  [
    1611360000000,
    0.807
  ],
  [
    1611446400000,
    0.804
  ],
  [
    1611532800000,
    0.787
  ],
  [
    1611619200000,
    0.764
  ],
  [
    1611705600000,
    0.705
  ],
  [
    1611792000000,
    0.659
  ],
  [
    1611878400000,
    0.68
  ],
  [
    1611964800000,
    0.717
  ],
  [
    1612051200000,
    0.72
  ],
  [
    1612137600000,
    0.722
  ],
  [
    1612224000000,
    0.717
  ],
  [
    1612310400000,
    0.679
  ],
  [
    1612396800000,
    0.703
  ],
  [
    1612483200000,
    0.714
  ],
  [
    1612569600000,
    0.729
  ],
  [
    1612656000000,
    0.729
  ],
  [
    1612742400000,
    0.724
  ],
  [
    1612828800000,
    0.719
  ],
  [
    1612915200000,
    0.694
  ],
  [
    1613001600000,
    0.704
  ],
  [
    1613088000000,
    0.699
  ],
  [
    1613174400000,
    0.697
  ],
  [
    1613260800000,
    0.691
  ],
  [
    1613347200000,
    0.686
  ],
  [
    1613433600000,
    0.675
  ],
  [
    1613520000000,
    0.637
  ],
  [
    1613606400000,
    0.642
  ],
  [
    1613692800000,
    0.665
  ],
  [
    1613779200000,
    0.685
  ],
  [
    1613865600000,
    0.698
  ],
  [
    1613952000000,
    0.714
  ],
  [
    1614038400000,
    0.731
  ],
  [
    1614124800000,
    0.712
  ],
  [
    1614211200000,
    0.734
  ],
  [
    1614297600000,
    0.758
  ],
  [
    1614384000000,
    0.773
  ],
  [
    1614470400000,
    0.783
  ],
  [
    1614556800000,
    0.816
  ],
  [
    1614643200000,
    0.859
  ],
  [
    1614729600000,
    0.833
  ],
  [
    1614816000000,
    0.812
  ],
  [
    1614902400000,
    0.826
  ],
  [
    1614988800000,
    0.849
  ],
  [
    1615075200000,
    0.856
  ],
  [
    1615161600000,
    0.85
  ],
  [
    1615248000000,
    0.839
  ],
  [
    1615334400000,
    0.809
  ],
  [
    1615420800000,
    0.818
  ],
  [
    1615507200000,
    0.824
  ],
  [
    1615593600000,
    0.827
  ],
  [
    1615680000000,
    0.822
  ],
  [
    1615766400000,
    0.8
  ],
  [
    1615852800000,
    0.779
  ],
  [
    1615939200000,
    0.774
  ],
  [
    1616025600000,
    0.768
  ],
  [
    1616112000000,
    0.762
  ],
  [
    1616198400000,
    0.752
  ],
  [
    1616284800000,
    0.742
  ],
  [
    1616371200000,
    0.738
  ],
  [
    1616457600000,
    0.773
  ],
  [
    1616544000000,
    0.809
  ],
  [
    1616630400000,
    0.808
  ],
  [
    1616716800000,
    0.794
  ],
  [
    1616803200000,
    0.792
  ],
  [
    1616889600000,
    0.787
  ],
  [
    1616972400000,
    0.785
  ],
  [
    1617058800000,
    0.775
  ],
  [
    1617145200000,
    0.774
  ],
  [
    1617231600000,
    0.782
  ],
  [
    1617318000000,
    0.785
  ],
  [
    1617404400000,
    0.785
  ],
  [
    1617490800000,
    0.79
  ],
  [
    1617577200000,
    0.79
  ],
  [
    1617663600000,
    0.805
  ],
  [
    1617750000000,
    0.771
  ],
  [
    1617836400000,
    0.692
  ],
  [
    1617922800000,
    0.72
  ],
  [
    1618009200000,
    0.702
  ],
  [
    1618095600000,
    0.661
  ],
  [
    1618182000000,
    0.673
  ],
  [
    1618268400000,
    0.666
  ],
  [
    1618354800000,
    0.678
  ],
  [
    1618441200000,
    0.678
  ],
  [
    1618527600000,
    0.695
  ],
  [
    1618614000000,
    0.762
  ],
  [
    1618700400000,
    0.753
  ],
  [
    1618786800000,
    0.76
  ],
  [
    1618873200000,
    0.769
  ],
  [
    1618959600000,
    0.791
  ],
  [
    1619046000000,
    0.866
  ],
  [
    1619132400000,
    0.898
  ],
  [
    1619218800000,
    0.922
  ],
  [
    1619305200000,
    0.915
  ],
  [
    1619391600000,
    0.905
  ],
  [
    1619478000000,
    0.9
  ],
  [
    1619564400000,
    0.901
  ],
  [
    1619650800000,
    0.926
  ],
  [
    1619737200000,
    0.962
  ],
  [
    1619823600000,
    0.92
  ],
  [
    1619910000000,
    0.87
  ],
  [
    1619996400000,
    0.843
  ],
  [
    1620082800000,
    0.634
  ],
  [
    1620169200000,
    0.627
  ],
  [
    1620255600000,
    0.584
  ],
  [
    1620342000000,
    0.534
  ],
  [
    1620428400000,
    0.547
  ],
  [
    1620514800000,
    0.533
  ],
  [
    1620601200000,
    0.525
  ],
  [
    1620687600000,
    0.514
  ],
  [
    1620774000000,
    0.522
  ],
  [
    1620860400000,
    0.607
  ],
  [
    1620946800000,
    0.649
  ],
  [
    1621033200000,
    0.653
  ],
  [
    1621119600000,
    0.627
  ],
  [
    1621206000000,
    0.603
  ],
  [
    1621292400000,
    0.602
  ],
  [
    1621378800000,
    0.6
  ],
  [
    1621465200000,
    0.586
  ],
  [
    1621551600000,
    0.564
  ],
  [
    1621638000000,
    0.582
  ],
  [
    1621724400000,
    0.594
  ],
  [
    1621810800000,
    0.592
  ],
  [
    1621897200000,
    0.59
  ],
  [
    1621983600000,
    0.601
  ],
  [
    1622070000000,
    0.615
  ],
  [
    1622156400000,
    0.647
  ],
  [
    1622242800000,
    0.676
  ],
  [
    1622329200000,
    0.701
  ],
  [
    1622415600000,
    0.703
  ],
  [
    1622502000000,
    0.699
  ],
  [
    1622588400000,
    0.683
  ],
  [
    1622674800000,
    0.666
  ],
  [
    1622761200000,
    0.664
  ],
  [
    1622847600000,
    0.707
  ],
  [
    1622934000000,
    0.706
  ],
  [
    1623020400000,
    0.7
  ],
  [
    1623106800000,
    0.692
  ],
  [
    1623193200000,
    0.693
  ],
  [
    1623279600000,
    0.704
  ],
  [
    1623366000000,
    0.71
  ],
  [
    1623452400000,
    0.716
  ],
  [
    1623538800000,
    0.717
  ],
  [
    1623625200000,
    0.726
  ],
  [
    1623711600000,
    0.734
  ],
  [
    1623798000000,
    0.747
  ],
  [
    1623884400000,
    0.747
  ],
  [
    1623970800000,
    0.746
  ],
  [
    1624057200000,
    0.755
  ],
  [
    1624143600000,
    0.75
  ],
  [
    1624230000000,
    0.729
  ],
  [
    1624316400000,
    0.696
  ],
  [
    1624402800000,
    0.674
  ],
  [
    1624489200000,
    0.629
  ],
  [
    1624575600000,
    0.626
  ],
  [
    1624662000000,
    0.642
  ],
  [
    1624748400000,
    0.663
  ],
  [
    1624834800000,
    0.672
  ],
  [
    1624921200000,
    0.665
  ],
  [
    1625007600000,
    0.651
  ],
  [
    1625094000000,
    0.667
  ],
  [
    1625180400000,
    0.673
  ],
  [
    1625266800000,
    0.674
  ],
  [
    1625353200000,
    0.651
  ],
  [
    1625439600000,
    0.653
  ],
  [
    1625526000000,
    0.646
  ],
  [
    1625612400000,
    0.632
  ],
  [
    1625698800000,
    0.627
  ],
  [
    1625785200000,
    0.617
  ],
  [
    1625871600000,
    0.614
  ],
  [
    1625958000000,
    0.607
  ],
  [
    1626044400000,
    0.593
  ],
  [
    1626130800000,
    0.598
  ],
  [
    1626217200000,
    0.566
  ],
  [
    1626303600000,
    0.561
  ],
  [
    1626390000000,
    0.579
  ],
  [
    1626476400000,
    0.579
  ],
  [
    1626562800000,
    0.578
  ],
  [
    1626649200000,
    0.573
  ],
  [
    1626735600000,
    0.567
  ],
  [
    1626822000000,
    0.56
  ],
  [
    1626908400000,
    0.547
  ],
  [
    1626994800000,
    0.548
  ],
  [
    1627081200000,
    0.555
  ],
  [
    1627167600000,
    0.568
  ],
  [
    1627254000000,
    0.561
  ],
  [
    1627340400000,
    0.565
  ],
  [
    1627426800000,
    0.562
  ],
  [
    1627513200000,
    0.566
  ],
  [
    1627599600000,
    0.566
  ],
  [
    1627686000000,
    0.572
  ],
  [
    1627772400000,
    0.568
  ],
  [
    1627858800000,
    0.56
  ],
  [
    1627945200000,
    0.552
  ],
  [
    1628031600000,
    0.544
  ],
  [
    1628118000000,
    0.54
  ],
  [
    1628204400000,
    0.53
  ],
  [
    1628290800000,
    0.524
  ],
  [
    1628377200000,
    0.52
  ],
  [
    1628463600000,
    0.493
  ],
  [
    1628550000000,
    0.485
  ],
  [
    1628636400000,
    0.496
  ],
  [
    1628722800000,
    0.506
  ],
  [
    1628809200000,
    0.505
  ],
  [
    1628895600000,
    0.514
  ],
  [
    1628982000000,
    0.517
  ],
  [
    1629068400000,
    0.512
  ],
  [
    1629154800000,
    0.496
  ],
  [
    1629241200000,
    0.486
  ],
  [
    1629327600000,
    0.475
  ],
  [
    1629414000000,
    0.487
  ],
  [
    1629500400000,
    0.489
  ],
  [
    1629586800000,
    0.494
  ],
  [
    1629673200000,
    0.494
  ],
  [
    1629759600000,
    0.481
  ],
  [
    1629846000000,
    0.484
  ],
  [
    1629932400000,
    0.475
  ],
  [
    1630018800000,
    0.477
  ],
  [
    1630105200000,
    0.479
  ],
  [
    1630191600000,
    0.483
  ],
  [
    1630278000000,
    0.484
  ],
  [
    1630364400000,
    0.484
  ],
  [
    1630450800000,
    0.477
  ],
  [
    1630537200000,
    0.486
  ],
  [
    1630623600000,
    0.485
  ],
  [
    1630710000000,
    0.484
  ],
  [
    1630796400000,
    0.486
  ],
  [
    1630882800000,
    0.482
  ],
  [
    1630969200000,
    0.466
  ],
  [
    1631055600000,
    0.45
  ],
  [
    1631142000000,
    0.448
  ],
  [
    1631228400000,
    0.435
  ],
  [
    1631314800000,
    0.441
  ],
  [
    1631401200000,
    0.444
  ],
  [
    1631487600000,
    0.439
  ],
  [
    1631574000000,
    0.438
  ],
  [
    1631660400000,
    0.433
  ],
  [
    1631746800000,
    0.439
  ],
  [
    1631833200000,
    0.438
  ],
  [
    1631919600000,
    0.439
  ],
  [
    1632006000000,
    0.436
  ],
  [
    1632092400000,
    0.434
  ],
  [
    1632178800000,
    0.426
  ],
  [
    1632265200000,
    0.327
  ],
  [
    1632351600000,
    0.32
  ],
  [
    1632438000000,
    0.331
  ],
  [
    1632524400000,
    0.368
  ],
  [
    1632610800000,
    0.373
  ],
  [
    1632697200000,
    0.362
  ],
  [
    1632783600000,
    0.34
  ],
  [
    1632870000000,
    0.328
  ],
  [
    1632956400000,
    0.332
  ],
  [
    1633042800000,
    0.336
  ],
  [
    1633129200000,
    0.334
  ],
  [
    1633215600000,
    0.345
  ],
  [
    1633302000000,
    0.361
  ],
  [
    1633388400000,
    0.367
  ],
  [
    1633474800000,
    0.361
  ],
  [
    1633561200000,
    0.368
  ],
  [
    1633647600000,
    0.375
  ],
  [
    1633734000000,
    0.387
  ],
  [
    1633820400000,
    0.395
  ],
  [
    1633906800000,
    0.377
  ],
  [
    1633993200000,
    0.365
  ],
  [
    1634079600000,
    0.365
  ],
  [
    1634166000000,
    0.362
  ],
  [
    1634252400000,
    0.369
  ],
  [
    1634338800000,
    0.37
  ],
  [
    1634425200000,
    0.382
  ],
  [
    1634511600000,
    0.378
  ],
  [
    1634598000000,
    0.375
  ],
  [
    1634684400000,
    0.373
  ],
  [
    1634770800000,
    0.369
  ],
  [
    1634857200000,
    0.329
  ],
  [
    1634943600000,
    0.34
  ],
  [
    1635030000000,
    0.343
  ],
  [
    1635116400000,
    0.334
  ],
  [
    1635202800000,
    0.329
  ],
  [
    1635289200000,
    0.337
  ],
  [
    1635375600000,
    0.346
  ],
  [
    1635462000000,
    0.369
  ],
  [
    1635548400000,
    0.394
  ],
  [
    1635634800000,
    0.404
  ],
  [
    1635724800000,
    0.397
  ],
  [
    1635811200000,
    0.403
  ],
  [
    1635897600000,
    0.413
  ],
  [
    1635984000000,
    0.431
  ],
  [
    1636070400000,
    0.457
  ],
  [
    1636156800000,
    0.444
  ],
  [
    1636243200000,
    0.413
  ],
  [
    1636329600000,
    0.375
  ],
  [
    1636416000000,
    0.358
  ],
  [
    1636502400000,
    0.347
  ],
  [
    1636588800000,
    0.349
  ],
  [
    1636675200000,
    0.354
  ],
  [
    1636761600000,
    0.386
  ],
  [
    1636848000000,
    0.416
  ],
  [
    1636934400000,
    0.422
  ],
  [
    1637020800000,
    0.424
  ],
  [
    1637107200000,
    0.436
  ],
  [
    1637193600000,
    0.45
  ],
  [
    1637280000000,
    0.472
  ],
  [
    1637366400000,
    0.493
  ],
  [
    1637452800000,
    0.493
  ],
  [
    1637539200000,
    0.495
  ],
  [
    1637625600000,
    0.485
  ],
  [
    1637712000000,
    0.481
  ],
  [
    1637798400000,
    0.48
  ],
  [
    1637884800000,
    0.501
  ],
  [
    1637971200000,
    0.529
  ],
  [
    1638057600000,
    0.549
  ],
  [
    1638144000000,
    0.549
  ],
  [
    1638230400000,
    0.508
  ],
  [
    1638316800000,
    0.52
  ],
  [
    1638403200000,
    0.543
  ],
  [
    1638489600000,
    0.567
  ],
  [
    1638576000000,
    0.573
  ],
  [
    1638662400000,
    0.599
  ],
  [
    1638748800000,
    0.614
  ],
  [
    1638835200000,
    0.597
  ],
  [
    1638921600000,
    0.589
  ],
  [
    1639008000000,
    0.606
  ],
  [
    1639094400000,
    0.613
  ],
  [
    1639180800000,
    0.616
  ],
  [
    1639267200000,
    0.61
  ],
  [
    1639353600000,
    0.592
  ],
  [
    1639440000000,
    0.579
  ],
  [
    1639526400000,
    0.559
  ],
  [
    1639612800000,
    0.546
  ],
  [
    1639699200000,
    0.542
  ],
  [
    1639785600000,
    0.549
  ],
  [
    1639872000000,
    0.554
  ],
  [
    1639958400000,
    0.543
  ],
  [
    1640044800000,
    0.52
  ],
  [
    1640131200000,
    0.563
  ],
  [
    1640217600000,
    0.574
  ],
  [
    1640304000000,
    0.589
  ],
  [
    1640390400000,
    0.613
  ],
  [
    1640476800000,
    0.612
  ],
  [
    1640563200000,
    0.609
  ],
  [
    1640649600000,
    0.613
  ],
  [
    1640736000000,
    0.618
  ],
  [
    1640822400000,
    0.625
  ],
  [
    1640908800000,
    0.645
  ],
  [
    1640995200000,
    0.666
  ],
  [
    1641081600000,
    0.689
  ],
  [
    1641168000000,
    0.697
  ],
  [
    1641254400000,
    0.701
  ],
  [
    1641340800000,
    0.699
  ],
  [
    1641427200000,
    0.705
  ],
  [
    1641513600000,
    0.704
  ],
  [
    1641600000000,
    0.716
  ],
  [
    1641686400000,
    0.726
  ],
  [
    1641772800000,
    0.734
  ],
  [
    1641859200000,
    0.741
  ],
  [
    1641945600000,
    0.758
  ],
  [
    1642032000000,
    0.8
  ],
  [
    1642118400000,
    0.826
  ],
  [
    1642204800000,
    0.82
  ],
  [
    1642291200000,
    0.806
  ],
  [
    1642377600000,
    0.784
  ],
  [
    1642464000000,
    0.749
  ],
  [
    1642550400000,
    0.768
  ],
  [
    1642636800000,
    0.792
  ],
  [
    1642723200000,
    0.776
  ],
  [
    1642809600000,
    0.786
  ],
  [
    1642896000000,
    0.771
  ],
  [
    1642982400000,
    0.759
  ],
  [
    1643068800000,
    0.772
  ],
  [
    1643155200000,
    0.78
  ],
  [
    1643241600000,
    0.774
  ],
  [
    1643328000000,
    0.775
  ],
  [
    1643414400000,
    0.773
  ],
  [
    1643500800000,
    0.77
  ],
  [
    1643587200000,
    0.784
  ],
  [
    1643673600000,
    0.802
  ],
  [
    1643760000000,
    0.795
  ],
  [
    1643846400000,
    0.787
  ],
  [
    1643932800000,
    0.779
  ],
  [
    1644019200000,
    0.791
  ],
  [
    1644105600000,
    0.786
  ],
  [
    1644192000000,
    0.783
  ],
  [
    1644278400000,
    0.779
  ],
  [
    1644364800000,
    0.767
  ],
  [
    1644451200000,
    0.763
  ],
  [
    1644537600000,
    0.77
  ],
  [
    1644624000000,
    0.771
  ],
  [
    1644710400000,
    0.771
  ],
  [
    1644796800000,
    0.766
  ],
  [
    1644883200000,
    0.77
  ],
  [
    1644969600000,
    0.758
  ],
  [
    1645056000000,
    0.758
  ],
  [
    1645142400000,
    0.767
  ],
  [
    1645228800000,
    0.769
  ],
  [
    1645315200000,
    0.761
  ],
  [
    1645401600000,
    0.761
  ],
  [
    1645488000000,
    0.757
  ],
  [
    1645574400000,
    0.732
  ],
  [
    1645660800000,
    0.756
  ],
  [
    1645747200000,
    0.776
  ],
  [
    1645833600000,
    0.78
  ],
  [
    1645920000000,
    0.795
  ],
  [
    1646006400000,
    0.8
  ],
  [
    1646092800000,
    0.78
  ],
  [
    1646179200000,
    0.803
  ],
  [
    1646265600000,
    0.814
  ],
  [
    1646352000000,
    0.836
  ],
  [
    1646438400000,
    0.861
  ],
  [
    1646524800000,
    0.877
  ],
  [
    1646611200000,
    0.876
  ],
  [
    1646697600000,
    0.831
  ],
  [
    1646784000000,
    0.851
  ],
  [
    1646870400000,
    0.851
  ],
  [
    1646956800000,
    0.902
  ],
  [
    1647043200000,
    0.914
  ],
  [
    1647129600000,
    0.926
  ],
  [
    1647216000000,
    0.952
  ],
  [
    1647302400000,
    0.967
  ],
  [
    1647388800000,
    0.949
  ],
  [
    1647475200000,
    0.952
  ],
  [
    1647561600000,
    0.974
  ],
  [
    1647648000000,
    0.998
  ],
  [
    1647734400000,
    1.004
  ],
  [
    1647820800000,
    1.036
  ],
  [
    1647907200000,
    1.049
  ],
  [
    1647993600000,
    0.992
  ],
  [
    1648080000000,
    0.977
  ],
  [
    1648166400000,
    1.024
  ],
  [
    1648252800000,
    1.054
  ],
  [
    1648339200000,
    1.058
  ],
  [
    1648422000000,
    1.052
  ],
  [
    1648508400000,
    1.008
  ],
  [
    1648594800000,
    1.052
  ],
  [
    1648681200000,
    1.078
  ],
  [
    1648767600000,
    1.099
  ],
  [
    1648854000000,
    1.096
  ],
  [
    1648940400000,
    1.12
  ],
  [
    1649026800000,
    1.125
  ],
  [
    1649113200000,
    1.122
  ],
  [
    1649199600000,
    1.114
  ],
  [
    1649286000000,
    1.106
  ],
  [
    1649372400000,
    1.116
  ],
  [
    1649458800000,
    1.117
  ],
  [
    1649545200000,
    1.105
  ],
  [
    1649631600000,
    1.087
  ],
  [
    1649718000000,
    1.09
  ],
  [
    1649804400000,
    1.099
  ],
  [
    1649890800000,
    1.092
  ],
  [
    1649977200000,
    1.105
  ],
  [
    1650063600000,
    1.103
  ],
  [
    1650150000000,
    1.114
  ],
  [
    1650236400000,
    1.108
  ],
  [
    1650322800000,
    1.116
  ],
  [
    1650409200000,
    1.119
  ],
  [
    1650495600000,
    1.125
  ],
  [
    1650582000000,
    1.149
  ],
  [
    1650668400000,
    1.177
  ],
  [
    1650754800000,
    1.169
  ],
  [
    1650841200000,
    1.168
  ],
  [
    1650927600000,
    1.179
  ],
  [
    1651014000000,
    1.198
  ],
  [
    1651100400000,
    1.187
  ],
  [
    1651186800000,
    1.196
  ],
  [
    1651273200000,
    1.256
  ],
  [
    1651359600000,
    1.269
  ],
  [
    1651446000000,
    1.269
  ],
  [
    1651532400000,
    1.264
  ],
  [
    1651618800000,
    1.198
  ],
  [
    1651705200000,
    1.254
  ],
  [
    1651791600000,
    1.285
  ],
  [
    1651878000000,
    1.309
  ],
  [
    1651964400000,
    1.332
  ],
  [
    1652050800000,
    1.323
  ],
  [
    1652137200000,
    1.315
  ],
  [
    1652223600000,
    1.303
  ],
  [
    1652310000000,
    1.308
  ],
  [
    1652396400000,
    1.298
  ],
  [
    1652482800000,
    1.298
  ],
  [
    1652569200000,
    1.284
  ],
  [
    1652655600000,
    1.272
  ],
  [
    1652742000000,
    1.266
  ],
  [
    1652828400000,
    1.287
  ],
  [
    1652914800000,
    1.296
  ],
  [
    1653001200000,
    1.322
  ],
  [
    1653087600000,
    1.338
  ],
  [
    1653174000000,
    1.342
  ],
  [
    1653260400000,
    1.322
  ],
  [
    1653346800000,
    1.337
  ],
  [
    1653433200000,
    1.359
  ],
  [
    1653519600000,
    1.4
  ],
  [
    1653606000000,
    1.446
  ],
  [
    1653692400000,
    1.484
  ],
  [
    1653778800000,
    1.535
  ],
  [
    1653865200000,
    1.57
  ],
  [
    1653951600000,
    1.648
  ],
  [
    1654038000000,
    1.68
  ],
  [
    1654124400000,
    1.724
  ],
  [
    1654210800000,
    1.706
  ],
  [
    1654297200000,
    1.72
  ],
  [
    1654383600000,
    1.732
  ],
  [
    1654470000000,
    1.709
  ],
  [
    1654556400000,
    1.675
  ],
  [
    1654642800000,
    1.662
  ],
  [
    1654729200000,
    1.634
  ],
  [
    1654815600000,
    1.664
  ],
  [
    1654902000000,
    1.69
  ],
  [
    1654988400000,
    1.667
  ],
  [
    1655074800000,
    1.641
  ],
  [
    1655161200000,
    1.635
  ],
  [
    1655247600000,
    1.6
  ],
  [
    1655334000000,
    1.5
  ],
  [
    1655420400000,
    1.495
  ],
  [
    1655506800000,
    1.484
  ],
  [
    1655593200000,
    1.453
  ],
  [
    1655679600000,
    1.437
  ],
  [
    1655766000000,
    1.418
  ],
  [
    1655852400000,
    1.383
  ],
  [
    1655938800000,
    1.4
  ],
  [
    1656025200000,
    1.364
  ],
  [
    1656111600000,
    1.387
  ],
  [
    1656198000000,
    1.395
  ],
  [
    1656284400000,
    1.407
  ],
  [
    1656370800000,
    1.406
  ],
  [
    1656457200000,
    1.383
  ],
  [
    1656543600000,
    1.39
  ],
  [
    1656630000000,
    1.424
  ],
  [
    1656716400000,
    1.317
  ],
  [
    1656802800000,
    1.388
  ],
  [
    1656889200000,
    1.414
  ],
  [
    1656975600000,
    1.411
  ],
  [
    1657062000000,
    1.348
  ],
  [
    1657148400000,
    1.378
  ],
  [
    1657234800000,
    1.418
  ],
  [
    1657321200000,
    1.452
  ],
  [
    1657407600000,
    1.461
  ],
  [
    1657494000000,
    1.453
  ],
  [
    1657580400000,
    1.485
  ],
  [
    1657666800000,
    1.544
  ],
  [
    1657753200000,
    1.536
  ],
  [
    1657839600000,
    1.56
  ],
  [
    1657926000000,
    1.537
  ],
  [
    1658012400000,
    1.57
  ],
  [
    1658098800000,
    1.596
  ],
  [
    1658185200000,
    1.627
  ],
  [
    1658271600000,
    1.661
  ],
  [
    1658358000000,
    1.628
  ],
  [
    1658444400000,
    1.594
  ],
  [
    1658530800000,
    1.603
  ],
  [
    1658617200000,
    1.598
  ],
  [
    1658703600000,
    1.6
  ],
  [
    1658790000000,
    1.611
  ],
  [
    1658876400000,
    1.606
  ],
  [
    1658962800000,
    1.58
  ],
  [
    1659049200000,
    1.591
  ],
  [
    1659135600000,
    1.597
  ],
  [
    1659222000000,
    1.609
  ],
  [
    1659308400000,
    1.626
  ],
  [
    1659394800000,
    1.621
  ],
  [
    1659481200000,
    1.625
  ],
  [
    1659567600000,
    1.609
  ],
  [
    1659654000000,
    1.626
  ],
  [
    1659740400000,
    1.635
  ],
  [
    1659826800000,
    1.615
  ],
  [
    1659913200000,
    1.619
  ],
  [
    1659999600000,
    1.606
  ],
  [
    1660086000000,
    1.642
  ],
  [
    1660172400000,
    1.625
  ],
  [
    1660258800000,
    1.612
  ],
  [
    1660345200000,
    1.611
  ],
  [
    1660431600000,
    1.625
  ],
  [
    1660518000000,
    1.635
  ],
  [
    1660604400000,
    1.6
  ],
  [
    1660690800000,
    1.559
  ],
  [
    1660777200000,
    1.581
  ],
  [
    1660863600000,
    1.56
  ],
  [
    1660950000000,
    1.572
  ],
  [
    1661036400000,
    1.569
  ],
  [
    1661122800000,
    1.572
  ],
  [
    1661209200000,
    1.573
  ],
  [
    1661295600000,
    1.53
  ],
  [
    1661382000000,
    1.549
  ],
  [
    1661468400000,
    1.562
  ],
  [
    1661554800000,
    1.555
  ],
  [
    1661641200000,
    1.561
  ],
  [
    1661727600000,
    1.572
  ],
  [
    1661814000000,
    1.571
  ],
  [
    1661900400000,
    1.59
  ],
  [
    1661986800000,
    1.604
  ],
  [
    1662073200000,
    1.596
  ],
  [
    1662159600000,
    1.625
  ],
  [
    1662246000000,
    1.653
  ],
  [
    1662332400000,
    1.653
  ],
  [
    1662418800000,
    1.674
  ],
  [
    1662505200000,
    1.661
  ],
  [
    1662591600000,
    1.68
  ],
  [
    1662678000000,
    1.726
  ],
  [
    1662764400000,
    1.767
  ],
  [
    1662850800000,
    1.814
  ],
  [
    1662937200000,
    1.786
  ],
  [
    1663023600000,
    1.802
  ],
  [
    1663110000000,
    1.797
  ],
  [
    1663196400000,
    1.794
  ],
  [
    1663282800000,
    1.824
  ],
  [
    1663369200000,
    1.859
  ],
  [
    1663455600000,
    1.863
  ],
  [
    1663542000000,
    1.828
  ],
  [
    1663628400000,
    1.854
  ],
  [
    1663714800000,
    1.781
  ],
  [
    1663801200000,
    1.789
  ],
  [
    1663887600000,
    1.782
  ],
  [
    1663974000000,
    1.783
  ],
  [
    1664060400000,
    1.788
  ],
  [
    1664146800000,
    1.758
  ],
  [
    1664233200000,
    1.748
  ],
  [
    1664319600000,
    1.755
  ],
  [
    1664406000000,
    1.749
  ],
  [
    1664492400000,
    1.76
  ],
  [
    1664578800000,
    1.792
  ],
  [
    1664665200000,
    1.797
  ],
  [
    1664751600000,
    1.805
  ],
  [
    1664838000000,
    1.851
  ],
  [
    1664924400000,
    1.871
  ],
  [
    1665010800000,
    1.833
  ],
  [
    1665097200000,
    1.843
  ],
  [
    1665183600000,
    1.836
  ],
  [
    1665270000000,
    1.859
  ],
  [
    1665356400000,
    1.884
  ],
  [
    1665442800000,
    1.902
  ],
  [
    1665529200000,
    1.898
  ],
  [
    1665615600000,
    1.931
  ],
  [
    1665702000000,
    1.882
  ],
  [
    1665788400000,
    1.956
  ],
  [
    1665874800000,
    2.017
  ],
  [
    1665961200000,
    2.051
  ],
  [
    1666047600000,
    2.06
  ],
  [
    1666134000000,
    2.047
  ],
  [
    1666220400000,
    2.058
  ],
  [
    1666306800000,
    2.016
  ],
  [
    1666393200000,
    1.969
  ],
  [
    1666479600000,
    1.977
  ],
  [
    1666566000000,
    2.041
  ],
  [
    1666652400000,
    2.046
  ],
  [
    1666738800000,
    2.004
  ],
  [
    1666825200000,
    2.021
  ],
  [
    1666911600000,
    2.034
  ],
  [
    1666998000000,
    2.05
  ],
  [
    1667084400000,
    2.059
  ],
  [
    1667174400000,
    2.07
  ],
  [
    1667260800000,
    2.068
  ],
  [
    1667347200000,
    2.091
  ],
  [
    1667433600000,
    2.084
  ],
  [
    1667520000000,
    2.094
  ],
  [
    1667606400000,
    2.169
  ],
  [
    1667692800000,
    2.181
  ],
  [
    1667779200000,
    2.166
  ],
  [
    1667865600000,
    2.172
  ],
  [
    1667952000000,
    2.175
  ],
  [
    1668038400000,
    2.177
  ],
  [
    1668124800000,
    2.199
  ],
  [
    1668211200000,
    2.207
  ],
  [
    1668297600000,
    2.204
  ],
  [
    1668384000000,
    2.18
  ],
  [
    1668470400000,
    2.105
  ],
  [
    1668556800000,
    2.174
  ],
  [
    1668643200000,
    2.196
  ],
  [
    1668729600000,
    2.177
  ],
  [
    1668816000000,
    1.991
  ],
  [
    1668902400000,
    2.017
  ],
  [
    1668988800000,
    1.937
  ],
  [
    1669075200000,
    1.835
  ],
  [
    1669161600000,
    1.63
  ],
  [
    1669248000000,
    1.618
  ],
  [
    1669334400000,
    1.737
  ],
  [
    1669420800000,
    1.81
  ],
  [
    1669507200000,
    1.853
  ],
  [
    1669593600000,
    1.771
  ],
  [
    1669680000000,
    1.807
  ],
  [
    1669766400000,
    1.879
  ],
  [
    1669852800000,
    1.946
  ],
  [
    1669939200000,
    1.949
  ],
  [
    1670025600000,
    1.974
  ],
  [
    1670112000000,
    1.939
  ],
  [
    1670198400000,
    1.919
  ],
  [
    1670284800000,
    1.887
  ],
  [
    1670371200000,
    1.889
  ],
  [
    1670457600000,
    1.848
  ],
  [
    1670544000000,
    1.871
  ],
  [
    1670630400000,
    1.888
  ],
  [
    1670716800000,
    1.86
  ],
  [
    1670803200000,
    1.816
  ],
  [
    1670889600000,
    1.814
  ],
  [
    1670976000000,
    1.831
  ],
  [
    1671062400000,
    1.825
  ],
  [
    1671148800000,
    1.8
  ],
  [
    1671235200000,
    1.827
  ],
  [
    1671321600000,
    1.832
  ],
  [
    1671408000000,
    1.828
  ],
  [
    1671494400000,
    1.803
  ],
  [
    1671580800000,
    1.806
  ],
  [
    1671667200000,
    1.766
  ],
  [
    1671753600000,
    1.752
  ],
  [
    1671840000000,
    1.724
  ],
  [
    1671926400000,
    1.792
  ],
  [
    1672012800000,
    1.796
  ],
  [
    1672099200000,
    1.823
  ],
  [
    1672185600000,
    1.794
  ],
  [
    1672272000000,
    1.827
  ],
  [
    1672358400000,
    1.81
  ],
  [
    1672444800000,
    1.836
  ],
  [
    1672531200000,
    1.863
  ],
  [
    1672617600000,
    1.865
  ],
  [
    1672704000000,
    1.816
  ],
  [
    1672790400000,
    1.8
  ],
  [
    1672876800000,
    1.803
  ],
  [
    1672963200000,
    1.835
  ],
  [
    1673049600000,
    1.854
  ],
  [
    1673136000000,
    1.869
  ],
  [
    1673222400000,
    1.896
  ],
  [
    1673308800000,
    1.903
  ],
  [
    1673395200000,
    1.907
  ],
  [
    1673481600000,
    1.915
  ],
  [
    1673568000000,
    1.929
  ],
  [
    1673654400000,
    1.988
  ],
  [
    1673740800000,
    2.095
  ],
  [
    1673827200000,
    2.122
  ],
  [
    1673913600000,
    2.121
  ],
  [
    1674000000000,
    2.122
  ],
  [
    1674086400000,
    2.082
  ],
  [
    1674172800000,
    2.093
  ],
  [
    1674259200000,
    2.114
  ],
  [
    1674345600000,
    2.1
  ],
  [
    1674432000000,
    2.151
  ],
  [
    1674518400000,
    2.122
  ],
  [
    1674604800000,
    2.074
  ],
  [
    1674691200000,
    2.105
  ],
  [
    1674777600000,
    2.104
  ],
  [
    1674864000000,
    2.126
  ],
  [
    1674950400000,
    2.148
  ],
  [
    1675036800000,
    2.143
  ],
  [
    1675123200000,
    2.143
  ],
  [
    1675209600000,
    2.156
  ],
  [
    1675296000000,
    2.146
  ],
  [
    1675382400000,
    2.146
  ],
  [
    1675468800000,
    2.153
  ],
  [
    1675555200000,
    2.178
  ],
  [
    1675641600000,
    2.161
  ],
  [
    1675728000000,
    2.205
  ],
  [
    1675814400000,
    2.185
  ],
  [
    1675900800000,
    2.184
  ],
  [
    1675987200000,
    2.167
  ],
  [
    1676073600000,
    2.166
  ],
  [
    1676160000000,
    2.15
  ],
  [
    1676246400000,
    2.234
  ],
  [
    1676332800000,
    2.226
  ],
  [
    1676419200000,
    2.2
  ],
  [
    1676505600000,
    2.205
  ],
  [
    1676592000000,
    2.213
  ],
  [
    1676678400000,
    2.229
  ],
  [
    1676764800000,
    2.219
  ],
  [
    1676851200000,
    2.193
  ],
  [
    1676937600000,
    2.216
  ],
  [
    1677024000000,
    2.191
  ],
  [
    1677110400000,
    2.16
  ],
  [
    1677196800000,
    2.165
  ],
  [
    1677283200000,
    2.192
  ],
  [
    1677369600000,
    2.199
  ],
  [
    1677456000000,
    2.197
  ],
  [
    1677542400000,
    2.246
  ],
  [
    1677628800000,
    2.261
  ],
  [
    1677715200000,
    2.255
  ],
  [
    1677801600000,
    2.266
  ],
  [
    1677888000000,
    2.281
  ],
  [
    1677974400000,
    2.27
  ],
  [
    1678060800000,
    2.292
  ],
  [
    1678147200000,
    2.276
  ],
  [
    1678233600000,
    2.285
  ],
  [
    1678320000000,
    2.297
  ],
  [
    1678406400000,
    2.329
  ],
  [
    1678492800000,
    2.42
  ],
  [
    1678579200000,
    2.421
  ],
  [
    1678665600000,
    2.401
  ],
  [
    1678752000000,
    2.438
  ],
  [
    1678838400000,
    2.491
  ],
  [
    1678924800000,
    2.518
  ],
  [
    1679011200000,
    2.533
  ],
  [
    1679097600000,
    2.562
  ],
  [
    1679184000000,
    2.532
  ],
  [
    1679270400000,
    2.502
  ],
  [
    1679356800000,
    2.527
  ],
  [
    1679443200000,
    2.704
  ],
  [
    1679529600000,
    3.09
  ],
  [
    1679616000000,
    3.129
  ],
  [
    1679702400000,
    3.192
  ],
  [
    1679788800000,
    3.333
  ],
  [
    1679871600000,
    3.423
  ],
  [
    1679958000000,
    3.573
  ],
  [
    1680044400000,
    3.642
  ],
  [
    1680130800000,
    3.655
  ],
  [
    1680217200000,
    3.833
  ],
  [
    1680303600000,
    4.246
  ],
  [
    1680390000000,
    4.359
  ],
  [
    1680476400000,
    4.054
  ],
  [
    1680562800000,
    4.045
  ],
  [
    1680649200000,
    4.004
  ],
  [
    1680735600000,
    4.097
  ],
  [
    1680822000000,
    4.265
  ],
  [
    1680908400000,
    4.319
  ],
  [
    1680994800000,
    4.316
  ],
  [
    1681081200000,
    4.426
  ],
  [
    1681167600000,
    4.506
  ],
  [
    1681254000000,
    4.507
  ],
  [
    1681340400000,
    4.496
  ],
  [
    1681426800000,
    4.67
  ],
  [
    1681513200000,
    4.994
  ],
  [
    1681599600000,
    5.072
  ],
  [
    1681686000000,
    4.939
  ],
  [
    1681772400000,
    4.962
  ],
  [
    1681858800000,
    4.974
  ],
  [
    1681945200000,
    4.748
  ],
  [
    1682031600000,
    4.827
  ],
  [
    1682118000000,
    4.69
  ],
  [
    1682204400000,
    4.361
  ],
  [
    1682290800000,
    4.508
  ],
  [
    1682377200000,
    4.076
  ],
  [
    1682463600000,
    4.001
  ],
  [
    1682550000000,
    4.24
  ],
  [
    1682636400000,
    4.365
  ],
  [
    1682722800000,
    4.455
  ],
  [
    1682809200000,
    4.462
  ],
  [
    1682895600000,
    4.423
  ],
  [
    1682982000000,
    4.376
  ],
  [
    1683068400000,
    4.357
  ],
  [
    1683154800000,
    4.504
  ],
  [
    1683241200000,
    4.106
  ],
  [
    1683327600000,
    4.264
  ],
  [
    1683414000000,
    4.109
  ],
  [
    1683500400000,
    3.97
  ],
  [
    1683586800000,
    3.907
  ],
  [
    1683673200000,
    4.015
  ],
  [
    1683759600000,
    4.056
  ],
  [
    1683846000000,
    4.103
  ],
  [
    1683932400000,
    4.077
  ],
  [
    1684018800000,
    4.023
  ],
  [
    1684105200000,
    4.078
  ],
  [
    1684191600000,
    4.059
  ],
  [
    1684278000000,
    4.012
  ],
  [
    1684364400000,
    4.134
  ],
  [
    1684450800000,
    4.223
  ],
  [
    1684537200000,
    4.303
  ],
  [
    1684623600000,
    4.362
  ],
  [
    1684710000000,
    4.362
  ],
  [
    1684796400000,
    4.266
  ],
  [
    1684882800000,
    4.268
  ],
  [
    1684969200000,
    4.112
  ],
  [
    1685055600000,
    4.297
  ],
  [
    1685142000000,
    4.328
  ],
  [
    1685228400000,
    4.326
  ],
  [
    1685314800000,
    4.361
  ],
  [
    1685401200000,
    4.448
  ],
  [
    1685487600000,
    4.168
  ],
  [
    1685574000000,
    4.415
  ],
  [
    1685660400000,
    4.459
  ],
  [
    1685746800000,
    4.535
  ],
  [
    1685833200000,
    4.59
  ],
  [
    1685919600000,
    4.583
  ],
  [
    1686006000000,
    4.536
  ],
  [
    1686092400000,
    4.497
  ],
  [
    1686178800000,
    4.536
  ],
  [
    1686265200000,
    4.57
  ],
  [
    1686351600000,
    4.586
  ],
  [
    1686438000000,
    4.583
  ],
  [
    1686524400000,
    4.599
  ],
  [
    1686610800000,
    4.546
  ],
  [
    1686697200000,
    4.53
  ],
  [
    1686783600000,
    4.215
  ],
  [
    1686870000000,
    4.569
  ],
  [
    1686956400000,
    4.586
  ],
  [
    1687042800000,
    4.571
  ],
  [
    1687129200000,
    4.58
  ],
  [
    1687215600000,
    4.485
  ],
  [
    1687302000000,
    4.525
  ],
  [
    1687388400000,
    4.524
  ],
  [
    1687474800000,
    4.434
  ],
  [
    1687561200000,
    4.508
  ],
  [
    1687647600000,
    4.513
  ],
  [
    1687734000000,
    4.356
  ],
  [
    1687820400000,
    4.324
  ],
  [
    1687906800000,
    4.381
  ],
  [
    1687993200000,
    4.047
  ],
  [
    1688079600000,
    4.048
  ],
  [
    1688166000000,
    4.198
  ],
  [
    1688252400000,
    4.094
  ],
  [
    1688338800000,
    4.103
  ],
  [
    1688425200000,
    4.13
  ],
  [
    1688511600000,
    4.108
  ],
  [
    1688598000000,
    3.997
  ],
  [
    1688684400000,
    3.946
  ],
  [
    1688770800000,
    3.932
  ],
  [
    1688857200000,
    3.966
  ],
  [
    1688943600000,
    3.886
  ],
  [
    1689030000000,
    4.078
  ],
  [
    1689116400000,
    4.02
  ],
  [
    1689202800000,
    3.664
  ],
  [
    1689289200000,
    4.128
  ],
  [
    1689375600000,
    4.283
  ],
  [
    1689462000000,
    4.584
  ],
  [
    1689548400000,
    4.594
  ],
  [
    1689634800000,
    4.068
  ],
  [
    1689721200000,
    4.511
  ],
  [
    1689807600000,
    4.486
  ],
  [
    1689894000000,
    4.509
  ],
  [
    1689980400000,
    4.569
  ],
  [
    1690066800000,
    4.54
  ],
  [
    1690153200000,
    4.324
  ],
  [
    1690239600000,
    4.439
  ],
  [
    1690326000000,
    4.342
  ],
  [
    1690412400000,
    4.473
  ],
  [
    1690498800000,
    4.484
  ],
  [
    1690585200000,
    4.423
  ],
  [
    1690671600000,
    4.461
  ],
  [
    1690758000000,
    4.3
  ],
  [
    1690844400000,
    4.462
  ],
  [
    1690930800000,
    4.311
  ],
  [
    1691017200000,
    4.291
  ],
  [
    1691103600000,
    4.42
  ],
  [
    1691190000000,
    4.439
  ],
  [
    1691276400000,
    4.246
  ],
  [
    1691362800000,
    4.435
  ],
  [
    1691449200000,
    4.272
  ],
  [
    1691535600000,
    4.365
  ],
  [
    1691622000000,
    4.35
  ],
  [
    1691708400000,
    4.369
  ],
  [
    1691794800000,
    4.335
  ],
  [
    1691881200000,
    4.387
  ],
  [
    1691967600000,
    4.38
  ],
  [
    1692054000000,
    4.361
  ],
  [
    1692140400000,
    4.324
  ],
  [
    1692226800000,
    4.343
  ],
  [
    1692313200000,
    4.361
  ],
  [
    1692399600000,
    4.421
  ],
  [
    1692486000000,
    4.405
  ],
  [
    1692572400000,
    4.339
  ],
  [
    1692658800000,
    4.326
  ],
  [
    1692745200000,
    4.222
  ],
  [
    1692831600000,
    4.264
  ],
  [
    1692918000000,
    4.334
  ],
  [
    1693004400000,
    4.324
  ],
  [
    1693090800000,
    4.374
  ],
  [
    1693177200000,
    4.36
  ],
  [
    1693263600000,
    4.311
  ],
  [
    1693350000000,
    4.142
  ],
  [
    1693436400000,
    4.232
  ],
  [
    1693522800000,
    4.354
  ],
  [
    1693609200000,
    4.34
  ],
  [
    1693695600000,
    4.295
  ],
  [
    1693782000000,
    4.398
  ],
  [
    1693868400000,
    4.415
  ],
  [
    1693954800000,
    4.409
  ],
  [
    1694041200000,
    4.442
  ],
  [
    1694127600000,
    4.467
  ],
  [
    1694214000000,
    4.462
  ],
  [
    1694300400000,
    4.282
  ],
  [
    1694386800000,
    4.419
  ],
  [
    1694473200000,
    4.425
  ],
  [
    1694559600000,
    4.466
  ],
  [
    1694646000000,
    4.042
  ],
  [
    1694732400000,
    4.383
  ],
  [
    1694818800000,
    4.365
  ],
  [
    1694905200000,
    4.598
  ],
  [
    1694991600000,
    4.608
  ],
  [
    1695078000000,
    4.355
  ],
  [
    1695164400000,
    4.594
  ],
  [
    1695250800000,
    4.562
  ],
  [
    1695337200000,
    4.586
  ],
  [
    1695423600000,
    4.604
  ],
  [
    1695510000000,
    4.668
  ],
  [
    1695596400000,
    4.592
  ],
  [
    1695682800000,
    4.609
  ],
  [
    1695769200000,
    4.567
  ],
  [
    1695855600000,
    4.813
  ],
  [
    1695942000000,
    5.061
  ],
  [
    1696028400000,
    5.251
  ],
  [
    1696114800000,
    5.226
  ],
  [
    1696201200000,
    5.236
  ],
  [
    1696287600000,
    5.192
  ],
  [
    1696374000000,
    5.203
  ],
  [
    1696460400000,
    5.227
  ],
  [
    1696546800000,
    5.361
  ],
  [
    1696633200000,
    5.349
  ],
  [
    1696719600000,
    5.406
  ],
  [
    1696806000000,
    5.517
  ],
  [
    1696892400000,
    5.529
  ],
  [
    1696978800000,
    5.476
  ],
  [
    1697065200000,
    5.651
  ],
  [
    1697151600000,
    5.697
  ],
  [
    1697238000000,
    5.846
  ],
  [
    1697324400000,
    5.889
  ],
  [
    1697410800000,
    5.993
  ],
  [
    1697497200000,
    6.271
  ],
  [
    1697583600000,
    6.605
  ],
  [
    1697670000000,
    6.671
  ],
  [
    1697756400000,
    6.653
  ],
  [
    1697842800000,
    6.682
  ],
  [
    1697929200000,
    6.732
  ],
  [
    1698015600000,
    6.694
  ],
  [
    1698102000000,
    6.659
  ],
  [
    1698188400000,
    6.591
  ],
  [
    1698274800000,
    6.382
  ],
  [
    1698361200000,
    6.298
  ],
  [
    1698447600000,
    6.28
  ],
  [
    1698534000000,
    6.13
  ],
  [
    1698624000000,
    6.009
  ],
  [
    1698710400000,
    5.919
  ],
  [
    1698796800000,
    5.919
  ],
  [
    1698883200000,
    5.902
  ],
  [
    1698969600000,
    6.043
  ],
  [
    1699056000000,
    6.077
  ],
  [
    1699142400000,
    6.226
  ],
  [
    1699228800000,
    6.173
  ],
  [
    1699315200000,
    6.271
  ],
  [
    1699401600000,
    6.179
  ],
  [
    1699488000000,
    6.089
  ],
  [
    1699574400000,
    6.118
  ],
  [
    1699660800000,
    6.061
  ],
  [
    1699747200000,
    6.019
  ],
  [
    1699833600000,
    5.905
  ],
  [
    1699920000000,
    5.763
  ],
  [
    1700006400000,
    5.379
  ],
  [
    1700092800000,
    5.072
  ],
  [
    1700179200000,
    5.245
  ],
  [
    1700265600000,
    5.432
  ],
  [
    1700352000000,
    5.346
  ],
  [
    1700438400000,
    5.295
  ],
  [
    1700524800000,
    5.202
  ],
  [
    1700611200000,
    4.983
  ],
  [
    1700697600000,
    5.117
  ],
  [
    1700784000000,
    5.128
  ],
  [
    1700870400000,
    5.06
  ],
  [
    1700956800000,
    5.081
  ],
  [
    1701043200000,
    5.092
  ],
  [
    1701129600000,
    5.144
  ],
  [
    1701216000000,
    5.369
  ],
  [
    1701302400000,
    5.519
  ],
  [
    1701388800000,
    5.575
  ],
  [
    1701475200000,
    5.742
  ],
  [
    1701561600000,
    5.612
  ],
  [
    1701648000000,
    5.613
  ],
  [
    1701734400000,
    5.573
  ],
  [
    1701820800000,
    5.602
  ],
  [
    1701907200000,
    5.447
  ],
  [
    1701993600000,
    5.472
  ],
  [
    1702080000000,
    5.406
  ],
  [
    1702166400000,
    5.42
  ],
  [
    1702252800000,
    5.427
  ],
  [
    1702339200000,
    5.388
  ],
  [
    1702425600000,
    5.478
  ],
  [
    1702512000000,
    5.37
  ],
  [
    1702598400000,
    5.436
  ],
  [
    1702684800000,
    5.462
  ],
  [
    1702771200000,
    5.414
  ],
  [
    1702857600000,
    5.456
  ],
  [
    1702944000000,
    5.395
  ],
  [
    1703030400000,
    5.351
  ],
  [
    1703116800000,
    5.279
  ],
  [
    1703203200000,
    5.023
  ],
  [
    1703289600000,
    5.133
  ],
  [
    1703376000000,
    5.195
  ],
  [
    1703462400000,
    5.212
  ],
  [
    1703548800000,
    5.234
  ],
  [
    1703635200000,
    5.125
  ],
  [
    1703721600000,
    5.034
  ],
  [
    1703808000000,
    5.064
  ],
  [
    1703894400000,
    5.113
  ],
  [
    1703980800000,
    5.097
  ],
  [
    1704067200000,
    4.96
  ],
  [
    1704153600000,
    4.97
  ],
  [
    1704240000000,
    4.929
  ],
  [
    1704326400000,
    4.807
  ],
  [
    1704412800000,
    4.957
  ],
  [
    1704499200000,
    5.017
  ],
  [
    1704585600000,
    4.943
  ],
  [
    1704672000000,
    5.114
  ],
  [
    1704758400000,
    5.009
  ],
  [
    1704844800000,
    4.973
  ],
  [
    1704931200000,
    5.11
  ],
  [
    1705017600000,
    5.222
  ],
  [
    1705104000000,
    5.236
  ],
  [
    1705190400000,
    5.228
  ],
  [
    1705276800000,
    5.23
  ],
  [
    1705363200000,
    5.132
  ],
  [
    1705449600000,
    5.08
  ],
  [
    1705536000000,
    5.012
  ],
  [
    1705622400000,
    4.971
  ],
  [
    1705708800000,
    4.966
  ],
  [
    1705795200000,
    4.847
  ],
  [
    1705881600000,
    4.667
  ],
  [
    1705968000000,
    4.778
  ],
  [
    1706054400000,
    4.723
  ],
  [
    1706140800000,
    4.349
  ],
  [
    1706227200000,
    4.73
  ],
  [
    1706313600000,
    4.754
  ],
  [
    1706400000000,
    4.472
  ],
  [
    1706486400000,
    4.534
  ],
  [
    1706572800000,
    4.482
  ],
  [
    1706659200000,
    4.659
  ],
  [
    1706745600000,
    4.666
  ],
  [
    1706832000000,
    4.807
  ],
  [
    1706918400000,
    4.817
  ],
  [
    1707004800000,
    4.838
  ],
  [
    1707091200000,
    4.858
  ],
  [
    1707177600000,
    4.884
  ],
  [
    1707264000000,
    4.493
  ],
  [
    1707350400000,
    4.465
  ],
  [
    1707436800000,
    4.487
  ],
  [
    1707523200000,
    4.508
  ],
  [
    1707609600000,
    4.587
  ],
  [
    1707696000000,
    4.519
  ],
  [
    1707782400000,
    4.529
  ],
  [
    1707868800000,
    4.452
  ],
  [
    1707955200000,
    4.455
  ],
  [
    1708041600000,
    4.552
  ],
  [
    1708128000000,
    4.227
  ],
  [
    1708214400000,
    4.483
  ],
  [
    1708300800000,
    4.418
  ],
  [
    1708387200000,
    4.409
  ],
  [
    1708473600000,
    4.44
  ],
  [
    1708560000000,
    4.193
  ],
  [
    1708646400000,
    4.235
  ],
  [
    1708732800000,
    4.28
  ],
  [
    1708819200000,
    4.168
  ],
  [
    1708905600000,
    4.169
  ],
  [
    1708992000000,
    4.323
  ],
  [
    1709078400000,
    4.374
  ],
  [
    1709164800000,
    4.403
  ],
  [
    1709251200000,
    4.47
  ],
  [
    1709337600000,
    4.559
  ],
  [
    1709424000000,
    4.559
  ],
  [
    1709510400000,
    4.496
  ],
  [
    1709596800000,
    4.659
  ],
  [
    1709683200000,
    4.702
  ],
  [
    1709769600000,
    4.633
  ],
  [
    1709856000000,
    4.64
  ],
  [
    1709942400000,
    4.697
  ],
  [
    1710028800000,
    4.616
  ],
  [
    1710115200000,
    4.194
  ],
  [
    1710201600000,
    4.53
  ],
  [
    1710288000000,
    4.368
  ],
  [
    1710374400000,
    4.293
  ],
  [
    1710460800000,
    4.104
  ],
  [
    1710547200000,
    4.218
  ],
  [
    1710633600000,
    4.278
  ],
  [
    1710720000000,
    4.235
  ],
  [
    1710806400000,
    4.188
  ],
  [
    1710892800000,
    4.232
  ],
  [
    1710979200000,
    4.143
  ],
  [
    1711065600000,
    4.258
  ],
  [
    1711152000000,
    4.397
  ],
  [
    1711238400000,
    4.395
  ],
  [
    1711324800000,
    4.274
  ],
  [
    1711411200000,
    4.394
  ],
  [
    1711497600000,
    4.411
  ],
  [
    1711584000000,
    4.582
  ],
  [
    1711670400000,
    4.654
  ],
  [
    1711756800000,
    4.643
  ],
  [
    1711843200000,
    4.671
  ],
  [
    1711926000000,
    4.721
  ],
  [
    1712012400000,
    4.745
  ],
  [
    1712098800000,
    4.819
  ],
  [
    1712185200000,
    4.858
  ],
  [
    1712271600000,
    4.93
  ],
  [
    1712358000000,
    4.972
  ],
  [
    1712444400000,
    4.949
  ],
  [
    1712530800000,
    4.962
  ],
  [
    1712617200000,
    4.917
  ],
  [
    1712703600000,
    4.956
  ],
  [
    1712790000000,
    4.903
  ],
  [
    1712876400000,
    5.02
  ],
  [
    1712962800000,
    5.073
  ],
  [
    1713049200000,
    5.081
  ],
  [
    1713135600000,
    5.063
  ],
  [
    1713222000000,
    5.067
  ],
  [
    1713308400000,
    5.033
  ],
  [
    1713394800000,
    5.066
  ],
  [
    1713481200000,
    5.013
  ],
  [
    1713567600000,
    5.034
  ],
  [
    1713654000000,
    5.005
  ],
  [
    1713740400000,
    5.024
  ],
  [
    1713826800000,
    5.069
  ],
  [
    1713913200000,
    5.065
  ],
  [
    1713999600000,
    5.075
  ],
  [
    1714086000000,
    4.99
  ],
  [
    1714172400000,
    5.042
  ],
  [
    1714258800000,
    5.034
  ],
  [
    1714345200000,
    5.049
  ],
  [
    1714431600000,
    5.074
  ],
  [
    1714518000000,
    5.022
  ],
  [
    1714604400000,
    5.078
  ],
  [
    1714690800000,
    5.029
  ],
  [
    1714777200000,
    5.08
  ],
  [
    1714863600000,
    5.105
  ],
  [
    1714950000000,
    5.141
  ],
  [
    1715036400000,
    5.218
  ],
  [
    1715122800000,
    5.167
  ],
  [
    1715209200000,
    5.326
  ],
  [
    1715295600000,
    5.318
  ],
  [
    1715382000000,
    5.412
  ],
  [
    1715468400000,
    5.446
  ],
  [
    1715554800000,
    5.717
  ],
  [
    1715641200000,
    5.386
  ],
  [
    1715727600000,
    5.372
  ],
  [
    1715814000000,
    5.373
  ],
  [
    1715900400000,
    5.399
  ],
  [
    1715986800000,
    5.402
  ],
  [
    1716073200000,
    5.351
  ],
  [
    1716159600000,
    5.348
  ],
  [
    1716246000000,
    5.318
  ],
  [
    1716332400000,
    5.375
  ],
  [
    1716418800000,
    5.319
  ],
  [
    1716505200000,
    5.198
  ],
  [
    1716591600000,
    5.206
  ],
  [
    1716678000000,
    5.255
  ],
  [
    1716764400000,
    5.377
  ],
  [
    1716850800000,
    5.395
  ],
  [
    1716937200000,
    5.404
  ],
  [
    1717023600000,
    5.376
  ],
  [
    1717110000000,
    5.379
  ],
  [
    1717196400000,
    5.394
  ],
  [
    1717282800000,
    5.418
  ],
  [
    1717369200000,
    5.382
  ],
  [
    1717455600000,
    5.316
  ],
  [
    1717542000000,
    5.411
  ],
  [
    1717628400000,
    5.433
  ],
  [
    1717714800000,
    5.411
  ],
  [
    1717801200000,
    5.381
  ],
  [
    1717887600000,
    5.375
  ],
  [
    1717974000000,
    5.351
  ],
  [
    1718060400000,
    5.278
  ],
  [
    1718146800000,
    5.287
  ],
  [
    1718233200000,
    5.393
  ],
  [
    1718319600000,
    5.29
  ],
  [
    1718406000000,
    5.239
  ],
  [
    1718492400000,
    5.274
  ],
  [
    1718578800000,
    5.266
  ],
  [
    1718665200000,
    5.173
  ],
  [
    1718751600000,
    5.106
  ],
  [
    1718838000000,
    5.033
  ],
  [
    1718924400000,
    5.097
  ],
  [
    1719010800000,
    5.093
  ],
  [
    1719097200000,
    5.029
  ],
  [
    1719183600000,
    4.907
  ],
  [
    1719270000000,
    4.938
  ],
  [
    1719356400000,
    4.87
  ],
  [
    1719442800000,
    4.92
  ],
  [
    1719529200000,
    4.861
  ],
  [
    1719615600000,
    4.896
  ],
  [
    1719702000000,
    4.862
  ],
  [
    1719788400000,
    4.94
  ],
  [
    1719874800000,
    4.951
  ],
  [
    1719961200000,
    5.079
  ],
  [
    1720047600000,
    5.08
  ],
  [
    1720134000000,
    5.101
  ],
  [
    1720220400000,
    5.198
  ],
  [
    1720306800000,
    5.201
  ],
  [
    1720393200000,
    5.087
  ],
  [
    1720479600000,
    5.086
  ],
  [
    1720566000000,
    4.864
  ],
  [
    1720652400000,
    4.865
  ],
  [
    1720738800000,
    5.068
  ],
  [
    1720825200000,
    5.18
  ],
  [
    1720911600000,
    5.162
  ],
  [
    1720998000000,
    5.191
  ],
  [
    1721084400000,
    5.264
  ],
  [
    1721170800000,
    5.315
  ],
  [
    1721257200000,
    5.152
  ],
  [
    1721343600000,
    5.201
  ],
  [
    1721430000000,
    5.208
  ],
  [
    1721516400000,
    5.134
  ],
  [
    1721602800000,
    5.167
  ],
  [
    1721689200000,
    5.176
  ],
  [
    1721775600000,
    5.178
  ],
  [
    1721862000000,
    5.132
  ],
  [
    1721948400000,
    5.191
  ],
  [
    1722034800000,
    5.179
  ],
  [
    1722121200000,
    5.237
  ],
  [
    1722207600000,
    5.264
  ],
  [
    1722294000000,
    5.185
  ],
  [
    1722380400000,
    5.306
  ],
  [
    1722466800000,
    5.414
  ],
  [
    1722553200000,
    5.391
  ],
  [
    1722639600000,
    5.527
  ],
  [
    1722726000000,
    5.539
  ],
  [
    1722812400000,
    5.541
  ],
  [
    1722898800000,
    5.566
  ],
  [
    1722985200000,
    5.613
  ],
  [
    1723071600000,
    5.475
  ],
  [
    1723158000000,
    5.684
  ],
  [
    1723244400000,
    5.704
  ],
  [
    1723330800000,
    5.69
  ],
  [
    1723417200000,
    5.619
  ],
  [
    1723503600000,
    5.506
  ],
  [
    1723554000000,
    5.46
  ],
  [
    1723557600000,
    5.461
  ],
  [
    1723561200000,
    5.26
  ],
  [
    1723564800000,
    5.407
  ],
  [
    1723568400000,
    5.469
  ],
  [
    1723572000000,
    5.47
  ],
  [
    1723575600000,
    5.475
  ],
  [
    1723579200000,
    5.538
  ],
  [
    1723582800000,
    5.54
  ],
  [
    1723586400000,
    5.56
  ],
  [
    1723590000000,
    5.56
  ],
  [
    1723593600000,
    5.45
  ],
  [
    1723597200000,
    5.52
  ],
  [
    1723600800000,
    5.52
  ],
  [
    1723604400000,
    5.55
  ],
  [
    1723608000000,
    5.388
  ],
  [
    1723611600000,
    5.45
  ],
  [
    1723615200000,
    5.482
  ],
  [
    1723618800000,
    5.48
  ],
  [
    1723622400000,
    5.413
  ],
  [
    1723626000000,
    5.3
  ],
  [
    1723629600000,
    5.295
  ],
  [
    1723633200000,
    5.322
  ],
  [
    1723636800000,
    5.333
  ],
  [
    1723640400000,
    5.304
  ],
  [
    1723644000000,
    5.33
  ],
  [
    1723647600000,
    5.417
  ],
  [
    1723651200000,
    5.42
  ],
  [
    1723654800000,
    5.42
  ],
  [
    1723658400000,
    5.42
  ],
  [
    1723662000000,
    5.42
  ],
  [
    1723665600000,
    5.456
  ],
  [
    1723669200000,
    5.497
  ],
  [
    1723672800000,
    5.57
  ],
  [
    1723676400000,
    5.58
  ],
  [
    1723680000000,
    5.58
  ],
  [
    1723683600000,
    5.59
  ],
  [
    1723687200000,
    5.64
  ],
  [
    1723690800000,
    5.624
  ],
  [
    1723694400000,
    5.648
  ],
  [
    1723698000000,
    5.72
  ],
  [
    1723701600000,
    5.663
  ],
  [
    1723705200000,
    5.709
  ],
  [
    1723708800000,
    5.602
  ],
  [
    1723712400000,
    5.593
  ],
  [
    1723716000000,
    5.22
  ],
  [
    1723719600000,
    5.215
  ],
  [
    1723723200000,
    5.34
  ],
  [
    1723726800000,
    5.349
  ],
  [
    1723730400000,
    5.389
  ],
  [
    1723734000000,
    5.561
  ],
  [
    1723737600000,
    5.405
  ],
  [
    1723741200000,
    5.34
  ],
  [
    1723744800000,
    5.425
  ],
  [
    1723748400000,
    5.52
  ],
  [
    1723752000000,
    5.565
  ],
  [
    1723755600000,
    5.569
  ],
  [
    1723759200000,
    5.57
  ],
  [
    1723762800000,
    5.569
  ],
  [
    1723766400000,
    5.583
  ],
  [
    1723770000000,
    5.64
  ],
  [
    1723773600000,
    5.65
  ],
  [
    1723777200000,
    5.64
  ],
  [
    1723780800000,
    5.603
  ],
  [
    1723784400000,
    5.624
  ],
  [
    1723788000000,
    5.601
  ],
  [
    1723791600000,
    5.636
  ],
  [
    1723795200000,
    5.637
  ],
  [
    1723798800000,
    5.649
  ],
  [
    1723802400000,
    5.438
  ],
  [
    1723806000000,
    5.427
  ],
  [
    1723809600000,
    5.383
  ],
  [
    1723813200000,
    5.35
  ],
  [
    1723816800000,
    5.289
  ],
  [
    1723820400000,
    5.26
  ],
  [
    1723824000000,
    5.3
  ],
  [
    1723827600000,
    5.43
  ],
  [
    1723831200000,
    5.57
  ],
  [
    1723834800000,
    5.57
  ],
  [
    1723838400000,
    5.58
  ],
  [
    1723842000000,
    5.59
  ],
  [
    1723845600000,
    5.59
  ],
  [
    1723849200000,
    5.591
  ],
  [
    1723852800000,
    5.61
  ],
  [
    1723856400000,
    5.61
  ],
  [
    1723860000000,
    5.654
  ],
  [
    1723863600000,
    5.65
  ],
  [
    1723867200000,
    5.654
  ],
  [
    1723870800000,
    5.572
  ],
  [
    1723874400000,
    5.57
  ],
  [
    1723878000000,
    5.52
  ],
  [
    1723881600000,
    5.55
  ],
  [
    1723885200000,
    5.58
  ],
  [
    1723888800000,
    5.565
  ],
  [
    1723892400000,
    5.213
  ],
  [
    1723896000000,
    5.213
  ],
  [
    1723899600000,
    5.511
  ],
  [
    1723903200000,
    5.44
  ],
  [
    1723906800000,
    5.452
  ],
  [
    1723910400000,
    5.499
  ],
  [
    1723914000000,
    5.52
  ],
  [
    1723917600000,
    5.521
  ],
  [
    1723921200000,
    5.55
  ],
  [
    1723924800000,
    5.514
  ],
  [
    1723928400000,
    5.573
  ],
  [
    1723932000000,
    5.6
  ],
  [
    1723935600000,
    5.64
  ],
  [
    1723939200000,
    5.64
  ],
  [
    1723942800000,
    5.636
  ],
  [
    1723946400000,
    5.633
  ],
  [
    1723950000000,
    5.6
  ],
  [
    1723953600000,
    5.591
  ],
  [
    1723957200000,
    5.46
  ],
  [
    1723960800000,
    5.579
  ],
  [
    1723964400000,
    5.596
  ],
  [
    1723968000000,
    5.577
  ],
  [
    1723971600000,
    5.367
  ],
  [
    1723975200000,
    5.4
  ],
  [
    1723978800000,
    5.451
  ],
  [
    1723982400000,
    5.168
  ],
  [
    1723986000000,
    5.3
  ],
  [
    1723989600000,
    5.34
  ],
  [
    1723993200000,
    5.46
  ],
  [
    1723996800000,
    5.55
  ],
  [
    1724000400000,
    5.578
  ],
  [
    1724004000000,
    5.58
  ],
  [
    1724007600000,
    5.59
  ],
  [
    1724011200000,
    5.59
  ],
  [
    1724014800000,
    5.61
  ],
  [
    1724018400000,
    5.616
  ],
  [
    1724022000000,
    5.61
  ],
  [
    1724025600000,
    5.61
  ],
  [
    1724029200000,
    5.58
  ],
  [
    1724032800000,
    5.515
  ],
  [
    1724036400000,
    5.48
  ],
  [
    1724040000000,
    5.43
  ],
  [
    1724043600000,
    5.159
  ],
  [
    1724047200000,
    5.15
  ],
  [
    1724050800000,
    5.158
  ],
  [
    1724054400000,
    5.149
  ],
  [
    1724058000000,
    5.088
  ],
  [
    1724061600000,
    5.094
  ],
  [
    1724065200000,
    5.15
  ],
  [
    1724068800000,
    5.438
  ],
  [
    1724072400000,
    5.128
  ],
  [
    1724076000000,
    5.086
  ],
  [
    1724079600000,
    5.273
  ],
  [
    1724083200000,
    5.43
  ],
  [
    1724086800000,
    5.487
  ],
  [
    1724090400000,
    5.499
  ],
  [
    1724094000000,
    5.55
  ],
  [
    1724097600000,
    5.53
  ],
  [
    1724101200000,
    5.55
  ],
  [
    1724104800000,
    5.59
  ],
  [
    1724108400000,
    5.614
  ],
  [
    1724112000000,
    5.504
  ],
  [
    1724115600000,
    5.625
  ],
  [
    1724119200000,
    5.456
  ],
  [
    1724122800000,
    5.453
  ],
  [
    1724126400000,
    5.596
  ],
  [
    1724130000000,
    5.308
  ],
  [
    1724133600000,
    5.174
  ],
  [
    1724137200000,
    5.107
  ],
  [
    1724140800000,
    5.036
  ],
  [
    1724144400000,
    5.155
  ],
  [
    1724148000000,
    5.315
  ],
  [
    1724151600000,
    5.107
  ],
  [
    1724155200000,
    5.315
  ],
  [
    1724158800000,
    5.294
  ],
  [
    1724162400000,
    5.162
  ],
  [
    1724166000000,
    5.294
  ],
  [
    1724169600000,
    5.327
  ],
  [
    1724173200000,
    5.314
  ],
  [
    1724176800000,
    5.46
  ],
  [
    1724180400000,
    5.572
  ],
  [
    1724184000000,
    5.58
  ],
  [
    1724187600000,
    5.574
  ],
  [
    1724191200000,
    5.54
  ],
  [
    1724194800000,
    5.578
  ],
  [
    1724198400000,
    5.57
  ],
  [
    1724202000000,
    5.578
  ],
  [
    1724205600000,
    5.574
  ],
  [
    1724209200000,
    5.473
  ],
  [
    1724212800000,
    5.46
  ],
  [
    1724216400000,
    5.47
  ],
  [
    1724220000000,
    5.46
  ],
  [
    1724223600000,
    5.244
  ],
  [
    1724227200000,
    5.394
  ],
  [
    1724230800000,
    5.459
  ],
  [
    1724234400000,
    5.22
  ],
  [
    1724238000000,
    5.17
  ],
  [
    1724241600000,
    5.06
  ],
  [
    1724245200000,
    5.028
  ],
  [
    1724248800000,
    5.02
  ],
  [
    1724252400000,
    5.24
  ],
  [
    1724256000000,
    5.313
  ],
  [
    1724259600000,
    5.194
  ],
  [
    1724263200000,
    5.429
  ],
  [
    1724266800000,
    5.437
  ],
  [
    1724270400000,
    5.53
  ],
  [
    1724274000000,
    5.557
  ],
  [
    1724277600000,
    5.55
  ],
  [
    1724281200000,
    5.556
  ],
  [
    1724284800000,
    5.57
  ],
  [
    1724288400000,
    5.57
  ],
  [
    1724292000000,
    5.566
  ],
  [
    1724295600000,
    5.56
  ],
  [
    1724299200000,
    5.52
  ],
  [
    1724302800000,
    5.56
  ],
  [
    1724306400000,
    5.553
  ],
  [
    1724310000000,
    5.534
  ],
  [
    1724313600000,
    5.189
  ],
  [
    1724317200000,
    5.42
  ],
  [
    1724320800000,
    5.42
  ],
  [
    1724324400000,
    5.509
  ],
  [
    1724328000000,
    5.557
  ],
  [
    1724331600000,
    5.534
  ],
  [
    1724335200000,
    5.391
  ],
  [
    1724338800000,
    5.393
  ],
  [
    1724342400000,
    5.534
  ],
  [
    1724346000000,
    5.501
  ],
  [
    1724349600000,
    5.497
  ],
  [
    1724353200000,
    5.55
  ],
  [
    1724356800000,
    5.487
  ],
  [
    1724360400000,
    5.5
  ],
  [
    1724364000000,
    5.55
  ],
  [
    1724367600000,
    5.55
  ],
  [
    1724371200000,
    5.55
  ],
  [
    1724374800000,
    5.56
  ],
  [
    1724378400000,
    5.554
  ],
  [
    1724382000000,
    5.56
  ],
  [
    1724385600000,
    5.569
  ],
  [
    1724389200000,
    5.596
  ],
  [
    1724392800000,
    5.6
  ],
  [
    1724396400000,
    5.567
  ],
  [
    1724400000000,
    5.565
  ],
  [
    1724403600000,
    5.527
  ],
  [
    1724407200000,
    5.562
  ],
  [
    1724410800000,
    5.316
  ],
  [
    1724414400000,
    5.3
  ],
  [
    1724418000000,
    5.42
  ],
  [
    1724421600000,
    5.434
  ],
  [
    1724425200000,
    5.434
  ],
  [
    1724428800000,
    5.415
  ],
  [
    1724432400000,
    5.291
  ],
  [
    1724436000000,
    5.539
  ],
  [
    1724439600000,
    5.52
  ],
  [
    1724443200000,
    5.55
  ],
  [
    1724446800000,
    5.572
  ],
  [
    1724450400000,
    5.63
  ],
  [
    1724454000000,
    5.63
  ],
  [
    1724457600000,
    5.59
  ],
  [
    1724461200000,
    5.65
  ],
  [
    1724464800000,
    5.63
  ],
  [
    1724468400000,
    5.65
  ],
  [
    1724472000000,
    5.65
  ],
  [
    1724475600000,
    5.658
  ],
  [
    1724479200000,
    5.655
  ],
  [
    1724482800000,
    5.501
  ],
  [
    1724486400000,
    5.459
  ],
  [
    1724490000000,
    5.572
  ],
  [
    1724493600000,
    5.676
  ],
  [
    1724497200000,
    5.618
  ],
  [
    1724500800000,
    5.592
  ],
  [
    1724504400000,
    5.31
  ],
  [
    1724508000000,
    5.525
  ],
  [
    1724511600000,
    5.53
  ],
  [
    1724515200000,
    5.506
  ],
  [
    1724518800000,
    5.568
  ],
  [
    1724522400000,
    5.585
  ],
  [
    1724526000000,
    5.572
  ],
  [
    1724529600000,
    5.585
  ],
  [
    1724533200000,
    5.61
  ],
  [
    1724536800000,
    5.66
  ],
  [
    1724540400000,
    5.69
  ],
  [
    1724544000000,
    5.7
  ],
  [
    1724547600000,
    5.707
  ],
  [
    1724551200000,
    5.7
  ],
  [
    1724554800000,
    5.7
  ],
  [
    1724558400000,
    5.704
  ],
  [
    1724562000000,
    5.709
  ],
  [
    1724565600000,
    5.72
  ],
  [
    1724569200000,
    5.709
  ],
  [
    1724572800000,
    5.656
  ],
  [
    1724576400000,
    5.69
  ],
  [
    1724580000000,
    5.644
  ],
  [
    1724583600000,
    5.59
  ],
  [
    1724587200000,
    5.644
  ],
  [
    1724590800000,
    5.623
  ],
  [
    1724594400000,
    5.185
  ],
  [
    1724598000000,
    5.374
  ],
  [
    1724601600000,
    5.348
  ],
  [
    1724605200000,
    5.55
  ],
  [
    1724608800000,
    5.589
  ],
  [
    1724612400000,
    5.561
  ],
  [
    1724616000000,
    5.594
  ],
  [
    1724619600000,
    5.58
  ],
  [
    1724623200000,
    5.61
  ],
  [
    1724626800000,
    5.63
  ],
  [
    1724630400000,
    5.63
  ],
  [
    1724634000000,
    5.63
  ],
  [
    1724637600000,
    5.663
  ],
  [
    1724641200000,
    5.63
  ],
  [
    1724644800000,
    5.65
  ],
  [
    1724648400000,
    5.696
  ],
  [
    1724652000000,
    5.708
  ],
  [
    1724655600000,
    5.706
  ],
  [
    1724659200000,
    5.699
  ],
  [
    1724662800000,
    5.704
  ],
  [
    1724666400000,
    5.673
  ],
  [
    1724670000000,
    5.674
  ],
  [
    1724673600000,
    5.59
  ],
  [
    1724677200000,
    5.598
  ],
  [
    1724680800000,
    5.67
  ],
  [
    1724684400000,
    5.623
  ],
  [
    1724688000000,
    5.67
  ],
  [
    1724691600000,
    5.67
  ],
  [
    1724695200000,
    5.663
  ],
  [
    1724698800000,
    5.683
  ],
  [
    1724702400000,
    5.698
  ],
  [
    1724706000000,
    5.7
  ],
  [
    1724709600000,
    5.7
  ],
  [
    1724713200000,
    5.71
  ],
  [
    1724716800000,
    5.612
  ],
  [
    1724720400000,
    5.7
  ],
  [
    1724724000000,
    5.72
  ],
  [
    1724727600000,
    5.723
  ],
  [
    1724731200000,
    5.727
  ],
  [
    1724734800000,
    5.733
  ],
  [
    1724738400000,
    5.738
  ],
  [
    1724742000000,
    5.739
  ],
  [
    1724745600000,
    5.698
  ],
  [
    1724749200000,
    5.728
  ],
  [
    1724752800000,
    5.726
  ],
  [
    1724756400000,
    5.621
  ],
  [
    1724760000000,
    5.601
  ],
  [
    1724763600000,
    5.612
  ],
  [
    1724767200000,
    5.687
  ],
  [
    1724770800000,
    5.72
  ],
  [
    1724774400000,
    5.72
  ],
  [
    1724778000000,
    5.725
  ],
  [
    1724781600000,
    5.74
  ],
  [
    1724785200000,
    5.72
  ],
  [
    1724788800000,
    5.716
  ],
  [
    1724792400000,
    5.715
  ],
  [
    1724796000000,
    5.71
  ],
  [
    1724799600000,
    5.71
  ],
  [
    1724803200000,
    5.71
  ],
  [
    1724806800000,
    5.71
  ],
  [
    1724810400000,
    5.72
  ],
  [
    1724814000000,
    5.72
  ],
  [
    1724817600000,
    5.75
  ],
  [
    1724821200000,
    5.805
  ],
  [
    1724824800000,
    5.846
  ],
  [
    1724828400000,
    5.856
  ],
  [
    1724832000000,
    5.84
  ],
  [
    1724835600000,
    5.815
  ],
  [
    1724839200000,
    5.741
  ],
  [
    1724842800000,
    5.543
  ],
  [
    1724846400000,
    5.776
  ],
  [
    1724850000000,
    5.838
  ],
  [
    1724853600000,
    5.763
  ],
  [
    1724857200000,
    5.763
  ],
  [
    1724860800000,
    5.745
  ],
  [
    1724864400000,
    5.491
  ],
  [
    1724868000000,
    5.48
  ],
  [
    1724871600000,
    5.634
  ],
  [
    1724875200000,
    5.57
  ],
  [
    1724878800000,
    5.67
  ],
  [
    1724882400000,
    5.67
  ],
  [
    1724886000000,
    5.67
  ],
  [
    1724889600000,
    5.71
  ],
  [
    1724893200000,
    5.75
  ],
  [
    1724896800000,
    5.79
  ],
  [
    1724900400000,
    5.81
  ],
  [
    1724904000000,
    5.819
  ],
  [
    1724907600000,
    5.849
  ],
  [
    1724911200000,
    5.814
  ],
  [
    1724914800000,
    5.606
  ],
  [
    1724918400000,
    5.782
  ],
  [
    1724922000000,
    5.743
  ],
  [
    1724925600000,
    5.753
  ],
  [
    1724929200000,
    5.45
  ],
  [
    1724932800000,
    5.296
  ],
  [
    1724936400000,
    5.427
  ],
  [
    1724940000000,
    5.726
  ],
  [
    1724943600000,
    5.722
  ],
  [
    1724947200000,
    5.711
  ],
  [
    1724950800000,
    5.722
  ],
  [
    1724954400000,
    5.7
  ],
  [
    1724958000000,
    5.693
  ],
  [
    1724961600000,
    5.71
  ],
  [
    1724965200000,
    5.71
  ],
  [
    1724968800000,
    5.71
  ],
  [
    1724972400000,
    5.71
  ],
  [
    1724976000000,
    5.71
  ],
  [
    1724979600000,
    5.75
  ],
  [
    1724983200000,
    5.79
  ],
  [
    1724986800000,
    5.81
  ],
  [
    1724990400000,
    5.814
  ],
  [
    1724994000000,
    5.825
  ],
  [
    1724997600000,
    5.83
  ],
  [
    1725001200000,
    5.846
  ],
  [
    1725004800000,
    5.69
  ],
  [
    1725008400000,
    5.759
  ],
  [
    1725012000000,
    5.87
  ],
  [
    1725015600000,
    5.86
  ],
  [
    1725019200000,
    5.859
  ],
  [
    1725022800000,
    5.795
  ],
  [
    1725026400000,
    5.77
  ],
  [
    1725030000000,
    5.649
  ],
  [
    1725033600000,
    5.782
  ],
  [
    1725037200000,
    5.79
  ],
  [
    1725040800000,
    5.86
  ],
  [
    1725044400000,
    5.87
  ],
  [
    1725048000000,
    5.88
  ],
  [
    1725051600000,
    5.861
  ],
  [
    1725055200000,
    5.93
  ],
  [
    1725058800000,
    5.928
  ],
  [
    1725062400000,
    5.92
  ],
  [
    1725066000000,
    5.915
  ],
  [
    1725069600000,
    5.909
  ],
  [
    1725073200000,
    5.914
  ],
  [
    1725076800000,
    5.95
  ],
  [
    1725080400000,
    5.98
  ],
  [
    1725084000000,
    6
  ],
  [
    1725087600000,
    6.01
  ],
  [
    1725091200000,
    5.965
  ],
  [
    1725094800000,
    5.966
  ],
  [
    1725098400000,
    5.405
  ],
  [
    1725102000000,
    5.516
  ],
  [
    1725105600000,
    5.805
  ],
  [
    1725109200000,
    5.924
  ],
  [
    1725112800000,
    5.95
  ],
  [
    1725116400000,
    5.972
  ],
  [
    1725120000000,
    5.971
  ],
  [
    1725123600000,
    5.98
  ],
  [
    1725127200000,
    5.98
  ],
  [
    1725130800000,
    5.975
  ],
  [
    1725134400000,
    6.02
  ],
  [
    1725138000000,
    6.002
  ],
  [
    1725141600000,
    5.982
  ],
  [
    1725145200000,
    6
  ],
  [
    1725148800000,
    6
  ],
  [
    1725152400000,
    5.9
  ],
  [
    1725156000000,
    5.95
  ],
  [
    1725159600000,
    6.011
  ],
  [
    1725163200000,
    6.02
  ],
  [
    1725166800000,
    6.015
  ],
  [
    1725170400000,
    5.65
  ],
  [
    1725174000000,
    5.636
  ],
  [
    1725177600000,
    5.591
  ],
  [
    1725181200000,
    5.486
  ],
  [
    1725184800000,
    5.366
  ],
  [
    1725188400000,
    5.37
  ],
  [
    1725192000000,
    5.378
  ],
  [
    1725195600000,
    5.795
  ],
  [
    1725199200000,
    5.83
  ],
  [
    1725202800000,
    5.91
  ],
  [
    1725206400000,
    5.92
  ],
  [
    1725210000000,
    5.94
  ],
  [
    1725213600000,
    5.91
  ],
  [
    1725217200000,
    5.91
  ],
  [
    1725220800000,
    5.93
  ],
  [
    1725224400000,
    5.93
  ],
  [
    1725228000000,
    5.93
  ],
  [
    1725231600000,
    5.94
  ],
  [
    1725235200000,
    5.95
  ],
  [
    1725238800000,
    5.95
  ],
  [
    1725242400000,
    5.98
  ],
  [
    1725246000000,
    5.905
  ],
  [
    1725249600000,
    5.956
  ],
  [
    1725253200000,
    5.917
  ],
  [
    1725256800000,
    5.83
  ],
  [
    1725260400000,
    5.817
  ],
  [
    1725264000000,
    5.72
  ],
  [
    1725267600000,
    5.723
  ],
  [
    1725271200000,
    5.72
  ],
  [
    1725274800000,
    5.287
  ],
  [
    1725278400000,
    5.72
  ],
  [
    1725282000000,
    5.63
  ],
  [
    1725285600000,
    5.59
  ],
  [
    1725289200000,
    5.72
  ],
  [
    1725292800000,
    5.91
  ],
  [
    1725296400000,
    6
  ],
  [
    1725300000000,
    6.003
  ],
  [
    1725303600000,
    6
  ],
  [
    1725307200000,
    5.972
  ],
  [
    1725310800000,
    5.997
  ],
  [
    1725314400000,
    6
  ],
  [
    1725318000000,
    6
  ],
  [
    1725321600000,
    6
  ],
  [
    1725325200000,
    5.87
  ],
  [
    1725328800000,
    5.782
  ],
  [
    1725332400000,
    5.997
  ],
  [
    1725336000000,
    6
  ],
  [
    1725339600000,
    5.987
  ],
  [
    1725343200000,
    5.993
  ],
  [
    1725346800000,
    6
  ],
  [
    1725350400000,
    5.778
  ],
  [
    1725354000000,
    5.78
  ],
  [
    1725357600000,
    5.767
  ],
  [
    1725361200000,
    5.742
  ],
  [
    1725364800000,
    5.8
  ],
  [
    1725368400000,
    5.911
  ],
  [
    1725372000000,
    5.992
  ],
  [
    1725375600000,
    5.92
  ],
  [
    1725379200000,
    5.862
  ],
  [
    1725382800000,
    5.772
  ],
  [
    1725386400000,
    5.866
  ],
  [
    1725390000000,
    5.937
  ],
  [
    1725393600000,
    5.95
  ],
  [
    1725397200000,
    5.971
  ],
  [
    1725400800000,
    5.96
  ],
  [
    1725404400000,
    5.95
  ],
  [
    1725408000000,
    5.95
  ],
  [
    1725411600000,
    5.95
  ],
  [
    1725415200000,
    5.95
  ],
  [
    1725418800000,
    5.95
  ],
  [
    1725422400000,
    5.95
  ],
  [
    1725426000000,
    5.956
  ],
  [
    1725429600000,
    5.971
  ],
  [
    1725433200000,
    5.948
  ],
  [
    1725436800000,
    5.94
  ],
  [
    1725440400000,
    5.892
  ],
  [
    1725444000000,
    5.825
  ],
  [
    1725447600000,
    5.849
  ],
  [
    1725451200000,
    5.76
  ],
  [
    1725454800000,
    5.647
  ],
  [
    1725458400000,
    5.38
  ],
  [
    1725462000000,
    5.808
  ],
  [
    1725465600000,
    5.86
  ],
  [
    1725469200000,
    5.76
  ],
  [
    1725472800000,
    5.937
  ],
  [
    1725476400000,
    5.34
  ],
  [
    1725480000000,
    5.86
  ],
  [
    1725483600000,
    5.856
  ],
  [
    1725487200000,
    5.636
  ],
  [
    1725490800000,
    5.858
  ],
  [
    1725494400000,
    5.86
  ],
  [
    1725498000000,
    5.91
  ],
  [
    1725501600000,
    5.91
  ],
  [
    1725505200000,
    5.92
  ],
  [
    1725508800000,
    5.932
  ],
  [
    1725512400000,
    5.786
  ],
  [
    1725516000000,
    5.918
  ],
  [
    1725519600000,
    5.464
  ],
  [
    1725523200000,
    5.897
  ],
  [
    1725526800000,
    5.762
  ],
  [
    1725530400000,
    5.91
  ],
  [
    1725534000000,
    5.932
  ],
  [
    1725537600000,
    5.92
  ],
  [
    1725541200000,
    5.92
  ],
  [
    1725544800000,
    5.91
  ],
  [
    1725548400000,
    5.865
  ],
  [
    1725552000000,
    5.924
  ],
  [
    1725555600000,
    5.921
  ],
  [
    1725559200000,
    5.92
  ],
  [
    1725562800000,
    5.92
  ],
  [
    1725566400000,
    5.92
  ],
  [
    1725570000000,
    5.92
  ],
  [
    1725573600000,
    5.94
  ],
  [
    1725577200000,
    5.88
  ],
  [
    1725580800000,
    5.94
  ],
  [
    1725584400000,
    5.895
  ],
  [
    1725588000000,
    5.94
  ],
  [
    1725591600000,
    5.93
  ],
  [
    1725595200000,
    5.93
  ],
  [
    1725598800000,
    5.93
  ],
  [
    1725602400000,
    5.91
  ],
  [
    1725606000000,
    5.91
  ],
  [
    1725609600000,
    5.946
  ],
  [
    1725613200000,
    5.94
  ],
  [
    1725616800000,
    5.941
  ],
  [
    1725620400000,
    5.906
  ],
  [
    1725624000000,
    5.94
  ],
  [
    1725627600000,
    5.94
  ],
  [
    1725631200000,
    5.774
  ],
  [
    1725634800000,
    5.653
  ],
  [
    1725638400000,
    5.919
  ],
  [
    1725642000000,
    5.93
  ],
  [
    1725645600000,
    5.927
  ],
  [
    1725649200000,
    5.949
  ],
  [
    1725652800000,
    5.94
  ],
  [
    1725656400000,
    5.94
  ],
  [
    1725660000000,
    5.94
  ],
  [
    1725663600000,
    5.94
  ],
  [
    1725667200000,
    5.93
  ],
  [
    1725670800000,
    5.94
  ],
  [
    1725674400000,
    5.94
  ],
  [
    1725678000000,
    5.951
  ],
  [
    1725681600000,
    5.94
  ],
  [
    1725685200000,
    5.957
  ],
  [
    1725688800000,
    5.938
  ],
  [
    1725692400000,
    5.917
  ],
  [
    1725696000000,
    5.915
  ],
  [
    1725699600000,
    5.405
  ],
  [
    1725703200000,
    5.926
  ],
  [
    1725706800000,
    5.934
  ],
  [
    1725710400000,
    5.555
  ],
  [
    1725714000000,
    5.654
  ],
  [
    1725717600000,
    5.449
  ],
  [
    1725721200000,
    5.938
  ],
  [
    1725724800000,
    5.93
  ],
  [
    1725728400000,
    5.77
  ],
  [
    1725732000000,
    5.93
  ],
  [
    1725735600000,
    5.92
  ],
  [
    1725739200000,
    5.94
  ],
  [
    1725742800000,
    5.93
  ],
  [
    1725746400000,
    5.94
  ],
  [
    1725750000000,
    5.77
  ],
  [
    1725753600000,
    5.775
  ],
  [
    1725757200000,
    5.64
  ],
  [
    1725760800000,
    5.94
  ],
  [
    1725764400000,
    5.94
  ],
  [
    1725768000000,
    5.94
  ],
  [
    1725771600000,
    5.94
  ],
  [
    1725775200000,
    5.94
  ],
  [
    1725778800000,
    5.938
  ],
  [
    1725782400000,
    5.89
  ],
  [
    1725786000000,
    5.794
  ],
  [
    1725789600000,
    5.9
  ],
  [
    1725793200000,
    5.816
  ],
  [
    1725796800000,
    5.751
  ],
  [
    1725800400000,
    5.68
  ],
  [
    1725804000000,
    5.926
  ],
  [
    1725807600000,
    5.951
  ],
  [
    1725811200000,
    5.95
  ],
  [
    1725814800000,
    5.871
  ],
  [
    1725818400000,
    5.99
  ],
  [
    1725822000000,
    5.99
  ],
  [
    1725825600000,
    5.99
  ],
  [
    1725829200000,
    6
  ],
  [
    1725832800000,
    6
  ],
  [
    1725836400000,
    5.98
  ],
  [
    1725840000000,
    5.99
  ],
  [
    1725843600000,
    6
  ],
  [
    1725847200000,
    6.01
  ],
  [
    1725850800000,
    6.01
  ],
  [
    1725854400000,
    6.009
  ],
  [
    1725858000000,
    5.998
  ],
  [
    1725861600000,
    6.01
  ],
  [
    1725865200000,
    5.652
  ],
  [
    1725868800000,
    5.817
  ],
  [
    1725872400000,
    5.539
  ],
  [
    1725876000000,
    5.689
  ],
  [
    1725879600000,
    5.589
  ],
  [
    1725883200000,
    5.694
  ],
  [
    1725886800000,
    5.776
  ],
  [
    1725890400000,
    5.633
  ],
  [
    1725894000000,
    5.967
  ],
  [
    1725897600000,
    5.993
  ],
  [
    1725901200000,
    5.976
  ],
  [
    1725904800000,
    5.973
  ],
  [
    1725908400000,
    5.967
  ],
  [
    1725912000000,
    5.974
  ],
  [
    1725915600000,
    5.99
  ],
  [
    1725919200000,
    5.99
  ],
  [
    1725922800000,
    5.983
  ],
  [
    1725926400000,
    5.99
  ],
  [
    1725930000000,
    5.99
  ],
  [
    1725933600000,
    5.99
  ],
  [
    1725937200000,
    5.997
  ],
  [
    1725940800000,
    5.961
  ],
  [
    1725944400000,
    5.95
  ],
  [
    1725948000000,
    5.962
  ],
  [
    1725951600000,
    6
  ],
  [
    1725955200000,
    5.992
  ],
  [
    1725958800000,
    5.965
  ],
  [
    1725962400000,
    5.75
  ],
  [
    1725966000000,
    5.98
  ],
  [
    1725969600000,
    5.751
  ],
  [
    1725973200000,
    5.743
  ],
  [
    1725976800000,
    5.702
  ],
  [
    1725980400000,
    5.901
  ],
  [
    1725984000000,
    5.986
  ],
  [
    1725987600000,
    5.965
  ],
  [
    1725991200000,
    5.997
  ],
  [
    1725994800000,
    5.996
  ],
  [
    1725998400000,
    5.98
  ],
  [
    1726002000000,
    5.956
  ],
  [
    1726005600000,
    5.966
  ],
  [
    1726009200000,
    5.98
  ],
  [
    1726012800000,
    6
  ],
  [
    1726016400000,
    5.952
  ],
  [
    1726020000000,
    5.95
  ],
  [
    1726023600000,
    6.02
  ],
  [
    1726027200000,
    5.89
  ],
  [
    1726030800000,
    6.01
  ],
  [
    1726034400000,
    6.03
  ],
  [
    1726038000000,
    6.03
  ],
  [
    1726041600000,
    6.02
  ],
  [
    1726045200000,
    6.018
  ],
  [
    1726048800000,
    6.018
  ],
  [
    1726052400000,
    6.021
  ],
  [
    1726056000000,
    6.015
  ],
  [
    1726059600000,
    6.021
  ],
  [
    1726063200000,
    6.032
  ],
  [
    1726066800000,
    6.021
  ],
  [
    1726070400000,
    5.95
  ],
  [
    1726074000000,
    5.999
  ],
  [
    1726077600000,
    5.911
  ],
  [
    1726081200000,
    5.91
  ],
  [
    1726084800000,
    5.924
  ],
  [
    1726088400000,
    5.99
  ],
  [
    1726092000000,
    6.01
  ],
  [
    1726095600000,
    6.01
  ],
  [
    1726099200000,
    6.01
  ],
  [
    1726102800000,
    6.02
  ],
  [
    1726106400000,
    6.02
  ],
  [
    1726110000000,
    6.02
  ],
  [
    1726113600000,
    6.02
  ],
  [
    1726117200000,
    6.02
  ],
  [
    1726120800000,
    6.027
  ],
  [
    1726124400000,
    6.03
  ],
  [
    1726128000000,
    6.03
  ],
  [
    1726131600000,
    5.99
  ],
  [
    1726135200000,
    5.989
  ],
  [
    1726138800000,
    5.893
  ],
  [
    1726142400000,
    6.001
  ],
  [
    1726146000000,
    6.012
  ],
  [
    1726149600000,
    6
  ],
  [
    1726153200000,
    5.99
  ],
  [
    1726156800000,
    5.692
  ],
  [
    1726160400000,
    5.75
  ],
  [
    1726164000000,
    5.951
  ],
  [
    1726167600000,
    5.997
  ],
  [
    1726171200000,
    6.013
  ],
  [
    1726174800000,
    6.04
  ],
  [
    1726178400000,
    6.04
  ],
  [
    1726182000000,
    6.04
  ],
  [
    1726185600000,
    6.06
  ],
  [
    1726189200000,
    6.07
  ],
  [
    1726192800000,
    6.07
  ],
  [
    1726196400000,
    6.07
  ],
  [
    1726200000000,
    6.03
  ],
  [
    1726203600000,
    6.026
  ],
  [
    1726207200000,
    5.617
  ],
  [
    1726210800000,
    6.019
  ],
  [
    1726214400000,
    6.033
  ],
  [
    1726218000000,
    6.057
  ],
  [
    1726221600000,
    5.964
  ],
  [
    1726225200000,
    6.016
  ]
]