[
  [
    1632870000000,
    1.93
  ],
  [
    1632956400000,
    1.337
  ],
  [
    1633042800000,
    0.996
  ],
  [
    1633129200000,
    1.092
  ],
  [
    1633215600000,
    1.087
  ],
  [
    1633302000000,
    1.047
  ],
  [
    1633388400000,
    1.039
  ],
  [
    1633474800000,
    1.03
  ],
  [
    1633561200000,
    0.903
  ],
  [
    1633647600000,
    0.877
  ],
  [
    1633734000000,
    0.923
  ],
  [
    1633820400000,
    0.933
  ],
  [
    1633906800000,
    0.923
  ],
  [
    1633993200000,
    0.915
  ],
  [
    1634079600000,
    0.862
  ],
  [
    1634166000000,
    0.799
  ],
  [
    1634252400000,
    0.805
  ],
  [
    1634338800000,
    0.838
  ],
  [
    1634425200000,
    0.838
  ],
  [
    1634511600000,
    0.828
  ],
  [
    1634598000000,
    0.826
  ],
  [
    1634684400000,
    0.817
  ],
  [
    1634770800000,
    0.79
  ],
  [
    1634857200000,
    0.741
  ],
  [
    1634943600000,
    0.776
  ],
  [
    1635030000000,
    0.785
  ],
  [
    1635116400000,
    0.782
  ],
  [
    1635202800000,
    0.794
  ],
  [
    1635289200000,
    0.778
  ],
  [
    1635375600000,
    0.738
  ],
  [
    1635462000000,
    0.73
  ],
  [
    1635548400000,
    0.726
  ],
  [
    1635634800000,
    0.713
  ],
  [
    1635724800000,
    0.7
  ],
  [
    1635811200000,
    0.695
  ],
  [
    1635897600000,
    0.663
  ],
  [
    1635984000000,
    0.607
  ],
  [
    1636070400000,
    0.577
  ],
  [
    1636156800000,
    0.58
  ],
  [
    1636243200000,
    0.573
  ],
  [
    1636329600000,
    0.565
  ],
  [
    1636416000000,
    0.564
  ],
  [
    1636502400000,
    0.545
  ],
  [
    1636588800000,
    0.498
  ],
  [
    1636675200000,
    0.483
  ],
  [
    1636761600000,
    0.506
  ],
  [
    1636848000000,
    0.527
  ],
  [
    1636934400000,
    0.54
  ],
  [
    1637020800000,
    0.55
  ],
  [
    1637107200000,
    0.542
  ],
  [
    1637193600000,
    0.528
  ],
  [
    1637280000000,
    0.537
  ],
  [
    1637366400000,
    0.584
  ],
  [
    1637452800000,
    0.627
  ],
  [
    1637539200000,
    0.625
  ],
  [
    1637625600000,
    0.618
  ],
  [
    1637712000000,
    0.613
  ],
  [
    1637798400000,
    0.595
  ],
  [
    1637884800000,
    0.618
  ],
  [
    1637971200000,
    0.644
  ],
  [
    1638057600000,
    0.666
  ],
  [
    1638144000000,
    0.669
  ],
  [
    1638230400000,
    0.647
  ],
  [
    1638316800000,
    0.642
  ],
  [
    1638403200000,
    0.633
  ],
  [
    1638489600000,
    0.638
  ],
  [
    1638576000000,
    0.644
  ],
  [
    1638662400000,
    0.637
  ],
  [
    1638748800000,
    0.625
  ],
  [
    1638835200000,
    0.613
  ],
  [
    1638921600000,
    0.599
  ],
  [
    1639008000000,
    0.572
  ],
  [
    1639094400000,
    0.57
  ],
  [
    1639180800000,
    0.571
  ],
  [
    1639267200000,
    0.558
  ],
  [
    1639353600000,
    0.539
  ],
  [
    1639440000000,
    0.536
  ],
  [
    1639526400000,
    0.52
  ],
  [
    1639612800000,
    0.493
  ],
  [
    1639699200000,
    0.487
  ],
  [
    1639785600000,
    0.491
  ],
  [
    1639872000000,
    0.492
  ],
  [
    1639958400000,
    0.491
  ],
  [
    1640044800000,
    0.497
  ],
  [
    1640131200000,
    0.517
  ],
  [
    1640217600000,
    0.522
  ],
  [
    1640304000000,
    0.544
  ],
  [
    1640390400000,
    0.569
  ],
  [
    1640476800000,
    0.572
  ],
  [
    1640563200000,
    0.57
  ],
  [
    1640649600000,
    0.574
  ],
  [
    1640736000000,
    0.574
  ],
  [
    1640822400000,
    0.568
  ],
  [
    1640908800000,
    0.583
  ],
  [
    1640995200000,
    0.594
  ],
  [
    1641081600000,
    0.593
  ],
  [
    1641168000000,
    0.584
  ],
  [
    1641254400000,
    0.583
  ],
  [
    1641340800000,
    0.58
  ],
  [
    1641427200000,
    0.573
  ],
  [
    1641513600000,
    0.57
  ],
  [
    1641600000000,
    0.58
  ],
  [
    1641686400000,
    0.582
  ],
  [
    1641772800000,
    0.583
  ],
  [
    1641859200000,
    0.58
  ],
  [
    1641945600000,
    0.576
  ],
  [
    1642032000000,
    0.56
  ],
  [
    1642118400000,
    0.546
  ],
  [
    1642204800000,
    0.539
  ],
  [
    1642291200000,
    0.535
  ],
  [
    1642377600000,
    0.526
  ],
  [
    1642464000000,
    0.522
  ],
  [
    1642550400000,
    0.518
  ],
  [
    1642636800000,
    0.525
  ],
  [
    1642723200000,
    0.481
  ],
  [
    1642809600000,
    0.507
  ],
  [
    1642896000000,
    0.501
  ],
  [
    1642982400000,
    0.491
  ],
  [
    1643068800000,
    0.487
  ],
  [
    1643155200000,
    0.493
  ],
  [
    1643241600000,
    0.5
  ],
  [
    1643328000000,
    0.513
  ],
  [
    1643414400000,
    0.536
  ],
  [
    1643500800000,
    0.549
  ],
  [
    1643587200000,
    0.565
  ],
  [
    1643673600000,
    0.583
  ],
  [
    1643760000000,
    0.584
  ],
  [
    1643846400000,
    0.584
  ],
  [
    1643932800000,
    0.583
  ],
  [
    1644019200000,
    0.593
  ],
  [
    1644105600000,
    0.597
  ],
  [
    1644192000000,
    0.597
  ],
  [
    1644278400000,
    0.591
  ],
  [
    1644364800000,
    0.586
  ],
  [
    1644451200000,
    0.597
  ],
  [
    1644537600000,
    0.62
  ],
  [
    1644624000000,
    0.66
  ],
  [
    1644710400000,
    0.683
  ],
  [
    1644796800000,
    0.652
  ],
  [
    1644883200000,
    0.631
  ],
  [
    1644969600000,
    0.626
  ],
  [
    1645056000000,
    0.617
  ],
  [
    1645142400000,
    0.623
  ],
  [
    1645228800000,
    0.619
  ],
  [
    1645315200000,
    0.592
  ],
  [
    1645401600000,
    0.573
  ],
  [
    1645488000000,
    0.585
  ],
  [
    1645574400000,
    0.567
  ],
  [
    1645660800000,
    0.564
  ],
  [
    1645747200000,
    0.567
  ],
  [
    1645833600000,
    0.579
  ],
  [
    1645920000000,
    0.59
  ],
  [
    1646006400000,
    0.581
  ],
  [
    1646092800000,
    0.586
  ],
  [
    1646179200000,
    0.597
  ],
  [
    1646265600000,
    0.617
  ],
  [
    1646352000000,
    0.629
  ],
  [
    1646438400000,
    0.647
  ],
  [
    1646524800000,
    0.665
  ],
  [
    1646611200000,
    0.666
  ],
  [
    1646697600000,
    0.635
  ],
  [
    1646784000000,
    0.64
  ],
  [
    1646870400000,
    0.644
  ],
  [
    1646956800000,
    0.684
  ],
  [
    1647043200000,
    0.71
  ],
  [
    1647129600000,
    0.741
  ],
  [
    1647216000000,
    0.764
  ],
  [
    1647302400000,
    0.781
  ],
  [
    1647388800000,
    0.814
  ],
  [
    1647475200000,
    0.802
  ],
  [
    1647561600000,
    0.809
  ],
  [
    1647648000000,
    0.829
  ],
  [
    1647734400000,
    0.858
  ],
  [
    1647820800000,
    0.886
  ],
  [
    1647907200000,
    0.932
  ],
  [
    1647993600000,
    0.932
  ],
  [
    1648080000000,
    0.896
  ],
  [
    1648166400000,
    0.915
  ],
  [
    1648252800000,
    0.959
  ],
  [
    1648339200000,
    0.982
  ],
  [
    1648422000000,
    0.97
  ],
  [
    1648508400000,
    0.928
  ],
  [
    1648594800000,
    0.965
  ],
  [
    1648681200000,
    1
  ],
  [
    1648767600000,
    1.036
  ],
  [
    1648854000000,
    1.108
  ],
  [
    1648940400000,
    1.128
  ],
  [
    1649026800000,
    1.146
  ],
  [
    1649113200000,
    1.142
  ],
  [
    1649199600000,
    1.146
  ],
  [
    1649286000000,
    1.118
  ],
  [
    1649372400000,
    1.115
  ],
  [
    1649458800000,
    1.135
  ],
  [
    1649545200000,
    1.14
  ],
  [
    1649631600000,
    1.147
  ],
  [
    1649718000000,
    1.146
  ],
  [
    1649804400000,
    1.14
  ],
  [
    1649890800000,
    1.151
  ],
  [
    1649977200000,
    1.161
  ],
  [
    1650063600000,
    1.168
  ],
  [
    1650150000000,
    1.185
  ],
  [
    1650236400000,
    1.189
  ],
  [
    1650322800000,
    1.213
  ],
  [
    1650409200000,
    1.224
  ],
  [
    1650495600000,
    1.298
  ],
  [
    1650582000000,
    1.392
  ],
  [
    1650668400000,
    1.458
  ],
  [
    1650754800000,
    1.44
  ],
  [
    1650841200000,
    1.414
  ],
  [
    1650927600000,
    1.387
  ],
  [
    1651014000000,
    1.35
  ],
  [
    1651100400000,
    1.297
  ],
  [
    1651186800000,
    1.355
  ],
  [
    1651273200000,
    1.349
  ],
  [
    1651359600000,
    1.328
  ],
  [
    1651446000000,
    1.308
  ],
  [
    1651532400000,
    1.271
  ],
  [
    1651618800000,
    1.158
  ],
  [
    1651705200000,
    1.199
  ],
  [
    1651791600000,
    1.233
  ],
  [
    1651878000000,
    1.272
  ],
  [
    1651964400000,
    1.258
  ],
  [
    1652050800000,
    1.248
  ],
  [
    1652137200000,
    1.25
  ],
  [
    1652223600000,
    1.248
  ],
  [
    1652310000000,
    1.262
  ],
  [
    1652396400000,
    1.279
  ],
  [
    1652482800000,
    1.279
  ],
  [
    1652569200000,
    1.278
  ],
  [
    1652655600000,
    1.285
  ],
  [
    1652742000000,
    1.291
  ],
  [
    1652828400000,
    1.294
  ],
  [
    1652914800000,
    1.305
  ],
  [
    1653001200000,
    1.322
  ],
  [
    1653087600000,
    1.362
  ],
  [
    1653174000000,
    1.37
  ],
  [
    1653260400000,
    1.344
  ],
  [
    1653346800000,
    1.333
  ],
  [
    1653433200000,
    1.359
  ],
  [
    1653519600000,
    1.369
  ],
  [
    1653606000000,
    1.384
  ],
  [
    1653692400000,
    1.376
  ],
  [
    1653778800000,
    1.389
  ],
  [
    1653865200000,
    1.418
  ],
  [
    1653951600000,
    1.429
  ],
  [
    1654038000000,
    1.457
  ],
  [
    1654124400000,
    1.49
  ],
  [
    1654210800000,
    1.467
  ],
  [
    1654297200000,
    1.495
  ],
  [
    1654383600000,
    1.525
  ],
  [
    1654470000000,
    1.493
  ],
  [
    1654556400000,
    1.526
  ],
  [
    1654642800000,
    1.542
  ],
  [
    1654729200000,
    1.533
  ],
  [
    1654815600000,
    1.535
  ],
  [
    1654902000000,
    1.53
  ],
  [
    1654988400000,
    1.534
  ],
  [
    1655074800000,
    1.525
  ],
  [
    1655161200000,
    1.522
  ],
  [
    1655247600000,
    1.497
  ],
  [
    1655334000000,
    1.453
  ],
  [
    1655420400000,
    1.463
  ],
  [
    1655506800000,
    1.475
  ],
  [
    1655593200000,
    1.481
  ],
  [
    1655679600000,
    1.469
  ],
  [
    1655766000000,
    1.372
  ],
  [
    1655852400000,
    1.359
  ],
  [
    1655938800000,
    1.381
  ],
  [
    1656025200000,
    1.339
  ],
  [
    1656111600000,
    1.336
  ],
  [
    1656198000000,
    1.353
  ],
  [
    1656284400000,
    1.322
  ],
  [
    1656370800000,
    1.296
  ],
  [
    1656457200000,
    1.287
  ],
  [
    1656543600000,
    1.385
  ],
  [
    1656630000000,
    1.385
  ],
  [
    1656716400000,
    1.412
  ],
  [
    1656802800000,
    1.412
  ],
  [
    1656889200000,
    1.405
  ],
  [
    1656975600000,
    1.417
  ],
  [
    1657062000000,
    1.335
  ],
  [
    1657148400000,
    1.324
  ],
  [
    1657234800000,
    1.419
  ],
  [
    1657321200000,
    1.447
  ],
  [
    1657407600000,
    1.454
  ],
  [
    1657494000000,
    1.439
  ],
  [
    1657580400000,
    1.412
  ],
  [
    1657666800000,
    1.441
  ],
  [
    1657753200000,
    1.446
  ],
  [
    1657839600000,
    1.452
  ],
  [
    1657926000000,
    1.479
  ],
  [
    1658012400000,
    1.47
  ],
  [
    1658098800000,
    1.481
  ],
  [
    1658185200000,
    1.496
  ],
  [
    1658271600000,
    1.52
  ],
  [
    1658358000000,
    1.515
  ],
  [
    1658444400000,
    1.511
  ],
  [
    1658530800000,
    1.503
  ],
  [
    1658617200000,
    1.527
  ],
  [
    1658703600000,
    1.537
  ],
  [
    1658790000000,
    1.529
  ],
  [
    1658876400000,
    1.548
  ],
  [
    1658962800000,
    1.567
  ],
  [
    1659049200000,
    1.56
  ],
  [
    1659135600000,
    1.488
  ],
  [
    1659222000000,
    1.519
  ],
  [
    1659308400000,
    1.542
  ],
  [
    1659394800000,
    1.538
  ],
  [
    1659481200000,
    1.543
  ],
  [
    1659567600000,
    1.551
  ],
  [
    1659654000000,
    1.56
  ],
  [
    1659740400000,
    1.56
  ],
  [
    1659826800000,
    1.56
  ],
  [
    1659913200000,
    1.571
  ],
  [
    1659999600000,
    1.542
  ],
  [
    1660086000000,
    1.582
  ],
  [
    1660172400000,
    1.62
  ],
  [
    1660258800000,
    1.617
  ],
  [
    1660345200000,
    1.618
  ],
  [
    1660431600000,
    1.612
  ],
  [
    1660518000000,
    1.608
  ],
  [
    1660604400000,
    1.609
  ],
  [
    1660690800000,
    1.584
  ],
  [
    1660777200000,
    1.592
  ],
  [
    1660863600000,
    1.611
  ],
  [
    1660950000000,
    1.618
  ],
  [
    1661036400000,
    1.629
  ],
  [
    1661122800000,
    1.678
  ],
  [
    1661209200000,
    1.674
  ],
  [
    1661295600000,
    1.618
  ],
  [
    1661382000000,
    1.679
  ],
  [
    1661468400000,
    1.718
  ],
  [
    1661554800000,
    1.759
  ],
  [
    1661641200000,
    1.813
  ],
  [
    1661727600000,
    1.812
  ],
  [
    1661814000000,
    1.786
  ],
  [
    1661900400000,
    1.788
  ],
  [
    1661986800000,
    1.757
  ],
  [
    1662073200000,
    1.695
  ],
  [
    1662159600000,
    1.816
  ],
  [
    1662246000000,
    1.869
  ],
  [
    1662332400000,
    1.91
  ],
  [
    1662418800000,
    1.948
  ],
  [
    1662505200000,
    2.125
  ],
  [
    1662591600000,
    2.083
  ],
  [
    1662678000000,
    2.089
  ],
  [
    1662764400000,
    2.163
  ],
  [
    1662850800000,
    2.161
  ],
  [
    1662937200000,
    2.16
  ],
  [
    1663023600000,
    2.223
  ],
  [
    1663110000000,
    2.288
  ],
  [
    1663196400000,
    2.311
  ],
  [
    1663282800000,
    2.312
  ],
  [
    1663369200000,
    2.201
  ],
  [
    1663455600000,
    2.24
  ],
  [
    1663542000000,
    2.198
  ],
  [
    1663628400000,
    2.193
  ],
  [
    1663714800000,
    2.066
  ],
  [
    1663801200000,
    2.029
  ],
  [
    1663887600000,
    1.953
  ],
  [
    1663974000000,
    1.942
  ],
  [
    1664060400000,
    1.921
  ],
  [
    1664146800000,
    1.885
  ],
  [
    1664233200000,
    1.908
  ],
  [
    1664319600000,
    1.909
  ],
  [
    1664406000000,
    1.91
  ],
  [
    1664492400000,
    1.935
  ],
  [
    1664578800000,
    1.936
  ],
  [
    1664665200000,
    1.93
  ],
  [
    1664751600000,
    1.972
  ],
  [
    1664838000000,
    1.996
  ],
  [
    1664924400000,
    1.928
  ],
  [
    1665010800000,
    1.862
  ],
  [
    1665097200000,
    1.907
  ],
  [
    1665183600000,
    1.907
  ],
  [
    1665270000000,
    1.92
  ],
  [
    1665356400000,
    1.896
  ],
  [
    1665442800000,
    1.897
  ],
  [
    1665529200000,
    1.82
  ],
  [
    1665615600000,
    1.85
  ],
  [
    1665702000000,
    1.86
  ],
  [
    1665788400000,
    1.899
  ],
  [
    1665874800000,
    1.948
  ],
  [
    1665961200000,
    1.953
  ],
  [
    1666047600000,
    1.927
  ],
  [
    1666134000000,
    1.923
  ],
  [
    1666220400000,
    1.882
  ],
  [
    1666306800000,
    1.88
  ],
  [
    1666393200000,
    1.732
  ],
  [
    1666479600000,
    1.791
  ],
  [
    1666566000000,
    1.824
  ],
  [
    1666652400000,
    1.845
  ],
  [
    1666738800000,
    1.75
  ],
  [
    1666825200000,
    1.749
  ],
  [
    1666911600000,
    1.683
  ],
  [
    1666998000000,
    1.732
  ],
  [
    1667084400000,
    1.725
  ],
  [
    1667174400000,
    1.694
  ],
  [
    1667260800000,
    1.692
  ],
  [
    1667347200000,
    1.737
  ],
  [
    1667433600000,
    1.743
  ],
  [
    1667520000000,
    1.84
  ],
  [
    1667606400000,
    1.84
  ],
  [
    1667692800000,
    1.867
  ],
  [
    1667779200000,
    1.87
  ],
  [
    1667865600000,
    1.897
  ],
  [
    1667952000000,
    1.921
  ],
  [
    1668038400000,
    1.926
  ],
  [
    1668124800000,
    1.955
  ],
  [
    1668211200000,
    1.952
  ],
  [
    1668297600000,
    1.941
  ],
  [
    1668384000000,
    1.929
  ],
  [
    1668470400000,
    1.891
  ],
  [
    1668556800000,
    1.93
  ],
  [
    1668643200000,
    1.863
  ],
  [
    1668729600000,
    1.89
  ],
  [
    1668816000000,
    1.808
  ],
  [
    1668902400000,
    1.679
  ],
  [
    1668988800000,
    1.802
  ],
  [
    1669075200000,
    1.752
  ],
  [
    1669161600000,
    1.62
  ],
  [
    1669248000000,
    1.643
  ],
  [
    1669334400000,
    1.671
  ],
  [
    1669420800000,
    1.729
  ],
  [
    1669507200000,
    1.718
  ],
  [
    1669593600000,
    1.679
  ],
  [
    1669680000000,
    1.678
  ],
  [
    1669766400000,
    1.726
  ],
  [
    1669852800000,
    1.736
  ],
  [
    1669939200000,
    1.778
  ],
  [
    1670025600000,
    1.773
  ],
  [
    1670112000000,
    1.807
  ],
  [
    1670198400000,
    1.779
  ],
  [
    1670284800000,
    1.754
  ],
  [
    1670371200000,
    1.806
  ],
  [
    1670457600000,
    1.839
  ],
  [
    1670544000000,
    1.847
  ],
  [
    1670630400000,
    1.829
  ],
  [
    1670716800000,
    1.812
  ],
  [
    1670803200000,
    1.89
  ],
  [
    1670889600000,
    1.823
  ],
  [
    1670976000000,
    1.751
  ],
  [
    1671062400000,
    1.798
  ],
  [
    1671148800000,
    1.771
  ],
  [
    1671235200000,
    1.828
  ],
  [
    1671321600000,
    1.817
  ],
  [
    1671408000000,
    1.798
  ],
  [
    1671494400000,
    1.827
  ],
  [
    1671580800000,
    1.81
  ],
  [
    1671667200000,
    1.778
  ],
  [
    1671753600000,
    1.717
  ],
  [
    1671840000000,
    1.775
  ],
  [
    1671926400000,
    1.751
  ],
  [
    1672012800000,
    1.783
  ],
  [
    1672099200000,
    1.825
  ],
  [
    1672185600000,
    1.854
  ],
  [
    1672272000000,
    1.849
  ],
  [
    1672358400000,
    1.89
  ],
  [
    1672444800000,
    1.914
  ],
  [
    1672531200000,
    1.92
  ],
  [
    1672617600000,
    1.901
  ],
  [
    1672704000000,
    1.869
  ],
  [
    1672790400000,
    1.919
  ],
  [
    1672876800000,
    1.921
  ],
  [
    1672963200000,
    1.973
  ],
  [
    1673049600000,
    1.99
  ],
  [
    1673136000000,
    2.002
  ],
  [
    1673222400000,
    2.047
  ],
  [
    1673308800000,
    2.094
  ],
  [
    1673395200000,
    2.054
  ],
  [
    1673481600000,
    2.109
  ],
  [
    1673568000000,
    2.13
  ],
  [
    1673654400000,
    2.153
  ],
  [
    1673740800000,
    2.213
  ],
  [
    1673827200000,
    2.275
  ],
  [
    1673913600000,
    2.255
  ],
  [
    1674000000000,
    2.243
  ],
  [
    1674086400000,
    2.211
  ],
  [
    1674172800000,
    2.199
  ],
  [
    1674259200000,
    2.224
  ],
  [
    1674345600000,
    2.251
  ],
  [
    1674432000000,
    2.211
  ],
  [
    1674518400000,
    2.254
  ],
  [
    1674604800000,
    2.269
  ],
  [
    1674691200000,
    2.309
  ],
  [
    1674777600000,
    2.327
  ],
  [
    1674864000000,
    2.413
  ],
  [
    1674950400000,
    2.575
  ],
  [
    1675036800000,
    2.578
  ],
  [
    1675123200000,
    2.632
  ],
  [
    1675209600000,
    2.618
  ],
  [
    1675296000000,
    2.581
  ],
  [
    1675382400000,
    2.551
  ],
  [
    1675468800000,
    2.726
  ],
  [
    1675555200000,
    2.72
  ],
  [
    1675641600000,
    2.7
  ],
  [
    1675728000000,
    2.705
  ],
  [
    1675814400000,
    2.67
  ],
  [
    1675900800000,
    2.749
  ],
  [
    1675987200000,
    2.834
  ],
  [
    1676073600000,
    2.743
  ],
  [
    1676160000000,
    2.708
  ],
  [
    1676246400000,
    2.699
  ],
  [
    1676332800000,
    2.606
  ],
  [
    1676419200000,
    2.625
  ],
  [
    1676505600000,
    2.65
  ],
  [
    1676592000000,
    2.62
  ],
  [
    1676678400000,
    2.651
  ],
  [
    1676764800000,
    2.619
  ],
  [
    1676851200000,
    2.643
  ],
  [
    1676937600000,
    2.541
  ],
  [
    1677024000000,
    2.577
  ],
  [
    1677110400000,
    2.649
  ],
  [
    1677196800000,
    2.578
  ],
  [
    1677283200000,
    2.609
  ],
  [
    1677369600000,
    2.538
  ],
  [
    1677456000000,
    2.534
  ],
  [
    1677542400000,
    2.587
  ],
  [
    1677628800000,
    2.642
  ],
  [
    1677715200000,
    2.55
  ],
  [
    1677801600000,
    2.54
  ],
  [
    1677888000000,
    2.633
  ],
  [
    1677974400000,
    2.58
  ],
  [
    1678060800000,
    2.555
  ],
  [
    1678147200000,
    2.603
  ],
  [
    1678233600000,
    2.568
  ],
  [
    1678320000000,
    2.586
  ],
  [
    1678406400000,
    2.681
  ],
  [
    1678492800000,
    2.653
  ],
  [
    1678579200000,
    2.796
  ],
  [
    1678665600000,
    2.841
  ],
  [
    1678752000000,
    2.886
  ],
  [
    1678838400000,
    2.907
  ],
  [
    1678924800000,
    2.858
  ],
  [
    1679011200000,
    2.828
  ],
  [
    1679097600000,
    2.898
  ],
  [
    1679184000000,
    2.829
  ],
  [
    1679270400000,
    2.778
  ],
  [
    1679356800000,
    2.88
  ],
  [
    1679443200000,
    2.824
  ],
  [
    1679529600000,
    2.976
  ],
  [
    1679616000000,
    3.345
  ],
  [
    1679702400000,
    3.645
  ],
  [
    1679788800000,
    3.916
  ],
  [
    1679871600000,
    4.31
  ],
  [
    1679958000000,
    4.62
  ],
  [
    1680044400000,
    4.376
  ],
  [
    1680130800000,
    4.564
  ],
  [
    1680217200000,
    4.681
  ],
  [
    1680303600000,
    4.78
  ],
  [
    1680390000000,
    4.769
  ],
  [
    1680476400000,
    4.812
  ],
  [
    1680562800000,
    4.711
  ],
  [
    1680649200000,
    4.626
  ],
  [
    1680735600000,
    4.641
  ],
  [
    1680822000000,
    4.611
  ],
  [
    1680908400000,
    4.719
  ],
  [
    1680994800000,
    4.67
  ],
  [
    1681081200000,
    4.861
  ],
  [
    1681167600000,
    4.951
  ],
  [
    1681254000000,
    4.949
  ],
  [
    1681340400000,
    4.98
  ],
  [
    1681426800000,
    5.189
  ],
  [
    1681513200000,
    5.543
  ],
  [
    1681599600000,
    5.942
  ],
  [
    1681686000000,
    6.363
  ],
  [
    1681772400000,
    6.639
  ],
  [
    1681858800000,
    6.159
  ],
  [
    1681945200000,
    5.971
  ],
  [
    1682031600000,
    5.954
  ],
  [
    1682118000000,
    5.611
  ],
  [
    1682204400000,
    4.976
  ],
  [
    1682290800000,
    5.076
  ],
  [
    1682377200000,
    4.681
  ],
  [
    1682463600000,
    4.919
  ],
  [
    1682550000000,
    4.967
  ],
  [
    1682636400000,
    5.153
  ],
  [
    1682722800000,
    5.536
  ],
  [
    1682809200000,
    5.366
  ],
  [
    1682895600000,
    5.188
  ],
  [
    1682982000000,
    4.999
  ],
  [
    1683068400000,
    5.156
  ],
  [
    1683154800000,
    5.145
  ],
  [
    1683241200000,
    4.793
  ],
  [
    1683327600000,
    4.802
  ],
  [
    1683414000000,
    4.456
  ],
  [
    1683500400000,
    4.693
  ],
  [
    1683586800000,
    4.576
  ],
  [
    1683673200000,
    4.839
  ],
  [
    1683759600000,
    4.914
  ],
  [
    1683846000000,
    4.878
  ],
  [
    1683932400000,
    4.948
  ],
  [
    1684018800000,
    4.829
  ],
  [
    1684105200000,
    4.885
  ],
  [
    1684191600000,
    4.696
  ],
  [
    1684278000000,
    4.905
  ],
  [
    1684364400000,
    4.981
  ],
  [
    1684450800000,
    5.066
  ],
  [
    1684537200000,
    5.136
  ],
  [
    1684623600000,
    5.013
  ],
  [
    1684710000000,
    4.772
  ],
  [
    1684796400000,
    4.957
  ],
  [
    1684882800000,
    4.893
  ],
  [
    1684969200000,
    4.891
  ],
  [
    1685055600000,
    4.967
  ],
  [
    1685142000000,
    5.011
  ],
  [
    1685228400000,
    5.12
  ],
  [
    1685314800000,
    5.229
  ],
  [
    1685401200000,
    5.107
  ],
  [
    1685487600000,
    5.212
  ],
  [
    1685574000000,
    5.219
  ],
  [
    1685660400000,
    5.209
  ],
  [
    1685746800000,
    5.664
  ],
  [
    1685833200000,
    5.695
  ],
  [
    1685919600000,
    5.701
  ],
  [
    1686006000000,
    5.679
  ],
  [
    1686092400000,
    5.549
  ],
  [
    1686178800000,
    5.79
  ],
  [
    1686265200000,
    5.83
  ],
  [
    1686351600000,
    5.972
  ],
  [
    1686438000000,
    6.083
  ],
  [
    1686524400000,
    6.088
  ],
  [
    1686610800000,
    5.74
  ],
  [
    1686697200000,
    5.9
  ],
  [
    1686783600000,
    5.911
  ],
  [
    1686870000000,
    5.882
  ],
  [
    1686956400000,
    5.989
  ],
  [
    1687042800000,
    5.997
  ],
  [
    1687129200000,
    5.963
  ],
  [
    1687215600000,
    5.777
  ],
  [
    1687302000000,
    5.839
  ],
  [
    1687388400000,
    5.708
  ],
  [
    1687474800000,
    5.281
  ],
  [
    1687561200000,
    5.293
  ],
  [
    1687647600000,
    5.428
  ],
  [
    1687734000000,
    5.477
  ],
  [
    1687820400000,
    5.384
  ],
  [
    1687906800000,
    5.313
  ],
  [
    1687993200000,
    5.166
  ],
  [
    1688079600000,
    4.861
  ],
  [
    1688166000000,
    4.827
  ],
  [
    1688252400000,
    4.564
  ],
  [
    1688338800000,
    4.86
  ],
  [
    1688425200000,
    4.854
  ],
  [
    1688511600000,
    4.632
  ],
  [
    1688598000000,
    4.8
  ],
  [
    1688684400000,
    4.683
  ],
  [
    1688770800000,
    4.803
  ],
  [
    1688857200000,
    4.838
  ],
  [
    1688943600000,
    4.785
  ],
  [
    1689030000000,
    4.713
  ],
  [
    1689116400000,
    4.63
  ],
  [
    1689202800000,
    4.62
  ],
  [
    1689289200000,
    4.909
  ],
  [
    1689375600000,
    5.12
  ],
  [
    1689462000000,
    5.217
  ],
  [
    1689548400000,
    5.421
  ],
  [
    1689634800000,
    5.454
  ],
  [
    1689721200000,
    5.332
  ],
  [
    1689807600000,
    5.311
  ],
  [
    1689894000000,
    5.472
  ],
  [
    1689980400000,
    5.645
  ],
  [
    1690066800000,
    5.596
  ],
  [
    1690153200000,
    5.495
  ],
  [
    1690239600000,
    5.57
  ],
  [
    1690326000000,
    5.506
  ],
  [
    1690412400000,
    5.473
  ],
  [
    1690498800000,
    5.532
  ],
  [
    1690585200000,
    5.673
  ],
  [
    1690671600000,
    5.545
  ],
  [
    1690758000000,
    5.528
  ],
  [
    1690844400000,
    5.614
  ],
  [
    1690930800000,
    5.775
  ],
  [
    1691017200000,
    5.713
  ],
  [
    1691103600000,
    5.67
  ],
  [
    1691190000000,
    5.679
  ],
  [
    1691276400000,
    5.662
  ],
  [
    1691362800000,
    5.635
  ],
  [
    1691449200000,
    5.653
  ],
  [
    1691535600000,
    5.59
  ],
  [
    1691622000000,
    5.449
  ],
  [
    1691708400000,
    5.442
  ],
  [
    1691794800000,
    5.376
  ],
  [
    1691881200000,
    5.536
  ],
  [
    1691967600000,
    5.647
  ],
  [
    1692054000000,
    5.547
  ],
  [
    1692140400000,
    5.563
  ],
  [
    1692226800000,
    5.374
  ],
  [
    1692313200000,
    5.444
  ],
  [
    1692399600000,
    5.592
  ],
  [
    1692486000000,
    5.665
  ],
  [
    1692572400000,
    5.64
  ],
  [
    1692658800000,
    5.675
  ],
  [
    1692745200000,
    5.582
  ],
  [
    1692831600000,
    5.617
  ],
  [
    1692918000000,
    5.735
  ],
  [
    1693004400000,
    5.85
  ],
  [
    1693090800000,
    5.823
  ],
  [
    1693177200000,
    5.835
  ],
  [
    1693263600000,
    5.765
  ],
  [
    1693350000000,
    5.908
  ],
  [
    1693436400000,
    5.829
  ],
  [
    1693522800000,
    5.742
  ],
  [
    1693609200000,
    5.727
  ],
  [
    1693695600000,
    5.803
  ],
  [
    1693782000000,
    5.752
  ],
  [
    1693868400000,
    5.905
  ],
  [
    1693954800000,
    5.893
  ],
  [
    1694041200000,
    5.924
  ],
  [
    1694127600000,
    5.9
  ],
  [
    1694214000000,
    5.843
  ],
  [
    1694300400000,
    5.845
  ],
  [
    1694386800000,
    5.731
  ],
  [
    1694473200000,
    5.763
  ],
  [
    1694559600000,
    5.871
  ],
  [
    1694646000000,
    5.953
  ],
  [
    1694732400000,
    6.005
  ],
  [
    1694818800000,
    5.809
  ],
  [
    1694905200000,
    5.945
  ],
  [
    1694991600000,
    5.98
  ],
  [
    1695078000000,
    5.879
  ],
  [
    1695164400000,
    5.597
  ],
  [
    1695250800000,
    5.608
  ],
  [
    1695337200000,
    5.881
  ],
  [
    1695423600000,
    5.861
  ],
  [
    1695510000000,
    5.804
  ],
  [
    1695596400000,
    5.756
  ],
  [
    1695682800000,
    5.768
  ],
  [
    1695769200000,
    5.687
  ],
  [
    1695855600000,
    6.005
  ],
  [
    1695942000000,
    6.135
  ],
  [
    1696028400000,
    6.392
  ],
  [
    1696114800000,
    6.577
  ],
  [
    1696201200000,
    6.606
  ],
  [
    1696287600000,
    6.492
  ],
  [
    1696374000000,
    6.543
  ],
  [
    1696460400000,
    6.557
  ],
  [
    1696546800000,
    6.6
  ],
  [
    1696633200000,
    6.678
  ],
  [
    1696719600000,
    6.738
  ],
  [
    1696806000000,
    6.738
  ],
  [
    1696892400000,
    6.706
  ],
  [
    1696978800000,
    6.677
  ],
  [
    1697065200000,
    6.744
  ],
  [
    1697151600000,
    6.685
  ],
  [
    1697238000000,
    6.818
  ],
  [
    1697324400000,
    6.814
  ],
  [
    1697410800000,
    6.753
  ],
  [
    1697497200000,
    6.871
  ],
  [
    1697583600000,
    7.142
  ],
  [
    1697670000000,
    7.533
  ],
  [
    1697756400000,
    7.975
  ],
  [
    1697842800000,
    8.175
  ],
  [
    1697929200000,
    7.902
  ],
  [
    1698015600000,
    8.012
  ],
  [
    1698102000000,
    7.727
  ],
  [
    1698188400000,
    7.939
  ],
  [
    1698274800000,
    7.662
  ],
  [
    1698361200000,
    7.641
  ],
  [
    1698447600000,
    7.609
  ],
  [
    1698534000000,
    7.479
  ],
  [
    1698624000000,
    7.152
  ],
  [
    1698710400000,
    7.205
  ],
  [
    1698796800000,
    7.184
  ],
  [
    1698883200000,
    7.079
  ],
  [
    1698969600000,
    7.177
  ],
  [
    1699056000000,
    7.26
  ],
  [
    1699142400000,
    7.243
  ],
  [
    1699228800000,
    7.237
  ],
  [
    1699315200000,
    7.132
  ],
  [
    1699401600000,
    6.852
  ],
  [
    1699488000000,
    6.983
  ],
  [
    1699574400000,
    7.177
  ],
  [
    1699660800000,
    7.004
  ],
  [
    1699747200000,
    7.145
  ],
  [
    1699833600000,
    7.089
  ],
  [
    1699920000000,
    6.938
  ],
  [
    1700006400000,
    6.706
  ],
  [
    1700092800000,
    6.263
  ],
  [
    1700179200000,
    6.372
  ],
  [
    1700265600000,
    6.47
  ],
  [
    1700352000000,
    6.154
  ],
  [
    1700438400000,
    6.086
  ],
  [
    1700524800000,
    6.153
  ],
  [
    1700611200000,
    5.826
  ],
  [
    1700697600000,
    6.022
  ],
  [
    1700784000000,
    6.038
  ],
  [
    1700870400000,
    6.148
  ],
  [
    1700956800000,
    6.156
  ],
  [
    1701043200000,
    6.159
  ],
  [
    1701129600000,
    6.214
  ],
  [
    1701216000000,
    6.451
  ],
  [
    1701302400000,
    6.651
  ],
  [
    1701388800000,
    6.755
  ],
  [
    1701475200000,
    6.712
  ],
  [
    1701561600000,
    6.73
  ],
  [
    1701648000000,
    6.708
  ],
  [
    1701734400000,
    6.63
  ],
  [
    1701820800000,
    6.703
  ],
  [
    1701907200000,
    6.648
  ],
  [
    1701993600000,
    6.404
  ],
  [
    1702080000000,
    6.44
  ],
  [
    1702166400000,
    6.354
  ],
  [
    1702252800000,
    6.436
  ],
  [
    1702339200000,
    6.475
  ],
  [
    1702425600000,
    6.683
  ],
  [
    1702512000000,
    6.637
  ],
  [
    1702598400000,
    6.527
  ],
  [
    1702684800000,
    6.457
  ],
  [
    1702771200000,
    6.269
  ],
  [
    1702857600000,
    6.281
  ],
  [
    1702944000000,
    6.318
  ],
  [
    1703030400000,
    6.178
  ],
  [
    1703116800000,
    6.104
  ],
  [
    1703203200000,
    5.948
  ],
  [
    1703289600000,
    6.108
  ],
  [
    1703376000000,
    6.058
  ],
  [
    1703462400000,
    6.442
  ],
  [
    1703548800000,
    6.233
  ],
  [
    1703635200000,
    6.065
  ],
  [
    1703721600000,
    5.921
  ],
  [
    1703808000000,
    6.187
  ],
  [
    1703894400000,
    6.164
  ],
  [
    1703980800000,
    6.153
  ],
  [
    1704067200000,
    5.993
  ],
  [
    1704153600000,
    5.987
  ],
  [
    1704240000000,
    6.117
  ],
  [
    1704326400000,
    5.846
  ],
  [
    1704412800000,
    6.003
  ],
  [
    1704499200000,
    6.132
  ],
  [
    1704585600000,
    6.17
  ],
  [
    1704672000000,
    6.047
  ],
  [
    1704758400000,
    6.155
  ],
  [
    1704844800000,
    6.093
  ],
  [
    1704931200000,
    6.008
  ],
  [
    1705017600000,
    6.096
  ],
  [
    1705104000000,
    6.006
  ],
  [
    1705190400000,
    5.977
  ],
  [
    1705276800000,
    6.046
  ],
  [
    1705363200000,
    6.038
  ],
  [
    1705449600000,
    5.861
  ],
  [
    1705536000000,
    5.753
  ],
  [
    1705622400000,
    5.906
  ],
  [
    1705708800000,
    5.85
  ],
  [
    1705795200000,
    5.688
  ],
  [
    1705881600000,
    5.438
  ],
  [
    1705968000000,
    5.348
  ],
  [
    1706054400000,
    5.327
  ],
  [
    1706140800000,
    5.389
  ],
  [
    1706227200000,
    5.403
  ],
  [
    1706313600000,
    5.325
  ],
  [
    1706400000000,
    5.373
  ],
  [
    1706486400000,
    5.592
  ],
  [
    1706572800000,
    5.596
  ],
  [
    1706659200000,
    5.489
  ],
  [
    1706745600000,
    5.497
  ],
  [
    1706832000000,
    5.476
  ],
  [
    1706918400000,
    5.516
  ],
  [
    1707004800000,
    5.597
  ],
  [
    1707091200000,
    5.705
  ],
  [
    1707177600000,
    5.443
  ],
  [
    1707264000000,
    5.182
  ],
  [
    1707350400000,
    5.074
  ],
  [
    1707436800000,
    5.004
  ],
  [
    1707523200000,
    5.155
  ],
  [
    1707609600000,
    5.061
  ],
  [
    1707696000000,
    4.739
  ],
  [
    1707782400000,
    5.008
  ],
  [
    1707868800000,
    4.974
  ],
  [
    1707955200000,
    4.99
  ],
  [
    1708041600000,
    5.057
  ],
  [
    1708128000000,
    4.981
  ],
  [
    1708214400000,
    4.936
  ],
  [
    1708300800000,
    5.064
  ],
  [
    1708387200000,
    4.925
  ],
  [
    1708473600000,
    4.953
  ],
  [
    1708560000000,
    4.793
  ],
  [
    1708646400000,
    4.613
  ],
  [
    1708732800000,
    4.546
  ],
  [
    1708819200000,
    4.779
  ],
  [
    1708905600000,
    4.772
  ],
  [
    1708992000000,
    5.033
  ],
  [
    1709078400000,
    4.925
  ],
  [
    1709164800000,
    4.992
  ],
  [
    1709251200000,
    5.086
  ],
  [
    1709337600000,
    4.959
  ],
  [
    1709424000000,
    4.943
  ],
  [
    1709510400000,
    5.079
  ],
  [
    1709596800000,
    5.163
  ],
  [
    1709683200000,
    5.272
  ],
  [
    1709769600000,
    5.414
  ],
  [
    1709856000000,
    5.434
  ],
  [
    1709942400000,
    5.316
  ],
  [
    1710028800000,
    5.11
  ],
  [
    1710115200000,
    5.109
  ],
  [
    1710201600000,
    5.16
  ],
  [
    1710288000000,
    5.159
  ],
  [
    1710374400000,
    4.759
  ],
  [
    1710460800000,
    4.702
  ],
  [
    1710547200000,
    4.683
  ],
  [
    1710633600000,
    4.695
  ],
  [
    1710720000000,
    4.507
  ],
  [
    1710806400000,
    4.845
  ],
  [
    1710892800000,
    4.865
  ],
  [
    1710979200000,
    4.774
  ],
  [
    1711065600000,
    5.059
  ],
  [
    1711152000000,
    5.084
  ],
  [
    1711238400000,
    4.99
  ],
  [
    1711324800000,
    5.027
  ],
  [
    1711411200000,
    5.067
  ],
  [
    1711497600000,
    5.122
  ],
  [
    1711584000000,
    5.148
  ],
  [
    1711670400000,
    5.346
  ],
  [
    1711756800000,
    5.09
  ],
  [
    1711843200000,
    5.211
  ],
  [
    1711926000000,
    5.147
  ],
  [
    1712012400000,
    5.171
  ],
  [
    1712098800000,
    5.225
  ],
  [
    1712185200000,
    5.232
  ],
  [
    1712271600000,
    5.195
  ],
  [
    1712358000000,
    5.263
  ],
  [
    1712444400000,
    5.426
  ],
  [
    1712530800000,
    5.648
  ],
  [
    1712617200000,
    5.592
  ],
  [
    1712703600000,
    5.605
  ],
  [
    1712790000000,
    5.598
  ],
  [
    1712876400000,
    5.593
  ],
  [
    1712962800000,
    5.664
  ],
  [
    1713049200000,
    5.62
  ],
  [
    1713135600000,
    5.69
  ],
  [
    1713222000000,
    5.687
  ],
  [
    1713308400000,
    5.649
  ],
  [
    1713394800000,
    5.631
  ],
  [
    1713481200000,
    5.602
  ],
  [
    1713567600000,
    5.901
  ],
  [
    1713654000000,
    5.819
  ],
  [
    1713740400000,
    5.751
  ],
  [
    1713826800000,
    5.741
  ],
  [
    1713913200000,
    5.81
  ],
  [
    1713999600000,
    5.863
  ],
  [
    1714086000000,
    5.57
  ],
  [
    1714172400000,
    5.573
  ],
  [
    1714258800000,
    5.713
  ],
  [
    1714345200000,
    5.618
  ],
  [
    1714431600000,
    5.754
  ],
  [
    1714518000000,
    5.721
  ],
  [
    1714604400000,
    5.722
  ],
  [
    1714690800000,
    5.657
  ],
  [
    1714777200000,
    5.674
  ],
  [
    1714863600000,
    5.875
  ],
  [
    1714950000000,
    5.806
  ],
  [
    1715036400000,
    5.835
  ],
  [
    1715122800000,
    5.698
  ],
  [
    1715209200000,
    5.915
  ],
  [
    1715295600000,
    5.964
  ],
  [
    1715382000000,
    5.867
  ],
  [
    1715468400000,
    5.97
  ],
  [
    1715554800000,
    5.954
  ],
  [
    1715641200000,
    6.081
  ],
  [
    1715727600000,
    5.959
  ],
  [
    1715814000000,
    5.973
  ],
  [
    1715900400000,
    5.974
  ],
  [
    1715986800000,
    5.958
  ],
  [
    1716073200000,
    5.88
  ],
  [
    1716159600000,
    6.042
  ],
  [
    1716246000000,
    6.032
  ],
  [
    1716332400000,
    5.813
  ],
  [
    1716418800000,
    5.649
  ],
  [
    1716505200000,
    5.587
  ],
  [
    1716591600000,
    5.958
  ],
  [
    1716678000000,
    5.763
  ],
  [
    1716764400000,
    5.91
  ],
  [
    1716850800000,
    5.936
  ],
  [
    1716937200000,
    6.061
  ],
  [
    1717023600000,
    6.161
  ],
  [
    1717110000000,
    6.11
  ],
  [
    1717196400000,
    6.071
  ],
  [
    1717282800000,
    6.2
  ],
  [
    1717369200000,
    6.042
  ],
  [
    1717455600000,
    6.093
  ],
  [
    1717542000000,
    6.198
  ],
  [
    1717628400000,
    6.257
  ],
  [
    1717714800000,
    6.221
  ],
  [
    1717801200000,
    6.258
  ],
  [
    1717887600000,
    6.236
  ],
  [
    1717974000000,
    6.225
  ],
  [
    1718060400000,
    6.019
  ],
  [
    1718146800000,
    5.982
  ],
  [
    1718233200000,
    5.995
  ],
  [
    1718319600000,
    5.758
  ],
  [
    1718406000000,
    6.022
  ],
  [
    1718492400000,
    5.758
  ],
  [
    1718578800000,
    5.684
  ],
  [
    1718665200000,
    5.652
  ],
  [
    1718751600000,
    5.41
  ],
  [
    1718838000000,
    5.806
  ],
  [
    1718924400000,
    5.73
  ],
  [
    1719010800000,
    5.759
  ],
  [
    1719097200000,
    5.899
  ],
  [
    1719183600000,
    5.905
  ],
  [
    1719270000000,
    5.712
  ],
  [
    1719356400000,
    5.61
  ],
  [
    1719442800000,
    5.68
  ],
  [
    1719529200000,
    5.489
  ],
  [
    1719615600000,
    5.619
  ],
  [
    1719702000000,
    5.654
  ],
  [
    1719788400000,
    5.642
  ],
  [
    1719874800000,
    5.633
  ],
  [
    1719961200000,
    5.658
  ],
  [
    1720047600000,
    5.745
  ],
  [
    1720134000000,
    5.738
  ],
  [
    1720220400000,
    5.833
  ],
  [
    1720306800000,
    5.733
  ],
  [
    1720393200000,
    5.869
  ],
  [
    1720479600000,
    5.739
  ],
  [
    1720566000000,
    5.524
  ],
  [
    1720652400000,
    5.509
  ],
  [
    1720738800000,
    5.76
  ],
  [
    1720825200000,
    5.932
  ],
  [
    1720911600000,
    6.003
  ],
  [
    1720998000000,
    5.919
  ],
  [
    1721084400000,
    5.905
  ],
  [
    1721170800000,
    5.89
  ],
  [
    1721257200000,
    5.94
  ],
  [
    1721343600000,
    5.947
  ],
  [
    1721430000000,
    5.951
  ],
  [
    1721516400000,
    6.065
  ],
  [
    1721602800000,
    6.142
  ],
  [
    1721689200000,
    6.127
  ],
  [
    1721775600000,
    6.058
  ],
  [
    1721862000000,
    6.103
  ],
  [
    1721948400000,
    6.048
  ],
  [
    1722034800000,
    6.117
  ],
  [
    1722121200000,
    6.161
  ],
  [
    1722207600000,
    6.129
  ],
  [
    1722294000000,
    6.095
  ],
  [
    1722380400000,
    6.015
  ],
  [
    1722466800000,
    6.096
  ],
  [
    1722553200000,
    6.167
  ],
  [
    1722639600000,
    6.272
  ],
  [
    1722726000000,
    6.328
  ],
  [
    1722812400000,
    6.584
  ],
  [
    1722898800000,
    6.696
  ],
  [
    1722985200000,
    6.721
  ],
  [
    1723071600000,
    6.771
  ],
  [
    1723158000000,
    6.806
  ],
  [
    1723244400000,
    6.98
  ],
  [
    1723330800000,
    7.152
  ],
  [
    1723417200000,
    7.232
  ],
  [
    1723503600000,
    6.982
  ],
  [
    1723554000000,
    6.72
  ],
  [
    1723557600000,
    6.198
  ],
  [
    1723561200000,
    6.874
  ],
  [
    1723564800000,
    7.11
  ],
  [
    1723568400000,
    7.145
  ],
  [
    1723572000000,
    7.133
  ],
  [
    1723575600000,
    7.1
  ],
  [
    1723579200000,
    7.08
  ],
  [
    1723582800000,
    7.19
  ],
  [
    1723586400000,
    7.33
  ],
  [
    1723590000000,
    7.38
  ],
  [
    1723593600000,
    7.13
  ],
  [
    1723597200000,
    7.31
  ],
  [
    1723600800000,
    7.095
  ],
  [
    1723604400000,
    7.36
  ],
  [
    1723608000000,
    7.353
  ],
  [
    1723611600000,
    7.32
  ],
  [
    1723615200000,
    7.115
  ],
  [
    1723618800000,
    6.974
  ],
  [
    1723622400000,
    7.048
  ],
  [
    1723626000000,
    7.045
  ],
  [
    1723629600000,
    6.979
  ],
  [
    1723633200000,
    6.979
  ],
  [
    1723636800000,
    6.976
  ],
  [
    1723640400000,
    6.887
  ],
  [
    1723644000000,
    6.789
  ],
  [
    1723647600000,
    6.756
  ],
  [
    1723651200000,
    6.8
  ],
  [
    1723654800000,
    6.844
  ],
  [
    1723658400000,
    7.119
  ],
  [
    1723662000000,
    7.32
  ],
  [
    1723665600000,
    7.394
  ],
  [
    1723669200000,
    7.4
  ],
  [
    1723672800000,
    7.41
  ],
  [
    1723676400000,
    7.285
  ],
  [
    1723680000000,
    7.42
  ],
  [
    1723683600000,
    7.42
  ],
  [
    1723687200000,
    7.41
  ],
  [
    1723690800000,
    7.41
  ],
  [
    1723694400000,
    7.332
  ],
  [
    1723698000000,
    7.285
  ],
  [
    1723701600000,
    7.297
  ],
  [
    1723705200000,
    7.331
  ],
  [
    1723708800000,
    7.366
  ],
  [
    1723712400000,
    7.319
  ],
  [
    1723716000000,
    7.319
  ],
  [
    1723719600000,
    7.285
  ],
  [
    1723723200000,
    7.36
  ],
  [
    1723726800000,
    7.285
  ],
  [
    1723730400000,
    7.399
  ],
  [
    1723734000000,
    7.42
  ],
  [
    1723737600000,
    7.4
  ],
  [
    1723741200000,
    7.405
  ],
  [
    1723744800000,
    7.293
  ],
  [
    1723748400000,
    7.42
  ],
  [
    1723752000000,
    7.29
  ],
  [
    1723755600000,
    7.39
  ],
  [
    1723759200000,
    7.287
  ],
  [
    1723762800000,
    7.39
  ],
  [
    1723766400000,
    7.39
  ],
  [
    1723770000000,
    7.36
  ],
  [
    1723773600000,
    7.4
  ],
  [
    1723777200000,
    7.4
  ],
  [
    1723780800000,
    7.369
  ],
  [
    1723784400000,
    7.389
  ],
  [
    1723788000000,
    7.389
  ],
  [
    1723791600000,
    7.39
  ],
  [
    1723795200000,
    7.389
  ],
  [
    1723798800000,
    7.389
  ],
  [
    1723802400000,
    7.294
  ],
  [
    1723806000000,
    7.367
  ],
  [
    1723809600000,
    7.279
  ],
  [
    1723813200000,
    7.235
  ],
  [
    1723816800000,
    6.64
  ],
  [
    1723820400000,
    7.115
  ],
  [
    1723824000000,
    7.246
  ],
  [
    1723827600000,
    7.192
  ],
  [
    1723831200000,
    6.524
  ],
  [
    1723834800000,
    7.204
  ],
  [
    1723838400000,
    7.27
  ],
  [
    1723842000000,
    7.3
  ],
  [
    1723845600000,
    7.292
  ],
  [
    1723849200000,
    7.3
  ],
  [
    1723852800000,
    7.275
  ],
  [
    1723856400000,
    7.39
  ],
  [
    1723860000000,
    7.42
  ],
  [
    1723863600000,
    7.425
  ],
  [
    1723867200000,
    7.43
  ],
  [
    1723870800000,
    7.43
  ],
  [
    1723874400000,
    7.429
  ],
  [
    1723878000000,
    7.309
  ],
  [
    1723881600000,
    7.319
  ],
  [
    1723885200000,
    7.437
  ],
  [
    1723888800000,
    7.424
  ],
  [
    1723892400000,
    7.347
  ],
  [
    1723896000000,
    7.391
  ],
  [
    1723899600000,
    7.09
  ],
  [
    1723903200000,
    7.437
  ],
  [
    1723906800000,
    7.43
  ],
  [
    1723910400000,
    7.089
  ],
  [
    1723914000000,
    7.303
  ],
  [
    1723917600000,
    7.373
  ],
  [
    1723924800000,
    7.413
  ],
  [
    1723928400000,
    7.416
  ],
  [
    1723932000000,
    7.412
  ],
  [
    1723935600000,
    7.227
  ],
  [
    1723939200000,
    7.43
  ],
  [
    1723942800000,
    7.47
  ],
  [
    1723946400000,
    7.43
  ],
  [
    1723950000000,
    7.49
  ],
  [
    1723953600000,
    7.482
  ],
  [
    1723957200000,
    7.32
  ],
  [
    1723960800000,
    7.45
  ],
  [
    1723964400000,
    7.092
  ],
  [
    1723968000000,
    7.391
  ],
  [
    1723971600000,
    7.472
  ],
  [
    1723975200000,
    7.467
  ],
  [
    1723978800000,
    7.093
  ],
  [
    1723982400000,
    7.248
  ],
  [
    1723986000000,
    7.197
  ],
  [
    1723989600000,
    7.27
  ],
  [
    1723993200000,
    6.64
  ],
  [
    1723996800000,
    7.17
  ],
  [
    1724000400000,
    7.413
  ],
  [
    1724004000000,
    7.468
  ],
  [
    1724007600000,
    7.457
  ],
  [
    1724011200000,
    7.13
  ],
  [
    1724014800000,
    7.137
  ],
  [
    1724018400000,
    7.318
  ],
  [
    1724022000000,
    7.2
  ],
  [
    1724025600000,
    7.15
  ],
  [
    1724029200000,
    7.15
  ],
  [
    1724032800000,
    7.388
  ],
  [
    1724036400000,
    6.97
  ],
  [
    1724040000000,
    6.7
  ],
  [
    1724043600000,
    6.826
  ],
  [
    1724047200000,
    6.681
  ],
  [
    1724050800000,
    6.64
  ],
  [
    1724054400000,
    6.603
  ],
  [
    1724058000000,
    6.674
  ],
  [
    1724061600000,
    6.59
  ],
  [
    1724065200000,
    6.694
  ],
  [
    1724068800000,
    6.654
  ],
  [
    1724072400000,
    6.537
  ],
  [
    1724076000000,
    6.59
  ],
  [
    1724079600000,
    6.612
  ],
  [
    1724083200000,
    6.559
  ],
  [
    1724086800000,
    6.61
  ],
  [
    1724090400000,
    6.83
  ],
  [
    1724094000000,
    7.136
  ],
  [
    1724097600000,
    7.401
  ],
  [
    1724101200000,
    7.38
  ],
  [
    1724104800000,
    7.39
  ],
  [
    1724108400000,
    7.27
  ],
  [
    1724112000000,
    7.27
  ],
  [
    1724115600000,
    7.03
  ],
  [
    1724119200000,
    7.36
  ],
  [
    1724122800000,
    7.03
  ],
  [
    1724126400000,
    6.758
  ],
  [
    1724130000000,
    6.794
  ],
  [
    1724133600000,
    6.681
  ],
  [
    1724137200000,
    6.616
  ],
  [
    1724140800000,
    6.615
  ],
  [
    1724144400000,
    6.688
  ],
  [
    1724148000000,
    6.798
  ],
  [
    1724151600000,
    6.979
  ],
  [
    1724155200000,
    6.61
  ],
  [
    1724158800000,
    6.731
  ],
  [
    1724162400000,
    7.274
  ],
  [
    1724166000000,
    7.235
  ],
  [
    1724169600000,
    6.965
  ],
  [
    1724173200000,
    6.993
  ],
  [
    1724176800000,
    6.982
  ],
  [
    1724180400000,
    6.62
  ],
  [
    1724184000000,
    6.649
  ],
  [
    1724187600000,
    6.67
  ],
  [
    1724191200000,
    6.85
  ],
  [
    1724194800000,
    6.67
  ],
  [
    1724198400000,
    7.01
  ],
  [
    1724202000000,
    7.15
  ],
  [
    1724205600000,
    7.22
  ],
  [
    1724209200000,
    7.1
  ],
  [
    1724212800000,
    7.139
  ],
  [
    1724216400000,
    7.14
  ],
  [
    1724220000000,
    7.07
  ],
  [
    1724223600000,
    7.08
  ],
  [
    1724227200000,
    7.068
  ],
  [
    1724230800000,
    6.61
  ],
  [
    1724234400000,
    6.804
  ],
  [
    1724238000000,
    6.593
  ],
  [
    1724241600000,
    6.6
  ],
  [
    1724245200000,
    6.582
  ],
  [
    1724248800000,
    6.504
  ],
  [
    1724252400000,
    6.72
  ],
  [
    1724256000000,
    6.142
  ],
  [
    1724259600000,
    6.637
  ],
  [
    1724263200000,
    6.703
  ],
  [
    1724266800000,
    6.79
  ],
  [
    1724270400000,
    6.79
  ],
  [
    1724274000000,
    6.52
  ],
  [
    1724277600000,
    6.789
  ],
  [
    1724281200000,
    6.79
  ],
  [
    1724284800000,
    6.79
  ],
  [
    1724288400000,
    6.79
  ],
  [
    1724292000000,
    6.789
  ],
  [
    1724295600000,
    6.87
  ],
  [
    1724299200000,
    6.889
  ],
  [
    1724302800000,
    6.231
  ],
  [
    1724306400000,
    6.955
  ],
  [
    1724310000000,
    6.715
  ],
  [
    1724313600000,
    6.966
  ],
  [
    1724317200000,
    6.782
  ],
  [
    1724324400000,
    6.442
  ],
  [
    1724328000000,
    5.981
  ],
  [
    1724331600000,
    6.232
  ],
  [
    1724335200000,
    6.234
  ],
  [
    1724338800000,
    6.494
  ],
  [
    1724342400000,
    6.456
  ],
  [
    1724346000000,
    6.659
  ],
  [
    1724349600000,
    6.57
  ],
  [
    1724353200000,
    6.511
  ],
  [
    1724356800000,
    6.64
  ],
  [
    1724360400000,
    6.798
  ],
  [
    1724364000000,
    6.885
  ],
  [
    1724367600000,
    6.9
  ],
  [
    1724371200000,
    6.9
  ],
  [
    1724374800000,
    6.9
  ],
  [
    1724378400000,
    6.905
  ],
  [
    1724382000000,
    6.899
  ],
  [
    1724385600000,
    6.9
  ],
  [
    1724389200000,
    6.9
  ],
  [
    1724392800000,
    6.9
  ],
  [
    1724396400000,
    6.278
  ],
  [
    1724400000000,
    6.01
  ],
  [
    1724403600000,
    6.282
  ],
  [
    1724407200000,
    6.606
  ],
  [
    1724410800000,
    6.898
  ],
  [
    1724414400000,
    6.673
  ],
  [
    1724418000000,
    6.67
  ],
  [
    1724421600000,
    6.73
  ],
  [
    1724425200000,
    6.726
  ],
  [
    1724428800000,
    6.73
  ],
  [
    1724432400000,
    6.695
  ],
  [
    1724436000000,
    6.74
  ],
  [
    1724439600000,
    6.74
  ],
  [
    1724443200000,
    6.762
  ],
  [
    1724446800000,
    6.84
  ],
  [
    1724450400000,
    6.835
  ],
  [
    1724454000000,
    6.86
  ],
  [
    1724457600000,
    6.87
  ],
  [
    1724461200000,
    6.182
  ],
  [
    1724464800000,
    6.9
  ],
  [
    1724468400000,
    6.798
  ],
  [
    1724472000000,
    6.9
  ],
  [
    1724475600000,
    6.9
  ],
  [
    1724479200000,
    6.858
  ],
  [
    1724482800000,
    6.86
  ],
  [
    1724486400000,
    6.86
  ],
  [
    1724490000000,
    6.87
  ],
  [
    1724493600000,
    6.9
  ],
  [
    1724497200000,
    6.899
  ],
  [
    1724500800000,
    6.551
  ],
  [
    1724504400000,
    6.718
  ],
  [
    1724508000000,
    6.325
  ],
  [
    1724511600000,
    6.5
  ],
  [
    1724515200000,
    6.662
  ],
  [
    1724518800000,
    6.851
  ],
  [
    1724522400000,
    6.863
  ],
  [
    1724526000000,
    6.85
  ],
  [
    1724529600000,
    6.9
  ],
  [
    1724533200000,
    6.9
  ],
  [
    1724536800000,
    6.768
  ],
  [
    1724540400000,
    6.666
  ],
  [
    1724544000000,
    6.906
  ],
  [
    1724547600000,
    6.909
  ],
  [
    1724551200000,
    6.91
  ],
  [
    1724554800000,
    6.91
  ],
  [
    1724558400000,
    6.91
  ],
  [
    1724562000000,
    6.84
  ],
  [
    1724565600000,
    6.917
  ],
  [
    1724569200000,
    6.919
  ],
  [
    1724572800000,
    6.878
  ],
  [
    1724576400000,
    6.662
  ],
  [
    1724580000000,
    6.6
  ],
  [
    1724583600000,
    6.612
  ],
  [
    1724587200000,
    6.612
  ],
  [
    1724590800000,
    6.665
  ],
  [
    1724594400000,
    6.919
  ],
  [
    1724598000000,
    6.92
  ],
  [
    1724601600000,
    6.865
  ],
  [
    1724605200000,
    6.93
  ],
  [
    1724608800000,
    6.93
  ],
  [
    1724612400000,
    6.929
  ],
  [
    1724616000000,
    6.914
  ],
  [
    1724619600000,
    6.9
  ],
  [
    1724623200000,
    6.91
  ],
  [
    1724626800000,
    6.91
  ],
  [
    1724630400000,
    6.91
  ],
  [
    1724634000000,
    6.91
  ],
  [
    1724637600000,
    6.91
  ],
  [
    1724641200000,
    6.92
  ],
  [
    1724644800000,
    6.93
  ],
  [
    1724648400000,
    6.93
  ],
  [
    1724652000000,
    6.904
  ],
  [
    1724655600000,
    6.278
  ],
  [
    1724659200000,
    6.22
  ],
  [
    1724662800000,
    6.607
  ],
  [
    1724666400000,
    6.29
  ],
  [
    1724670000000,
    6.862
  ],
  [
    1724673600000,
    6.44
  ],
  [
    1724677200000,
    6.37
  ],
  [
    1724680800000,
    6.666
  ],
  [
    1724684400000,
    6.78
  ],
  [
    1724688000000,
    6.88
  ],
  [
    1724691600000,
    6.562
  ],
  [
    1724695200000,
    6.87
  ],
  [
    1724698800000,
    6.83
  ],
  [
    1724702400000,
    6.872
  ],
  [
    1724706000000,
    6.902
  ],
  [
    1724709600000,
    6.35
  ],
  [
    1724713200000,
    6.92
  ],
  [
    1724716800000,
    6.92
  ],
  [
    1724720400000,
    6.5
  ],
  [
    1724724000000,
    6.93
  ],
  [
    1724727600000,
    6.93
  ],
  [
    1724731200000,
    6.93
  ],
  [
    1724734800000,
    6.93
  ],
  [
    1724738400000,
    6.929
  ],
  [
    1724742000000,
    6.911
  ],
  [
    1724745600000,
    6.917
  ],
  [
    1724749200000,
    6.919
  ],
  [
    1724752800000,
    6.914
  ],
  [
    1724756400000,
    6.879
  ],
  [
    1724760000000,
    6.879
  ],
  [
    1724763600000,
    6.89
  ],
  [
    1724767200000,
    6.901
  ],
  [
    1724770800000,
    6.87
  ],
  [
    1724774400000,
    6.686
  ],
  [
    1724778000000,
    6.684
  ],
  [
    1724781600000,
    6.87
  ],
  [
    1724785200000,
    6.928
  ],
  [
    1724788800000,
    6.5
  ],
  [
    1724792400000,
    6.923
  ],
  [
    1724796000000,
    6.51
  ],
  [
    1724799600000,
    6.932
  ],
  [
    1724803200000,
    6.96
  ],
  [
    1724806800000,
    6.98
  ],
  [
    1724810400000,
    6.98
  ],
  [
    1724814000000,
    6.98
  ],
  [
    1724817600000,
    6.978
  ],
  [
    1724821200000,
    6.98
  ],
  [
    1724824800000,
    6.97
  ],
  [
    1724828400000,
    6.975
  ],
  [
    1724832000000,
    6.97
  ],
  [
    1724839200000,
    6.6
  ],
  [
    1724842800000,
    6.76
  ],
  [
    1724846400000,
    6.9
  ],
  [
    1724850000000,
    6.61
  ],
  [
    1724853600000,
    6.864
  ],
  [
    1724857200000,
    6.894
  ],
  [
    1724860800000,
    6.693
  ],
  [
    1724864400000,
    6.74
  ],
  [
    1724868000000,
    6.887
  ],
  [
    1724871600000,
    6.844
  ],
  [
    1724875200000,
    6.83
  ],
  [
    1724878800000,
    6.822
  ],
  [
    1724882400000,
    6.85
  ],
  [
    1724886000000,
    6.876
  ],
  [
    1724889600000,
    6.7
  ],
  [
    1724893200000,
    6.87
  ],
  [
    1724896800000,
    6.89
  ],
  [
    1724900400000,
    6.913
  ],
  [
    1724904000000,
    6.948
  ],
  [
    1724907600000,
    6.72
  ],
  [
    1724911200000,
    6.922
  ],
  [
    1724914800000,
    6.941
  ],
  [
    1724918400000,
    6.71
  ],
  [
    1724922000000,
    6.72
  ],
  [
    1724925600000,
    6.952
  ],
  [
    1724929200000,
    6.72
  ],
  [
    1724932800000,
    6.828
  ],
  [
    1724936400000,
    6.72
  ],
  [
    1724940000000,
    6.948
  ],
  [
    1724943600000,
    6.933
  ],
  [
    1724947200000,
    6.97
  ],
  [
    1724950800000,
    6.982
  ],
  [
    1724954400000,
    6.933
  ],
  [
    1724958000000,
    6.925
  ],
  [
    1724961600000,
    6.97
  ],
  [
    1724965200000,
    6.97
  ],
  [
    1724968800000,
    6.99
  ],
  [
    1724972400000,
    6.978
  ],
  [
    1724976000000,
    6.988
  ],
  [
    1724979600000,
    6.985
  ],
  [
    1724983200000,
    6.99
  ],
  [
    1724986800000,
    6.98
  ],
  [
    1724990400000,
    6.95
  ],
  [
    1724997600000,
    6.866
  ],
  [
    1725001200000,
    6.745
  ],
  [
    1725004800000,
    6.986
  ],
  [
    1725008400000,
    6.789
  ],
  [
    1725012000000,
    6.855
  ],
  [
    1725015600000,
    6.891
  ],
  [
    1725019200000,
    6.97
  ],
  [
    1725022800000,
    6.862
  ],
  [
    1725026400000,
    6.9
  ],
  [
    1725030000000,
    6.75
  ],
  [
    1725033600000,
    6.763
  ],
  [
    1725037200000,
    6.958
  ],
  [
    1725040800000,
    6.99
  ],
  [
    1725044400000,
    6.99
  ],
  [
    1725048000000,
    7.034
  ],
  [
    1725051600000,
    7.04
  ],
  [
    1725055200000,
    7.03
  ],
  [
    1725058800000,
    7.04
  ],
  [
    1725062400000,
    7.04
  ],
  [
    1725066000000,
    7.04
  ],
  [
    1725069600000,
    6.935
  ],
  [
    1725073200000,
    7.03
  ],
  [
    1725076800000,
    7.04
  ],
  [
    1725080400000,
    7.04
  ],
  [
    1725084000000,
    7.045
  ],
  [
    1725087600000,
    7.056
  ],
  [
    1725091200000,
    7.05
  ],
  [
    1725094800000,
    6.923
  ],
  [
    1725098400000,
    7.037
  ],
  [
    1725102000000,
    7.001
  ],
  [
    1725105600000,
    6.983
  ],
  [
    1725109200000,
    7.048
  ],
  [
    1725112800000,
    7.04
  ],
  [
    1725116400000,
    7.078
  ],
  [
    1725120000000,
    7.09
  ],
  [
    1725123600000,
    7.189
  ],
  [
    1725127200000,
    7.21
  ],
  [
    1725130800000,
    7.153
  ],
  [
    1725134400000,
    7.14
  ],
  [
    1725138000000,
    7.145
  ],
  [
    1725141600000,
    7.15
  ],
  [
    1725145200000,
    7.18
  ],
  [
    1725148800000,
    7.19
  ],
  [
    1725152400000,
    7.21
  ],
  [
    1725156000000,
    7.24
  ],
  [
    1725159600000,
    7.22
  ],
  [
    1725163200000,
    7.22
  ],
  [
    1725166800000,
    7.24
  ],
  [
    1725170400000,
    7.237
  ],
  [
    1725174000000,
    7.133
  ],
  [
    1725177600000,
    7.18
  ],
  [
    1725181200000,
    7.113
  ],
  [
    1725184800000,
    7.041
  ],
  [
    1725188400000,
    6.98
  ],
  [
    1725192000000,
    6.831
  ],
  [
    1725195600000,
    7.013
  ],
  [
    1725199200000,
    7.01
  ],
  [
    1725202800000,
    6.945
  ],
  [
    1725206400000,
    6.968
  ],
  [
    1725210000000,
    6.981
  ],
  [
    1725213600000,
    6.985
  ],
  [
    1725217200000,
    7.012
  ],
  [
    1725220800000,
    7.016
  ],
  [
    1725224400000,
    7.01
  ],
  [
    1725228000000,
    7.001
  ],
  [
    1725231600000,
    7.02
  ],
  [
    1725235200000,
    7.035
  ],
  [
    1725238800000,
    7.183
  ],
  [
    1725242400000,
    7.178
  ],
  [
    1725246000000,
    7.184
  ],
  [
    1725249600000,
    7.19
  ],
  [
    1725253200000,
    7.2
  ],
  [
    1725256800000,
    7.2
  ],
  [
    1725260400000,
    7.01
  ],
  [
    1725264000000,
    7.2
  ],
  [
    1725267600000,
    7.156
  ],
  [
    1725271200000,
    7.171
  ],
  [
    1725274800000,
    7.027
  ],
  [
    1725278400000,
    7.08
  ],
  [
    1725282000000,
    6.969
  ],
  [
    1725285600000,
    6.963
  ],
  [
    1725289200000,
    6.958
  ],
  [
    1725292800000,
    6.983
  ],
  [
    1725296400000,
    6.98
  ],
  [
    1725300000000,
    6.98
  ],
  [
    1725303600000,
    6.81
  ],
  [
    1725307200000,
    6.98
  ],
  [
    1725310800000,
    6.9
  ],
  [
    1725314400000,
    6.9
  ],
  [
    1725318000000,
    6.95
  ],
  [
    1725321600000,
    6.98
  ],
  [
    1725325200000,
    6.98
  ],
  [
    1725328800000,
    6.98
  ],
  [
    1725332400000,
    6.98
  ],
  [
    1725336000000,
    6.981
  ],
  [
    1725339600000,
    6.97
  ],
  [
    1725343200000,
    6.98
  ],
  [
    1725346800000,
    6.97
  ],
  [
    1725350400000,
    6.98
  ],
  [
    1725354000000,
    6.983
  ],
  [
    1725357600000,
    6.983
  ],
  [
    1725361200000,
    6.63
  ],
  [
    1725364800000,
    6.864
  ],
  [
    1725368400000,
    6.896
  ],
  [
    1725372000000,
    6.72
  ],
  [
    1725375600000,
    6.912
  ],
  [
    1725379200000,
    6.835
  ],
  [
    1725382800000,
    6.84
  ],
  [
    1725386400000,
    6.98
  ],
  [
    1725390000000,
    6.984
  ],
  [
    1725393600000,
    6.99
  ],
  [
    1725397200000,
    6.988
  ],
  [
    1725400800000,
    7.01
  ],
  [
    1725404400000,
    7.01
  ],
  [
    1725408000000,
    6.98
  ],
  [
    1725411600000,
    6.73
  ],
  [
    1725415200000,
    7.02
  ],
  [
    1725418800000,
    7.09
  ],
  [
    1725422400000,
    7.05
  ],
  [
    1725426000000,
    6.75
  ],
  [
    1725429600000,
    7.01
  ],
  [
    1725433200000,
    6.88
  ],
  [
    1725436800000,
    6.75
  ],
  [
    1725440400000,
    6.75
  ],
  [
    1725444000000,
    7.02
  ],
  [
    1725447600000,
    6.76
  ],
  [
    1725451200000,
    6.8
  ],
  [
    1725454800000,
    6.833
  ],
  [
    1725458400000,
    6.874
  ],
  [
    1725462000000,
    6.76
  ],
  [
    1725465600000,
    6.76
  ],
  [
    1725469200000,
    6.76
  ],
  [
    1725472800000,
    6.76
  ],
  [
    1725476400000,
    6.72
  ],
  [
    1725480000000,
    6.751
  ],
  [
    1725483600000,
    6.75
  ],
  [
    1725487200000,
    6.79
  ],
  [
    1725490800000,
    6.81
  ],
  [
    1725494400000,
    6.85
  ],
  [
    1725498000000,
    6.9
  ],
  [
    1725501600000,
    6.94
  ],
  [
    1725505200000,
    6.94
  ],
  [
    1725508800000,
    6.94
  ],
  [
    1725512400000,
    7.018
  ],
  [
    1725516000000,
    7.05
  ],
  [
    1725519600000,
    7.072
  ],
  [
    1725523200000,
    6.873
  ],
  [
    1725526800000,
    6.76
  ],
  [
    1725530400000,
    6.762
  ],
  [
    1725534000000,
    6.917
  ],
  [
    1725537600000,
    7.033
  ],
  [
    1725541200000,
    7.102
  ],
  [
    1725544800000,
    6.762
  ],
  [
    1725548400000,
    7.115
  ],
  [
    1725552000000,
    6.779
  ],
  [
    1725555600000,
    6.988
  ],
  [
    1725559200000,
    7.053
  ],
  [
    1725562800000,
    7.194
  ],
  [
    1725566400000,
    7.202
  ],
  [
    1725570000000,
    7.25
  ],
  [
    1725573600000,
    7.26
  ],
  [
    1725577200000,
    7.28
  ],
  [
    1725580800000,
    7.3
  ],
  [
    1725584400000,
    7.32
  ],
  [
    1725588000000,
    7.36
  ],
  [
    1725591600000,
    7.36
  ],
  [
    1725595200000,
    7.054
  ],
  [
    1725598800000,
    7.303
  ],
  [
    1725602400000,
    7.272
  ],
  [
    1725606000000,
    7.25
  ],
  [
    1725609600000,
    7.25
  ],
  [
    1725613200000,
    6.828
  ],
  [
    1725616800000,
    6.828
  ],
  [
    1725620400000,
    6.717
  ],
  [
    1725624000000,
    6.828
  ],
  [
    1725627600000,
    6.828
  ],
  [
    1725631200000,
    7.028
  ],
  [
    1725634800000,
    7.183
  ],
  [
    1725638400000,
    7.248
  ],
  [
    1725642000000,
    7.205
  ],
  [
    1725645600000,
    7.2
  ],
  [
    1725649200000,
    7.193
  ],
  [
    1725652800000,
    7.207
  ],
  [
    1725656400000,
    7.212
  ],
  [
    1725660000000,
    7.2
  ],
  [
    1725663600000,
    7.233
  ],
  [
    1725667200000,
    7.25
  ],
  [
    1725670800000,
    7.25
  ],
  [
    1725674400000,
    7.28
  ],
  [
    1725678000000,
    7.28
  ],
  [
    1725681600000,
    7.29
  ],
  [
    1725685200000,
    7.3
  ],
  [
    1725688800000,
    7.309
  ],
  [
    1725692400000,
    7.034
  ],
  [
    1725696000000,
    7.305
  ],
  [
    1725699600000,
    7.25
  ],
  [
    1725703200000,
    7.199
  ],
  [
    1725706800000,
    6.855
  ],
  [
    1725710400000,
    6.789
  ],
  [
    1725714000000,
    7.007
  ],
  [
    1725717600000,
    7.07
  ],
  [
    1725721200000,
    7.09
  ],
  [
    1725724800000,
    7.012
  ],
  [
    1725728400000,
    6.99
  ],
  [
    1725732000000,
    7.09
  ],
  [
    1725735600000,
    7.323
  ],
  [
    1725739200000,
    7.324
  ],
  [
    1725742800000,
    7.33
  ],
  [
    1725746400000,
    7.25
  ],
  [
    1725750000000,
    7.35
  ],
  [
    1725753600000,
    7.01
  ],
  [
    1725757200000,
    7.36
  ],
  [
    1725760800000,
    7.318
  ],
  [
    1725764400000,
    7.321
  ],
  [
    1725768000000,
    7.333
  ],
  [
    1725771600000,
    7.347
  ],
  [
    1725775200000,
    7.36
  ],
  [
    1725778800000,
    7.012
  ],
  [
    1725782400000,
    6.96
  ],
  [
    1725786000000,
    7.256
  ],
  [
    1725793200000,
    7.25
  ],
  [
    1725796800000,
    6.84
  ],
  [
    1725800400000,
    7.193
  ],
  [
    1725804000000,
    7.186
  ],
  [
    1725807600000,
    7.215
  ],
  [
    1725811200000,
    7.24
  ],
  [
    1725814800000,
    7.289
  ],
  [
    1725818400000,
    7.3
  ],
  [
    1725822000000,
    7.3
  ],
  [
    1725825600000,
    7.314
  ],
  [
    1725829200000,
    7.31
  ],
  [
    1725832800000,
    7.354
  ],
  [
    1725836400000,
    7.36
  ],
  [
    1725840000000,
    7.361
  ],
  [
    1725843600000,
    7.37
  ],
  [
    1725847200000,
    7.37
  ],
  [
    1725850800000,
    7.37
  ],
  [
    1725854400000,
    7.37
  ],
  [
    1725858000000,
    7.37
  ],
  [
    1725861600000,
    7.361
  ],
  [
    1725865200000,
    7.37
  ],
  [
    1725868800000,
    7.349
  ],
  [
    1725872400000,
    7.37
  ],
  [
    1725876000000,
    7.37
  ],
  [
    1725879600000,
    7.37
  ],
  [
    1725883200000,
    7.37
  ],
  [
    1725886800000,
    7.346
  ],
  [
    1725890400000,
    7.344
  ],
  [
    1725894000000,
    7.362
  ],
  [
    1725897600000,
    7.362
  ],
  [
    1725901200000,
    7.344
  ],
  [
    1725904800000,
    7.37
  ],
  [
    1725908400000,
    7.323
  ],
  [
    1725912000000,
    7.308
  ],
  [
    1725915600000,
    7.245
  ],
  [
    1725919200000,
    7.31
  ],
  [
    1725922800000,
    7.327
  ],
  [
    1725926400000,
    7.31
  ],
  [
    1725930000000,
    7.32
  ],
  [
    1725933600000,
    7.31
  ],
  [
    1725937200000,
    7.33
  ],
  [
    1725940800000,
    7.37
  ],
  [
    1725944400000,
    7.37
  ],
  [
    1725948000000,
    7.36
  ],
  [
    1725951600000,
    7.37
  ],
  [
    1725955200000,
    7.37
  ],
  [
    1725958800000,
    7.38
  ],
  [
    1725962400000,
    7.4
  ],
  [
    1725966000000,
    7.367
  ],
  [
    1725969600000,
    7.38
  ],
  [
    1725973200000,
    7.4
  ],
  [
    1725976800000,
    7.42
  ],
  [
    1725980400000,
    7.44
  ],
  [
    1725984000000,
    7.435
  ],
  [
    1725987600000,
    7.47
  ],
  [
    1725991200000,
    7.488
  ],
  [
    1725994800000,
    7.445
  ],
  [
    1725998400000,
    7.39
  ],
  [
    1726002000000,
    7.38
  ],
  [
    1726005600000,
    7.44
  ],
  [
    1726009200000,
    7.44
  ],
  [
    1726012800000,
    7.3
  ],
  [
    1726016400000,
    7.45
  ],
  [
    1726020000000,
    7.458
  ],
  [
    1726023600000,
    7.45
  ],
  [
    1726027200000,
    7.13
  ],
  [
    1726030800000,
    7.447
  ],
  [
    1726034400000,
    7.422
  ],
  [
    1726038000000,
    7.017
  ],
  [
    1726041600000,
    7.421
  ],
  [
    1726045200000,
    7.402
  ],
  [
    1726048800000,
    7.22
  ],
  [
    1726052400000,
    7.223
  ],
  [
    1726056000000,
    7.421
  ],
  [
    1726059600000,
    7.336
  ],
  [
    1726063200000,
    6.73
  ],
  [
    1726066800000,
    7.429
  ],
  [
    1726070400000,
    7.44
  ],
  [
    1726074000000,
    7.455
  ],
  [
    1726077600000,
    7.021
  ],
  [
    1726081200000,
    7.21
  ],
  [
    1726084800000,
    7.22
  ],
  [
    1726088400000,
    7.436
  ],
  [
    1726092000000,
    7.283
  ],
  [
    1726095600000,
    7.28
  ],
  [
    1726099200000,
    7.43
  ],
  [
    1726102800000,
    7.44
  ],
  [
    1726106400000,
    7.44
  ],
  [
    1726110000000,
    7.44
  ],
  [
    1726113600000,
    7.473
  ],
  [
    1726117200000,
    7.508
  ],
  [
    1726120800000,
    7.5
  ],
  [
    1726124400000,
    7.5
  ],
  [
    1726128000000,
    7.443
  ],
  [
    1726131600000,
    7.444
  ],
  [
    1726135200000,
    7.447
  ],
  [
    1726138800000,
    7.495
  ],
  [
    1726142400000,
    7.532
  ],
  [
    1726146000000,
    7.505
  ],
  [
    1726149600000,
    7.42
  ],
  [
    1726153200000,
    7.509
  ],
  [
    1726156800000,
    7.509
  ],
  [
    1726160400000,
    7.533
  ],
  [
    1726164000000,
    7.542
  ],
  [
    1726167600000,
    7.54
  ],
  [
    1726171200000,
    7.25
  ],
  [
    1726174800000,
    7.535
  ],
  [
    1726178400000,
    7.5
  ],
  [
    1726182000000,
    7.54
  ],
  [
    1726185600000,
    7.21
  ],
  [
    1726189200000,
    7.598
  ],
  [
    1726192800000,
    7.6
  ],
  [
    1726196400000,
    7.6
  ],
  [
    1726200000000,
    7.05
  ],
  [
    1726203600000,
    7.59
  ],
  [
    1726207200000,
    7.04
  ],
  [
    1726210800000,
    7.345
  ],
  [
    1726214400000,
    7.5
  ],
  [
    1726218000000,
    7.517
  ],
  [
    1726221600000,
    7.56
  ],
  [
    1726225200000,
    7.02
  ]
]