[
  [
    1379631600000,
    4.651
  ],
  [
    1379718000000,
    1.089
  ],
  [
    1379804400000,
    0.959
  ],
  [
    1379890800000,
    0.926
  ],
  [
    1379977200000,
    0.911
  ],
  [
    1380063600000,
    0.865
  ],
  [
    1380150000000,
    0.864
  ],
  [
    1380236400000,
    0.778
  ],
  [
    1380322800000,
    0.548
  ],
  [
    1380409200000,
    0.542
  ],
  [
    1380495600000,
    0.536
  ],
  [
    1380582000000,
    0.585
  ],
  [
    1380668400000,
    0.592
  ],
  [
    1380754800000,
    0.619
  ],
  [
    1380841200000,
    0.661
  ],
  [
    1380927600000,
    0.499
  ],
  [
    1381014000000,
    0.458
  ],
  [
    1381100400000,
    0.393
  ],
  [
    1381186800000,
    0.369
  ],
  [
    1381273200000,
    0.463
  ],
  [
    1381359600000,
    0.47
  ],
  [
    1381446000000,
    0.436
  ],
  [
    1381532400000,
    0.42
  ],
  [
    1381618800000,
    0.388
  ],
  [
    1381705200000,
    0.432
  ],
  [
    1381791600000,
    0.372
  ],
  [
    1381878000000,
    0.379
  ],
  [
    1381964400000,
    0.349
  ],
  [
    1382050800000,
    0.383
  ],
  [
    1382137200000,
    0.366
  ],
  [
    1382223600000,
    0.425
  ],
  [
    1382310000000,
    0.34
  ],
  [
    1382396400000,
    0.285
  ],
  [
    1382482800000,
    0.257
  ],
  [
    1382569200000,
    0.292
  ],
  [
    1382655600000,
    0.303
  ],
  [
    1382742000000,
    0.314
  ],
  [
    1382828400000,
    0.302
  ],
  [
    1382918400000,
    0.279
  ],
  [
    1383004800000,
    0.273
  ],
  [
    1383091200000,
    0.25
  ],
  [
    1383177600000,
    0.257
  ],
  [
    1383264000000,
    0.269
  ],
  [
    1383350400000,
    0.238
  ],
  [
    1383436800000,
    0.238
  ],
  [
    1383523200000,
    0.224
  ],
  [
    1383609600000,
    0.253
  ],
  [
    1383696000000,
    0.232
  ],
  [
    1383782400000,
    0.256
  ],
  [
    1383868800000,
    0.272
  ],
  [
    1383955200000,
    0.188
  ],
  [
    1384041600000,
    0.154
  ],
  [
    1384128000000,
    0.152
  ],
  [
    1384214400000,
    0.164
  ],
  [
    1384300800000,
    0.139
  ],
  [
    1384387200000,
    0.118
  ],
  [
    1384473600000,
    0.115
  ],
  [
    1384560000000,
    0.107
  ],
  [
    1384646400000,
    0.105
  ],
  [
    1384732800000,
    0.09
  ],
  [
    1384819200000,
    0.104
  ],
  [
    1384905600000,
    0.103
  ],
  [
    1384992000000,
    0.095
  ],
  [
    1385078400000,
    0.11
  ],
  [
    1385164800000,
    0.079
  ],
  [
    1385251200000,
    0.101
  ],
  [
    1385337600000,
    0.097
  ],
  [
    1385424000000,
    0.09
  ],
  [
    1385510400000,
    0.113
  ],
  [
    1385596800000,
    0.109
  ],
  [
    1385683200000,
    0.092
  ],
  [
    1385769600000,
    0.075
  ],
  [
    1385856000000,
    0.074
  ],
  [
    1385942400000,
    0.091
  ],
  [
    1386028800000,
    0.072
  ],
  [
    1386115200000,
    0.077
  ],
  [
    1386201600000,
    0.067
  ],
  [
    1386288000000,
    0.071
  ],
  [
    1386374400000,
    0.066
  ],
  [
    1386460800000,
    0.073
  ],
  [
    1386547200000,
    0.055
  ],
  [
    1386633600000,
    0.066
  ],
  [
    1386720000000,
    0.054
  ],
  [
    1386806400000,
    0.063
  ],
  [
    1386892800000,
    0.065
  ],
  [
    1386979200000,
    0.07
  ],
  [
    1387065600000,
    0.068
  ],
  [
    1387152000000,
    0.066
  ],
  [
    1387238400000,
    0.063
  ],
  [
    1387324800000,
    0.063
  ],
  [
    1387411200000,
    0.053
  ],
  [
    1387497600000,
    0.053
  ],
  [
    1387584000000,
    0.06
  ],
  [
    1387670400000,
    0.058
  ],
  [
    1387756800000,
    0.061
  ],
  [
    1387843200000,
    0.075
  ],
  [
    1387929600000,
    0.041
  ],
  [
    1388016000000,
    0.054
  ],
  [
    1388102400000,
    0.055
  ],
  [
    1388188800000,
    0.057
  ],
  [
    1388275200000,
    0.057
  ],
  [
    1388361600000,
    0.061
  ],
  [
    1388448000000,
    0.066
  ],
  [
    1388534400000,
    0.058
  ],
  [
    1388620800000,
    0.063
  ],
  [
    1388707200000,
    0.049
  ],
  [
    1388793600000,
    0.057
  ],
  [
    1388880000000,
    0.062
  ],
  [
    1388966400000,
    0.056
  ],
  [
    1389052800000,
    0.058
  ],
  [
    1389139200000,
    0.064
  ],
  [
    1389225600000,
    0.063
  ],
  [
    1389312000000,
    0.062
  ],
  [
    1389398400000,
    0.061
  ],
  [
    1389484800000,
    0.055
  ],
  [
    1389571200000,
    0.058
  ],
  [
    1389657600000,
    0.061
  ],
  [
    1389744000000,
    0.063
  ],
  [
    1389830400000,
    0.057
  ],
  [
    1389916800000,
    0.056
  ],
  [
    1390003200000,
    0.055
  ],
  [
    1390089600000,
    0.054
  ],
  [
    1390176000000,
    0.055
  ],
  [
    1390262400000,
    0.055
  ],
  [
    1390348800000,
    0.058
  ],
  [
    1390435200000,
    0.058
  ],
  [
    1390521600000,
    0.053
  ],
  [
    1390608000000,
    0.046
  ],
  [
    1390694400000,
    0.061
  ],
  [
    1390780800000,
    0.046
  ],
  [
    1390867200000,
    0.039
  ],
  [
    1390953600000,
    0.031
  ],
  [
    1391040000000,
    0.053
  ],
  [
    1391126400000,
    0.043
  ],
  [
    1391212800000,
    0.046
  ],
  [
    1391299200000,
    0.041
  ],
  [
    1391385600000,
    0.043
  ],
  [
    1391472000000,
    0.044
  ],
  [
    1391558400000,
    0.046
  ],
  [
    1391644800000,
    0.038
  ],
  [
    1391731200000,
    0.042
  ],
  [
    1391817600000,
    0.05
  ],
  [
    1391904000000,
    0.038
  ],
  [
    1391990400000,
    0.048
  ],
  [
    1392076800000,
    0.048
  ],
  [
    1392163200000,
    0.046
  ],
  [
    1392249600000,
    0.042
  ],
  [
    1392336000000,
    0.043
  ],
  [
    1392422400000,
    0.043
  ],
  [
    1392508800000,
    0.036
  ],
  [
    1392595200000,
    0.05
  ],
  [
    1392681600000,
    0.044
  ],
  [
    1392768000000,
    0.038
  ],
  [
    1392854400000,
    0.052
  ],
  [
    1392940800000,
    0.042
  ],
  [
    1393027200000,
    0.038
  ],
  [
    1393113600000,
    0.056
  ],
  [
    1393200000000,
    0.038
  ],
  [
    1393286400000,
    0.039
  ],
  [
    1393372800000,
    0.047
  ],
  [
    1393459200000,
    0.058
  ],
  [
    1393545600000,
    0.054
  ],
  [
    1393632000000,
    0.056
  ],
  [
    1393718400000,
    0.054
  ],
  [
    1393804800000,
    0.045
  ],
  [
    1393891200000,
    0.057
  ],
  [
    1393977600000,
    0.048
  ],
  [
    1394064000000,
    0.06
  ],
  [
    1394150400000,
    0.051
  ],
  [
    1394236800000,
    0.036
  ],
  [
    1394323200000,
    0.056
  ],
  [
    1394409600000,
    0.034
  ],
  [
    1394496000000,
    0.045
  ],
  [
    1394582400000,
    0.04
  ],
  [
    1394668800000,
    0.047
  ],
  [
    1394755200000,
    0.059
  ],
  [
    1394841600000,
    0.034
  ],
  [
    1394928000000,
    0.038
  ],
  [
    1395014400000,
    0.046
  ],
  [
    1395100800000,
    0.048
  ],
  [
    1395187200000,
    0.051
  ],
  [
    1395273600000,
    0.049
  ],
  [
    1395360000000,
    0.047
  ],
  [
    1395446400000,
    0.055
  ],
  [
    1395532800000,
    0.058
  ],
  [
    1395619200000,
    0.051
  ],
  [
    1395705600000,
    0.074
  ],
  [
    1395792000000,
    0.058
  ],
  [
    1395878400000,
    0.063
  ],
  [
    1395964800000,
    0.065
  ],
  [
    1396051200000,
    0.068
  ],
  [
    1396137600000,
    0.065
  ],
  [
    1396220400000,
    0.056
  ],
  [
    1396306800000,
    0.08
  ],
  [
    1396393200000,
    0.072
  ],
  [
    1396479600000,
    0.065
  ],
  [
    1396566000000,
    0.069
  ],
  [
    1396652400000,
    0.055
  ],
  [
    1396738800000,
    0.07
  ],
  [
    1396825200000,
    0.074
  ],
  [
    1396911600000,
    0.081
  ],
  [
    1396998000000,
    0.064
  ],
  [
    1397084400000,
    0.071
  ],
  [
    1397170800000,
    0.084
  ],
  [
    1397257200000,
    0.079
  ],
  [
    1397343600000,
    0.073
  ],
  [
    1397430000000,
    0.079
  ],
  [
    1397516400000,
    0.073
  ],
  [
    1397602800000,
    0.074
  ],
  [
    1397689200000,
    0.082
  ],
  [
    1397775600000,
    0.081
  ],
  [
    1397862000000,
    0.086
  ],
  [
    1397948400000,
    0.075
  ],
  [
    1398034800000,
    0.091
  ],
  [
    1398121200000,
    0.085
  ],
  [
    1398207600000,
    0.101
  ],
  [
    1398294000000,
    0.078
  ],
  [
    1398380400000,
    0.081
  ],
  [
    1398466800000,
    0.101
  ],
  [
    1398553200000,
    0.08
  ],
  [
    1398639600000,
    0.096
  ],
  [
    1398726000000,
    0.085
  ],
  [
    1398812400000,
    0.072
  ],
  [
    1398898800000,
    0.077
  ],
  [
    1398985200000,
    0.088
  ],
  [
    1399071600000,
    0.101
  ],
  [
    1399158000000,
    0.063
  ],
  [
    1399244400000,
    0.059
  ],
  [
    1399330800000,
    0.061
  ],
  [
    1399417200000,
    0.076
  ],
  [
    1399503600000,
    0.08
  ],
  [
    1399590000000,
    0.07
  ],
  [
    1399676400000,
    0.063
  ],
  [
    1399762800000,
    0.053
  ],
  [
    1399849200000,
    0.061
  ],
  [
    1399935600000,
    0.069
  ],
  [
    1400022000000,
    0.072
  ],
  [
    1400108400000,
    0.108
  ],
  [
    1400194800000,
    0.143
  ],
  [
    1400281200000,
    0.129
  ],
  [
    1400367600000,
    0.106
  ],
  [
    1400454000000,
    0.07
  ],
  [
    1400540400000,
    0.11
  ],
  [
    1400626800000,
    0.108
  ],
  [
    1400713200000,
    0.114
  ],
  [
    1400799600000,
    0.099
  ],
  [
    1400886000000,
    0.104
  ],
  [
    1400972400000,
    0.097
  ],
  [
    1401058800000,
    0.093
  ],
  [
    1401145200000,
    0.104
  ],
  [
    1401231600000,
    0.081
  ],
  [
    1401318000000,
    0.096
  ],
  [
    1401404400000,
    0.094
  ],
  [
    1401490800000,
    0.076
  ],
  [
    1401577200000,
    0.067
  ],
  [
    1401663600000,
    0.077
  ],
  [
    1401750000000,
    0.087
  ],
  [
    1401836400000,
    0.091
  ],
  [
    1401922800000,
    0.116
  ],
  [
    1402009200000,
    0.076
  ],
  [
    1402095600000,
    0.089
  ],
  [
    1402182000000,
    0.086
  ],
  [
    1402268400000,
    0.08
  ],
  [
    1402354800000,
    0.081
  ],
  [
    1402441200000,
    0.08
  ],
  [
    1402527600000,
    0.074
  ],
  [
    1402614000000,
    0.069
  ],
  [
    1402700400000,
    0.089
  ],
  [
    1402786800000,
    0.089
  ],
  [
    1402873200000,
    0.085
  ],
  [
    1402959600000,
    0.076
  ],
  [
    1403046000000,
    0.088
  ],
  [
    1403132400000,
    0.068
  ],
  [
    1403218800000,
    0.069
  ],
  [
    1403305200000,
    0.065
  ],
  [
    1403391600000,
    0.058
  ],
  [
    1403478000000,
    0.05
  ],
  [
    1403564400000,
    0.053
  ],
  [
    1403650800000,
    0.063
  ],
  [
    1403737200000,
    0.061
  ],
  [
    1403823600000,
    0.071
  ],
  [
    1403910000000,
    0.08
  ],
  [
    1403996400000,
    0.075
  ],
  [
    1404082800000,
    0.06
  ],
  [
    1404169200000,
    0.067
  ],
  [
    1404255600000,
    0.061
  ],
  [
    1404342000000,
    0.074
  ],
  [
    1404428400000,
    0.077
  ],
  [
    1404514800000,
    0.084
  ],
  [
    1404601200000,
    0.084
  ],
  [
    1404687600000,
    0.098
  ],
  [
    1404774000000,
    0.063
  ],
  [
    1404860400000,
    0.075
  ],
  [
    1404946800000,
    0.094
  ],
  [
    1405033200000,
    0.085
  ],
  [
    1405119600000,
    0.079
  ],
  [
    1405206000000,
    0.086
  ],
  [
    1405292400000,
    0.1
  ],
  [
    1405378800000,
    0.127
  ],
  [
    1405465200000,
    0.153
  ],
  [
    1405551600000,
    0.176
  ],
  [
    1405638000000,
    0.143
  ],
  [
    1405724400000,
    0.11
  ],
  [
    1405810800000,
    0.134
  ],
  [
    1405897200000,
    0.134
  ],
  [
    1405983600000,
    0.102
  ],
  [
    1406070000000,
    0.165
  ],
  [
    1406156400000,
    0.124
  ],
  [
    1406242800000,
    0.451
  ],
  [
    1406329200000,
    0.135
  ],
  [
    1406415600000,
    0.107
  ],
  [
    1406502000000,
    0.124
  ],
  [
    1406588400000,
    0.114
  ],
  [
    1406674800000,
    0.126
  ],
  [
    1406761200000,
    0.131
  ],
  [
    1406847600000,
    0.141
  ],
  [
    1406934000000,
    0.125
  ],
  [
    1407020400000,
    0.146
  ],
  [
    1407106800000,
    0.144
  ],
  [
    1407193200000,
    0.1
  ],
  [
    1407279600000,
    0.109
  ],
  [
    1407366000000,
    0.132
  ],
  [
    1407452400000,
    0.116
  ],
  [
    1407538800000,
    0.133
  ],
  [
    1407625200000,
    0.111
  ],
  [
    1407711600000,
    0.118
  ],
  [
    1407798000000,
    0.079
  ],
  [
    1407884400000,
    0.098
  ],
  [
    1407970800000,
    0.11
  ],
  [
    1408057200000,
    0.139
  ],
  [
    1408143600000,
    0.091
  ],
  [
    1408230000000,
    0.063
  ],
  [
    1408316400000,
    0.062
  ],
  [
    1408402800000,
    0.086
  ],
  [
    1408489200000,
    0.099
  ],
  [
    1408575600000,
    0.105
  ],
  [
    1408662000000,
    0.111
  ],
  [
    1408748400000,
    0.115
  ],
  [
    1408834800000,
    0.113
  ],
  [
    1408921200000,
    0.098
  ],
  [
    1409007600000,
    0.098
  ],
  [
    1409094000000,
    0.099
  ],
  [
    1409180400000,
    0.119
  ],
  [
    1409266800000,
    0.106
  ],
  [
    1409353200000,
    0.127
  ],
  [
    1409439600000,
    0.104
  ],
  [
    1409526000000,
    0.117
  ],
  [
    1409612400000,
    0.102
  ],
  [
    1409698800000,
    0.197
  ],
  [
    1409785200000,
    0.262
  ],
  [
    1409871600000,
    0.251
  ],
  [
    1409958000000,
    0.179
  ],
  [
    1410044400000,
    0.187
  ],
  [
    1410130800000,
    0.169
  ],
  [
    1410217200000,
    0.182
  ],
  [
    1410303600000,
    0.17
  ],
  [
    1410390000000,
    0.16
  ],
  [
    1410476400000,
    0.145
  ],
  [
    1410562800000,
    0.157
  ],
  [
    1410649200000,
    0.138
  ],
  [
    1410735600000,
    0.124
  ],
  [
    1410822000000,
    0.142
  ],
  [
    1410908400000,
    0.161
  ],
  [
    1410994800000,
    0.155
  ],
  [
    1411081200000,
    0.187
  ],
  [
    1411167600000,
    0.219
  ],
  [
    1411254000000,
    0.186
  ],
  [
    1411340400000,
    0.185
  ],
  [
    1411426800000,
    0.196
  ],
  [
    1411513200000,
    0.162
  ],
  [
    1411599600000,
    0.138
  ],
  [
    1411686000000,
    0.158
  ],
  [
    1411772400000,
    0.163
  ],
  [
    1411858800000,
    0.179
  ],
  [
    1411945200000,
    0.148
  ],
  [
    1412031600000,
    0.151
  ],
  [
    1412118000000,
    0.152
  ],
  [
    1412204400000,
    0.145
  ],
  [
    1412290800000,
    0.168
  ],
  [
    1412377200000,
    0.148
  ],
  [
    1412463600000,
    0.151
  ],
  [
    1412550000000,
    0.15
  ],
  [
    1412636400000,
    0.153
  ],
  [
    1412722800000,
    0.152
  ],
  [
    1412809200000,
    0.176
  ],
  [
    1412895600000,
    0.148
  ],
  [
    1412982000000,
    0.148
  ],
  [
    1413068400000,
    0.158
  ],
  [
    1413154800000,
    0.115
  ],
  [
    1413241200000,
    0.138
  ],
  [
    1413327600000,
    0.147
  ],
  [
    1413414000000,
    0.165
  ],
  [
    1413500400000,
    0.137
  ],
  [
    1413586800000,
    0.16
  ],
  [
    1413673200000,
    0.142
  ],
  [
    1413759600000,
    0.147
  ],
  [
    1413846000000,
    0.15
  ],
  [
    1413932400000,
    0.144
  ],
  [
    1414018800000,
    0.159
  ],
  [
    1414105200000,
    0.167
  ],
  [
    1414191600000,
    0.179
  ],
  [
    1414278000000,
    0.216
  ],
  [
    1414368000000,
    0.184
  ],
  [
    1414454400000,
    0.177
  ],
  [
    1414540800000,
    0.175
  ],
  [
    1414627200000,
    0.196
  ],
  [
    1414713600000,
    0.15
  ],
  [
    1414800000000,
    0.147
  ],
  [
    1414886400000,
    0.113
  ],
  [
    1414972800000,
    0.127
  ],
  [
    1415059200000,
    0.142
  ],
  [
    1415145600000,
    0.15
  ],
  [
    1415232000000,
    0.177
  ],
  [
    1415318400000,
    0.18
  ],
  [
    1415404800000,
    0.186
  ],
  [
    1415491200000,
    0.166
  ],
  [
    1415577600000,
    0.157
  ],
  [
    1415664000000,
    0.157
  ],
  [
    1415750400000,
    0.113
  ],
  [
    1415836800000,
    0.113
  ],
  [
    1415923200000,
    0.11
  ],
  [
    1416009600000,
    0.112
  ],
  [
    1416096000000,
    0.12
  ],
  [
    1416182400000,
    0.126
  ],
  [
    1416268800000,
    0.143
  ],
  [
    1416355200000,
    0.14
  ],
  [
    1416441600000,
    0.133
  ],
  [
    1416528000000,
    0.092
  ],
  [
    1416614400000,
    0.113
  ],
  [
    1416700800000,
    0.126
  ],
  [
    1416787200000,
    0.101
  ],
  [
    1416873600000,
    0.114
  ],
  [
    1416960000000,
    0.121
  ],
  [
    1417046400000,
    0.137
  ],
  [
    1417132800000,
    0.119
  ],
  [
    1417219200000,
    0.178
  ],
  [
    1417305600000,
    0.096
  ],
  [
    1417392000000,
    0.081
  ],
  [
    1417478400000,
    0.099
  ],
  [
    1417564800000,
    0.108
  ],
  [
    1417651200000,
    0.113
  ],
  [
    1417737600000,
    0.16
  ],
  [
    1417824000000,
    0.3
  ],
  [
    1417910400000,
    0.205
  ],
  [
    1417996800000,
    0.19
  ],
  [
    1418083200000,
    0.184
  ],
  [
    1418169600000,
    0.171
  ],
  [
    1418256000000,
    0.152
  ],
  [
    1418342400000,
    0.144
  ],
  [
    1418428800000,
    0.177
  ],
  [
    1418515200000,
    0.138
  ],
  [
    1418601600000,
    0.12
  ],
  [
    1418688000000,
    0.139
  ],
  [
    1418774400000,
    0.132
  ],
  [
    1418860800000,
    0.173
  ],
  [
    1418947200000,
    0.185
  ],
  [
    1419033600000,
    0.112
  ],
  [
    1419120000000,
    0.108
  ],
  [
    1419206400000,
    0.128
  ],
  [
    1419292800000,
    0.12
  ],
  [
    1419379200000,
    0.108
  ],
  [
    1419465600000,
    0.104
  ],
  [
    1419552000000,
    0.125
  ],
  [
    1419638400000,
    0.134
  ],
  [
    1419724800000,
    0.166
  ],
  [
    1419811200000,
    0.178
  ],
  [
    1419897600000,
    0.169
  ],
  [
    1419984000000,
    0.171
  ],
  [
    1420070400000,
    0.172
  ],
  [
    1420156800000,
    0.185
  ],
  [
    1420243200000,
    0.188
  ],
  [
    1420329600000,
    0.249
  ],
  [
    1420416000000,
    0.212
  ],
  [
    1420502400000,
    0.213
  ],
  [
    1420588800000,
    0.252
  ],
  [
    1420675200000,
    0.245
  ],
  [
    1420761600000,
    0.215
  ],
  [
    1420848000000,
    0.214
  ],
  [
    1420934400000,
    0.166
  ],
  [
    1421020800000,
    0.167
  ],
  [
    1421107200000,
    0.19
  ],
  [
    1421193600000,
    0.202
  ],
  [
    1421280000000,
    0.194
  ],
  [
    1421366400000,
    0.185
  ],
  [
    1421452800000,
    0.172
  ],
  [
    1421539200000,
    0.192
  ],
  [
    1421625600000,
    0.236
  ],
  [
    1421712000000,
    0.213
  ],
  [
    1421798400000,
    0.215
  ],
  [
    1421884800000,
    0.239
  ],
  [
    1421971200000,
    0.194
  ],
  [
    1422057600000,
    0.21
  ],
  [
    1422144000000,
    0.27
  ],
  [
    1422230400000,
    0.261
  ],
  [
    1422316800000,
    0.215
  ],
  [
    1422403200000,
    0.24
  ],
  [
    1422489600000,
    0.196
  ],
  [
    1422576000000,
    0.19
  ],
  [
    1422662400000,
    0.222
  ],
  [
    1422748800000,
    0.218
  ],
  [
    1422835200000,
    0.192
  ],
  [
    1422921600000,
    0.213
  ],
  [
    1423008000000,
    0.212
  ],
  [
    1423094400000,
    0.238
  ],
  [
    1423180800000,
    0.189
  ],
  [
    1423267200000,
    0.225
  ],
  [
    1423353600000,
    0.211
  ],
  [
    1423440000000,
    0.183
  ],
  [
    1423526400000,
    0.22
  ],
  [
    1423612800000,
    0.275
  ],
  [
    1423699200000,
    0.256
  ],
  [
    1423785600000,
    0.205
  ],
  [
    1423872000000,
    0.177
  ],
  [
    1423958400000,
    0.213
  ],
  [
    1424044800000,
    0.212
  ],
  [
    1424131200000,
    0.202
  ],
  [
    1424217600000,
    0.21
  ],
  [
    1424304000000,
    0.225
  ],
  [
    1424390400000,
    0.186
  ],
  [
    1424476800000,
    0.194
  ],
  [
    1424563200000,
    0.239
  ],
  [
    1424649600000,
    0.263
  ],
  [
    1424736000000,
    0.278
  ],
  [
    1424822400000,
    0.263
  ],
  [
    1424908800000,
    0.259
  ],
  [
    1424995200000,
    0.23
  ],
  [
    1425081600000,
    0.211
  ],
  [
    1425168000000,
    0.231
  ],
  [
    1425254400000,
    0.236
  ],
  [
    1425340800000,
    0.259
  ],
  [
    1425427200000,
    0.273
  ],
  [
    1425513600000,
    0.237
  ],
  [
    1425600000000,
    0.296
  ],
  [
    1425686400000,
    0.236
  ],
  [
    1425772800000,
    0.242
  ],
  [
    1425859200000,
    0.271
  ],
  [
    1425945600000,
    3.727
  ],
  [
    1426032000000,
    0.909
  ],
  [
    1426118400000,
    0.646
  ],
  [
    1426204800000,
    0.381
  ],
  [
    1426291200000,
    0.395
  ],
  [
    1426377600000,
    0.375
  ],
  [
    1426464000000,
    0.439
  ],
  [
    1426550400000,
    1.898
  ],
  [
    1426723200000,
    0.915
  ],
  [
    1426809600000,
    0.673
  ],
  [
    1426896000000,
    0.514
  ],
  [
    1426982400000,
    0.383
  ],
  [
    1427068800000,
    0.404
  ],
  [
    1427155200000,
    0.428
  ],
  [
    1427241600000,
    0.464
  ],
  [
    1427328000000,
    0.445
  ],
  [
    1427414400000,
    0.46
  ],
  [
    1427500800000,
    0.479
  ],
  [
    1427587200000,
    0.458
  ],
  [
    1427670000000,
    0.432
  ],
  [
    1427756400000,
    0.455
  ],
  [
    1427842800000,
    0.476
  ],
  [
    1427929200000,
    0.496
  ],
  [
    1428015600000,
    0.541
  ],
  [
    1428102000000,
    0.459
  ],
  [
    1428188400000,
    2.159
  ],
  [
    1428274800000,
    1.292
  ],
  [
    1428361200000,
    0.806
  ],
  [
    1428447600000,
    0.644
  ],
  [
    1428534000000,
    0.504
  ],
  [
    1428620400000,
    0.522
  ],
  [
    1428706800000,
    0.546
  ],
  [
    1428793200000,
    0.501
  ],
  [
    1428879600000,
    0.587
  ],
  [
    1429052400000,
    0.451
  ],
  [
    1429138800000,
    0.396
  ],
  [
    1429225200000,
    0.384
  ],
  [
    1429311600000,
    0.376
  ],
  [
    1429398000000,
    0.432
  ],
  [
    1429484400000,
    0.603
  ],
  [
    1429570800000,
    0.44
  ],
  [
    1429657200000,
    0.551
  ],
  [
    1429743600000,
    0.516
  ],
  [
    1429830000000,
    0.459
  ],
  [
    1429916400000,
    0.526
  ],
  [
    1430002800000,
    0.455
  ],
  [
    1430089200000,
    0.422
  ],
  [
    1430175600000,
    0.384
  ],
  [
    1430262000000,
    0.441
  ],
  [
    1430348400000,
    0.381
  ],
  [
    1430434800000,
    0.357
  ],
  [
    1430521200000,
    0.34
  ],
  [
    1430607600000,
    0.351
  ],
  [
    1430694000000,
    0.352
  ],
  [
    1430780400000,
    0.36
  ],
  [
    1430866800000,
    0.357
  ],
  [
    1430953200000,
    0.41
  ],
  [
    1431039600000,
    0.359
  ],
  [
    1431126000000,
    0.397
  ],
  [
    1431212400000,
    0.291
  ],
  [
    1431298800000,
    0.336
  ],
  [
    1431385200000,
    0.298
  ],
  [
    1431471600000,
    0.287
  ],
  [
    1431558000000,
    0.293
  ],
  [
    1431644400000,
    0.307
  ],
  [
    1431730800000,
    0.259
  ],
  [
    1431817200000,
    0.297
  ],
  [
    1431903600000,
    0.275
  ],
  [
    1431990000000,
    0.304
  ],
  [
    1432076400000,
    4.96
  ],
  [
    1432162800000,
    0.299
  ],
  [
    1432249200000,
    0.172
  ],
  [
    1432335600000,
    0.276
  ],
  [
    1432422000000,
    12.698
  ],
  [
    1432508400000,
    0.243
  ],
  [
    1432594800000,
    0.284
  ],
  [
    1432681200000,
    0.231
  ],
  [
    1432767600000,
    0.247
  ],
  [
    1432854000000,
    0.181
  ],
  [
    1432940400000,
    0.285
  ],
  [
    1433026800000,
    0.361
  ],
  [
    1433113200000,
    0.236
  ],
  [
    1433199600000,
    0.282
  ],
  [
    1433286000000,
    0.276
  ],
  [
    1433372400000,
    0.289
  ],
  [
    1433458800000,
    0.3
  ],
  [
    1433545200000,
    0.229
  ],
  [
    1433631600000,
    0.243
  ],
  [
    1433718000000,
    0.222
  ],
  [
    1433804400000,
    0.253
  ],
  [
    1433890800000,
    0.182
  ],
  [
    1433977200000,
    0.227
  ],
  [
    1434063600000,
    0.231
  ],
  [
    1434150000000,
    0.194
  ],
  [
    1434236400000,
    0.184
  ],
  [
    1434322800000,
    0.167
  ],
  [
    1434409200000,
    0.198
  ],
  [
    1434495600000,
    0.181
  ],
  [
    1434582000000,
    0.165
  ],
  [
    1434668400000,
    0.179
  ],
  [
    1434754800000,
    0.216
  ],
  [
    1434841200000,
    0.222
  ],
  [
    1434927600000,
    0.288
  ],
  [
    1435014000000,
    0.228
  ],
  [
    1435100400000,
    0.353
  ],
  [
    1435186800000,
    0.296
  ],
  [
    1435273200000,
    0.388
  ],
  [
    1435359600000,
    0.233
  ],
  [
    1435446000000,
    0.179
  ],
  [
    1435532400000,
    0.381
  ],
  [
    1435618800000,
    0.33
  ],
  [
    1435705200000,
    0.286
  ],
  [
    1435791600000,
    0.29
  ],
  [
    1435878000000,
    0.301
  ],
  [
    1435964400000,
    0.274
  ],
  [
    1436050800000,
    0.26
  ],
  [
    1436137200000,
    0.284
  ],
  [
    1436223600000,
    0.409
  ],
  [
    1436396400000,
    0.302
  ],
  [
    1436482800000,
    0.434
  ],
  [
    1436655600000,
    0.563
  ],
  [
    1436742000000,
    0.396
  ],
  [
    1436828400000,
    0.411
  ],
  [
    1436914800000,
    14.116
  ],
  [
    1437001200000,
    0.304
  ],
  [
    1437087600000,
    0.761
  ],
  [
    1437174000000,
    0.571
  ],
  [
    1437260400000,
    0.651
  ],
  [
    1437346800000,
    0.536
  ],
  [
    1437433200000,
    0.421
  ],
  [
    1437519600000,
    0.42
  ],
  [
    1437606000000,
    0.4
  ],
  [
    1437692400000,
    0.502
  ],
  [
    1437778800000,
    0.426
  ],
  [
    1437865200000,
    0.409
  ],
  [
    1437951600000,
    0.362
  ],
  [
    1438038000000,
    0.378
  ],
  [
    1438124400000,
    0.32
  ],
  [
    1438210800000,
    0.255
  ],
  [
    1438297200000,
    0.187
  ],
  [
    1438383600000,
    0.276
  ],
  [
    1438470000000,
    0.248
  ],
  [
    1438556400000,
    0.244
  ],
  [
    1438642800000,
    0.285
  ],
  [
    1438729200000,
    0.348
  ],
  [
    1438815600000,
    0.289
  ],
  [
    1438902000000,
    0.279
  ],
  [
    1438988400000,
    0.27
  ],
  [
    1439074800000,
    0.324
  ],
  [
    1439161200000,
    0.339
  ],
  [
    1439334000000,
    0.348
  ],
  [
    1439420400000,
    0.4
  ],
  [
    1439506800000,
    0.28
  ],
  [
    1439593200000,
    0.286
  ],
  [
    1439679600000,
    0.339
  ],
  [
    1439766000000,
    0.271
  ],
  [
    1439852400000,
    0.306
  ],
  [
    1439938800000,
    0.243
  ],
  [
    1440025200000,
    0.211
  ],
  [
    1440111600000,
    0.236
  ],
  [
    1440198000000,
    0.305
  ],
  [
    1440370800000,
    0.25
  ],
  [
    1440457200000,
    0.349
  ],
  [
    1440543600000,
    0.274
  ],
  [
    1440630000000,
    0.257
  ],
  [
    1440716400000,
    0.329
  ],
  [
    1440802800000,
    0.316
  ],
  [
    1440889200000,
    0.428
  ],
  [
    1440975600000,
    0.509
  ],
  [
    1441062000000,
    0.39
  ],
  [
    1441148400000,
    0.403
  ],
  [
    1441234800000,
    0.781
  ],
  [
    1441321200000,
    0.37
  ],
  [
    1441407600000,
    0.425
  ],
  [
    1441580400000,
    0.59
  ],
  [
    1441666800000,
    0.815
  ],
  [
    1441839600000,
    0.655
  ],
  [
    1441926000000,
    0.519
  ],
  [
    1442012400000,
    0.643
  ],
  [
    1442098800000,
    0.721
  ],
  [
    1442185200000,
    0.887
  ],
  [
    1442271600000,
    0.966
  ],
  [
    1442358000000,
    1.075
  ],
  [
    1442444400000,
    0.76
  ],
  [
    1442530800000,
    0.618
  ],
  [
    1442617200000,
    0.525
  ],
  [
    1442703600000,
    0.617
  ],
  [
    1442790000000,
    0.69
  ],
  [
    1442962800000,
    0.74
  ],
  [
    1443049200000,
    0.823
  ],
  [
    1443135600000,
    0.74
  ],
  [
    1443222000000,
    3.132
  ],
  [
    1443308400000,
    2.267
  ],
  [
    1443394800000,
    0.901
  ],
  [
    1443481200000,
    1.066
  ],
  [
    1443567600000,
    0.789
  ],
  [
    1443654000000,
    0.759
  ],
  [
    1443740400000,
    0.707
  ],
  [
    1443826800000,
    0.836
  ],
  [
    1443913200000,
    0.83
  ],
  [
    1443999600000,
    0.794
  ],
  [
    1444086000000,
    0.836
  ],
  [
    1444172400000,
    17.894
  ],
  [
    1444345200000,
    1.2
  ],
  [
    1444431600000,
    2.239
  ],
  [
    1444518000000,
    2.643
  ],
  [
    1444604400000,
    0.854
  ],
  [
    1444690800000,
    0.573
  ],
  [
    1444777200000,
    1.02
  ],
  [
    1444863600000,
    1.137
  ],
  [
    1444950000000,
    0.9
  ],
  [
    1445036400000,
    1.068
  ],
  [
    1445122800000,
    1.928
  ],
  [
    1445295600000,
    1.176
  ],
  [
    1445382000000,
    1.174
  ],
  [
    1445468400000,
    1.015
  ],
  [
    1445554800000,
    0.723
  ],
  [
    1445641200000,
    0.657
  ],
  [
    1445727600000,
    0.681
  ],
  [
    1445817600000,
    0.692
  ],
  [
    1445904000000,
    0.577
  ],
  [
    1445990400000,
    0.6
  ],
  [
    1446076800000,
    0.547
  ],
  [
    1446163200000,
    0.619
  ],
  [
    1446249600000,
    0.401
  ],
  [
    1446336000000,
    1.739
  ],
  [
    1446422400000,
    0.663
  ],
  [
    1446508800000,
    0.72
  ],
  [
    1446595200000,
    0.656
  ],
  [
    1446681600000,
    0.626
  ],
  [
    1446768000000,
    0.687
  ],
  [
    1446854400000,
    0.631
  ],
  [
    1446940800000,
    0.639
  ],
  [
    1447027200000,
    0.633
  ],
  [
    1447113600000,
    0.64
  ],
  [
    1447200000000,
    0.707
  ],
  [
    1447286400000,
    0.558
  ],
  [
    1447372800000,
    0.542
  ],
  [
    1447459200000,
    0.616
  ],
  [
    1447545600000,
    0.671
  ],
  [
    1447632000000,
    0.639
  ],
  [
    1447718400000,
    0.714
  ],
  [
    1447977600000,
    0.741
  ],
  [
    1448064000000,
    4.231
  ],
  [
    1448236800000,
    1.137
  ],
  [
    1448323200000,
    1.091
  ],
  [
    1448409600000,
    1.069
  ],
  [
    1448496000000,
    1.488
  ],
  [
    1448582400000,
    1.511
  ],
  [
    1448668800000,
    1.353
  ],
  [
    1448755200000,
    1.289
  ],
  [
    1449187200000,
    0.619
  ],
  [
    1449273600000,
    0.622
  ],
  [
    1449360000000,
    9.99
  ],
  [
    1449446400000,
    0.56
  ],
  [
    1449532800000,
    0.589
  ],
  [
    1449619200000,
    0.588
  ],
  [
    1449705600000,
    0.597
  ],
  [
    1449964800000,
    0.595
  ],
  [
    1450051200000,
    0.55
  ],
  [
    1450137600000,
    0.608
  ],
  [
    1450224000000,
    0.685
  ],
  [
    1450310400000,
    0.594
  ],
  [
    1450396800000,
    0.607
  ],
  [
    1450483200000,
    0.582
  ],
  [
    1450569600000,
    0.533
  ],
  [
    1450656000000,
    0.588
  ],
  [
    1450742400000,
    0.642
  ],
  [
    1450828800000,
    0.554
  ],
  [
    1450915200000,
    0.518
  ],
  [
    1451088000000,
    0.539
  ],
  [
    1451174400000,
    0.669
  ],
  [
    1451260800000,
    0.455
  ],
  [
    1451347200000,
    0.757
  ],
  [
    1451433600000,
    0.747
  ],
  [
    1451520000000,
    0.754
  ],
  [
    1451692800000,
    0.489
  ],
  [
    1451779200000,
    0.708
  ],
  [
    1451865600000,
    0.481
  ],
  [
    1451952000000,
    0.687
  ],
  [
    1452038400000,
    0.671
  ],
  [
    1452211200000,
    0.579
  ],
  [
    1452297600000,
    0.31
  ],
  [
    1452384000000,
    0.594
  ],
  [
    1452470400000,
    0.631
  ],
  [
    1452556800000,
    0.65
  ],
  [
    1452643200000,
    0.662
  ],
  [
    1452729600000,
    0.62
  ],
  [
    1452902400000,
    0.575
  ],
  [
    1452988800000,
    0.62
  ],
  [
    1453161600000,
    0.71
  ],
  [
    1453334400000,
    0.5
  ],
  [
    1453420800000,
    0.619
  ],
  [
    1453507200000,
    0.43
  ],
  [
    1453593600000,
    0.574
  ],
  [
    1453680000000,
    0.585
  ],
  [
    1453939200000,
    0.37
  ],
  [
    1454025600000,
    2.309
  ],
  [
    1454112000000,
    3.583
  ],
  [
    1454198400000,
    0.86
  ],
  [
    1454284800000,
    0.54
  ],
  [
    1454371200000,
    0.626
  ],
  [
    1454544000000,
    0.49
  ],
  [
    1454630400000,
    0.77
  ],
  [
    1454716800000,
    0.546
  ],
  [
    1454803200000,
    0.581
  ],
  [
    1454889600000,
    3.056
  ],
  [
    1454976000000,
    2.089
  ],
  [
    1455062400000,
    0.73
  ],
  [
    1455235200000,
    0.73
  ],
  [
    1455321600000,
    0.639
  ],
  [
    1455408000000,
    0.708
  ],
  [
    1455580800000,
    0.989
  ],
  [
    1455667200000,
    0.8
  ],
  [
    1455753600000,
    7.303
  ],
  [
    1455926400000,
    0.615
  ],
  [
    1456012800000,
    8.096
  ],
  [
    1456099200000,
    0.548
  ],
  [
    1456185600000,
    0.565
  ],
  [
    1456272000000,
    0.562
  ],
  [
    1456358400000,
    1.365
  ],
  [
    1456444800000,
    0.973
  ],
  [
    1456531200000,
    1.405
  ],
  [
    1456704000000,
    5.471
  ],
  [
    1456963200000,
    1.534
  ],
  [
    1457049600000,
    1.158
  ],
  [
    1457136000000,
    1.034
  ],
  [
    1457222400000,
    0.851
  ],
  [
    1457308800000,
    0.78
  ],
  [
    1457395200000,
    0.823
  ],
  [
    1457481600000,
    3.926
  ],
  [
    1457568000000,
    1.217
  ],
  [
    1457827200000,
    0.924
  ],
  [
    1457913600000,
    1.26
  ],
  [
    1458000000000,
    0.832
  ],
  [
    1458172800000,
    0.476
  ],
  [
    1458259200000,
    2.891
  ],
  [
    1458345600000,
    4.432
  ],
  [
    1458604800000,
    0.637
  ],
  [
    1458777600000,
    0.72
  ],
  [
    1458864000000,
    0.725
  ],
  [
    1458950400000,
    0.621
  ],
  [
    1459036800000,
    0.643
  ],
  [
    1459119600000,
    0.565
  ],
  [
    1459206000000,
    0.765
  ],
  [
    1459378800000,
    0.803
  ],
  [
    1459551600000,
    0.694
  ],
  [
    1459638000000,
    0.725
  ],
  [
    1459810800000,
    0.946
  ],
  [
    1459897200000,
    0.781
  ],
  [
    1459983600000,
    0.774
  ],
  [
    1460156400000,
    0.859
  ],
  [
    1460242800000,
    0.998
  ],
  [
    1460329200000,
    1.214
  ],
  [
    1460415600000,
    1.516
  ],
  [
    1460502000000,
    1.695
  ],
  [
    1460588400000,
    1.963
  ],
  [
    1460674800000,
    2.325
  ],
  [
    1460761200000,
    4.74
  ],
  [
    1460847600000,
    3.965
  ],
  [
    1460934000000,
    2.983
  ],
  [
    1461020400000,
    3.508
  ],
  [
    1461106800000,
    3.395
  ],
  [
    1461193200000,
    2.3
  ],
  [
    1461279600000,
    2.078
  ],
  [
    1461366000000,
    1.322
  ],
  [
    1461538800000,
    1.575
  ],
  [
    1461711600000,
    1.35
  ],
  [
    1461798000000,
    1.498
  ],
  [
    1461884400000,
    1.601
  ],
  [
    1461970800000,
    1.794
  ],
  [
    1462230000000,
    1.704
  ],
  [
    1462316400000,
    3.47
  ],
  [
    1462489200000,
    2.285
  ],
  [
    1462575600000,
    2.252
  ],
  [
    1462748400000,
    6.463
  ],
  [
    1462834800000,
    0.58
  ],
  [
    1462921200000,
    18.032
  ],
  [
    1463007600000,
    16.459
  ],
  [
    1463180400000,
    1.949
  ],
  [
    1463266800000,
    2.264
  ],
  [
    1463353200000,
    2.082
  ],
  [
    1463439600000,
    2.787
  ],
  [
    1463526000000,
    3.163
  ],
  [
    1463612400000,
    3.15
  ],
  [
    1463871600000,
    2.279
  ],
  [
    1464044400000,
    0.799
  ],
  [
    1464130800000,
    2.92
  ],
  [
    1464217200000,
    1.759
  ],
  [
    1464303600000,
    2.296
  ],
  [
    1464476400000,
    2.893
  ],
  [
    1464649200000,
    0.883
  ],
  [
    1464822000000,
    1.262
  ],
  [
    1464908400000,
    0.74
  ],
  [
    1464994800000,
    1.985
  ],
  [
    1465081200000,
    1.958
  ],
  [
    1465167600000,
    1.336
  ],
  [
    1465254000000,
    1.827
  ],
  [
    1465340400000,
    1.365
  ],
  [
    1465426800000,
    1.482
  ],
  [
    1465513200000,
    1.402
  ],
  [
    1465599600000,
    1.525
  ],
  [
    1465686000000,
    1.439
  ],
  [
    1465772400000,
    1.644
  ],
  [
    1465945200000,
    1.654
  ],
  [
    1466118000000,
    1.048
  ],
  [
    1466204400000,
    1.391
  ],
  [
    1466290800000,
    1.291
  ],
  [
    1466377200000,
    1.255
  ],
  [
    1466463600000,
    0.57
  ],
  [
    1466550000000,
    1.145
  ],
  [
    1466636400000,
    0.902
  ],
  [
    1466809200000,
    0.834
  ],
  [
    1466895600000,
    0.84
  ],
  [
    1466982000000,
    0.792
  ],
  [
    1467068400000,
    0.627
  ],
  [
    1467154800000,
    0.82
  ],
  [
    1467241200000,
    0.73
  ],
  [
    1467327600000,
    12.1
  ],
  [
    1467414000000,
    0.806
  ],
  [
    1467586800000,
    0.796
  ],
  [
    1467673200000,
    0.807
  ],
  [
    1467759600000,
    0.809
  ],
  [
    1467846000000,
    0.797
  ],
  [
    1467932400000,
    0.473
  ],
  [
    1468018800000,
    0.823
  ],
  [
    1468191600000,
    0.5
  ],
  [
    1468278000000,
    0.601
  ],
  [
    1468364400000,
    0.617
  ],
  [
    1468537200000,
    0.782
  ],
  [
    1468710000000,
    0.592
  ],
  [
    1468882800000,
    0.748
  ],
  [
    1469142000000,
    0.63
  ],
  [
    1469228400000,
    0.578
  ],
  [
    1469314800000,
    0.51
  ],
  [
    1469401200000,
    0.675
  ],
  [
    1469487600000,
    0.471
  ],
  [
    1469574000000,
    0.69
  ],
  [
    1469660400000,
    0.66
  ],
  [
    1469746800000,
    0.455
  ],
  [
    1469833200000,
    0.697
  ],
  [
    1469919600000,
    0.781
  ],
  [
    1470351600000,
    0.704
  ],
  [
    1470438000000,
    1.133
  ],
  [
    1470610800000,
    47.599
  ],
  [
    1470697200000,
    1.317
  ],
  [
    1470783600000,
    1.12
  ],
  [
    1471042800000,
    1.02
  ],
  [
    1471129200000,
    1.019
  ],
  [
    1471388400000,
    0.92
  ],
  [
    1471474800000,
    1.02
  ],
  [
    1471734000000,
    0.98
  ],
  [
    1471820400000,
    0.695
  ],
  [
    1471906800000,
    0.91
  ],
  [
    1471993200000,
    0.968
  ],
  [
    1472166000000,
    1
  ],
  [
    1472252400000,
    1.012
  ],
  [
    1472338800000,
    1.006
  ],
  [
    1472425200000,
    1.01
  ],
  [
    1472684400000,
    0.774
  ],
  [
    1472770800000,
    0.51
  ],
  [
    1473116400000,
    0.76
  ],
  [
    1473202800000,
    0.75
  ],
  [
    1473634800000,
    0.578
  ],
  [
    1473807600000,
    0.506
  ],
  [
    1473894000000,
    0.18
  ],
  [
    1473980400000,
    0.54
  ],
  [
    1474066800000,
    0.56
  ],
  [
    1474326000000,
    0.448
  ],
  [
    1474498800000,
    0.621
  ],
  [
    1474671600000,
    0.608
  ],
  [
    1475103600000,
    0.758
  ],
  [
    1475190000000,
    0.638
  ],
  [
    1475362800000,
    0.437
  ],
  [
    1475449200000,
    0.582
  ],
  [
    1475622000000,
    0.309
  ],
  [
    1475794800000,
    0.513
  ],
  [
    1475881200000,
    0.507
  ],
  [
    1476054000000,
    0.411
  ],
  [
    1476313200000,
    0.506
  ],
  [
    1476399600000,
    0.507
  ],
  [
    1476658800000,
    0.32
  ],
  [
    1476745200000,
    0.462
  ],
  [
    1476831600000,
    0.462
  ],
  [
    1477004400000,
    0.37
  ],
  [
    1477090800000,
    0.832
  ],
  [
    1477177200000,
    0.394
  ],
  [
    1477350000000,
    0.322
  ],
  [
    1477436400000,
    0.445
  ],
  [
    1477695600000,
    0.409
  ],
  [
    1477872000000,
    0.426
  ],
  [
    1477958400000,
    0.273
  ],
  [
    1478217600000,
    0.448
  ],
  [
    1478390400000,
    0.4
  ],
  [
    1478476800000,
    0.431
  ],
  [
    1478563200000,
    0.442
  ],
  [
    1478649600000,
    0.469
  ],
  [
    1478736000000,
    0.468
  ],
  [
    1478822400000,
    0.49
  ],
  [
    1478908800000,
    0.444
  ],
  [
    1478995200000,
    0.38
  ],
  [
    1479168000000,
    0.35
  ],
  [
    1479254400000,
    0.429
  ],
  [
    1479513600000,
    0.26
  ],
  [
    1479600000000,
    0.402
  ],
  [
    1479686400000,
    0.41
  ],
  [
    1479772800000,
    0.3
  ],
  [
    1479859200000,
    0.414
  ],
  [
    1479945600000,
    0.435
  ],
  [
    1480032000000,
    0.453
  ],
  [
    1480118400000,
    0.471
  ],
  [
    1480204800000,
    0.358
  ],
  [
    1480291200000,
    0.536
  ],
  [
    1480377600000,
    0.77
  ],
  [
    1480464000000,
    1.003
  ],
  [
    1480636800000,
    0.655
  ],
  [
    1480896000000,
    0.801
  ],
  [
    1481068800000,
    0.822
  ],
  [
    1481155200000,
    0.69
  ],
  [
    1481241600000,
    0.863
  ],
  [
    1481328000000,
    0.877
  ],
  [
    1481414400000,
    0.851
  ],
  [
    1481500800000,
    0.7
  ],
  [
    1481673600000,
    0.849
  ],
  [
    1481760000000,
    0.675
  ],
  [
    1481846400000,
    0.621
  ],
  [
    1482019200000,
    0.62
  ],
  [
    1482192000000,
    0.727
  ],
  [
    1482364800000,
    0.834
  ],
  [
    1482451200000,
    0.814
  ],
  [
    1482537600000,
    0.789
  ],
  [
    1482710400000,
    0.53
  ],
  [
    1482796800000,
    0.82
  ],
  [
    1482883200000,
    0.775
  ],
  [
    1483660800000,
    0.854
  ],
  [
    1484006400000,
    0.982
  ],
  [
    1484092800000,
    0.926
  ],
  [
    1484265600000,
    1.022
  ],
  [
    1484524800000,
    0.992
  ],
  [
    1484611200000,
    1.04
  ],
  [
    1484697600000,
    0.85
  ],
  [
    1484784000000,
    0.66
  ],
  [
    1484870400000,
    0.31
  ],
  [
    1484956800000,
    1
  ],
  [
    1485129600000,
    1.01
  ],
  [
    1485216000000,
    0.832
  ],
  [
    1485388800000,
    1.064
  ],
  [
    1485561600000,
    0.9
  ],
  [
    1485734400000,
    0.32
  ],
  [
    1486771200000,
    0.746
  ],
  [
    1486857600000,
    0.734
  ],
  [
    1486944000000,
    0.802
  ],
  [
    1487289600000,
    0.803
  ],
  [
    1487376000000,
    0.81
  ],
  [
    1487721600000,
    0.772
  ],
  [
    1487894400000,
    0.79
  ],
  [
    1488067200000,
    0.807
  ],
  [
    1488153600000,
    0.848
  ],
  [
    1488326400000,
    0.778
  ],
  [
    1488585600000,
    0.97
  ],
  [
    1489017600000,
    2.122
  ],
  [
    1489190400000,
    0.82
  ],
  [
    1489276800000,
    0.74
  ],
  [
    1489449600000,
    0.82
  ],
  [
    1489536000000,
    0.868
  ],
  [
    1489881600000,
    0.987
  ],
  [
    1490054400000,
    0.987
  ],
  [
    1490140800000,
    0.945
  ],
  [
    1490227200000,
    0.928
  ],
  [
    1490400000000,
    0.842
  ],
  [
    1490655600000,
    0.839
  ],
  [
    1490828400000,
    0.881
  ],
  [
    1490914800000,
    0.74
  ],
  [
    1491001200000,
    1.07
  ],
  [
    1491087600000,
    1.07
  ],
  [
    1491260400000,
    1.064
  ],
  [
    1491519600000,
    1.019
  ],
  [
    1491778800000,
    0.6
  ],
  [
    1492038000000,
    0.98
  ],
  [
    1492124400000,
    1.086
  ],
  [
    1492297200000,
    1.465
  ],
  [
    1492383600000,
    1.403
  ],
  [
    1492556400000,
    1.448
  ],
  [
    1492729200000,
    1.24
  ],
  [
    1492815600000,
    1.12
  ],
  [
    1493161200000,
    1.226
  ],
  [
    1493247600000,
    1.125
  ],
  [
    1493334000000,
    1.04
  ],
  [
    1493420400000,
    1.021
  ],
  [
    1493593200000,
    0.943
  ],
  [
    1493766000000,
    0.875
  ],
  [
    1493852400000,
    0.883
  ],
  [
    1494025200000,
    1.261
  ],
  [
    1494198000000,
    1.053
  ],
  [
    1494284400000,
    1.649
  ],
  [
    1494457200000,
    2.014
  ],
  [
    1494543600000,
    2.254
  ],
  [
    1494630000000,
    3.072
  ],
  [
    1494716400000,
    2.04
  ],
  [
    1494802800000,
    2.308
  ],
  [
    1494889200000,
    10.297
  ],
  [
    1494975600000,
    11.065
  ],
  [
    1495234800000,
    3.19
  ],
  [
    1495407600000,
    2.005
  ],
  [
    1495580400000,
    0.668
  ],
  [
    1495666800000,
    1.342
  ],
  [
    1495926000000,
    0.909
  ],
  [
    1496098800000,
    0.794
  ],
  [
    1496185200000,
    0.826
  ],
  [
    1496271600000,
    0.783
  ],
  [
    1496530800000,
    0.815
  ],
  [
    1496703600000,
    0.854
  ],
  [
    1496790000000,
    0.75
  ],
  [
    1496962800000,
    0.87
  ],
  [
    1497049200000,
    0.821
  ],
  [
    1497135600000,
    1.088
  ],
  [
    1497481200000,
    0.883
  ],
  [
    1497740400000,
    0.78
  ],
  [
    1497999600000,
    2.769
  ],
  [
    1498258800000,
    0.23
  ],
  [
    1498345200000,
    0.63
  ],
  [
    1498777200000,
    0.787
  ],
  [
    1498863600000,
    0.752
  ],
  [
    1499036400000,
    0.76
  ],
  [
    1499209200000,
    1.297
  ],
  [
    1499986800000,
    1.606
  ],
  [
    1500505200000,
    1.348
  ],
  [
    1501023600000,
    1.512
  ],
  [
    1501110000000,
    1.816
  ],
  [
    1501369200000,
    3.315
  ],
  [
    1501455600000,
    1.34
  ],
  [
    1501542000000,
    2.751
  ],
  [
    1501974000000,
    1.833
  ],
  [
    1502060400000,
    2.69
  ],
  [
    1502319600000,
    2.509
  ],
  [
    1502406000000,
    1.817
  ],
  [
    1502751600000,
    2.18
  ],
  [
    1502838000000,
    2.623
  ],
  [
    1502924400000,
    1.33
  ],
  [
    1503270000000,
    2.295
  ],
  [
    1503356400000,
    3.449
  ],
  [
    1503442800000,
    3.551
  ],
  [
    1503874800000,
    2.141
  ],
  [
    1504220400000,
    1.78
  ],
  [
    1504306800000,
    1.665
  ],
  [
    1504393200000,
    1.67
  ],
  [
    1504566000000,
    1.784
  ],
  [
    1504911600000,
    3.42
  ],
  [
    1505343600000,
    3.401
  ],
  [
    1505948400000,
    3.091
  ],
  [
    1506121200000,
    2.356
  ],
  [
    1506294000000,
    2.49
  ],
  [
    1506726000000,
    2.5
  ],
  [
    1507158000000,
    2.533
  ],
  [
    1507417200000,
    2.017
  ],
  [
    1507590000000,
    2.011
  ],
  [
    1507935600000,
    1.148
  ],
  [
    1508022000000,
    1.777
  ],
  [
    1508540400000,
    1.49
  ],
  [
    1508886000000,
    1.43
  ],
  [
    1509145200000,
    1.112
  ],
  [
    1509494400000,
    1.596
  ],
  [
    1510272000000,
    1.4
  ],
  [
    1510444800000,
    1.506
  ],
  [
    1510704000000,
    1.479
  ],
  [
    1510790400000,
    1.49
  ],
  [
    1510876800000,
    1.176
  ],
  [
    1510963200000,
    1.379
  ],
  [
    1511308800000,
    1.376
  ],
  [
    1511568000000,
    1.178
  ],
  [
    1512172800000,
    1.091
  ],
  [
    1512259200000,
    1.085
  ],
  [
    1512432000000,
    1.118
  ],
  [
    1512691200000,
    1.138
  ],
  [
    1512950400000,
    1.134
  ],
  [
    1513123200000,
    1.095
  ],
  [
    1513814400000,
    1.228
  ],
  [
    1513987200000,
    1.226
  ],
  [
    1514073600000,
    1.326
  ],
  [
    1514160000000,
    1.196
  ],
  [
    1514419200000,
    1.255
  ],
  [
    1514678400000,
    1.341
  ],
  [
    1514937600000,
    1.286
  ],
  [
    1515110400000,
    1.391
  ],
  [
    1515283200000,
    1.368
  ],
  [
    1515456000000,
    1.256
  ],
  [
    1515542400000,
    1.192
  ],
  [
    1515628800000,
    1.293
  ],
  [
    1515801600000,
    1.153
  ],
  [
    1515974400000,
    1.38
  ],
  [
    1516406400000,
    1.345
  ],
  [
    1516579200000,
    1.346
  ],
  [
    1517011200000,
    1.474
  ],
  [
    1517184000000,
    1.422
  ],
  [
    1517270400000,
    1.425
  ],
  [
    1517356800000,
    1.495
  ],
  [
    1517443200000,
    1.431
  ],
  [
    1518134400000,
    1.353
  ],
  [
    1518307200000,
    1.371
  ],
  [
    1518393600000,
    1.408
  ],
  [
    1518739200000,
    1
  ],
  [
    1518825600000,
    1.219
  ],
  [
    1518912000000,
    1.384
  ],
  [
    1519084800000,
    1.425
  ],
  [
    1519171200000,
    1.39
  ],
  [
    1519257600000,
    1.503
  ],
  [
    1519516800000,
    1.474
  ],
  [
    1519689600000,
    1.527
  ],
  [
    1519948800000,
    1.617
  ],
  [
    1520121600000,
    1.428
  ],
  [
    1520208000000,
    1.62
  ],
  [
    1520294400000,
    1.245
  ],
  [
    1520899200000,
    1.18
  ],
  [
    1520985600000,
    1.347
  ],
  [
    1521072000000,
    1.557
  ],
  [
    1521158400000,
    1.56
  ],
  [
    1521244800000,
    1.763
  ],
  [
    1521331200000,
    2.299
  ],
  [
    1521590400000,
    2.3
  ],
  [
    1521763200000,
    2.31
  ],
  [
    1521936000000,
    1.417
  ],
  [
    1522450800000,
    1.731
  ],
  [
    1522796400000,
    1.985
  ],
  [
    1523228400000,
    3.03
  ],
  [
    1524265200000,
    1.767
  ],
  [
    1526166000000,
    1.792
  ],
  [
    1526338800000,
    1.26
  ],
  [
    1526425200000,
    1.316
  ],
  [
    1527807600000,
    1.923
  ],
  [
    1527894000000,
    1.58
  ],
  [
    1528066800000,
    1.528
  ],
  [
    1528930800000,
    2.134
  ],
  [
    1529017200000,
    1.883
  ],
  [
    1529535600000,
    1.73
  ],
  [
    1530140400000,
    1.705
  ],
  [
    1530313200000,
    0.93
  ],
  [
    1530399600000,
    1.33
  ],
  [
    1530486000000,
    1.704
  ],
  [
    1530572400000,
    1.704
  ],
  [
    1530831600000,
    1.727
  ],
  [
    1531004400000,
    1.63
  ],
  [
    1531609200000,
    1.59
  ],
  [
    1531868400000,
    1.77
  ],
  [
    1531954800000,
    1.336
  ],
  [
    1532214000000,
    2.355
  ],
  [
    1533423600000,
    1.329
  ],
  [
    1533510000000,
    1.95
  ],
  [
    1533596400000,
    1.159
  ],
  [
    1533769200000,
    1.505
  ],
  [
    1533855600000,
    1.24
  ],
  [
    1534287600000,
    1.161
  ],
  [
    1534546800000,
    1.573
  ],
  [
    1534719600000,
    1.573
  ],
  [
    1535670000000,
    1.15
  ],
  [
    1535756400000,
    1.351
  ],
  [
    1536793200000,
    1.564
  ],
  [
    1537570800000,
    1.677
  ],
  [
    1537830000000,
    1.536
  ],
  [
    1537916400000,
    1.603
  ],
  [
    1538175600000,
    1.051
  ],
  [
    1538262000000,
    1.62
  ],
  [
    1539039600000,
    1.488
  ],
  [
    1539212400000,
    1.496
  ],
  [
    1539644400000,
    1.736
  ],
  [
    1539817200000,
    1.76
  ],
  [
    1539903600000,
    1.46
  ],
  [
    1540076400000,
    1.758
  ],
  [
    1540249200000,
    1.776
  ],
  [
    1540594800000,
    1.248
  ],
  [
    1540857600000,
    1.901
  ],
  [
    1541376000000,
    5.333
  ],
  [
    1541548800000,
    1.603
  ],
  [
    1541635200000,
    1.455
  ],
  [
    1543017600000,
    1.648
  ],
  [
    1543104000000,
    1.44
  ],
  [
    1543190400000,
    1.68
  ],
  [
    1543276800000,
    1.438
  ],
  [
    1543708800000,
    1.634
  ],
  [
    1544140800000,
    1.709
  ],
  [
    1545264000000,
    1.656
  ],
  [
    1545523200000,
    1.414
  ],
  [
    1546387200000,
    1.417
  ],
  [
    1547510400000,
    1.53
  ],
  [
    1547769600000,
    1.551
  ],
  [
    1548115200000,
    1.558
  ],
  [
    1548288000000,
    1.186
  ],
  [
    1549843200000,
    1.5
  ],
  [
    1551139200000,
    1.22
  ],
  [
    1551225600000,
    1.08
  ],
  [
    1551312000000,
    1.198
  ],
  [
    1551398400000,
    1.152
  ],
  [
    1551744000000,
    1.011
  ],
  [
    1552089600000,
    1
  ],
  [
    1552262400000,
    1.088
  ],
  [
    1552435200000,
    1.344
  ],
  [
    1552521600000,
    1.053
  ],
  [
    1552608000000,
    1.46
  ],
  [
    1553385600000,
    1.139
  ],
  [
    1553558400000,
    1.144
  ],
  [
    1553644800000,
    1.107
  ],
  [
    1553731200000,
    1.07
  ],
  [
    1553817600000,
    1.21
  ],
  [
    1553904000000,
    1.484
  ],
  [
    1554073200000,
    1.549
  ],
  [
    1554159600000,
    1.67
  ],
  [
    1554332400000,
    1.263
  ],
  [
    1554764400000,
    1.003
  ],
  [
    1554850800000,
    1.398
  ],
  [
    1555714800000,
    1.517
  ],
  [
    1556146800000,
    1.252
  ],
  [
    1556578800000,
    1.691
  ],
  [
    1556665200000,
    1.28
  ],
  [
    1556924400000,
    1.544
  ],
  [
    1557010800000,
    1.561
  ],
  [
    1557097200000,
    1.646
  ],
  [
    1557356400000,
    1.601
  ],
  [
    1557529200000,
    1.134
  ],
  [
    1557615600000,
    1.29
  ],
  [
    1557702000000,
    1.572
  ],
  [
    1557874800000,
    1.31
  ],
  [
    1557961200000,
    1.749
  ],
  [
    1558047600000,
    1.711
  ],
  [
    1558134000000,
    1.708
  ],
  [
    1558306800000,
    1.563
  ],
  [
    1558393200000,
    1.716
  ],
  [
    1558652400000,
    1.832
  ],
  [
    1558998000000,
    1.28
  ],
  [
    1559084400000,
    1.767
  ],
  [
    1559343600000,
    1.756
  ],
  [
    1559775600000,
    1.836
  ],
  [
    1559862000000,
    1.34
  ],
  [
    1560121200000,
    1.786
  ],
  [
    1560294000000,
    1.821
  ],
  [
    1561071600000,
    1.751
  ],
  [
    1561158000000,
    1.874
  ],
  [
    1561417200000,
    1.74
  ],
  [
    1561503600000,
    1.264
  ],
  [
    1561676400000,
    1.079
  ],
  [
    1561762800000,
    1.274
  ],
  [
    1562194800000,
    1.918
  ],
  [
    1562281200000,
    1.907
  ],
  [
    1563145200000,
    1.34
  ],
  [
    1563231600000,
    1.644
  ],
  [
    1563318000000,
    1.637
  ],
  [
    1563490800000,
    1.638
  ],
  [
    1563577200000,
    1.626
  ],
  [
    1563663600000,
    1.649
  ],
  [
    1563922800000,
    1.592
  ],
  [
    1564182000000,
    1.636
  ],
  [
    1564268400000,
    1.536
  ],
  [
    1564441200000,
    1.634
  ],
  [
    1564527600000,
    1.626
  ],
  [
    1564614000000,
    1.707
  ],
  [
    1564786800000,
    1.5
  ],
  [
    1565046000000,
    1.764
  ],
  [
    1565478000000,
    1.757
  ],
  [
    1565564400000,
    1.757
  ],
  [
    1565823600000,
    1.726
  ],
  [
    1565910000000,
    1.549
  ],
  [
    1565996400000,
    1.808
  ],
  [
    1566082800000,
    1.902
  ],
  [
    1566774000000,
    1.49
  ],
  [
    1566860400000,
    1.844
  ],
  [
    1567638000000,
    1.81
  ],
  [
    1568070000000,
    1.879
  ],
  [
    1568156400000,
    1.857
  ],
  [
    1569711600000,
    1.778
  ],
  [
    1570057200000,
    1.957
  ],
  [
    1570230000000,
    1.995
  ],
  [
    1570402800000,
    1.877
  ],
  [
    1570662000000,
    1.997
  ],
  [
    1570748400000,
    1.993
  ],
  [
    1570921200000,
    1.702
  ],
  [
    1571007600000,
    2.032
  ],
  [
    1571266800000,
    2.111
  ],
  [
    1571612400000,
    1.746
  ],
  [
    1572220800000,
    1.79
  ],
  [
    1573344000000,
    1.32
  ],
  [
    1573516800000,
    1.759
  ],
  [
    1573776000000,
    1.828
  ],
  [
    1574640000000,
    1.84
  ],
  [
    1575158400000,
    1.75
  ],
  [
    1575244800000,
    1.338
  ],
  [
    1575331200000,
    1.169
  ],
  [
    1575936000000,
    1.507
  ],
  [
    1576281600000,
    1.44
  ],
  [
    1577145600000,
    1.442
  ],
  [
    1577232000000,
    1.485
  ],
  [
    1578096000000,
    1.898
  ],
  [
    1578182400000,
    1.915
  ],
  [
    1578614400000,
    2.096
  ],
  [
    1579219200000,
    19.952
  ],
  [
    1579392000000,
    1.43
  ],
  [
    1579478400000,
    1.784
  ],
  [
    1579651200000,
    1.848
  ],
  [
    1579824000000,
    3.507
  ],
  [
    1580169600000,
    1.52
  ],
  [
    1580342400000,
    1.27
  ],
  [
    1580428800000,
    1.105
  ],
  [
    1580601600000,
    1.723
  ],
  [
    1581033600000,
    1.916
  ],
  [
    1581379200000,
    1.989
  ],
  [
    1581638400000,
    1.684
  ],
  [
    1581724800000,
    1.42
  ],
  [
    1581984000000,
    1.637
  ],
  [
    1582329600000,
    2.324
  ],
  [
    1583193600000,
    1.35
  ],
  [
    1583366400000,
    1.271
  ],
  [
    1583539200000,
    1.42
  ],
  [
    1583798400000,
    1.661
  ],
  [
    1584057600000,
    1.262
  ],
  [
    1584230400000,
    1.136
  ],
  [
    1584662400000,
    1.11
  ],
  [
    1584835200000,
    1.228
  ],
  [
    1585008000000,
    1.201
  ],
  [
    1585180800000,
    1.34
  ],
  [
    1585267200000,
    1.368
  ],
  [
    1585522800000,
    1.066
  ],
  [
    1585609200000,
    1.188
  ],
  [
    1585695600000,
    1.207
  ],
  [
    1585782000000,
    1.528
  ],
  [
    1586127600000,
    1.656
  ],
  [
    1586300400000,
    1.071
  ],
  [
    1586559600000,
    1.655
  ],
  [
    1586646000000,
    1.629
  ],
  [
    1586732400000,
    1.23
  ],
  [
    1587078000000,
    1.63
  ],
  [
    1587855600000,
    1.652
  ],
  [
    1588201200000,
    1.554
  ],
  [
    1588374000000,
    1.64
  ],
  [
    1589324400000,
    1.2
  ],
  [
    1589929200000,
    1.216
  ],
  [
    1590620400000,
    1.12
  ],
  [
    1590706800000,
    1.27
  ],
  [
    1590879600000,
    1.121
  ],
  [
    1591052400000,
    12.45
  ],
  [
    1591225200000,
    1.472
  ],
  [
    1591398000000,
    1.352
  ],
  [
    1593471600000,
    1.141
  ],
  [
    1594076400000,
    1.429
  ],
  [
    1594162800000,
    1.128
  ],
  [
    1594249200000,
    1.207
  ],
  [
    1594335600000,
    1
  ],
  [
    1594508400000,
    0.934
  ],
  [
    1594767600000,
    1.107
  ],
  [
    1594854000000,
    1.299
  ],
  [
    1595026800000,
    1.207
  ],
  [
    1595372400000,
    1.071
  ],
  [
    1595458800000,
    1.07
  ],
  [
    1595977200000,
    1.291
  ],
  [
    1596236400000,
    1.261
  ],
  [
    1596754800000,
    1.99
  ],
  [
    1596841200000,
    1.082
  ],
  [
    1597014000000,
    1.33
  ],
  [
    1597446000000,
    1.12
  ],
  [
    1597618800000,
    1.1
  ],
  [
    1597791600000,
    1.33
  ],
  [
    1598050800000,
    1.443
  ],
  [
    1599001200000,
    1.495
  ],
  [
    1599174000000,
    1.699
  ],
  [
    1599519600000,
    1.17
  ],
  [
    1599606000000,
    1.472
  ],
  [
    1599951600000,
    1.332
  ],
  [
    1600210800000,
    1.299
  ],
  [
    1600383600000,
    1.497
  ],
  [
    1600556400000,
    1.235
  ],
  [
    1601420400000,
    1.275
  ],
  [
    1601938800000,
    1.223
  ],
  [
    1602111600000,
    1.458
  ],
  [
    1602543600000,
    1.542
  ],
  [
    1602630000000,
    1.484
  ],
  [
    1602716400000,
    1.48
  ],
  [
    1602889200000,
    1.412
  ],
  [
    1602975600000,
    1.577
  ],
  [
    1603062000000,
    2.16
  ],
  [
    1603148400000,
    1.348
  ],
  [
    1604188800000,
    1.343
  ],
  [
    1604620800000,
    0.825
  ],
  [
    1604793600000,
    1.514
  ],
  [
    1605312000000,
    2.13
  ],
  [
    1605744000000,
    2.258
  ],
  [
    1605830400000,
    1.575
  ],
  [
    1606176000000,
    1.54
  ],
  [
    1606435200000,
    2.3
  ],
  [
    1606780800000,
    2.218
  ],
  [
    1607040000000,
    1.58
  ],
  [
    1607126400000,
    1.337
  ],
  [
    1607558400000,
    1.425
  ],
  [
    1608508800000,
    2.083
  ],
  [
    1608854400000,
    1.693
  ],
  [
    1609027200000,
    1.563
  ],
  [
    1609113600000,
    1.534
  ],
  [
    1609804800000,
    1.666
  ],
  [
    1610236800000,
    1.841
  ],
  [
    1611532800000,
    2.127
  ],
  [
    1611705600000,
    1.864
  ],
  [
    1613001600000,
    1.47
  ],
  [
    1613174400000,
    1.45
  ],
  [
    1613260800000,
    1.457
  ],
  [
    1613520000000,
    1.324
  ],
  [
    1613606400000,
    1.21
  ],
  [
    1613865600000,
    1.201
  ],
  [
    1614211200000,
    1.61
  ],
  [
    1614988800000,
    1.38
  ],
  [
    1615248000000,
    1.306
  ],
  [
    1616198400000,
    1.219
  ],
  [
    1616371200000,
    1.228
  ],
  [
    1616544000000,
    1.448
  ],
  [
    1616630400000,
    1.01
  ],
  [
    1616889600000,
    1.571
  ],
  [
    1617836400000,
    1.284
  ],
  [
    1618009200000,
    1.142
  ],
  [
    1618095600000,
    1.005
  ],
  [
    1618182000000,
    0.981
  ],
  [
    1618700400000,
    0.93
  ],
  [
    1618786800000,
    1.33
  ],
  [
    1618959600000,
    1.452
  ],
  [
    1619823600000,
    0.93
  ],
  [
    1620774000000,
    1.475
  ],
  [
    1620860400000,
    1.451
  ],
  [
    1621551600000,
    1.38
  ],
  [
    1621724400000,
    1.328
  ],
  [
    1621897200000,
    1.178
  ],
  [
    1622070000000,
    1.533
  ],
  [
    1622156400000,
    1.377
  ],
  [
    1622502000000,
    1.2
  ],
  [
    1622588400000,
    1.541
  ],
  [
    1622674800000,
    1.51
  ],
  [
    1622761200000,
    1.43
  ],
  [
    1622847600000,
    1.708
  ],
  [
    1622934000000,
    1.748
  ],
  [
    1623193200000,
    1.363
  ],
  [
    1623452400000,
    1.956
  ],
  [
    1623538800000,
    2.081
  ],
  [
    1623625200000,
    2.104
  ],
  [
    1623884400000,
    2.076
  ],
  [
    1624057200000,
    2.419
  ],
  [
    1624575600000,
    2.225
  ],
  [
    1625094000000,
    1.57
  ],
  [
    1625180400000,
    2.189
  ],
  [
    1625698800000,
    1.47
  ],
  [
    1625871600000,
    1.412
  ],
  [
    1625958000000,
    1.412
  ],
  [
    1626044400000,
    1.897
  ],
  [
    1626130800000,
    1.495
  ],
  [
    1626303600000,
    1.41
  ],
  [
    1626476400000,
    1.818
  ],
  [
    1626822000000,
    1.611
  ],
  [
    1628204400000,
    2.156
  ],
  [
    1628377200000,
    2.26
  ],
  [
    1628722800000,
    1.751
  ],
  [
    1629154800000,
    2.276
  ],
  [
    1629241200000,
    1.454
  ],
  [
    1629414000000,
    1.457
  ],
  [
    1630278000000,
    2.858
  ],
  [
    1630537200000,
    1.588
  ],
  [
    1630796400000,
    1.755
  ],
  [
    1630969200000,
    1.671
  ],
  [
    1631660400000,
    1.373
  ],
  [
    1631919600000,
    1.697
  ],
  [
    1632178800000,
    1.565
  ],
  [
    1632265200000,
    1.768
  ],
  [
    1632524400000,
    1.652
  ],
  [
    1632610800000,
    1.508
  ],
  [
    1632697200000,
    1.783
  ],
  [
    1633042800000,
    1.505
  ],
  [
    1633215600000,
    1.368
  ],
  [
    1633302000000,
    1.93
  ],
  [
    1633561200000,
    1.9
  ],
  [
    1633820400000,
    2.122
  ],
  [
    1634338800000,
    1.471
  ],
  [
    1634770800000,
    1.768
  ],
  [
    1634857200000,
    1.529
  ],
  [
    1635030000000,
    1.759
  ],
  [
    1636070400000,
    1.432
  ],
  [
    1636416000000,
    1.434
  ],
  [
    1636675200000,
    1.8
  ],
  [
    1636848000000,
    1.542
  ],
  [
    1637193600000,
    1.92
  ],
  [
    1637712000000,
    1.403
  ],
  [
    1637798400000,
    1.947
  ],
  [
    1637971200000,
    1.759
  ],
  [
    1638662400000,
    1.492
  ],
  [
    1638835200000,
    1.556
  ],
  [
    1639094400000,
    1.488
  ],
  [
    1640649600000,
    1.493
  ],
  [
    1641427200000,
    1.36
  ],
  [
    1641513600000,
    2.11
  ],
  [
    1641859200000,
    1.363
  ],
  [
    1642291200000,
    1.634
  ],
  [
    1643155200000,
    1.378
  ],
  [
    1643241600000,
    1.515
  ],
  [
    1643414400000,
    1.604
  ],
  [
    1643673600000,
    1.685
  ],
  [
    1643846400000,
    1.97
  ],
  [
    1644796800000,
    1.98
  ],
  [
    1645488000000,
    1.3
  ],
  [
    1645833600000,
    1.947
  ],
  [
    1647129600000,
    2.218
  ],
  [
    1647561600000,
    1.857
  ],
  [
    1647648000000,
    1.838
  ],
  [
    1647734400000,
    2.93
  ],
  [
    1648080000000,
    2.183
  ],
  [
    1648594800000,
    2.208
  ],
  [
    1649545200000,
    2.053
  ],
  [
    1650668400000,
    2.095
  ],
  [
    1650754800000,
    2.286
  ],
  [
    1651014000000,
    2.231
  ],
  [
    1651878000000,
    2.219
  ],
  [
    1652137200000,
    2.014
  ],
  [
    1652482800000,
    1.783
  ],
  [
    1652569200000,
    2.199
  ],
  [
    1652914800000,
    1.886
  ],
  [
    1653606000000,
    1.802
  ],
  [
    1653692400000,
    1.506
  ],
  [
    1654297200000,
    1.663
  ],
  [
    1654902000000,
    1.598
  ],
  [
    1655247600000,
    1.76
  ],
  [
    1655420400000,
    2.21
  ],
  [
    1655852400000,
    2.209
  ],
  [
    1656457200000,
    1.721
  ],
  [
    1656630000000,
    1.25
  ],
  [
    1657062000000,
    4.334
  ],
  [
    1657494000000,
    2.314
  ],
  [
    1658012400000,
    1.98
  ],
  [
    1658703600000,
    1.755
  ],
  [
    1659740400000,
    1.864
  ],
  [
    1660950000000,
    1.58
  ],
  [
    1661814000000,
    1.99
  ],
  [
    1662246000000,
    1.607
  ],
  [
    1662764400000,
    2.073
  ],
  [
    1662850800000,
    1.51
  ],
  [
    1663196400000,
    2.024
  ],
  [
    1663714800000,
    1.995
  ],
  [
    1664406000000,
    1.669
  ],
  [
    1665702000000,
    1.956
  ],
  [
    1665788400000,
    1.938
  ],
  [
    1665874800000,
    1.948
  ],
  [
    1665961200000,
    1.992
  ],
  [
    1666220400000,
    1.973
  ],
  [
    1666566000000,
    2.037
  ],
  [
    1666652400000,
    2.153
  ],
  [
    1667174400000,
    2.282
  ],
  [
    1668211200000,
    2.463
  ],
  [
    1668297600000,
    5.068
  ],
  [
    1668643200000,
    1.807
  ],
  [
    1669075200000,
    2.013
  ],
  [
    1669161600000,
    1.938
  ],
  [
    1670457600000,
    1.895
  ],
  [
    1670803200000,
    1.886
  ],
  [
    1670976000000,
    1.958
  ],
  [
    1671148800000,
    2.195
  ],
  [
    1671235200000,
    2.144
  ],
  [
    1671840000000,
    4.68
  ],
  [
    1672185600000,
    1.731
  ],
  [
    1672358400000,
    2.423
  ],
  [
    1672876800000,
    2.44
  ],
  [
    1673222400000,
    1.91
  ],
  [
    1674345600000,
    1.86
  ],
  [
    1674777600000,
    2.345
  ],
  [
    1675036800000,
    2.375
  ],
  [
    1675123200000,
    2.44
  ],
  [
    1675209600000,
    2.59
  ],
  [
    1675468800000,
    2.12
  ],
  [
    1675641600000,
    2.654
  ],
  [
    1675814400000,
    1.99
  ],
  [
    1676592000000,
    1.973
  ],
  [
    1676678400000,
    3.059
  ],
  [
    1677024000000,
    2.01
  ],
  [
    1677369600000,
    3.006
  ],
  [
    1677542400000,
    2.994
  ],
  [
    1678406400000,
    2.683
  ],
  [
    1678579200000,
    2.77
  ],
  [
    1679871600000,
    3.58
  ],
  [
    1679958000000,
    3.191
  ],
  [
    1680130800000,
    2.21
  ],
  [
    1680994800000,
    3.479
  ],
  [
    1681167600000,
    2.18
  ],
  [
    1681254000000,
    2.272
  ],
  [
    1681340400000,
    6.008
  ],
  [
    1681426800000,
    3.37
  ],
  [
    1681513200000,
    4.841
  ],
  [
    1681599600000,
    5.77
  ],
  [
    1681686000000,
    6.11
  ],
  [
    1681772400000,
    4.305
  ],
  [
    1682031600000,
    3.072
  ],
  [
    1682118000000,
    4.89
  ],
  [
    1682204400000,
    3.58
  ],
  [
    1682290800000,
    3.66
  ],
  [
    1682463600000,
    3.63
  ],
  [
    1682550000000,
    4.841
  ],
  [
    1682722800000,
    4.696
  ],
  [
    1682895600000,
    3.871
  ],
  [
    1683673200000,
    3.06
  ],
  [
    1683846000000,
    3.098
  ],
  [
    1684191600000,
    3.39
  ],
  [
    1684278000000,
    3.475
  ],
  [
    1684796400000,
    80.144
  ],
  [
    1684969200000,
    3.093
  ],
  [
    1685055600000,
    3.39
  ],
  [
    1685142000000,
    3.39
  ],
  [
    1685574000000,
    2.961
  ],
  [
    1685746800000,
    3.411
  ],
  [
    1685919600000,
    3.544
  ],
  [
    1686438000000,
    3.88
  ],
  [
    1686697200000,
    2.977
  ],
  [
    1686870000000,
    4.013
  ],
  [
    1686956400000,
    4.356
  ],
  [
    1688252400000,
    3.856
  ],
  [
    1688684400000,
    3.823
  ],
  [
    1689289200000,
    2.544
  ],
  [
    1689894000000,
    2.56
  ],
  [
    1690066800000,
    4.381
  ],
  [
    1690498800000,
    3.381
  ],
  [
    1691276400000,
    3.041
  ],
  [
    1691622000000,
    3.764
  ],
  [
    1692313200000,
    3.392
  ],
  [
    1692399600000,
    2.934
  ],
  [
    1692658800000,
    3.447
  ],
  [
    1693004400000,
    3.576
  ],
  [
    1693350000000,
    3.08
  ],
  [
    1693695600000,
    3.611
  ],
  [
    1693868400000,
    4.2
  ],
  [
    1694041200000,
    3.5
  ],
  [
    1694300400000,
    3.305
  ],
  [
    1694386800000,
    3.47
  ],
  [
    1695596400000,
    3.18
  ],
  [
    1696201200000,
    4.125
  ],
  [
    1696460400000,
    1.071
  ],
  [
    1696633200000,
    3.54
  ],
  [
    1697238000000,
    3.83
  ],
  [
    1697324400000,
    2.847
  ],
  [
    1697410800000,
    4.059
  ],
  [
    1697497200000,
    4.15
  ],
  [
    1697583600000,
    4.17
  ],
  [
    1697929200000,
    3.994
  ],
  [
    1698447600000,
    3.71
  ],
  [
    1698534000000,
    3.69
  ],
  [
    1698710400000,
    3.915
  ],
  [
    1698883200000,
    3.508
  ],
  [
    1699315200000,
    4.08
  ],
  [
    1699401600000,
    4.059
  ],
  [
    1699574400000,
    3.73
  ],
  [
    1699660800000,
    4.145
  ],
  [
    1700265600000,
    4.456
  ],
  [
    1701561600000,
    4
  ],
  [
    1701648000000,
    4.02
  ],
  [
    1701993600000,
    4.53
  ],
  [
    1702080000000,
    4.52
  ],
  [
    1702425600000,
    4.532
  ],
  [
    1703030400000,
    4.105
  ],
  [
    1703203200000,
    4.107
  ],
  [
    1703376000000,
    4.2
  ],
  [
    1703808000000,
    4.611
  ],
  [
    1704067200000,
    4.635
  ],
  [
    1704499200000,
    4.2
  ],
  [
    1704931200000,
    4.505
  ],
  [
    1705363200000,
    6.423
  ],
  [
    1705622400000,
    5.71
  ],
  [
    1705795200000,
    5.8
  ],
  [
    1705881600000,
    5.49
  ],
  [
    1706054400000,
    4.51
  ],
  [
    1706486400000,
    5.61
  ],
  [
    1706659200000,
    5.82
  ],
  [
    1706745600000,
    7.16
  ],
  [
    1706918400000,
    7.615
  ],
  [
    1707004800000,
    8.19
  ],
  [
    1707091200000,
    8.192
  ],
  [
    1707264000000,
    6.9
  ],
  [
    1707350400000,
    6.463
  ],
  [
    1707609600000,
    7.13
  ],
  [
    1707696000000,
    13.17
  ],
  [
    1708732800000,
    8.52
  ],
  [
    1708819200000,
    8.19
  ],
  [
    1708905600000,
    8.01
  ],
  [
    1708992000000,
    6.79
  ],
  [
    1709769600000,
    8.29
  ],
  [
    1709942400000,
    8.52
  ],
  [
    1710115200000,
    7.01
  ],
  [
    1710288000000,
    7.33
  ],
  [
    1710460800000,
    8.69
  ],
  [
    1712098800000,
    8.709
  ],
  [
    1712530800000,
    7.45
  ],
  [
    1712703600000,
    7.02
  ],
  [
    1712876400000,
    7.01
  ],
  [
    1713222000000,
    6.01
  ],
  [
    1713308400000,
    6.065
  ],
  [
    1713654000000,
    4.278
  ],
  [
    1713999600000,
    5.72
  ],
  [
    1714690800000,
    4.86
  ],
  [
    1715295600000,
    5.732
  ],
  [
    1715382000000,
    6.05
  ],
  [
    1715727600000,
    6.095
  ],
  [
    1715900400000,
    6.13
  ],
  [
    1716073200000,
    6.06
  ],
  [
    1716332400000,
    5.72
  ],
  [
    1716876000000,
    5.726
  ],
  [
    1717488000000,
    5.738
  ],
  [
    1718866800000,
    5.84
  ]
]