[
  [
    1379718000000,
    8.54
  ],
  [
    1379890800000,
    13.082
  ],
  [
    1380063600000,
    13.91
  ],
  [
    1380150000000,
    13.415
  ],
  [
    1380236400000,
    26.968
  ],
  [
    1380495600000,
    14.95
  ],
  [
    1380754800000,
    13.052
  ],
  [
    1380841200000,
    23.09
  ],
  [
    1381014000000,
    20.305
  ],
  [
    1381100400000,
    14.95
  ],
  [
    1381186800000,
    12.491
  ],
  [
    1381273200000,
    10.78
  ],
  [
    1381359600000,
    17.55
  ],
  [
    1381532400000,
    27.056
  ],
  [
    1381618800000,
    12.673
  ],
  [
    1381791600000,
    10.114
  ],
  [
    1381878000000,
    10.761
  ],
  [
    1381964400000,
    9.844
  ],
  [
    1382050800000,
    9.556
  ],
  [
    1382137200000,
    12.625
  ],
  [
    1382223600000,
    8.05
  ],
  [
    1382310000000,
    14.76
  ],
  [
    1382396400000,
    14.081
  ],
  [
    1382482800000,
    11.403
  ],
  [
    1382742000000,
    10.091
  ],
  [
    1382828400000,
    10.295
  ],
  [
    1383091200000,
    6.326
  ],
  [
    1383264000000,
    8.017
  ],
  [
    1383350400000,
    9.372
  ],
  [
    1383436800000,
    8.225
  ],
  [
    1383523200000,
    9.453
  ],
  [
    1383609600000,
    6.983
  ],
  [
    1383696000000,
    9.434
  ],
  [
    1384041600000,
    6.586
  ],
  [
    1384214400000,
    6.807
  ],
  [
    1384300800000,
    7.009
  ],
  [
    1384560000000,
    7.015
  ],
  [
    1384646400000,
    6.75
  ],
  [
    1384732800000,
    9.565
  ],
  [
    1384819200000,
    8.914
  ],
  [
    1384905600000,
    8.554
  ],
  [
    1384992000000,
    6.995
  ],
  [
    1385078400000,
    6.041
  ],
  [
    1385164800000,
    5.602
  ],
  [
    1385251200000,
    5.613
  ],
  [
    1385337600000,
    5.734
  ],
  [
    1385424000000,
    5.422
  ],
  [
    1385596800000,
    4.323
  ],
  [
    1385683200000,
    5.708
  ],
  [
    1385769600000,
    5.874
  ],
  [
    1385856000000,
    5.143
  ],
  [
    1385942400000,
    3.769
  ],
  [
    1386028800000,
    4
  ],
  [
    1386115200000,
    3.29
  ],
  [
    1386201600000,
    4.887
  ],
  [
    1386288000000,
    4.69
  ],
  [
    1386374400000,
    4.032
  ],
  [
    1386460800000,
    3.663
  ],
  [
    1386633600000,
    3.788
  ],
  [
    1386720000000,
    2.163
  ],
  [
    1386806400000,
    2.475
  ],
  [
    1386892800000,
    2.722
  ],
  [
    1386979200000,
    3.169
  ],
  [
    1387065600000,
    4.935
  ],
  [
    1387152000000,
    4.865
  ],
  [
    1387238400000,
    3.49
  ],
  [
    1387324800000,
    3.434
  ],
  [
    1387411200000,
    2.558
  ],
  [
    1387497600000,
    2.713
  ],
  [
    1387584000000,
    2.143
  ],
  [
    1387670400000,
    2.48
  ],
  [
    1387756800000,
    2.198
  ],
  [
    1387843200000,
    2.882
  ],
  [
    1387929600000,
    0.157
  ],
  [
    1388016000000,
    1.895
  ],
  [
    1388102400000,
    1.872
  ],
  [
    1388188800000,
    1.383
  ],
  [
    1388275200000,
    2.155
  ],
  [
    1388361600000,
    1.738
  ],
  [
    1388448000000,
    1.796
  ],
  [
    1388534400000,
    2.152
  ],
  [
    1388620800000,
    2.147
  ],
  [
    1388707200000,
    1.954
  ],
  [
    1388793600000,
    1.545
  ],
  [
    1388880000000,
    1.999
  ],
  [
    1388966400000,
    2.065
  ],
  [
    1389052800000,
    1.828
  ],
  [
    1389139200000,
    1.713
  ],
  [
    1389225600000,
    2.03
  ],
  [
    1389312000000,
    1.99
  ],
  [
    1389398400000,
    2.157
  ],
  [
    1389484800000,
    1.715
  ],
  [
    1389571200000,
    1.902
  ],
  [
    1389657600000,
    1.561
  ],
  [
    1389744000000,
    1.933
  ],
  [
    1389830400000,
    2.191
  ],
  [
    1389916800000,
    1.624
  ],
  [
    1390003200000,
    1.646
  ],
  [
    1390089600000,
    1.737
  ],
  [
    1390176000000,
    1.726
  ],
  [
    1390262400000,
    1.242
  ],
  [
    1390348800000,
    1.051
  ],
  [
    1390435200000,
    1.822
  ],
  [
    1390521600000,
    1.871
  ],
  [
    1390608000000,
    2.45
  ],
  [
    1390694400000,
    1.407
  ],
  [
    1390780800000,
    2.136
  ],
  [
    1390867200000,
    1.823
  ],
  [
    1390953600000,
    1.541
  ],
  [
    1391040000000,
    2.239
  ],
  [
    1391126400000,
    1.422
  ],
  [
    1391212800000,
    1.263
  ],
  [
    1391299200000,
    1.279
  ],
  [
    1391385600000,
    1.685
  ],
  [
    1391472000000,
    1.348
  ],
  [
    1391558400000,
    1.744
  ],
  [
    1391644800000,
    1.849
  ],
  [
    1391731200000,
    1.949
  ],
  [
    1391817600000,
    2.223
  ],
  [
    1391904000000,
    2.634
  ],
  [
    1391990400000,
    2.17
  ],
  [
    1392076800000,
    1.756
  ],
  [
    1392163200000,
    2.222
  ],
  [
    1392249600000,
    1.329
  ],
  [
    1392336000000,
    1.44
  ],
  [
    1392422400000,
    1.683
  ],
  [
    1392508800000,
    1.511
  ],
  [
    1392595200000,
    2.338
  ],
  [
    1392681600000,
    2.297
  ],
  [
    1392768000000,
    1.505
  ],
  [
    1392854400000,
    1.634
  ],
  [
    1392940800000,
    1.436
  ],
  [
    1393027200000,
    1.395
  ],
  [
    1393113600000,
    2.373
  ],
  [
    1393200000000,
    1.493
  ],
  [
    1393286400000,
    1.765
  ],
  [
    1393372800000,
    1.52
  ],
  [
    1393459200000,
    1.764
  ],
  [
    1393545600000,
    1.78
  ],
  [
    1393632000000,
    1.288
  ],
  [
    1393718400000,
    1.435
  ],
  [
    1393804800000,
    1.488
  ],
  [
    1393891200000,
    1.497
  ],
  [
    1393977600000,
    1.539
  ],
  [
    1394064000000,
    1.545
  ],
  [
    1394150400000,
    1.555
  ],
  [
    1394236800000,
    1.558
  ],
  [
    1394323200000,
    1.302
  ],
  [
    1394409600000,
    1.662
  ],
  [
    1394496000000,
    1.96
  ],
  [
    1394668800000,
    2.269
  ],
  [
    1394841600000,
    2.468
  ],
  [
    1394928000000,
    1.981
  ],
  [
    1395014400000,
    2.057
  ],
  [
    1395100800000,
    2.327
  ],
  [
    1395187200000,
    2.192
  ],
  [
    1395273600000,
    2.489
  ],
  [
    1395360000000,
    2.241
  ],
  [
    1395446400000,
    2.067
  ],
  [
    1395532800000,
    2.085
  ],
  [
    1395619200000,
    1.902
  ],
  [
    1395705600000,
    1.654
  ],
  [
    1395792000000,
    1.447
  ],
  [
    1395878400000,
    1.685
  ],
  [
    1395964800000,
    1.568
  ],
  [
    1396051200000,
    1.813
  ],
  [
    1396137600000,
    1.791
  ],
  [
    1396220400000,
    1.733
  ],
  [
    1396306800000,
    1.713
  ],
  [
    1396393200000,
    1.7
  ],
  [
    1396479600000,
    1.925
  ],
  [
    1396566000000,
    1.961
  ],
  [
    1396652400000,
    2.082
  ],
  [
    1396738800000,
    4.41
  ],
  [
    1396825200000,
    2.907
  ],
  [
    1396998000000,
    3.316
  ],
  [
    1397084400000,
    3.36
  ],
  [
    1397170800000,
    2.895
  ],
  [
    1397257200000,
    2.605
  ],
  [
    1397343600000,
    1.497
  ],
  [
    1397430000000,
    0.11
  ],
  [
    1397516400000,
    2.369
  ],
  [
    1397602800000,
    2.421
  ],
  [
    1397689200000,
    3.084
  ],
  [
    1397775600000,
    2.654
  ],
  [
    1397862000000,
    3.097
  ],
  [
    1397948400000,
    3.111
  ],
  [
    1398034800000,
    2.747
  ],
  [
    1398121200000,
    2.69
  ],
  [
    1398294000000,
    2.808
  ],
  [
    1398380400000,
    3.096
  ],
  [
    1398466800000,
    3.58
  ],
  [
    1398553200000,
    3.116
  ],
  [
    1398639600000,
    2.867
  ],
  [
    1398726000000,
    3.5
  ],
  [
    1398812400000,
    1.221
  ],
  [
    1398898800000,
    3.48
  ],
  [
    1398985200000,
    2.382
  ],
  [
    1399071600000,
    3.142
  ],
  [
    1399158000000,
    2.13
  ],
  [
    1399244400000,
    2.065
  ],
  [
    1399330800000,
    2.196
  ],
  [
    1399417200000,
    1.925
  ],
  [
    1399503600000,
    2.297
  ],
  [
    1399590000000,
    2.001
  ],
  [
    1399676400000,
    2.965
  ],
  [
    1399849200000,
    2.223
  ],
  [
    1399935600000,
    2.629
  ],
  [
    1400022000000,
    2.575
  ],
  [
    1400108400000,
    2.334
  ],
  [
    1400194800000,
    2.83
  ],
  [
    1400281200000,
    2.989
  ],
  [
    1400367600000,
    1.385
  ],
  [
    1400454000000,
    1.516
  ],
  [
    1400540400000,
    2.58
  ],
  [
    1400626800000,
    2.851
  ],
  [
    1400713200000,
    2.867
  ],
  [
    1400799600000,
    2.864
  ],
  [
    1400886000000,
    2.218
  ],
  [
    1400972400000,
    3.06
  ],
  [
    1401058800000,
    3.065
  ],
  [
    1401145200000,
    2.082
  ],
  [
    1401231600000,
    3.173
  ],
  [
    1401404400000,
    2.711
  ],
  [
    1401490800000,
    2.463
  ],
  [
    1401577200000,
    2.483
  ],
  [
    1401663600000,
    3.368
  ],
  [
    1401750000000,
    3.233
  ],
  [
    1401836400000,
    3.42
  ],
  [
    1401922800000,
    3.1
  ],
  [
    1402095600000,
    3.796
  ],
  [
    1402268400000,
    2.965
  ],
  [
    1402441200000,
    2.8
  ],
  [
    1402527600000,
    2.518
  ],
  [
    1402614000000,
    2.093
  ],
  [
    1402700400000,
    2.404
  ],
  [
    1402786800000,
    2.323
  ],
  [
    1402873200000,
    1.949
  ],
  [
    1402959600000,
    2.44
  ],
  [
    1403046000000,
    2
  ],
  [
    1403132400000,
    2.324
  ],
  [
    1403218800000,
    1.675
  ],
  [
    1403305200000,
    2.34
  ],
  [
    1403391600000,
    0.686
  ],
  [
    1403478000000,
    1.872
  ],
  [
    1403564400000,
    1.35
  ],
  [
    1403650800000,
    1.981
  ],
  [
    1403737200000,
    1.99
  ],
  [
    1403823600000,
    2.055
  ],
  [
    1403910000000,
    2.098
  ],
  [
    1403996400000,
    2.7
  ],
  [
    1404082800000,
    2.6
  ],
  [
    1404169200000,
    2.341
  ],
  [
    1404255600000,
    2.257
  ],
  [
    1404342000000,
    2.08
  ],
  [
    1404428400000,
    2
  ],
  [
    1404514800000,
    1.967
  ],
  [
    1404601200000,
    2.102
  ],
  [
    1404687600000,
    2.258
  ],
  [
    1404860400000,
    2.07
  ],
  [
    1404946800000,
    2.477
  ],
  [
    1405033200000,
    2.085
  ],
  [
    1405119600000,
    1.586
  ],
  [
    1405206000000,
    2.18
  ],
  [
    1405292400000,
    2.452
  ],
  [
    1405378800000,
    2.676
  ],
  [
    1405465200000,
    1.913
  ],
  [
    1405551600000,
    2.911
  ],
  [
    1405638000000,
    2.55
  ],
  [
    1405724400000,
    2.498
  ],
  [
    1405810800000,
    2.504
  ],
  [
    1405983600000,
    2.058
  ],
  [
    1406070000000,
    1.81
  ],
  [
    1406156400000,
    2.334
  ],
  [
    1406329200000,
    2.389
  ],
  [
    1406415600000,
    2.687
  ],
  [
    1406502000000,
    2.421
  ],
  [
    1406588400000,
    2.635
  ],
  [
    1406674800000,
    3.143
  ],
  [
    1406761200000,
    2.63
  ],
  [
    1406847600000,
    2.716
  ],
  [
    1406934000000,
    2.612
  ],
  [
    1407020400000,
    2.707
  ],
  [
    1407106800000,
    2.543
  ],
  [
    1407193200000,
    2.553
  ],
  [
    1407279600000,
    2.165
  ],
  [
    1407366000000,
    2.535
  ],
  [
    1407452400000,
    2.362
  ],
  [
    1407538800000,
    2.558
  ],
  [
    1407625200000,
    3.29
  ],
  [
    1407711600000,
    3.295
  ],
  [
    1407798000000,
    3.455
  ],
  [
    1407884400000,
    3.033
  ],
  [
    1407970800000,
    2.995
  ],
  [
    1408057200000,
    3.06
  ],
  [
    1408143600000,
    3.35
  ],
  [
    1408230000000,
    2.263
  ],
  [
    1408316400000,
    1.912
  ],
  [
    1408402800000,
    1.995
  ],
  [
    1408489200000,
    2.209
  ],
  [
    1408575600000,
    2.359
  ],
  [
    1408662000000,
    2.53
  ],
  [
    1408748400000,
    2.544
  ],
  [
    1408834800000,
    1.66
  ],
  [
    1408921200000,
    2.658
  ],
  [
    1409007600000,
    3.058
  ],
  [
    1409094000000,
    5.062
  ],
  [
    1409180400000,
    5.487
  ],
  [
    1409266800000,
    6.455
  ],
  [
    1409439600000,
    5
  ],
  [
    1409526000000,
    5.19
  ],
  [
    1409612400000,
    4.321
  ],
  [
    1409698800000,
    5.115
  ],
  [
    1409785200000,
    5.417
  ],
  [
    1409871600000,
    4.53
  ],
  [
    1409958000000,
    4.579
  ],
  [
    1410044400000,
    5.925
  ],
  [
    1410130800000,
    8.654
  ],
  [
    1410217200000,
    9.085
  ],
  [
    1410303600000,
    9.476
  ],
  [
    1410390000000,
    9.522
  ],
  [
    1410562800000,
    7.06
  ],
  [
    1410649200000,
    6.217
  ],
  [
    1410735600000,
    8.64
  ],
  [
    1410822000000,
    6.003
  ],
  [
    1410908400000,
    3.8
  ],
  [
    1410994800000,
    7.484
  ],
  [
    1411167600000,
    5.404
  ],
  [
    1411254000000,
    7.051
  ],
  [
    1411426800000,
    6.71
  ],
  [
    1411513200000,
    6.4
  ],
  [
    1411686000000,
    5.93
  ],
  [
    1411772400000,
    3.083
  ],
  [
    1411858800000,
    4.683
  ],
  [
    1411945200000,
    6.263
  ],
  [
    1412031600000,
    5.29
  ],
  [
    1412118000000,
    4.747
  ],
  [
    1412204400000,
    5.47
  ],
  [
    1412290800000,
    5.11
  ],
  [
    1412377200000,
    5.475
  ],
  [
    1412550000000,
    5.85
  ],
  [
    1412895600000,
    5.474
  ],
  [
    1412982000000,
    6.239
  ],
  [
    1413068400000,
    6.666
  ],
  [
    1413154800000,
    9.251
  ],
  [
    1413241200000,
    8.7
  ],
  [
    1413327600000,
    7.012
  ],
  [
    1413500400000,
    6.3
  ],
  [
    1413586800000,
    5.514
  ],
  [
    1413673200000,
    6.443
  ],
  [
    1413759600000,
    7.174
  ],
  [
    1413846000000,
    8.163
  ],
  [
    1413932400000,
    7.32
  ],
  [
    1414018800000,
    8.28
  ],
  [
    1414105200000,
    8.739
  ],
  [
    1414278000000,
    8.74
  ],
  [
    1414368000000,
    6.408
  ],
  [
    1414454400000,
    8.14
  ],
  [
    1414540800000,
    7.947
  ],
  [
    1414627200000,
    7.907
  ],
  [
    1414800000000,
    7.816
  ],
  [
    1414886400000,
    5.113
  ],
  [
    1414972800000,
    6.265
  ],
  [
    1415059200000,
    7.09
  ],
  [
    1415145600000,
    7.507
  ],
  [
    1415232000000,
    7.5
  ],
  [
    1415318400000,
    7.344
  ],
  [
    1415404800000,
    7.297
  ],
  [
    1415491200000,
    7.17
  ],
  [
    1415577600000,
    7.151
  ],
  [
    1415664000000,
    6.818
  ],
  [
    1415750400000,
    5.807
  ],
  [
    1415836800000,
    4.88
  ],
  [
    1416009600000,
    5.591
  ],
  [
    1416182400000,
    5.32
  ],
  [
    1416268800000,
    6.123
  ],
  [
    1416528000000,
    6.325
  ],
  [
    1416614400000,
    6.241
  ],
  [
    1416700800000,
    6.39
  ],
  [
    1416787200000,
    5.69
  ],
  [
    1416873600000,
    6.509
  ],
  [
    1416960000000,
    7.032
  ],
  [
    1417046400000,
    9.584
  ],
  [
    1417219200000,
    9.012
  ],
  [
    1417305600000,
    7.137
  ],
  [
    1417392000000,
    5.376
  ],
  [
    1417478400000,
    6.097
  ],
  [
    1417564800000,
    4.652
  ],
  [
    1417651200000,
    6.826
  ],
  [
    1417996800000,
    7.284
  ],
  [
    1418083200000,
    6.79
  ],
  [
    1418256000000,
    7.136
  ],
  [
    1418342400000,
    5.664
  ],
  [
    1418428800000,
    6.41
  ],
  [
    1418515200000,
    5.029
  ],
  [
    1418688000000,
    5.223
  ],
  [
    1418774400000,
    6.255
  ],
  [
    1418860800000,
    7.065
  ],
  [
    1418947200000,
    6.804
  ],
  [
    1419033600000,
    4.917
  ],
  [
    1419120000000,
    7.11
  ],
  [
    1419292800000,
    7.08
  ],
  [
    1419379200000,
    6.99
  ],
  [
    1419552000000,
    3.646
  ],
  [
    1419638400000,
    6.34
  ],
  [
    1419811200000,
    5.868
  ],
  [
    1419897600000,
    4.864
  ],
  [
    1419984000000,
    6.013
  ],
  [
    1420156800000,
    6.13
  ],
  [
    1420243200000,
    6.133
  ],
  [
    1420329600000,
    6.845
  ],
  [
    1420416000000,
    7.101
  ],
  [
    1420502400000,
    3.656
  ],
  [
    1420588800000,
    7.384
  ],
  [
    1420675200000,
    5.978
  ],
  [
    1420761600000,
    18.661
  ],
  [
    1420848000000,
    16.07
  ],
  [
    1421020800000,
    7.95
  ],
  [
    1421107200000,
    6.835
  ],
  [
    1421193600000,
    7.53
  ],
  [
    1421280000000,
    7.557
  ],
  [
    1421366400000,
    6.566
  ],
  [
    1421452800000,
    8.519
  ],
  [
    1421539200000,
    9.56
  ],
  [
    1421625600000,
    6.93
  ],
  [
    1421798400000,
    7.63
  ],
  [
    1421884800000,
    7.51
  ],
  [
    1422057600000,
    7.063
  ],
  [
    1422144000000,
    5.151
  ],
  [
    1422230400000,
    6.512
  ],
  [
    1422316800000,
    7.165
  ],
  [
    1422403200000,
    9.115
  ],
  [
    1422576000000,
    6.731
  ],
  [
    1422662400000,
    8.487
  ],
  [
    1422748800000,
    6.831
  ],
  [
    1422835200000,
    6.456
  ],
  [
    1422921600000,
    8.583
  ],
  [
    1423008000000,
    9.7
  ],
  [
    1423094400000,
    9.565
  ],
  [
    1423180800000,
    9.018
  ],
  [
    1423267200000,
    7.425
  ],
  [
    1423353600000,
    6
  ],
  [
    1423440000000,
    10.233
  ],
  [
    1423526400000,
    9.093
  ],
  [
    1423699200000,
    7.498
  ],
  [
    1423785600000,
    9.24
  ],
  [
    1423958400000,
    8.889
  ],
  [
    1424044800000,
    7.985
  ],
  [
    1424131200000,
    6.55
  ],
  [
    1424217600000,
    6.34
  ],
  [
    1424304000000,
    7.508
  ],
  [
    1424390400000,
    7.665
  ],
  [
    1424563200000,
    7.689
  ],
  [
    1424649600000,
    7.94
  ],
  [
    1424822400000,
    7.93
  ],
  [
    1424908800000,
    9.385
  ],
  [
    1425081600000,
    11.34
  ],
  [
    1425168000000,
    9.025
  ],
  [
    1425254400000,
    8.51
  ],
  [
    1425340800000,
    7.944
  ],
  [
    1425427200000,
    10.461
  ],
  [
    1425513600000,
    7.353
  ],
  [
    1425686400000,
    9
  ],
  [
    1425859200000,
    11.5
  ],
  [
    1425945600000,
    9.775
  ],
  [
    1426032000000,
    6.9
  ],
  [
    1426204800000,
    8.326
  ],
  [
    1426291200000,
    9.66
  ],
  [
    1426377600000,
    7.526
  ],
  [
    1426464000000,
    9.25
  ],
  [
    1426636800000,
    7.314
  ],
  [
    1426723200000,
    8
  ],
  [
    1426809600000,
    7.97
  ],
  [
    1426896000000,
    7.96
  ],
  [
    1426982400000,
    7.379
  ],
  [
    1427068800000,
    6.28
  ],
  [
    1427155200000,
    7.66
  ],
  [
    1427241600000,
    8.63
  ],
  [
    1427587200000,
    8.966
  ],
  [
    1427670000000,
    9.49
  ],
  [
    1427756400000,
    9.36
  ],
  [
    1427929200000,
    8.223
  ],
  [
    1428015600000,
    8.6
  ],
  [
    1428188400000,
    7.761
  ],
  [
    1428274800000,
    8.154
  ],
  [
    1428361200000,
    6.913
  ],
  [
    1428447600000,
    9.125
  ],
  [
    1428534000000,
    8.174
  ],
  [
    1428620400000,
    9.502
  ],
  [
    1428793200000,
    10.291
  ],
  [
    1428966000000,
    6.566
  ],
  [
    1429052400000,
    7.147
  ],
  [
    1429138800000,
    7.754
  ],
  [
    1429225200000,
    7.178
  ],
  [
    1429311600000,
    7.833
  ],
  [
    1429484400000,
    7.82
  ],
  [
    1429743600000,
    6.16
  ],
  [
    1429830000000,
    6.828
  ],
  [
    1429916400000,
    7.446
  ],
  [
    1430002800000,
    6.504
  ],
  [
    1430089200000,
    7.074
  ],
  [
    1430262000000,
    7.416
  ],
  [
    1430348400000,
    4.923
  ],
  [
    1430521200000,
    8.62
  ],
  [
    1430607600000,
    8.05
  ],
  [
    1430694000000,
    7.968
  ],
  [
    1430780400000,
    8.67
  ],
  [
    1430953200000,
    9.015
  ],
  [
    1431039600000,
    8.665
  ],
  [
    1431126000000,
    9.2
  ],
  [
    1431298800000,
    8.92
  ],
  [
    1431385200000,
    9.805
  ],
  [
    1431471600000,
    13.31
  ],
  [
    1431558000000,
    13.54
  ],
  [
    1431730800000,
    12.284
  ],
  [
    1432422000000,
    10.36
  ],
  [
    1432508400000,
    10.415
  ],
  [
    1432681200000,
    6.075
  ],
  [
    1432767600000,
    6.26
  ],
  [
    1432854000000,
    10.37
  ],
  [
    1432940400000,
    10.018
  ],
  [
    1433026800000,
    16.068
  ],
  [
    1433113200000,
    12.25
  ],
  [
    1433199600000,
    12.05
  ],
  [
    1433286000000,
    10.825
  ],
  [
    1433458800000,
    13.045
  ],
  [
    1433545200000,
    13
  ],
  [
    1433718000000,
    13.07
  ],
  [
    1433804400000,
    11.791
  ],
  [
    1433890800000,
    11.282
  ],
  [
    1433977200000,
    13.65
  ],
  [
    1434063600000,
    13.346
  ],
  [
    1434322800000,
    14.632
  ],
  [
    1434495600000,
    12.284
  ],
  [
    1434668400000,
    15.002
  ],
  [
    1434754800000,
    17.75
  ],
  [
    1434927600000,
    11.9
  ],
  [
    1435014000000,
    11.017
  ],
  [
    1435359600000,
    18.71
  ],
  [
    1435446000000,
    18.353
  ],
  [
    1435532400000,
    12.131
  ],
  [
    1435618800000,
    14.35
  ],
  [
    1435791600000,
    10.916
  ],
  [
    1435878000000,
    10.151
  ],
  [
    1435964400000,
    9.655
  ],
  [
    1436050800000,
    10.369
  ],
  [
    1436223600000,
    14.37
  ],
  [
    1436396400000,
    11.577
  ],
  [
    1436569200000,
    11.893
  ],
  [
    1436742000000,
    8.828
  ],
  [
    1436828400000,
    11.041
  ],
  [
    1437001200000,
    9.767
  ],
  [
    1437087600000,
    10.229
  ],
  [
    1437174000000,
    10.69
  ],
  [
    1437260400000,
    10.854
  ],
  [
    1437519600000,
    10.533
  ],
  [
    1437606000000,
    10.175
  ],
  [
    1437692400000,
    10.605
  ],
  [
    1437951600000,
    10.976
  ],
  [
    1438038000000,
    10.4
  ],
  [
    1438124400000,
    10.322
  ],
  [
    1438210800000,
    9.855
  ],
  [
    1438297200000,
    13.499
  ],
  [
    1438383600000,
    11.2
  ],
  [
    1438729200000,
    9.861
  ],
  [
    1439074800000,
    10.994
  ],
  [
    1439161200000,
    11.045
  ],
  [
    1439334000000,
    11.09
  ],
  [
    1439420400000,
    13.142
  ],
  [
    1439506800000,
    15.29
  ],
  [
    1439766000000,
    14.214
  ],
  [
    1440025200000,
    15.27
  ],
  [
    1440111600000,
    12.27
  ],
  [
    1440198000000,
    12.65
  ],
  [
    1440370800000,
    11.527
  ],
  [
    1440543600000,
    12.624
  ],
  [
    1440716400000,
    12.36
  ],
  [
    1440802800000,
    12.59
  ],
  [
    1440889200000,
    15.355
  ],
  [
    1441148400000,
    15.79
  ],
  [
    1441321200000,
    14.89
  ],
  [
    1441407600000,
    15.1
  ],
  [
    1441494000000,
    15.318
  ],
  [
    1441580400000,
    14.947
  ],
  [
    1441753200000,
    10.64
  ],
  [
    1441926000000,
    12.387
  ],
  [
    1442098800000,
    14.655
  ],
  [
    1442185200000,
    14.412
  ],
  [
    1442271600000,
    14.35
  ],
  [
    1442358000000,
    14.168
  ],
  [
    1442444400000,
    14.2
  ],
  [
    1442530800000,
    16.85
  ],
  [
    1442703600000,
    18.984
  ],
  [
    1442962800000,
    14.004
  ],
  [
    1443135600000,
    11.615
  ],
  [
    1443308400000,
    14.511
  ],
  [
    1443481200000,
    15.5
  ],
  [
    1443567600000,
    21.007
  ],
  [
    1443654000000,
    18.25
  ],
  [
    1443740400000,
    12.976
  ],
  [
    1443826800000,
    10.003
  ],
  [
    1443913200000,
    17.246
  ],
  [
    1444172400000,
    23.53
  ],
  [
    1444777200000,
    20.5
  ],
  [
    1445209200000,
    17.772
  ],
  [
    1445727600000,
    16.007
  ],
  [
    1445817600000,
    14.57
  ],
  [
    1445904000000,
    13.433
  ],
  [
    1445990400000,
    12.347
  ],
  [
    1446076800000,
    14
  ],
  [
    1446163200000,
    10.941
  ],
  [
    1446249600000,
    14.216
  ],
  [
    1446336000000,
    14.29
  ],
  [
    1446508800000,
    14.274
  ],
  [
    1446768000000,
    14.13
  ],
  [
    1446854400000,
    13.271
  ],
  [
    1447027200000,
    15
  ],
  [
    1447200000000,
    13.337
  ],
  [
    1447459200000,
    13.61
  ],
  [
    1447545600000,
    14.312
  ],
  [
    1447632000000,
    13.93
  ],
  [
    1447718400000,
    13.999
  ],
  [
    1447804800000,
    12.037
  ],
  [
    1447977600000,
    10.695
  ],
  [
    1448064000000,
    11.818
  ],
  [
    1448236800000,
    13.288
  ],
  [
    1448323200000,
    14.769
  ],
  [
    1448409600000,
    19.21
  ],
  [
    1448668800000,
    13.14
  ],
  [
    1448841600000,
    13.399
  ],
  [
    1448928000000,
    13.004
  ],
  [
    1449014400000,
    20.16
  ],
  [
    1449100800000,
    13.311
  ],
  [
    1449360000000,
    10.61
  ],
  [
    1449532800000,
    12.868
  ],
  [
    1449619200000,
    9.57
  ],
  [
    1449705600000,
    11.472
  ],
  [
    1449878400000,
    9.661
  ],
  [
    1450051200000,
    14.879
  ],
  [
    1450224000000,
    11.58
  ],
  [
    1450569600000,
    11.554
  ],
  [
    1450656000000,
    13.7
  ],
  [
    1450742400000,
    10.644
  ],
  [
    1450828800000,
    14.381
  ],
  [
    1451001600000,
    15.31
  ],
  [
    1451260800000,
    15.25
  ],
  [
    1451433600000,
    11.217
  ],
  [
    1451520000000,
    11.723
  ],
  [
    1451692800000,
    13.035
  ],
  [
    1451779200000,
    12.92
  ],
  [
    1451952000000,
    15.61
  ],
  [
    1452124800000,
    15.442
  ],
  [
    1452297600000,
    15.5
  ],
  [
    1452470400000,
    15.65
  ],
  [
    1452556800000,
    13.545
  ],
  [
    1452816000000,
    14.922
  ],
  [
    1452902400000,
    15.02
  ],
  [
    1452988800000,
    17.071
  ],
  [
    1453075200000,
    18.604
  ],
  [
    1453507200000,
    14.586
  ],
  [
    1453593600000,
    11.452
  ],
  [
    1453680000000,
    10.683
  ],
  [
    1453766400000,
    11.418
  ],
  [
    1453939200000,
    9.97
  ],
  [
    1454025600000,
    10.63
  ],
  [
    1454198400000,
    9.93
  ],
  [
    1454544000000,
    13
  ],
  [
    1454889600000,
    9.05
  ],
  [
    1455062400000,
    10.029
  ],
  [
    1455235200000,
    10.913
  ],
  [
    1455321600000,
    12.45
  ],
  [
    1455408000000,
    12.557
  ],
  [
    1455580800000,
    12.5
  ],
  [
    1455840000000,
    8.514
  ],
  [
    1455926400000,
    9.485
  ],
  [
    1456185600000,
    6.881
  ],
  [
    1456272000000,
    8.601
  ],
  [
    1456358400000,
    10.969
  ],
  [
    1456444800000,
    11.502
  ],
  [
    1456704000000,
    10.804
  ],
  [
    1456790400000,
    11.547
  ],
  [
    1456876800000,
    15.03
  ],
  [
    1456963200000,
    11.926
  ],
  [
    1457049600000,
    11.927
  ],
  [
    1457136000000,
    12.326
  ],
  [
    1457308800000,
    12.99
  ],
  [
    1457395200000,
    11.51
  ],
  [
    1457481600000,
    15.739
  ],
  [
    1457568000000,
    15.271
  ],
  [
    1457913600000,
    9.994
  ],
  [
    1458000000000,
    10.595
  ],
  [
    1458259200000,
    9.125
  ],
  [
    1458345600000,
    13.411
  ],
  [
    1458432000000,
    13.41
  ],
  [
    1458518400000,
    13.426
  ],
  [
    1458604800000,
    13.53
  ],
  [
    1458777600000,
    15.68
  ],
  [
    1458864000000,
    15.84
  ],
  [
    1459036800000,
    16.1
  ],
  [
    1459206000000,
    10.2
  ],
  [
    1459292400000,
    12.121
  ],
  [
    1459551600000,
    13.895
  ],
  [
    1459638000000,
    15.368
  ],
  [
    1460070000000,
    16.929
  ],
  [
    1460329200000,
    12.28
  ],
  [
    1460502000000,
    12.193
  ],
  [
    1460674800000,
    12.08
  ],
  [
    1460761200000,
    14.503
  ],
  [
    1460847600000,
    12.972
  ],
  [
    1460934000000,
    13.14
  ],
  [
    1461020400000,
    18.022
  ],
  [
    1461106800000,
    11.808
  ],
  [
    1461193200000,
    14.61
  ],
  [
    1461279600000,
    14.63
  ],
  [
    1461366000000,
    10.272
  ],
  [
    1461538800000,
    11.075
  ],
  [
    1461625200000,
    13.391
  ],
  [
    1461711600000,
    13.58
  ],
  [
    1461884400000,
    12.125
  ],
  [
    1462316400000,
    13.846
  ],
  [
    1462402800000,
    12.558
  ],
  [
    1462489200000,
    12.495
  ],
  [
    1462575600000,
    14.883
  ],
  [
    1462748400000,
    16.829
  ],
  [
    1462834800000,
    14.779
  ],
  [
    1463353200000,
    15.21
  ],
  [
    1463439600000,
    14.936
  ],
  [
    1463526000000,
    14.401
  ],
  [
    1463698800000,
    18.984
  ],
  [
    1463785200000,
    18.984
  ],
  [
    1464217200000,
    10.411
  ],
  [
    1464303600000,
    10.4
  ],
  [
    1464390000000,
    12.419
  ],
  [
    1464562800000,
    14.46
  ],
  [
    1464649200000,
    17.175
  ],
  [
    1464735600000,
    14.908
  ],
  [
    1464822000000,
    14.85
  ],
  [
    1464908400000,
    12.789
  ],
  [
    1464994800000,
    10.781
  ],
  [
    1465081200000,
    14.88
  ],
  [
    1465167600000,
    14.919
  ],
  [
    1465340400000,
    10.95
  ],
  [
    1465426800000,
    6.53
  ],
  [
    1465513200000,
    15.459
  ],
  [
    1465599600000,
    10.41
  ],
  [
    1465686000000,
    14.738
  ],
  [
    1465772400000,
    14.91
  ],
  [
    1465858800000,
    19.01
  ],
  [
    1466031600000,
    14.606
  ],
  [
    1466290800000,
    17.918
  ],
  [
    1466377200000,
    18.43
  ],
  [
    1466636400000,
    15.139
  ],
  [
    1466722800000,
    19.9
  ],
  [
    1466895600000,
    15.277
  ],
  [
    1467241200000,
    11.38
  ],
  [
    1467414000000,
    15.246
  ],
  [
    1467586800000,
    12.006
  ],
  [
    1467673200000,
    13.39
  ],
  [
    1468364400000,
    12.052
  ],
  [
    1468537200000,
    13.479
  ],
  [
    1468623600000,
    13.437
  ],
  [
    1468710000000,
    9.9
  ],
  [
    1468969200000,
    12.937
  ],
  [
    1469055600000,
    9.9
  ],
  [
    1469142000000,
    10.06
  ],
  [
    1469228400000,
    11.913
  ],
  [
    1469314800000,
    12.2
  ],
  [
    1469401200000,
    14.56
  ],
  [
    1469487600000,
    10.246
  ],
  [
    1469574000000,
    11.915
  ],
  [
    1469660400000,
    13.799
  ],
  [
    1469746800000,
    9.092
  ],
  [
    1469919600000,
    15.159
  ],
  [
    1470092400000,
    16.043
  ],
  [
    1470178800000,
    21.208
  ],
  [
    1470265200000,
    13.496
  ],
  [
    1470351600000,
    12.8
  ],
  [
    1470438000000,
    13.545
  ],
  [
    1470610800000,
    9.187
  ],
  [
    1471388400000,
    16.267
  ],
  [
    1471474800000,
    9.27
  ],
  [
    1472079600000,
    12.03
  ],
  [
    1472511600000,
    9.472
  ],
  [
    1473030000000,
    11.523
  ],
  [
    1473289200000,
    11.189
  ],
  [
    1473375600000,
    11.3
  ],
  [
    1473462000000,
    11.565
  ],
  [
    1473721200000,
    12.9
  ],
  [
    1473807600000,
    11.734
  ],
  [
    1473894000000,
    9.516
  ],
  [
    1474066800000,
    9.663
  ],
  [
    1474671600000,
    10.714
  ],
  [
    1474930800000,
    10.756
  ],
  [
    1475103600000,
    8.25
  ],
  [
    1475190000000,
    11.212
  ],
  [
    1475708400000,
    10.047
  ],
  [
    1475881200000,
    8.163
  ],
  [
    1476140400000,
    9.68
  ],
  [
    1476313200000,
    8.838
  ],
  [
    1476486000000,
    10.911
  ],
  [
    1476745200000,
    6.8
  ],
  [
    1477004400000,
    9.611
  ],
  [
    1477177200000,
    9.541
  ],
  [
    1477350000000,
    9.6
  ],
  [
    1477522800000,
    8.288
  ],
  [
    1478217600000,
    9.443
  ],
  [
    1478304000000,
    9.03
  ],
  [
    1478390400000,
    7.49
  ],
  [
    1478476800000,
    9.04
  ],
  [
    1479081600000,
    8.17
  ],
  [
    1479600000000,
    8.5
  ],
  [
    1479945600000,
    6.678
  ],
  [
    1480291200000,
    10.461
  ],
  [
    1480377600000,
    10.195
  ],
  [
    1480464000000,
    11.858
  ],
  [
    1480550400000,
    14.672
  ],
  [
    1480636800000,
    18.71
  ],
  [
    1480723200000,
    17.77
  ],
  [
    1480809600000,
    17.057
  ],
  [
    1480896000000,
    20.505
  ],
  [
    1480982400000,
    8.89
  ],
  [
    1481068800000,
    16.116
  ],
  [
    1481155200000,
    9.095
  ],
  [
    1481328000000,
    9.723
  ],
  [
    1481414400000,
    11.13
  ],
  [
    1481587200000,
    11.126
  ],
  [
    1481673600000,
    8.11
  ],
  [
    1481932800000,
    11.994
  ],
  [
    1482019200000,
    8.75
  ],
  [
    1482192000000,
    9.156
  ],
  [
    1482451200000,
    10.81
  ],
  [
    1482537600000,
    10.81
  ],
  [
    1482624000000,
    10.925
  ],
  [
    1482710400000,
    13.93
  ],
  [
    1482796800000,
    14.69
  ],
  [
    1482883200000,
    15.34
  ],
  [
    1482969600000,
    16.94
  ],
  [
    1483142400000,
    12
  ],
  [
    1483228800000,
    17.253
  ],
  [
    1483315200000,
    27.939
  ],
  [
    1483488000000,
    23.665
  ],
  [
    1483574400000,
    21.702
  ],
  [
    1483660800000,
    25.96
  ],
  [
    1483833600000,
    27.573
  ],
  [
    1483920000000,
    24.065
  ],
  [
    1484006400000,
    27.488
  ],
  [
    1484092800000,
    33.004
  ],
  [
    1484179200000,
    30.18
  ],
  [
    1484265600000,
    33.01
  ],
  [
    1484352000000,
    33.589
  ],
  [
    1484524800000,
    19.9
  ],
  [
    1484611200000,
    24.99
  ],
  [
    1484956800000,
    38.976
  ],
  [
    1485043200000,
    39.92
  ],
  [
    1485129600000,
    39.75
  ],
  [
    1485216000000,
    49.42
  ],
  [
    1485302400000,
    41.61
  ],
  [
    1485388800000,
    42.18
  ],
  [
    1485475200000,
    32.021
  ],
  [
    1485561600000,
    34.2
  ],
  [
    1485820800000,
    52.285
  ],
  [
    1485907200000,
    32.225
  ],
  [
    1486080000000,
    43.525
  ],
  [
    1486598400000,
    57.98
  ],
  [
    1486684800000,
    56
  ],
  [
    1486857600000,
    61.66
  ],
  [
    1486944000000,
    82.61
  ],
  [
    1487030400000,
    95.82
  ],
  [
    1487116800000,
    106.91
  ],
  [
    1487203200000,
    132.11
  ],
  [
    1487289600000,
    168.25
  ],
  [
    1487462400000,
    196.44
  ],
  [
    1487548800000,
    213.56
  ],
  [
    1487721600000,
    223
  ],
  [
    1487894400000,
    274.75
  ],
  [
    1487980800000,
    209.095
  ],
  [
    1488153600000,
    363.33
  ],
  [
    1488412800000,
    399.54
  ],
  [
    1488499200000,
    79
  ],
  [
    1488585600000,
    389.39
  ],
  [
    1488758400000,
    400
  ],
  [
    1488844800000,
    388.41
  ],
  [
    1489017600000,
    400
  ],
  [
    1489104000000,
    400
  ],
  [
    1489190400000,
    379.08
  ],
  [
    1489276800000,
    400
  ],
  [
    1489363200000,
    106.475
  ],
  [
    1489449600000,
    114.78
  ],
  [
    1489795200000,
    99.24
  ],
  [
    1489968000000,
    96.643
  ],
  [
    1490313600000,
    90.307
  ],
  [
    1492038000000,
    85.014
  ],
  [
    1492124400000,
    93.838
  ],
  [
    1492642800000,
    84.51
  ],
  [
    1492902000000,
    29.99
  ],
  [
    1493074800000,
    400
  ],
  [
    1493161200000,
    400
  ],
  [
    1493679600000,
    46.831
  ],
  [
    1493852400000,
    74.99
  ],
  [
    1494025200000,
    65.784
  ],
  [
    1494284400000,
    400
  ],
  [
    1494370800000,
    400
  ],
  [
    1494457200000,
    400
  ],
  [
    1494543600000,
    74.82
  ],
  [
    1494802800000,
    98.72
  ],
  [
    1495407600000,
    94.802
  ],
  [
    1495494000000,
    107.353
  ],
  [
    1495839600000,
    100
  ],
  [
    1496012400000,
    106.005
  ],
  [
    1496185200000,
    74.75
  ],
  [
    1496703600000,
    73.788
  ],
  [
    1496876400000,
    98.6
  ],
  [
    1497308400000,
    95.13
  ],
  [
    1497567600000,
    241
  ],
  [
    1497654000000,
    248.182
  ],
  [
    1497740400000,
    399
  ],
  [
    1497999600000,
    98.143
  ],
  [
    1498086000000,
    105.76
  ],
  [
    1498518000000,
    84.748
  ],
  [
    1498604400000,
    100.98
  ],
  [
    1499036400000,
    82.64
  ],
  [
    1499468400000,
    85.939
  ],
  [
    1499641200000,
    86.424
  ],
  [
    1499814000000,
    79.72
  ],
  [
    1499986800000,
    80.958
  ],
  [
    1500073200000,
    400
  ],
  [
    1500159600000,
    297.193
  ],
  [
    1500246000000,
    400
  ],
  [
    1500505200000,
    92.618
  ],
  [
    1500678000000,
    115.586
  ],
  [
    1501110000000,
    100.407
  ],
  [
    1501714800000,
    101.06
  ],
  [
    1501887600000,
    120.6
  ],
  [
    1501974000000,
    119.429
  ],
  [
    1502060400000,
    106.83
  ],
  [
    1502578800000,
    55.234
  ],
  [
    1502751600000,
    400
  ],
  [
    1503961200000,
    85.99
  ],
  [
    1504911600000,
    115
  ],
  [
    1505689200000,
    98.631
  ],
  [
    1505862000000,
    88.459
  ],
  [
    1506294000000,
    137.972
  ],
  [
    1506898800000,
    400
  ],
  [
    1507158000000,
    88.004
  ],
  [
    1508799600000,
    82.421
  ],
  [
    1509494400000,
    400
  ],
  [
    1509580800000,
    400
  ],
  [
    1510185600000,
    400
  ],
  [
    1511568000000,
    72.591
  ],
  [
    1512000000000,
    73.75
  ],
  [
    1513296000000,
    73.995
  ],
  [
    1514073600000,
    71.948
  ],
  [
    1515110400000,
    86.981
  ],
  [
    1515196800000,
    72.1
  ],
  [
    1516492800000,
    75.04
  ],
  [
    1517616000000,
    66.367
  ],
  [
    1518134400000,
    79.603
  ],
  [
    1518220800000,
    79.59
  ],
  [
    1518825600000,
    63.53
  ],
  [
    1519257600000,
    67.069
  ],
  [
    1519516800000,
    70.53
  ],
  [
    1520035200000,
    80.03
  ],
  [
    1520467200000,
    89.93
  ],
  [
    1521331200000,
    74.255
  ],
  [
    1523055600000,
    48.101
  ],
  [
    1523487600000,
    60.018
  ],
  [
    1523919600000,
    99.04
  ],
  [
    1524783600000,
    71.938
  ],
  [
    1525820400000,
    58.691
  ],
  [
    1525993200000,
    68.563
  ],
  [
    1526684400000,
    92.349
  ],
  [
    1529794800000,
    51.59
  ],
  [
    1530658800000,
    61.475
  ],
  [
    1531263600000,
    60.006
  ],
  [
    1531522800000,
    72.463
  ],
  [
    1532559600000,
    67.09
  ],
  [
    1533164400000,
    54.869
  ],
  [
    1533510000000,
    52.465
  ],
  [
    1533942000000,
    51.54
  ],
  [
    1534633200000,
    43.936
  ],
  [
    1534806000000,
    66.836
  ],
  [
    1535238000000,
    51.49
  ],
  [
    1535756400000,
    40.125
  ],
  [
    1536361200000,
    46.881
  ],
  [
    1536620400000,
    40.577
  ],
  [
    1536793200000,
    37.067
  ],
  [
    1537657200000,
    41.05
  ],
  [
    1540162800000,
    34.489
  ],
  [
    1540508400000,
    33.732
  ],
  [
    1540594800000,
    44.244
  ],
  [
    1541030400000,
    44.098
  ],
  [
    1541116800000,
    33.783
  ],
  [
    1545264000000,
    25.107
  ],
  [
    1546905600000,
    20.02
  ],
  [
    1547337600000,
    23.501
  ],
  [
    1547424000000,
    13.74
  ],
  [
    1548201600000,
    24.05
  ],
  [
    1548374400000,
    24.371
  ],
  [
    1548460800000,
    26.134
  ],
  [
    1549584000000,
    22.727
  ],
  [
    1549670400000,
    24.55
  ],
  [
    1551484800000,
    22.988
  ],
  [
    1551571200000,
    23.647
  ],
  [
    1551830400000,
    21.567
  ],
  [
    1552694400000,
    22.22
  ],
  [
    1553299200000,
    16.703
  ],
  [
    1553385600000,
    27.48
  ],
  [
    1553472000000,
    21.125
  ],
  [
    1553731200000,
    16.598
  ],
  [
    1553990400000,
    18.003
  ],
  [
    1555110000000,
    16.086
  ],
  [
    1555196400000,
    19.98
  ],
  [
    1555628400000,
    21.2
  ],
  [
    1555887600000,
    15.79
  ],
  [
    1557529200000,
    15.8
  ],
  [
    1557702000000,
    17.968
  ],
  [
    1558134000000,
    15.18
  ],
  [
    1559689200000,
    18.763
  ],
  [
    1559775600000,
    18.63
  ],
  [
    1559862000000,
    17.636
  ],
  [
    1560466800000,
    18.638
  ],
  [
    1560812400000,
    14.231
  ],
  [
    1561071600000,
    13.938
  ],
  [
    1562022000000,
    19.207
  ],
  [
    1564614000000,
    18.476
  ],
  [
    1564873200000,
    18.391
  ],
  [
    1565305200000,
    43.704
  ],
  [
    1565564400000,
    20.746
  ],
  [
    1567983600000,
    23.36
  ],
  [
    1568415600000,
    12.109
  ],
  [
    1568674800000,
    24.061
  ],
  [
    1569279600000,
    14.38
  ],
  [
    1570489200000,
    21.936
  ],
  [
    1570921200000,
    25.24
  ],
  [
    1571526000000,
    16.928
  ],
  [
    1572912000000,
    25.22
  ],
  [
    1573344000000,
    28.732
  ],
  [
    1573776000000,
    21.707
  ],
  [
    1574899200000,
    19.29
  ],
  [
    1575158400000,
    35.15
  ],
  [
    1575417600000,
    17.791
  ],
  [
    1575590400000,
    29.01
  ],
  [
    1576195200000,
    30.084
  ],
  [
    1578182400000,
    39.99
  ],
  [
    1578614400000,
    28.823
  ],
  [
    1578700800000,
    37.711
  ],
  [
    1578787200000,
    45.011
  ],
  [
    1578873600000,
    44.32
  ],
  [
    1579910400000,
    24.257
  ],
  [
    1580428800000,
    34.01
  ],
  [
    1580774400000,
    49.666
  ],
  [
    1581120000000,
    27.838
  ],
  [
    1582502400000,
    24.357
  ],
  [
    1582588800000,
    24.5
  ],
  [
    1584316800000,
    26.116
  ],
  [
    1585267200000,
    32.664
  ],
  [
    1585695600000,
    24.608
  ],
  [
    1588374000000,
    31.142
  ],
  [
    1588460400000,
    31.666
  ],
  [
    1588546800000,
    51.55
  ],
  [
    1588892400000,
    24.49
  ],
  [
    1590534000000,
    49.392
  ],
  [
    1592175600000,
    53.072
  ],
  [
    1593558000000,
    56.065
  ],
  [
    1594681200000,
    21.524
  ],
  [
    1595977200000,
    20.687
  ],
  [
    1596668400000,
    43.39
  ],
  [
    1598137200000,
    239.183
  ],
  [
    1599001200000,
    142.726
  ],
  [
    1599692400000,
    40.846
  ],
  [
    1600297200000,
    24.828
  ],
  [
    1603494000000,
    25.14
  ],
  [
    1604448000000,
    23.888
  ],
  [
    1604793600000,
    29.61
  ],
  [
    1605484800000,
    26.126
  ],
  [
    1606867200000,
    34.8
  ],
  [
    1607558400000,
    23.931
  ],
  [
    1607731200000,
    23.372
  ],
  [
    1608163200000,
    31.036
  ],
  [
    1608249600000,
    19.03
  ],
  [
    1609804800000,
    20.709
  ],
  [
    1610409600000,
    24.836
  ],
  [
    1610582400000,
    24.921
  ],
  [
    1611532800000,
    20.504
  ],
  [
    1611792000000,
    39
  ],
  [
    1612396800000,
    22.851
  ],
  [
    1613001600000,
    22.85
  ],
  [
    1614729600000,
    19.963
  ],
  [
    1615852800000,
    32.2
  ],
  [
    1617231600000,
    21.242
  ],
  [
    1617663600000,
    30.15
  ],
  [
    1618009200000,
    28.183
  ],
  [
    1618095600000,
    17.365
  ],
  [
    1619046000000,
    21.82
  ],
  [
    1619132400000,
    28.84
  ],
  [
    1620428400000,
    30.253
  ],
  [
    1620946800000,
    29.38
  ],
  [
    1621465200000,
    21.572
  ],
  [
    1621810800000,
    19.4
  ],
  [
    1622156400000,
    26.12
  ],
  [
    1622674800000,
    28.532
  ],
  [
    1622847600000,
    29.961
  ],
  [
    1623106800000,
    25.5
  ],
  [
    1623452400000,
    21.252
  ],
  [
    1623538800000,
    29.11
  ],
  [
    1623884400000,
    124.775
  ],
  [
    1623970800000,
    119.32
  ],
  [
    1624230000000,
    26.36
  ],
  [
    1625612400000,
    29.091
  ],
  [
    1625698800000,
    38.513
  ],
  [
    1626562800000,
    26.082
  ],
  [
    1627426800000,
    28.035
  ],
  [
    1629154800000,
    24.964
  ],
  [
    1630364400000,
    21.469
  ],
  [
    1631574000000,
    21.13
  ],
  [
    1631833200000,
    20.3
  ],
  [
    1632351600000,
    19.75
  ],
  [
    1632438000000,
    21.319
  ],
  [
    1633042800000,
    16.799
  ],
  [
    1633561200000,
    15.018
  ],
  [
    1633906800000,
    15.169
  ],
  [
    1633993200000,
    19.93
  ],
  [
    1634252400000,
    24.785
  ],
  [
    1635202800000,
    24.54
  ],
  [
    1635289200000,
    15.5
  ],
  [
    1635548400000,
    15.16
  ],
  [
    1635811200000,
    15.189
  ],
  [
    1636070400000,
    13.896
  ],
  [
    1636243200000,
    13.862
  ],
  [
    1637020800000,
    19.18
  ],
  [
    1637712000000,
    19.15
  ],
  [
    1637971200000,
    12.975
  ],
  [
    1638230400000,
    16.074
  ],
  [
    1638403200000,
    17.009
  ],
  [
    1638489600000,
    14.271
  ],
  [
    1638576000000,
    19.399
  ],
  [
    1639094400000,
    15.882
  ],
  [
    1639440000000,
    17.188
  ],
  [
    1639785600000,
    15.36
  ],
  [
    1639958400000,
    19.45
  ],
  [
    1640995200000,
    16.13
  ],
  [
    1641168000000,
    16.119
  ],
  [
    1641254400000,
    16.41
  ],
  [
    1641427200000,
    16.465
  ],
  [
    1641600000000,
    16.47
  ],
  [
    1641686400000,
    16.46
  ],
  [
    1642118400000,
    20.657
  ],
  [
    1642291200000,
    17.226
  ],
  [
    1642550400000,
    17.008
  ],
  [
    1642636800000,
    18.404
  ],
  [
    1642723200000,
    17.268
  ],
  [
    1642809600000,
    20.27
  ],
  [
    1642896000000,
    18.081
  ],
  [
    1642982400000,
    16.74
  ],
  [
    1643155200000,
    16.47
  ],
  [
    1643241600000,
    16.529
  ],
  [
    1643328000000,
    19.001
  ],
  [
    1643414400000,
    16.764
  ],
  [
    1643500800000,
    16.055
  ],
  [
    1643587200000,
    16.098
  ],
  [
    1643673600000,
    16.134
  ],
  [
    1643760000000,
    19.211
  ],
  [
    1643932800000,
    16.48
  ],
  [
    1644019200000,
    16.454
  ],
  [
    1644796800000,
    16.858
  ],
  [
    1644969600000,
    16.913
  ],
  [
    1645056000000,
    16.92
  ],
  [
    1645488000000,
    17.582
  ],
  [
    1645660800000,
    17.233
  ],
  [
    1645920000000,
    17.235
  ],
  [
    1646092800000,
    16.995
  ],
  [
    1646179200000,
    17.271
  ],
  [
    1646352000000,
    20.954
  ],
  [
    1646524800000,
    15.613
  ],
  [
    1646697600000,
    15.789
  ],
  [
    1646784000000,
    15.802
  ],
  [
    1646870400000,
    18.266
  ],
  [
    1647043200000,
    13.3
  ],
  [
    1647216000000,
    17.677
  ],
  [
    1647561600000,
    18.9
  ],
  [
    1647907200000,
    13.757
  ],
  [
    1647993600000,
    88.788
  ],
  [
    1648339200000,
    12.615
  ],
  [
    1648422000000,
    14.38
  ],
  [
    1648594800000,
    17.483
  ],
  [
    1648767600000,
    19.079
  ],
  [
    1648854000000,
    16.043
  ],
  [
    1648940400000,
    14.38
  ],
  [
    1649545200000,
    13.38
  ],
  [
    1650150000000,
    19.57
  ],
  [
    1650236400000,
    17.943
  ],
  [
    1650322800000,
    16.07
  ],
  [
    1651359600000,
    14.75
  ],
  [
    1652223600000,
    13.075
  ],
  [
    1652655600000,
    13.94
  ],
  [
    1652828400000,
    13.2
  ],
  [
    1653174000000,
    16.588
  ],
  [
    1653260400000,
    13.109
  ],
  [
    1653519600000,
    15.851
  ],
  [
    1653606000000,
    13.75
  ],
  [
    1653951600000,
    15.044
  ],
  [
    1654038000000,
    13.82
  ],
  [
    1654124400000,
    13.4
  ],
  [
    1654642800000,
    13.8
  ],
  [
    1654902000000,
    13.7
  ],
  [
    1655247600000,
    13.41
  ],
  [
    1655852400000,
    17.856
  ],
  [
    1656111600000,
    11.041
  ],
  [
    1656457200000,
    13.45
  ],
  [
    1656630000000,
    13.22
  ],
  [
    1656716400000,
    10.867
  ],
  [
    1656975600000,
    17.825
  ],
  [
    1657494000000,
    10.93
  ],
  [
    1658012400000,
    14.9
  ],
  [
    1659135600000,
    10.938
  ],
  [
    1659481200000,
    11.75
  ],
  [
    1659654000000,
    10.207
  ],
  [
    1659740400000,
    33.358
  ],
  [
    1660086000000,
    11.014
  ],
  [
    1660172400000,
    11.376
  ],
  [
    1660258800000,
    11.462
  ],
  [
    1660690800000,
    9.93
  ],
  [
    1660777200000,
    9.52
  ],
  [
    1660863600000,
    15.989
  ],
  [
    1661209200000,
    14.536
  ],
  [
    1661295600000,
    10.32
  ],
  [
    1661468400000,
    12.247
  ],
  [
    1661641200000,
    10.528
  ],
  [
    1661814000000,
    9.47
  ],
  [
    1661986800000,
    13.723
  ],
  [
    1662073200000,
    13.744
  ],
  [
    1662159600000,
    9.761
  ],
  [
    1662418800000,
    17.886
  ],
  [
    1662764400000,
    12.414
  ],
  [
    1662850800000,
    23.141
  ],
  [
    1663542000000,
    16.033
  ],
  [
    1663801200000,
    10.736
  ],
  [
    1663887600000,
    10.164
  ],
  [
    1664146800000,
    11.017
  ],
  [
    1664492400000,
    9.4
  ],
  [
    1664665200000,
    8.968
  ],
  [
    1664751600000,
    9.05
  ],
  [
    1664838000000,
    9.764
  ],
  [
    1665270000000,
    10.96
  ],
  [
    1665615600000,
    9.743
  ],
  [
    1665788400000,
    9.789
  ],
  [
    1666393200000,
    9.84
  ],
  [
    1667260800000,
    9
  ],
  [
    1667433600000,
    8.843
  ],
  [
    1667606400000,
    11.56
  ],
  [
    1667952000000,
    8.968
  ],
  [
    1668124800000,
    7.937
  ],
  [
    1668211200000,
    9.904
  ],
  [
    1668384000000,
    8.059
  ],
  [
    1668470400000,
    8.062
  ],
  [
    1668729600000,
    9.738
  ],
  [
    1668902400000,
    10.71
  ],
  [
    1669075200000,
    8.7
  ],
  [
    1669161600000,
    11.5
  ],
  [
    1669248000000,
    8.48
  ],
  [
    1669593600000,
    12.004
  ],
  [
    1669766400000,
    8.009
  ],
  [
    1670112000000,
    15.181
  ],
  [
    1670198400000,
    15.877
  ],
  [
    1671062400000,
    9.23
  ],
  [
    1671235200000,
    14.514
  ],
  [
    1671321600000,
    11.89
  ],
  [
    1671580800000,
    8.78
  ],
  [
    1671926400000,
    9.13
  ],
  [
    1672099200000,
    9.24
  ],
  [
    1672358400000,
    8.717
  ],
  [
    1672790400000,
    8.8
  ],
  [
    1672963200000,
    10.435
  ],
  [
    1673308800000,
    12.202
  ],
  [
    1673740800000,
    9.05
  ],
  [
    1673913600000,
    9.06
  ],
  [
    1674259200000,
    33.357
  ],
  [
    1674432000000,
    11.123
  ],
  [
    1674518400000,
    8.71
  ],
  [
    1674604800000,
    8.71
  ],
  [
    1674691200000,
    11.143
  ],
  [
    1674950400000,
    11.07
  ],
  [
    1675209600000,
    8.671
  ],
  [
    1675382400000,
    10.994
  ],
  [
    1675641600000,
    10.78
  ],
  [
    1675814400000,
    10.62
  ],
  [
    1676592000000,
    8.57
  ],
  [
    1676678400000,
    10.588
  ],
  [
    1676851200000,
    9.427
  ],
  [
    1677196800000,
    9.379
  ],
  [
    1677283200000,
    30.617
  ],
  [
    1677369600000,
    9.046
  ],
  [
    1677456000000,
    10.605
  ],
  [
    1677542400000,
    8.929
  ],
  [
    1677715200000,
    8.629
  ],
  [
    1677801600000,
    10.06
  ],
  [
    1678406400000,
    8.456
  ],
  [
    1678579200000,
    10.695
  ],
  [
    1678838400000,
    26.63
  ],
  [
    1679011200000,
    13.014
  ],
  [
    1679356800000,
    10.766
  ],
  [
    1679443200000,
    10.62
  ],
  [
    1679702400000,
    11.117
  ],
  [
    1680044400000,
    12.88
  ],
  [
    1680130800000,
    9.75
  ],
  [
    1680303600000,
    9.286
  ],
  [
    1680908400000,
    9.78
  ],
  [
    1680994800000,
    10.854
  ],
  [
    1681340400000,
    10.708
  ],
  [
    1681426800000,
    10.41
  ],
  [
    1681858800000,
    11.19
  ],
  [
    1681945200000,
    12.022
  ],
  [
    1682031600000,
    11.813
  ],
  [
    1682118000000,
    15.922
  ],
  [
    1682377200000,
    11.615
  ],
  [
    1682463600000,
    10.657
  ],
  [
    1682722800000,
    11.141
  ],
  [
    1682809200000,
    12.572
  ],
  [
    1683327600000,
    9.192
  ],
  [
    1683414000000,
    11.025
  ],
  [
    1683586800000,
    12.84
  ],
  [
    1684018800000,
    16.585
  ],
  [
    1684105200000,
    16.564
  ],
  [
    1684278000000,
    11.42
  ],
  [
    1684537200000,
    12.499
  ],
  [
    1684623600000,
    10.81
  ],
  [
    1684710000000,
    11.235
  ],
  [
    1684969200000,
    13.5
  ],
  [
    1685314800000,
    11.53
  ],
  [
    1685401200000,
    12
  ],
  [
    1685574000000,
    11.55
  ],
  [
    1685746800000,
    12.513
  ],
  [
    1685919600000,
    14.398
  ],
  [
    1686006000000,
    13.722
  ],
  [
    1686092400000,
    13.91
  ],
  [
    1686178800000,
    13.753
  ],
  [
    1686265200000,
    12.765
  ],
  [
    1686524400000,
    16.95
  ],
  [
    1686610800000,
    15.343
  ],
  [
    1686783600000,
    14.17
  ],
  [
    1686870000000,
    15.38
  ],
  [
    1687129200000,
    14.783
  ],
  [
    1687215600000,
    17.915
  ],
  [
    1687474800000,
    18.71
  ],
  [
    1688511600000,
    16.062
  ],
  [
    1689634800000,
    17.2
  ],
  [
    1690498800000,
    12.14
  ],
  [
    1690758000000,
    14.171
  ],
  [
    1691622000000,
    13.19
  ],
  [
    1691708400000,
    16.055
  ],
  [
    1691794800000,
    16.04
  ],
  [
    1691881200000,
    13.17
  ],
  [
    1692658800000,
    10.008
  ],
  [
    1692831600000,
    15.188
  ],
  [
    1692918000000,
    14.572
  ],
  [
    1693954800000,
    19.336
  ],
  [
    1694214000000,
    19.976
  ],
  [
    1694818800000,
    30.2
  ],
  [
    1696201200000,
    19.411
  ],
  [
    1696806000000,
    25.747
  ],
  [
    1697065200000,
    17.11
  ],
  [
    1697238000000,
    18.893
  ],
  [
    1697497200000,
    17.91
  ],
  [
    1698015600000,
    20.257
  ],
  [
    1698102000000,
    19.73
  ],
  [
    1698274800000,
    19.75
  ],
  [
    1698534000000,
    20.344
  ],
  [
    1698796800000,
    17.15
  ],
  [
    1698883200000,
    24.668
  ],
  [
    1699056000000,
    16.58
  ],
  [
    1699228800000,
    20.39
  ],
  [
    1699401600000,
    18.065
  ],
  [
    1699488000000,
    20.216
  ],
  [
    1700092800000,
    16.8
  ],
  [
    1700438400000,
    153.11
  ],
  [
    1700784000000,
    20.74
  ],
  [
    1701216000000,
    16.655
  ],
  [
    1701388800000,
    16.62
  ],
  [
    1701993600000,
    19
  ],
  [
    1703635200000,
    12.052
  ],
  [
    1703980800000,
    12.25
  ],
  [
    1704585600000,
    18.411
  ],
  [
    1705276800000,
    16.467
  ],
  [
    1705536000000,
    21.691
  ],
  [
    1706054400000,
    19.133
  ],
  [
    1706227200000,
    16.297
  ],
  [
    1706313600000,
    16.449
  ],
  [
    1706745600000,
    16.62
  ],
  [
    1707004800000,
    16.76
  ],
  [
    1707091200000,
    18.915
  ],
  [
    1707609600000,
    17.244
  ],
  [
    1707782400000,
    16.59
  ],
  [
    1707868800000,
    14.064
  ],
  [
    1708041600000,
    21.466
  ],
  [
    1708387200000,
    21.55
  ],
  [
    1708560000000,
    13.94
  ],
  [
    1708732800000,
    13.13
  ],
  [
    1709078400000,
    12
  ],
  [
    1709424000000,
    15.533
  ],
  [
    1709510400000,
    14.829
  ],
  [
    1709596800000,
    13.47
  ],
  [
    1709769600000,
    16.658
  ],
  [
    1710028800000,
    14.4
  ],
  [
    1710201600000,
    15.435
  ],
  [
    1710460800000,
    21.139
  ],
  [
    1710633600000,
    18.481
  ],
  [
    1711238400000,
    20.89
  ],
  [
    1711756800000,
    20.139
  ],
  [
    1712271600000,
    21.66
  ],
  [
    1712358000000,
    18.31
  ],
  [
    1712444400000,
    21.68
  ],
  [
    1713567600000,
    27.57
  ],
  [
    1713740400000,
    18.28
  ],
  [
    1714950000000,
    18.29
  ],
  [
    1715036400000,
    24.75
  ],
  [
    1715295600000,
    25.009
  ],
  [
    1715554800000,
    25.012
  ],
  [
    1715814000000,
    25.51
  ],
  [
    1715900400000,
    28.69
  ],
  [
    1716750000000,
    37.28
  ],
  [
    1716951600000,
    30.19
  ],
  [
    1717077600000,
    48.748
  ],
  [
    1717207200000,
    54.32
  ]
]