[
  [
    1574121600000,
    0.173
  ],
  [
    1574208000000,
    0.182
  ],
  [
    1574294400000,
    0.208
  ],
  [
    1574380800000,
    0.222
  ],
  [
    1574467200000,
    0.225
  ],
  [
    1574553600000,
    0.223
  ],
  [
    1574640000000,
    0.186
  ],
  [
    1574726400000,
    0.212
  ],
  [
    1574812800000,
    0.192
  ],
  [
    1574899200000,
    0.201
  ],
  [
    1574985600000,
    0.226
  ],
  [
    1575072000000,
    0.251
  ],
  [
    1575158400000,
    0.29
  ],
  [
    1575244800000,
    0.25
  ],
  [
    1575331200000,
    0.293
  ],
  [
    1575417600000,
    0.234
  ],
  [
    1575504000000,
    0.225
  ],
  [
    1575590400000,
    0.226
  ],
  [
    1575676800000,
    0.251
  ],
  [
    1575763200000,
    0.259
  ],
  [
    1575849600000,
    0.274
  ],
  [
    1575936000000,
    0.312
  ],
  [
    1576022400000,
    0.286
  ],
  [
    1576108800000,
    0.278
  ],
  [
    1576195200000,
    0.282
  ],
  [
    1576281600000,
    0.287
  ],
  [
    1576368000000,
    0.265
  ],
  [
    1576454400000,
    0.25
  ],
  [
    1576540800000,
    0.262
  ],
  [
    1576627200000,
    0.244
  ],
  [
    1576713600000,
    0.231
  ],
  [
    1576800000000,
    0.217
  ],
  [
    1576886400000,
    0.254
  ],
  [
    1576972800000,
    0.243
  ],
  [
    1577059200000,
    0.252
  ],
  [
    1577145600000,
    0.278
  ],
  [
    1577232000000,
    0.295
  ],
  [
    1577318400000,
    0.275
  ],
  [
    1577404800000,
    0.271
  ],
  [
    1577491200000,
    0.273
  ],
  [
    1577577600000,
    0.273
  ],
  [
    1577664000000,
    0.259
  ],
  [
    1577750400000,
    0.299
  ],
  [
    1577836800000,
    0.249
  ],
  [
    1577923200000,
    0.243
  ],
  [
    1578009600000,
    0.244
  ],
  [
    1578096000000,
    0.25
  ],
  [
    1578182400000,
    0.256
  ],
  [
    1578268800000,
    0.258
  ],
  [
    1578355200000,
    0.27
  ],
  [
    1578441600000,
    0.262
  ],
  [
    1578528000000,
    0.276
  ],
  [
    1578614400000,
    0.268
  ],
  [
    1578700800000,
    0.27
  ],
  [
    1578787200000,
    0.261
  ],
  [
    1578873600000,
    0.276
  ],
  [
    1578960000000,
    0.293
  ],
  [
    1579046400000,
    0.273
  ],
  [
    1579132800000,
    0.282
  ],
  [
    1579219200000,
    0.316
  ],
  [
    1579305600000,
    0.3
  ],
  [
    1579392000000,
    0.29
  ],
  [
    1579478400000,
    0.298
  ],
  [
    1579564800000,
    0.303
  ],
  [
    1579651200000,
    0.289
  ],
  [
    1579737600000,
    0.294
  ],
  [
    1579824000000,
    0.286
  ],
  [
    1579910400000,
    0.274
  ],
  [
    1579996800000,
    0.29
  ],
  [
    1580083200000,
    0.256
  ],
  [
    1580169600000,
    0.285
  ],
  [
    1580256000000,
    0.302
  ],
  [
    1580342400000,
    0.303
  ],
  [
    1580428800000,
    0.302
  ],
  [
    1580515200000,
    0.323
  ],
  [
    1580601600000,
    0.33
  ],
  [
    1580688000000,
    0.4
  ],
  [
    1580774400000,
    0.725
  ],
  [
    1580860800000,
    0.65
  ],
  [
    1580947200000,
    0.605
  ],
  [
    1581033600000,
    0.522
  ],
  [
    1581120000000,
    0.416
  ],
  [
    1581206400000,
    0.396
  ],
  [
    1581292800000,
    0.373
  ],
  [
    1581379200000,
    0.393
  ],
  [
    1581465600000,
    0.386
  ],
  [
    1581552000000,
    0.396
  ],
  [
    1581638400000,
    0.401
  ],
  [
    1581724800000,
    0.434
  ],
  [
    1581811200000,
    0.431
  ],
  [
    1581897600000,
    0.397
  ],
  [
    1581984000000,
    0.446
  ],
  [
    1582070400000,
    0.405
  ],
  [
    1582156800000,
    0.379
  ],
  [
    1582243200000,
    0.413
  ],
  [
    1582329600000,
    0.417
  ],
  [
    1582416000000,
    0.522
  ],
  [
    1582502400000,
    0.63
  ],
  [
    1582588800000,
    0.532
  ],
  [
    1582675200000,
    0.494
  ],
  [
    1582761600000,
    0.488
  ],
  [
    1582848000000,
    0.556
  ],
  [
    1582934400000,
    0.611
  ],
  [
    1583020800000,
    0.593
  ],
  [
    1583107200000,
    0.527
  ],
  [
    1583193600000,
    0.524
  ],
  [
    1583280000000,
    0.517
  ],
  [
    1583366400000,
    0.51
  ],
  [
    1583452800000,
    0.498
  ],
  [
    1583539200000,
    0.454
  ],
  [
    1583625600000,
    0.427
  ],
  [
    1583712000000,
    0.427
  ],
  [
    1583798400000,
    0.435
  ],
  [
    1583884800000,
    0.422
  ],
  [
    1583971200000,
    0.437
  ],
  [
    1584057600000,
    0.424
  ],
  [
    1584144000000,
    0.44
  ],
  [
    1584230400000,
    0.437
  ],
  [
    1584316800000,
    0.414
  ],
  [
    1584403200000,
    0.43
  ],
  [
    1584489600000,
    0.446
  ],
  [
    1584576000000,
    0.474
  ],
  [
    1584662400000,
    0.485
  ],
  [
    1584748800000,
    0.511
  ],
  [
    1584835200000,
    0.509
  ],
  [
    1584921600000,
    0.482
  ],
  [
    1585008000000,
    0.485
  ],
  [
    1585094400000,
    0.506
  ],
  [
    1585180800000,
    0.5
  ],
  [
    1585267200000,
    0.513
  ],
  [
    1585353600000,
    0.514
  ],
  [
    1585440000000,
    0.539
  ],
  [
    1585522800000,
    0.55
  ],
  [
    1585609200000,
    0.501
  ],
  [
    1585695600000,
    0.487
  ],
  [
    1585782000000,
    0.47
  ],
  [
    1585868400000,
    0.46
  ],
  [
    1585954800000,
    0.49
  ],
  [
    1586041200000,
    0.491
  ],
  [
    1586127600000,
    0.479
  ],
  [
    1586214000000,
    0.472
  ],
  [
    1586300400000,
    0.49
  ],
  [
    1586386800000,
    0.471
  ],
  [
    1586473200000,
    0.461
  ],
  [
    1586559600000,
    0.468
  ],
  [
    1586646000000,
    0.449
  ],
  [
    1586732400000,
    0.44
  ],
  [
    1586818800000,
    0.451
  ],
  [
    1586905200000,
    0.453
  ],
  [
    1586991600000,
    0.46
  ],
  [
    1587078000000,
    0.467
  ],
  [
    1587164400000,
    0.49
  ],
  [
    1587250800000,
    0.502
  ],
  [
    1587337200000,
    0.513
  ],
  [
    1587423600000,
    0.513
  ],
  [
    1587510000000,
    0.512
  ],
  [
    1587596400000,
    0.511
  ],
  [
    1587682800000,
    0.52
  ],
  [
    1587769200000,
    0.556
  ],
  [
    1587855600000,
    0.548
  ],
  [
    1587942000000,
    0.552
  ],
  [
    1588028400000,
    0.566
  ],
  [
    1588114800000,
    0.586
  ],
  [
    1588201200000,
    0.631
  ],
  [
    1588287600000,
    0.632
  ],
  [
    1588374000000,
    0.666
  ],
  [
    1588460400000,
    0.7
  ],
  [
    1588546800000,
    0.776
  ],
  [
    1588633200000,
    0.765
  ],
  [
    1588719600000,
    0.766
  ],
  [
    1588806000000,
    0.755
  ],
  [
    1588892400000,
    0.729
  ],
  [
    1588978800000,
    0.765
  ],
  [
    1589065200000,
    0.754
  ],
  [
    1589151600000,
    0.781
  ],
  [
    1589238000000,
    0.79
  ],
  [
    1589324400000,
    0.84
  ],
  [
    1589410800000,
    0.784
  ],
  [
    1589497200000,
    0.798
  ],
  [
    1589583600000,
    0.852
  ],
  [
    1589670000000,
    0.897
  ],
  [
    1589756400000,
    0.888
  ],
  [
    1589842800000,
    0.865
  ],
  [
    1589929200000,
    0.894
  ],
  [
    1590015600000,
    0.874
  ],
  [
    1590102000000,
    0.926
  ],
  [
    1590188400000,
    0.952
  ],
  [
    1590274800000,
    0.924
  ],
  [
    1590361200000,
    0.854
  ],
  [
    1590447600000,
    0.776
  ],
  [
    1590534000000,
    0.834
  ],
  [
    1590620400000,
    0.775
  ],
  [
    1590706800000,
    0.843
  ],
  [
    1590793200000,
    0.862
  ],
  [
    1590879600000,
    0.877
  ],
  [
    1590966000000,
    0.891
  ],
  [
    1591052400000,
    0.878
  ],
  [
    1591138800000,
    0.899
  ],
  [
    1591225200000,
    0.841
  ],
  [
    1591311600000,
    0.876
  ],
  [
    1591398000000,
    0.876
  ],
  [
    1591484400000,
    0.866
  ],
  [
    1591570800000,
    0.86
  ],
  [
    1591657200000,
    0.859
  ],
  [
    1591743600000,
    0.851
  ],
  [
    1591830000000,
    0.87
  ],
  [
    1591916400000,
    0.87
  ],
  [
    1592002800000,
    0.873
  ],
  [
    1592089200000,
    0.859
  ],
  [
    1592175600000,
    0.88
  ],
  [
    1592262000000,
    0.841
  ],
  [
    1592348400000,
    0.815
  ],
  [
    1592434800000,
    0.821
  ],
  [
    1592521200000,
    0.807
  ],
  [
    1592607600000,
    0.811
  ],
  [
    1592694000000,
    0.827
  ],
  [
    1592780400000,
    0.824
  ],
  [
    1592866800000,
    0.83
  ],
  [
    1592953200000,
    0.817
  ],
  [
    1593039600000,
    0.762
  ],
  [
    1593126000000,
    0.736
  ],
  [
    1593212400000,
    0.734
  ],
  [
    1593298800000,
    0.744
  ],
  [
    1593385200000,
    0.729
  ],
  [
    1593471600000,
    0.757
  ],
  [
    1593558000000,
    0.75
  ],
  [
    1593644400000,
    0.743
  ],
  [
    1593730800000,
    0.783
  ],
  [
    1593817200000,
    0.782
  ],
  [
    1593903600000,
    0.785
  ],
  [
    1593990000000,
    0.773
  ],
  [
    1594076400000,
    0.778
  ],
  [
    1594162800000,
    0.785
  ],
  [
    1594249200000,
    0.797
  ],
  [
    1594335600000,
    0.859
  ],
  [
    1594422000000,
    0.85
  ],
  [
    1594508400000,
    0.91
  ],
  [
    1594594800000,
    0.855
  ],
  [
    1594681200000,
    0.914
  ],
  [
    1594767600000,
    0.932
  ],
  [
    1594854000000,
    0.958
  ],
  [
    1594940400000,
    0.992
  ],
  [
    1595026800000,
    0.96
  ],
  [
    1595113200000,
    0.945
  ],
  [
    1595199600000,
    1.022
  ],
  [
    1595286000000,
    0.958
  ],
  [
    1595372400000,
    1.01
  ],
  [
    1595458800000,
    1.042
  ],
  [
    1595545200000,
    1.043
  ],
  [
    1595631600000,
    1.02
  ],
  [
    1595718000000,
    1.067
  ],
  [
    1595804400000,
    1.044
  ],
  [
    1595890800000,
    1.001
  ],
  [
    1595977200000,
    1.041
  ],
  [
    1596063600000,
    0.997
  ],
  [
    1596150000000,
    1.059
  ],
  [
    1596236400000,
    1.05
  ],
  [
    1596322800000,
    1.003
  ],
  [
    1596409200000,
    1.038
  ],
  [
    1596495600000,
    1.016
  ],
  [
    1596582000000,
    1.026
  ],
  [
    1596668400000,
    1.016
  ],
  [
    1596754800000,
    1.046
  ],
  [
    1596841200000,
    1.022
  ],
  [
    1596927600000,
    0.983
  ],
  [
    1597014000000,
    1.024
  ],
  [
    1597100400000,
    1.057
  ],
  [
    1597186800000,
    1.076
  ],
  [
    1597273200000,
    1.043
  ],
  [
    1597359600000,
    1.028
  ],
  [
    1597446000000,
    1.017
  ],
  [
    1597532400000,
    1.031
  ],
  [
    1597618800000,
    1.022
  ],
  [
    1597705200000,
    1.019
  ],
  [
    1597791600000,
    1.039
  ],
  [
    1597878000000,
    1.007
  ],
  [
    1597964400000,
    1.024
  ],
  [
    1598050800000,
    1.033
  ],
  [
    1598137200000,
    1.039
  ],
  [
    1598223600000,
    0.997
  ],
  [
    1598310000000,
    0.998
  ],
  [
    1598396400000,
    0.99
  ],
  [
    1598482800000,
    0.974
  ],
  [
    1598569200000,
    1
  ],
  [
    1598655600000,
    1.012
  ],
  [
    1598742000000,
    0.917
  ],
  [
    1598828400000,
    0.973
  ],
  [
    1598914800000,
    0.974
  ],
  [
    1599001200000,
    0.95
  ],
  [
    1599087600000,
    0.911
  ],
  [
    1599174000000,
    0.966
  ],
  [
    1599260400000,
    0.94
  ],
  [
    1599346800000,
    0.964
  ],
  [
    1599433200000,
    0.914
  ],
  [
    1599519600000,
    0.968
  ],
  [
    1599606000000,
    0.945
  ],
  [
    1599692400000,
    0.959
  ],
  [
    1599778800000,
    0.981
  ],
  [
    1599865200000,
    0.958
  ],
  [
    1599951600000,
    0.98
  ],
  [
    1600038000000,
    0.987
  ],
  [
    1600124400000,
    0.982
  ],
  [
    1600210800000,
    1.015
  ],
  [
    1600297200000,
    0.889
  ],
  [
    1600383600000,
    1.023
  ],
  [
    1600470000000,
    1.016
  ],
  [
    1600556400000,
    1.017
  ],
  [
    1600642800000,
    1.055
  ],
  [
    1600729200000,
    1.02
  ],
  [
    1600815600000,
    1.012
  ],
  [
    1600902000000,
    1.048
  ],
  [
    1600988400000,
    0.975
  ],
  [
    1601074800000,
    1.058
  ],
  [
    1601161200000,
    1.039
  ],
  [
    1601247600000,
    1.076
  ],
  [
    1601334000000,
    1.099
  ],
  [
    1601420400000,
    1.123
  ],
  [
    1601506800000,
    1.131
  ],
  [
    1601593200000,
    1.128
  ],
  [
    1601679600000,
    1.062
  ],
  [
    1601766000000,
    1.03
  ],
  [
    1601852400000,
    1.066
  ],
  [
    1601938800000,
    1.078
  ],
  [
    1602025200000,
    1.14
  ],
  [
    1602111600000,
    1.146
  ],
  [
    1602198000000,
    1.094
  ],
  [
    1602284400000,
    1.109
  ],
  [
    1602370800000,
    1.073
  ],
  [
    1602457200000,
    1.098
  ],
  [
    1602543600000,
    1.172
  ],
  [
    1602630000000,
    1.13
  ],
  [
    1602716400000,
    1.02
  ],
  [
    1602802800000,
    1.179
  ],
  [
    1602889200000,
    1.186
  ],
  [
    1602975600000,
    1.256
  ],
  [
    1603062000000,
    1.254
  ],
  [
    1603148400000,
    1.38
  ],
  [
    1603234800000,
    1.29
  ],
  [
    1603321200000,
    1.289
  ],
  [
    1603407600000,
    1.266
  ],
  [
    1603494000000,
    1.215
  ],
  [
    1603580400000,
    1.194
  ],
  [
    1603670400000,
    1.257
  ],
  [
    1603756800000,
    1.212
  ],
  [
    1603843200000,
    1.228
  ],
  [
    1603929600000,
    1.223
  ],
  [
    1604016000000,
    1.174
  ],
  [
    1604102400000,
    1.216
  ],
  [
    1604188800000,
    1.294
  ],
  [
    1604275200000,
    1.239
  ],
  [
    1604361600000,
    1.251
  ],
  [
    1604448000000,
    1.271
  ],
  [
    1604534400000,
    1.266
  ],
  [
    1604620800000,
    1.259
  ],
  [
    1604707200000,
    1.231
  ],
  [
    1604793600000,
    1.231
  ],
  [
    1604880000000,
    1.247
  ],
  [
    1604966400000,
    1.256
  ],
  [
    1605052800000,
    1.257
  ],
  [
    1605139200000,
    1.204
  ],
  [
    1605225600000,
    1.236
  ],
  [
    1605312000000,
    1.21
  ],
  [
    1605398400000,
    1.213
  ],
  [
    1605484800000,
    1.18
  ],
  [
    1605571200000,
    1.21
  ],
  [
    1605657600000,
    1.228
  ],
  [
    1605744000000,
    1.174
  ],
  [
    1605830400000,
    1.225
  ],
  [
    1605916800000,
    1.231
  ],
  [
    1606003200000,
    1.204
  ],
  [
    1606089600000,
    2.308
  ],
  [
    1606176000000,
    1.186
  ],
  [
    1606262400000,
    1.179
  ],
  [
    1606348800000,
    1.185
  ],
  [
    1606435200000,
    1.13
  ],
  [
    1606521600000,
    1.085
  ],
  [
    1606608000000,
    1.129
  ],
  [
    1606694400000,
    1.093
  ],
  [
    1606780800000,
    1.075
  ],
  [
    1606867200000,
    1.165
  ],
  [
    1606953600000,
    1.178
  ],
  [
    1607040000000,
    0.968
  ],
  [
    1607126400000,
    0.946
  ],
  [
    1607212800000,
    0.906
  ],
  [
    1607299200000,
    0.897
  ],
  [
    1607385600000,
    0.895
  ],
  [
    1607472000000,
    0.895
  ],
  [
    1607558400000,
    0.912
  ],
  [
    1607644800000,
    0.885
  ],
  [
    1607731200000,
    0.892
  ],
  [
    1607817600000,
    0.921
  ],
  [
    1607904000000,
    0.957
  ],
  [
    1607990400000,
    0.909
  ],
  [
    1608076800000,
    0.916
  ],
  [
    1608163200000,
    0.906
  ],
  [
    1608249600000,
    0.907
  ],
  [
    1608336000000,
    0.918
  ],
  [
    1608422400000,
    0.918
  ],
  [
    1608508800000,
    0.874
  ],
  [
    1608595200000,
    0.88
  ],
  [
    1608681600000,
    0.903
  ],
  [
    1608768000000,
    0.917
  ],
  [
    1608854400000,
    0.973
  ],
  [
    1608940800000,
    1.013
  ],
  [
    1609027200000,
    1.059
  ],
  [
    1609113600000,
    1.07
  ],
  [
    1609200000000,
    1.171
  ],
  [
    1609286400000,
    1.153
  ],
  [
    1609372800000,
    1.257
  ],
  [
    1609459200000,
    1.319
  ],
  [
    1609545600000,
    1.251
  ],
  [
    1609632000000,
    1.37
  ],
  [
    1609718400000,
    1.515
  ],
  [
    1609804800000,
    1.547
  ],
  [
    1609891200000,
    1.681
  ],
  [
    1609977600000,
    1.643
  ],
  [
    1610064000000,
    1.674
  ],
  [
    1610150400000,
    1.68
  ],
  [
    1610236800000,
    1.608
  ],
  [
    1610323200000,
    1.582
  ],
  [
    1610409600000,
    1.675
  ],
  [
    1610496000000,
    1.611
  ],
  [
    1610582400000,
    1.63
  ],
  [
    1610668800000,
    1.675
  ],
  [
    1610755200000,
    1.662
  ],
  [
    1610841600000,
    1.603
  ],
  [
    1610928000000,
    1.589
  ],
  [
    1611014400000,
    1.608
  ],
  [
    1611100800000,
    1.62
  ],
  [
    1611187200000,
    1.497
  ],
  [
    1611273600000,
    1.665
  ],
  [
    1611360000000,
    1.572
  ],
  [
    1611446400000,
    1.594
  ],
  [
    1611532800000,
    1.591
  ],
  [
    1611619200000,
    1.598
  ],
  [
    1611705600000,
    1.643
  ],
  [
    1611792000000,
    1.567
  ],
  [
    1611878400000,
    1.429
  ],
  [
    1611964800000,
    1.517
  ],
  [
    1612051200000,
    1.615
  ],
  [
    1612137600000,
    1.69
  ],
  [
    1612224000000,
    1.632
  ],
  [
    1612310400000,
    1.691
  ],
  [
    1612396800000,
    1.779
  ],
  [
    1612483200000,
    1.819
  ],
  [
    1612569600000,
    1.866
  ],
  [
    1612656000000,
    1.946
  ],
  [
    1612742400000,
    1.988
  ],
  [
    1612828800000,
    1.738
  ],
  [
    1612915200000,
    1.784
  ],
  [
    1613001600000,
    1.711
  ],
  [
    1613088000000,
    1.572
  ],
  [
    1613174400000,
    1.534
  ],
  [
    1613260800000,
    1.553
  ],
  [
    1613347200000,
    1.507
  ],
  [
    1613433600000,
    1.496
  ],
  [
    1613520000000,
    1.585
  ],
  [
    1613606400000,
    1.568
  ],
  [
    1613692800000,
    1.634
  ],
  [
    1613779200000,
    1.657
  ],
  [
    1613865600000,
    1.684
  ],
  [
    1613952000000,
    1.834
  ],
  [
    1614038400000,
    1.836
  ],
  [
    1614124800000,
    1.792
  ],
  [
    1614211200000,
    1.794
  ],
  [
    1614297600000,
    1.748
  ],
  [
    1614384000000,
    1.753
  ],
  [
    1614470400000,
    1.752
  ],
  [
    1614556800000,
    1.726
  ],
  [
    1614643200000,
    1.803
  ],
  [
    1614729600000,
    1.793
  ],
  [
    1614816000000,
    1.847
  ],
  [
    1614902400000,
    1.979
  ],
  [
    1614988800000,
    2.011
  ],
  [
    1615075200000,
    2.127
  ],
  [
    1615161600000,
    1.971
  ],
  [
    1615248000000,
    2.096
  ],
  [
    1615334400000,
    1.999
  ],
  [
    1615420800000,
    2.068
  ],
  [
    1615507200000,
    1.933
  ],
  [
    1615593600000,
    1.922
  ],
  [
    1615680000000,
    1.961
  ],
  [
    1615766400000,
    1.932
  ],
  [
    1615852800000,
    1.997
  ],
  [
    1615939200000,
    1.966
  ],
  [
    1616025600000,
    1.956
  ],
  [
    1616112000000,
    1.987
  ],
  [
    1616198400000,
    2.108
  ],
  [
    1616284800000,
    2.21
  ],
  [
    1616371200000,
    2.541
  ],
  [
    1616457600000,
    2.752
  ],
  [
    1616544000000,
    3.161
  ],
  [
    1616630400000,
    3.241
  ],
  [
    1616716800000,
    3.323
  ],
  [
    1616803200000,
    3.521
  ],
  [
    1616889600000,
    3.302
  ],
  [
    1616972400000,
    3.141
  ],
  [
    1617058800000,
    3.171
  ],
  [
    1617145200000,
    2.945
  ],
  [
    1617231600000,
    2.832
  ],
  [
    1617318000000,
    2.812
  ],
  [
    1617404400000,
    2.801
  ],
  [
    1617490800000,
    2.741
  ],
  [
    1617577200000,
    2.669
  ],
  [
    1617663600000,
    2.883
  ],
  [
    1617750000000,
    2.905
  ],
  [
    1617836400000,
    2.661
  ],
  [
    1617922800000,
    2.579
  ],
  [
    1618009200000,
    2.703
  ],
  [
    1618095600000,
    2.8
  ],
  [
    1618182000000,
    2.879
  ],
  [
    1618268400000,
    2.831
  ],
  [
    1618354800000,
    2.987
  ],
  [
    1618441200000,
    3.024
  ],
  [
    1618527600000,
    3.05
  ],
  [
    1618614000000,
    3.018
  ],
  [
    1618700400000,
    3.207
  ],
  [
    1618786800000,
    3.264
  ],
  [
    1618873200000,
    3.22
  ],
  [
    1618959600000,
    3.291
  ],
  [
    1619046000000,
    3.101
  ],
  [
    1619132400000,
    3.19
  ],
  [
    1619218800000,
    3.146
  ],
  [
    1619305200000,
    2.885
  ],
  [
    1619391600000,
    2.994
  ],
  [
    1619478000000,
    2.908
  ],
  [
    1619564400000,
    3.068
  ],
  [
    1619650800000,
    3.119
  ],
  [
    1619737200000,
    3.37
  ],
  [
    1619823600000,
    3.462
  ],
  [
    1619910000000,
    3.644
  ],
  [
    1619996400000,
    3.797
  ],
  [
    1620082800000,
    3.674
  ],
  [
    1620169200000,
    3.772
  ],
  [
    1620255600000,
    3.82
  ],
  [
    1620342000000,
    3.584
  ],
  [
    1620428400000,
    4.059
  ],
  [
    1620514800000,
    3.644
  ],
  [
    1620601200000,
    3.819
  ],
  [
    1620687600000,
    3.64
  ],
  [
    1620774000000,
    3.822
  ],
  [
    1620860400000,
    3.179
  ],
  [
    1620946800000,
    3.419
  ],
  [
    1621033200000,
    3.621
  ],
  [
    1621119600000,
    3.75
  ],
  [
    1621206000000,
    4.255
  ],
  [
    1621292400000,
    3.941
  ],
  [
    1621378800000,
    4.211
  ],
  [
    1621465200000,
    4.586
  ],
  [
    1621551600000,
    4.856
  ],
  [
    1621638000000,
    5.544
  ],
  [
    1621724400000,
    5.973
  ],
  [
    1621810800000,
    6.235
  ],
  [
    1621897200000,
    6.756
  ],
  [
    1621983600000,
    7.777
  ],
  [
    1622070000000,
    8.396
  ],
  [
    1622156400000,
    9.122
  ],
  [
    1622242800000,
    7.47
  ],
  [
    1622329200000,
    7.148
  ],
  [
    1622415600000,
    7.323
  ],
  [
    1622502000000,
    7.458
  ],
  [
    1622588400000,
    7.558
  ],
  [
    1622674800000,
    9.391
  ],
  [
    1622761200000,
    10.041
  ],
  [
    1622847600000,
    9.821
  ],
  [
    1622934000000,
    9.843
  ],
  [
    1623020400000,
    9.624
  ],
  [
    1623106800000,
    9.058
  ],
  [
    1623193200000,
    9.979
  ],
  [
    1623279600000,
    10.008
  ],
  [
    1623366000000,
    10.061
  ],
  [
    1623452400000,
    10.26
  ],
  [
    1623538800000,
    10.871
  ],
  [
    1623625200000,
    10.052
  ],
  [
    1623711600000,
    9.83
  ],
  [
    1623798000000,
    9.314
  ],
  [
    1623884400000,
    9.569
  ],
  [
    1623970800000,
    9.537
  ],
  [
    1624057200000,
    9.677
  ],
  [
    1624143600000,
    9.568
  ],
  [
    1624230000000,
    9.068
  ],
  [
    1624316400000,
    8.483
  ],
  [
    1624402800000,
    8.551
  ],
  [
    1624489200000,
    8.592
  ],
  [
    1624575600000,
    8.382
  ],
  [
    1624662000000,
    8.416
  ],
  [
    1624748400000,
    8.21
  ],
  [
    1624834800000,
    7.837
  ],
  [
    1624921200000,
    7.75
  ],
  [
    1625007600000,
    7.569
  ],
  [
    1625094000000,
    7.735
  ],
  [
    1625180400000,
    7.638
  ],
  [
    1625266800000,
    7.522
  ],
  [
    1625353200000,
    7.302
  ],
  [
    1625439600000,
    7.061
  ],
  [
    1625526000000,
    6.74
  ],
  [
    1625612400000,
    6.755
  ],
  [
    1625698800000,
    6.797
  ],
  [
    1625785200000,
    6.835
  ],
  [
    1625871600000,
    6.714
  ],
  [
    1625958000000,
    6.063
  ],
  [
    1626044400000,
    6.723
  ],
  [
    1626130800000,
    6.677
  ],
  [
    1626217200000,
    6.709
  ],
  [
    1626303600000,
    6.888
  ],
  [
    1626390000000,
    6.512
  ],
  [
    1626476400000,
    6.648
  ],
  [
    1626562800000,
    6.504
  ],
  [
    1626649200000,
    6.699
  ],
  [
    1626735600000,
    6.787
  ],
  [
    1626822000000,
    6.562
  ],
  [
    1626908400000,
    6.529
  ],
  [
    1626994800000,
    6.546
  ],
  [
    1627081200000,
    7.213
  ],
  [
    1627167600000,
    6.837
  ],
  [
    1627254000000,
    7.007
  ],
  [
    1627340400000,
    7.35
  ],
  [
    1627426800000,
    6.991
  ],
  [
    1627513200000,
    6.75
  ],
  [
    1627599600000,
    7.164
  ],
  [
    1627686000000,
    7.142
  ],
  [
    1627772400000,
    7.15
  ],
  [
    1627858800000,
    7.346
  ],
  [
    1627945200000,
    7.271
  ],
  [
    1628031600000,
    7.494
  ],
  [
    1628118000000,
    7.24
  ],
  [
    1628204400000,
    7.182
  ],
  [
    1628290800000,
    7.163
  ],
  [
    1628377200000,
    6.928
  ],
  [
    1628463600000,
    6.649
  ],
  [
    1628550000000,
    6.775
  ],
  [
    1628636400000,
    6.579
  ],
  [
    1628722800000,
    6.462
  ],
  [
    1628809200000,
    6.057
  ],
  [
    1628895600000,
    6.315
  ],
  [
    1628982000000,
    5.186
  ],
  [
    1629068400000,
    5.862
  ],
  [
    1629154800000,
    5.992
  ],
  [
    1629241200000,
    6.043
  ],
  [
    1629327600000,
    5.768
  ],
  [
    1629414000000,
    6.051
  ],
  [
    1629500400000,
    5.777
  ],
  [
    1629586800000,
    5.805
  ],
  [
    1629673200000,
    5.9
  ],
  [
    1629759600000,
    6.164
  ],
  [
    1629846000000,
    6.011
  ],
  [
    1630018800000,
    6.1
  ],
  [
    1630105200000,
    6.323
  ],
  [
    1630191600000,
    6.295
  ],
  [
    1630278000000,
    6.09
  ],
  [
    1630364400000,
    6.113
  ],
  [
    1630450800000,
    6.377
  ],
  [
    1630537200000,
    6.182
  ],
  [
    1630623600000,
    6.207
  ],
  [
    1630710000000,
    6.131
  ],
  [
    1630796400000,
    5.841
  ],
  [
    1630882800000,
    5.46
  ],
  [
    1630969200000,
    5.825
  ],
  [
    1631055600000,
    6.089
  ],
  [
    1631142000000,
    6.217
  ],
  [
    1631228400000,
    6.15
  ],
  [
    1631314800000,
    6.277
  ],
  [
    1631401200000,
    6.283
  ],
  [
    1631487600000,
    6.204
  ],
  [
    1631574000000,
    6.124
  ],
  [
    1631660400000,
    6.06
  ],
  [
    1631746800000,
    6.29
  ],
  [
    1631833200000,
    6.002
  ],
  [
    1631919600000,
    5.77
  ],
  [
    1632006000000,
    5.971
  ],
  [
    1632092400000,
    5.836
  ],
  [
    1632178800000,
    5.891
  ],
  [
    1632265200000,
    4.76
  ],
  [
    1632351600000,
    3.97
  ],
  [
    1632438000000,
    4.096
  ],
  [
    1632524400000,
    4.411
  ],
  [
    1632610800000,
    4.439
  ],
  [
    1632697200000,
    4.664
  ],
  [
    1632783600000,
    4.71
  ],
  [
    1632870000000,
    4.63
  ],
  [
    1632956400000,
    4.177
  ],
  [
    1633042800000,
    4.473
  ],
  [
    1633129200000,
    4.658
  ],
  [
    1633215600000,
    4.756
  ],
  [
    1633302000000,
    4.966
  ],
  [
    1633388400000,
    4.473
  ],
  [
    1633474800000,
    4.349
  ],
  [
    1633561200000,
    4.64
  ],
  [
    1633647600000,
    4.535
  ],
  [
    1633734000000,
    3.966
  ],
  [
    1633820400000,
    4.308
  ],
  [
    1633906800000,
    4.267
  ],
  [
    1633993200000,
    4.33
  ],
  [
    1634079600000,
    3.701
  ],
  [
    1634166000000,
    4.194
  ],
  [
    1634252400000,
    4.366
  ],
  [
    1634338800000,
    4.475
  ],
  [
    1634425200000,
    4.493
  ],
  [
    1634511600000,
    4.422
  ],
  [
    1634598000000,
    4.368
  ],
  [
    1634684400000,
    4.374
  ],
  [
    1634770800000,
    4.314
  ],
  [
    1634857200000,
    4.118
  ],
  [
    1634943600000,
    4.034
  ],
  [
    1635030000000,
    4.17
  ],
  [
    1635116400000,
    4.21
  ],
  [
    1635202800000,
    4.227
  ],
  [
    1635289200000,
    4.212
  ],
  [
    1635375600000,
    4.123
  ],
  [
    1635462000000,
    3.648
  ],
  [
    1635548400000,
    4.146
  ],
  [
    1635634800000,
    4.146
  ],
  [
    1635724800000,
    4.297
  ],
  [
    1635811200000,
    4.145
  ],
  [
    1635897600000,
    4.374
  ],
  [
    1635984000000,
    4.512
  ],
  [
    1636070400000,
    4.213
  ],
  [
    1636156800000,
    4.314
  ],
  [
    1636243200000,
    3.386
  ],
  [
    1636329600000,
    4.394
  ],
  [
    1636416000000,
    3.842
  ],
  [
    1636502400000,
    4.311
  ],
  [
    1636588800000,
    4.231
  ],
  [
    1636761600000,
    4.484
  ],
  [
    1636848000000,
    4.4
  ],
  [
    1636934400000,
    4.442
  ],
  [
    1637020800000,
    4.526
  ],
  [
    1637107200000,
    4.702
  ],
  [
    1637193600000,
    4.116
  ],
  [
    1637280000000,
    4.848
  ],
  [
    1637366400000,
    4.453
  ],
  [
    1637452800000,
    5.183
  ],
  [
    1637539200000,
    5.02
  ],
  [
    1637625600000,
    5.011
  ],
  [
    1637712000000,
    5.104
  ],
  [
    1637798400000,
    4.862
  ],
  [
    1637884800000,
    4.933
  ],
  [
    1637971200000,
    4.897
  ],
  [
    1638057600000,
    5.007
  ],
  [
    1638144000000,
    4.95
  ],
  [
    1638230400000,
    4.575
  ],
  [
    1638316800000,
    4.865
  ],
  [
    1638403200000,
    5.089
  ],
  [
    1638489600000,
    5.104
  ],
  [
    1638576000000,
    5.531
  ],
  [
    1638662400000,
    5.832
  ],
  [
    1638748800000,
    5.889
  ],
  [
    1638835200000,
    6.367
  ],
  [
    1638921600000,
    6.215
  ],
  [
    1639008000000,
    6.336
  ],
  [
    1639094400000,
    6.506
  ],
  [
    1639180800000,
    6.323
  ],
  [
    1639267200000,
    5.87
  ],
  [
    1639353600000,
    6.422
  ],
  [
    1639440000000,
    6.693
  ],
  [
    1639526400000,
    6.068
  ],
  [
    1639612800000,
    5.769
  ],
  [
    1639699200000,
    5.887
  ],
  [
    1639785600000,
    5.981
  ],
  [
    1639872000000,
    5.874
  ],
  [
    1639958400000,
    5.607
  ],
  [
    1640044800000,
    5.847
  ],
  [
    1640131200000,
    5.835
  ],
  [
    1640217600000,
    5.595
  ],
  [
    1640304000000,
    5.719
  ],
  [
    1640390400000,
    5.924
  ],
  [
    1640476800000,
    6.102
  ],
  [
    1640563200000,
    5.897
  ],
  [
    1640649600000,
    6.117
  ],
  [
    1640736000000,
    6.047
  ],
  [
    1640822400000,
    6.482
  ],
  [
    1640908800000,
    6.526
  ],
  [
    1640995200000,
    6.849
  ],
  [
    1641081600000,
    6.778
  ],
  [
    1641168000000,
    6.727
  ],
  [
    1641254400000,
    6.873
  ],
  [
    1641340800000,
    6.695
  ],
  [
    1641427200000,
    6.627
  ],
  [
    1641513600000,
    6.548
  ],
  [
    1641600000000,
    6.774
  ],
  [
    1641686400000,
    6.635
  ],
  [
    1641772800000,
    6.767
  ],
  [
    1641859200000,
    7.038
  ],
  [
    1641945600000,
    6.758
  ],
  [
    1642032000000,
    6.555
  ],
  [
    1642118400000,
    6.903
  ],
  [
    1642204800000,
    6.736
  ],
  [
    1642291200000,
    7.012
  ],
  [
    1642377600000,
    6.644
  ],
  [
    1642464000000,
    7.07
  ],
  [
    1642550400000,
    7.278
  ],
  [
    1642636800000,
    6.81
  ],
  [
    1642723200000,
    6.641
  ],
  [
    1642809600000,
    6.699
  ],
  [
    1642896000000,
    6.416
  ],
  [
    1642982400000,
    6.586
  ],
  [
    1643068800000,
    6.462
  ],
  [
    1643155200000,
    6.829
  ],
  [
    1643241600000,
    6.65
  ],
  [
    1643328000000,
    6.196
  ],
  [
    1643414400000,
    6.454
  ],
  [
    1643500800000,
    6.3
  ],
  [
    1643587200000,
    6.264
  ],
  [
    1643673600000,
    6.078
  ],
  [
    1643760000000,
    6.378
  ],
  [
    1643846400000,
    6.123
  ],
  [
    1643932800000,
    6.427
  ],
  [
    1644019200000,
    6.432
  ],
  [
    1644105600000,
    6.313
  ],
  [
    1644192000000,
    6.34
  ],
  [
    1644278400000,
    6.395
  ],
  [
    1644364800000,
    6.3
  ],
  [
    1644451200000,
    6.097
  ],
  [
    1644537600000,
    6.297
  ],
  [
    1644624000000,
    6.438
  ],
  [
    1644710400000,
    6.332
  ],
  [
    1644796800000,
    6.685
  ],
  [
    1644883200000,
    6.499
  ],
  [
    1644969600000,
    6.608
  ],
  [
    1645056000000,
    6.606
  ],
  [
    1645142400000,
    6.03
  ],
  [
    1645228800000,
    6.247
  ],
  [
    1645315200000,
    6.264
  ],
  [
    1645401600000,
    6.398
  ],
  [
    1645488000000,
    6.324
  ],
  [
    1645574400000,
    6.247
  ],
  [
    1645660800000,
    6.133
  ],
  [
    1645747200000,
    6.18
  ],
  [
    1645833600000,
    5.848
  ],
  [
    1645920000000,
    6.365
  ],
  [
    1646006400000,
    6.083
  ],
  [
    1646092800000,
    6.318
  ],
  [
    1646179200000,
    5.879
  ],
  [
    1646265600000,
    6.109
  ],
  [
    1646352000000,
    6.372
  ],
  [
    1646438400000,
    6.129
  ],
  [
    1646524800000,
    6.267
  ],
  [
    1646611200000,
    6.186
  ],
  [
    1646697600000,
    6.384
  ],
  [
    1646784000000,
    6.3
  ],
  [
    1646870400000,
    6.32
  ],
  [
    1646956800000,
    6.387
  ],
  [
    1647043200000,
    6.072
  ],
  [
    1647129600000,
    6.437
  ],
  [
    1647216000000,
    6.491
  ],
  [
    1647302400000,
    6.446
  ],
  [
    1647388800000,
    6.307
  ],
  [
    1647475200000,
    6.589
  ],
  [
    1647561600000,
    6.598
  ],
  [
    1647648000000,
    6.75
  ],
  [
    1647734400000,
    6.717
  ],
  [
    1647820800000,
    6.477
  ],
  [
    1647907200000,
    7.065
  ],
  [
    1647993600000,
    7.065
  ],
  [
    1648080000000,
    7.275
  ],
  [
    1648166400000,
    7.276
  ],
  [
    1648252800000,
    7.389
  ],
  [
    1648339200000,
    7.13
  ],
  [
    1648422000000,
    7.873
  ],
  [
    1648508400000,
    7.528
  ],
  [
    1648594800000,
    7.517
  ],
  [
    1648681200000,
    7.421
  ],
  [
    1648767600000,
    7.745
  ],
  [
    1648854000000,
    7.414
  ],
  [
    1648940400000,
    6.819
  ],
  [
    1649026800000,
    7.37
  ],
  [
    1649113200000,
    7.287
  ],
  [
    1649199600000,
    7.91
  ],
  [
    1649286000000,
    7.674
  ],
  [
    1649372400000,
    7.99
  ],
  [
    1649458800000,
    8.028
  ],
  [
    1649545200000,
    7.282
  ],
  [
    1649631600000,
    7.869
  ],
  [
    1649718000000,
    8.079
  ],
  [
    1649804400000,
    7.676
  ],
  [
    1649890800000,
    7.776
  ],
  [
    1649977200000,
    7.203
  ],
  [
    1650063600000,
    7.601
  ],
  [
    1650150000000,
    7.558
  ],
  [
    1650236400000,
    8.07
  ],
  [
    1650322800000,
    7.979
  ],
  [
    1650409200000,
    8.269
  ],
  [
    1650495600000,
    8.869
  ],
  [
    1650582000000,
    8.982
  ],
  [
    1650668400000,
    9.143
  ],
  [
    1650754800000,
    8.838
  ],
  [
    1650841200000,
    9.526
  ],
  [
    1650927600000,
    7.981
  ],
  [
    1651014000000,
    8.823
  ],
  [
    1651100400000,
    8.675
  ],
  [
    1651186800000,
    8.738
  ],
  [
    1651273200000,
    8.703
  ],
  [
    1651359600000,
    9.211
  ],
  [
    1651446000000,
    8.736
  ],
  [
    1651532400000,
    9.771
  ],
  [
    1651618800000,
    8.708
  ],
  [
    1651705200000,
    8.105
  ],
  [
    1651791600000,
    8.655
  ],
  [
    1651878000000,
    8.528
  ],
  [
    1651964400000,
    8.723
  ],
  [
    1652050800000,
    7.573
  ],
  [
    1652137200000,
    8.565
  ],
  [
    1652223600000,
    8.586
  ],
  [
    1652310000000,
    8.377
  ],
  [
    1652396400000,
    8.659
  ],
  [
    1652482800000,
    8.715
  ],
  [
    1652569200000,
    8.122
  ],
  [
    1652655600000,
    8.55
  ],
  [
    1652742000000,
    8.755
  ],
  [
    1652828400000,
    8.65
  ],
  [
    1652914800000,
    9.01
  ],
  [
    1653001200000,
    8.606
  ],
  [
    1653087600000,
    8.772
  ],
  [
    1653174000000,
    8.406
  ],
  [
    1653260400000,
    8.264
  ],
  [
    1653346800000,
    8.316
  ],
  [
    1653433200000,
    8.245
  ],
  [
    1653519600000,
    8.072
  ],
  [
    1653606000000,
    7.314
  ],
  [
    1653692400000,
    7.725
  ],
  [
    1653778800000,
    7.886
  ],
  [
    1653865200000,
    7.882
  ],
  [
    1653951600000,
    7.471
  ],
  [
    1654038000000,
    8.051
  ],
  [
    1654124400000,
    8.359
  ],
  [
    1654210800000,
    8.282
  ],
  [
    1654297200000,
    7.943
  ],
  [
    1654383600000,
    7.979
  ],
  [
    1654470000000,
    7.741
  ],
  [
    1654556400000,
    8.02
  ],
  [
    1654642800000,
    8.484
  ],
  [
    1654729200000,
    8.112
  ],
  [
    1654815600000,
    8.008
  ],
  [
    1654902000000,
    7.863
  ],
  [
    1654988400000,
    8.498
  ],
  [
    1655074800000,
    7.868
  ],
  [
    1655161200000,
    7.866
  ],
  [
    1655247600000,
    7.943
  ],
  [
    1655334000000,
    7.66
  ],
  [
    1655420400000,
    7.577
  ],
  [
    1655506800000,
    7.465
  ],
  [
    1655593200000,
    7.6
  ],
  [
    1655679600000,
    7.396
  ],
  [
    1655766000000,
    7.511
  ],
  [
    1655852400000,
    7.421
  ],
  [
    1655938800000,
    6.971
  ],
  [
    1656025200000,
    6.835
  ],
  [
    1656111600000,
    6.726
  ],
  [
    1656198000000,
    6.573
  ],
  [
    1656370800000,
    6.87
  ],
  [
    1656457200000,
    7.028
  ],
  [
    1656543600000,
    6.969
  ],
  [
    1656630000000,
    7.087
  ],
  [
    1656716400000,
    7.177
  ],
  [
    1656802800000,
    7.259
  ],
  [
    1656889200000,
    7.194
  ],
  [
    1656975600000,
    7.566
  ],
  [
    1657062000000,
    7.092
  ],
  [
    1657148400000,
    6.654
  ],
  [
    1657234800000,
    6.88
  ],
  [
    1657321200000,
    6.921
  ],
  [
    1657407600000,
    6.994
  ],
  [
    1657494000000,
    7.195
  ],
  [
    1657580400000,
    7.063
  ],
  [
    1657753200000,
    7.709
  ],
  [
    1657839600000,
    7.47
  ],
  [
    1657926000000,
    7.35
  ],
  [
    1658012400000,
    7.382
  ],
  [
    1658098800000,
    7.45
  ],
  [
    1658185200000,
    7.24
  ],
  [
    1658358000000,
    7.18
  ],
  [
    1658444400000,
    7.572
  ],
  [
    1658530800000,
    7.091
  ],
  [
    1658617200000,
    6.949
  ],
  [
    1658703600000,
    7.247
  ],
  [
    1658790000000,
    6.94
  ],
  [
    1658876400000,
    7.241
  ],
  [
    1658962800000,
    7.567
  ],
  [
    1659049200000,
    7.824
  ],
  [
    1659135600000,
    7.667
  ],
  [
    1659222000000,
    7.66
  ],
  [
    1659308400000,
    7.629
  ],
  [
    1659394800000,
    7.807
  ],
  [
    1659481200000,
    7.722
  ],
  [
    1659567600000,
    7.836
  ],
  [
    1659654000000,
    7.662
  ],
  [
    1659740400000,
    7.883
  ],
  [
    1659826800000,
    7.7
  ],
  [
    1659913200000,
    7.622
  ],
  [
    1659999600000,
    7.305
  ],
  [
    1660086000000,
    7.798
  ],
  [
    1660258800000,
    7.84
  ],
  [
    1660345200000,
    7.798
  ],
  [
    1660431600000,
    7.56
  ],
  [
    1660518000000,
    7.329
  ],
  [
    1660604400000,
    7.142
  ],
  [
    1660690800000,
    7.909
  ],
  [
    1660777200000,
    7.756
  ],
  [
    1660863600000,
    7.237
  ],
  [
    1660950000000,
    7.517
  ],
  [
    1661036400000,
    7.805
  ],
  [
    1661122800000,
    7.542
  ],
  [
    1661209200000,
    7.832
  ],
  [
    1661295600000,
    7.771
  ],
  [
    1661382000000,
    7.61
  ],
  [
    1661468400000,
    7.644
  ],
  [
    1661554800000,
    8.033
  ],
  [
    1661641200000,
    8.399
  ],
  [
    1661727600000,
    7.906
  ],
  [
    1661814000000,
    7.713
  ],
  [
    1661900400000,
    8.024
  ],
  [
    1661986800000,
    8.013
  ],
  [
    1662073200000,
    7.543
  ],
  [
    1662159600000,
    8.108
  ],
  [
    1662246000000,
    8.602
  ],
  [
    1662332400000,
    8.496
  ],
  [
    1662418800000,
    8.71
  ],
  [
    1662505200000,
    8.6
  ],
  [
    1662591600000,
    8.729
  ],
  [
    1662678000000,
    8.665
  ],
  [
    1662764400000,
    8.75
  ],
  [
    1662937200000,
    8.33
  ],
  [
    1663023600000,
    8.301
  ],
  [
    1663110000000,
    8.482
  ],
  [
    1663196400000,
    8.235
  ],
  [
    1663282800000,
    8.24
  ],
  [
    1663369200000,
    8.555
  ],
  [
    1663455600000,
    8.27
  ],
  [
    1663542000000,
    7.945
  ],
  [
    1663628400000,
    8.283
  ],
  [
    1663714800000,
    7.878
  ],
  [
    1663801200000,
    8.093
  ],
  [
    1663887600000,
    7.89
  ],
  [
    1663974000000,
    8.319
  ],
  [
    1664060400000,
    8.135
  ],
  [
    1664146800000,
    8.075
  ],
  [
    1664233200000,
    7.892
  ],
  [
    1664319600000,
    7.734
  ],
  [
    1664406000000,
    7.228
  ],
  [
    1664492400000,
    7.915
  ],
  [
    1664578800000,
    8.807
  ],
  [
    1664665200000,
    8.604
  ],
  [
    1664751600000,
    8.284
  ],
  [
    1664838000000,
    7.415
  ],
  [
    1664924400000,
    8.182
  ],
  [
    1665010800000,
    8.448
  ],
  [
    1665097200000,
    7.753
  ],
  [
    1665183600000,
    8.529
  ],
  [
    1665270000000,
    8.611
  ],
  [
    1665356400000,
    8.068
  ],
  [
    1665442800000,
    8.998
  ],
  [
    1665529200000,
    9.585
  ],
  [
    1665615600000,
    9.405
  ],
  [
    1665702000000,
    9.193
  ],
  [
    1665788400000,
    9.393
  ],
  [
    1665874800000,
    9.891
  ],
  [
    1665961200000,
    10.451
  ],
  [
    1666047600000,
    9.285
  ],
  [
    1666134000000,
    9.737
  ],
  [
    1666220400000,
    9.379
  ],
  [
    1666306800000,
    9.499
  ],
  [
    1666393200000,
    9.652
  ],
  [
    1666479600000,
    8.754
  ],
  [
    1666566000000,
    8.19
  ],
  [
    1666652400000,
    9.128
  ],
  [
    1666738800000,
    9.136
  ],
  [
    1666825200000,
    9.896
  ],
  [
    1666911600000,
    9.12
  ],
  [
    1666998000000,
    9.44
  ],
  [
    1667084400000,
    10.683
  ],
  [
    1667260800000,
    10.9
  ],
  [
    1667347200000,
    9.61
  ],
  [
    1667520000000,
    10.733
  ],
  [
    1667606400000,
    11.821
  ],
  [
    1667692800000,
    10.67
  ],
  [
    1667779200000,
    11.281
  ],
  [
    1667865600000,
    10.43
  ],
  [
    1667952000000,
    10.399
  ],
  [
    1668038400000,
    10.551
  ],
  [
    1668124800000,
    10.609
  ],
  [
    1668211200000,
    10.768
  ],
  [
    1668297600000,
    13.006
  ],
  [
    1668384000000,
    9.957
  ],
  [
    1668470400000,
    9.17
  ],
  [
    1668556800000,
    10.448
  ],
  [
    1668643200000,
    10.367
  ],
  [
    1668729600000,
    11.868
  ],
  [
    1668816000000,
    9.578
  ],
  [
    1668902400000,
    10.243
  ],
  [
    1668988800000,
    10.09
  ],
  [
    1669075200000,
    10.616
  ],
  [
    1669161600000,
    10.817
  ],
  [
    1669248000000,
    11.027
  ],
  [
    1669334400000,
    10.721
  ],
  [
    1669420800000,
    11.744
  ],
  [
    1669507200000,
    10.276
  ],
  [
    1669593600000,
    11.094
  ],
  [
    1669680000000,
    11.367
  ],
  [
    1669766400000,
    11.445
  ],
  [
    1669852800000,
    11.01
  ],
  [
    1669939200000,
    11.283
  ],
  [
    1670025600000,
    10.725
  ],
  [
    1670112000000,
    11.922
  ],
  [
    1670198400000,
    11.982
  ],
  [
    1670284800000,
    11.21
  ],
  [
    1670371200000,
    10.209
  ],
  [
    1670457600000,
    11.411
  ],
  [
    1670544000000,
    12.181
  ],
  [
    1670630400000,
    11.608
  ],
  [
    1670716800000,
    11.317
  ],
  [
    1670803200000,
    11.042
  ],
  [
    1670889600000,
    11.331
  ],
  [
    1670976000000,
    11.623
  ],
  [
    1671062400000,
    11.527
  ],
  [
    1671148800000,
    11.203
  ],
  [
    1671235200000,
    11.7
  ],
  [
    1671321600000,
    11.84
  ],
  [
    1671408000000,
    13.237
  ],
  [
    1671580800000,
    11.849
  ],
  [
    1671667200000,
    11.7
  ],
  [
    1671753600000,
    11.5
  ],
  [
    1671840000000,
    11.284
  ],
  [
    1671926400000,
    11.769
  ],
  [
    1672012800000,
    11.38
  ],
  [
    1672099200000,
    8.876
  ],
  [
    1672185600000,
    10.712
  ],
  [
    1672272000000,
    10.831
  ],
  [
    1672358400000,
    10.45
  ],
  [
    1672444800000,
    11.175
  ],
  [
    1672531200000,
    11.008
  ],
  [
    1672617600000,
    10.864
  ],
  [
    1672704000000,
    10.9
  ],
  [
    1672790400000,
    10.499
  ],
  [
    1672876800000,
    11.784
  ],
  [
    1672963200000,
    10.926
  ],
  [
    1673049600000,
    11.315
  ],
  [
    1673136000000,
    10.52
  ],
  [
    1673222400000,
    10.645
  ],
  [
    1673308800000,
    11.645
  ],
  [
    1673395200000,
    11.957
  ],
  [
    1673481600000,
    11.686
  ],
  [
    1673568000000,
    10.98
  ],
  [
    1673654400000,
    10.537
  ],
  [
    1673740800000,
    11.537
  ],
  [
    1673827200000,
    11.172
  ],
  [
    1673913600000,
    11.775
  ],
  [
    1674000000000,
    11.427
  ],
  [
    1674086400000,
    11.771
  ],
  [
    1674172800000,
    11.295
  ],
  [
    1674259200000,
    10.731
  ],
  [
    1674345600000,
    10.525
  ],
  [
    1674432000000,
    11.246
  ],
  [
    1674518400000,
    11.694
  ],
  [
    1674604800000,
    11.329
  ],
  [
    1674691200000,
    11.988
  ],
  [
    1674777600000,
    12.602
  ],
  [
    1674864000000,
    11.5
  ],
  [
    1674950400000,
    13.477
  ],
  [
    1675036800000,
    12.125
  ],
  [
    1675123200000,
    12.723
  ],
  [
    1675209600000,
    11.83
  ],
  [
    1675296000000,
    11.82
  ],
  [
    1675382400000,
    11.899
  ],
  [
    1675468800000,
    11.679
  ],
  [
    1675555200000,
    10.919
  ],
  [
    1675641600000,
    11.648
  ],
  [
    1675728000000,
    11.759
  ],
  [
    1675814400000,
    11.642
  ],
  [
    1675900800000,
    12.229
  ],
  [
    1675987200000,
    11.575
  ],
  [
    1676073600000,
    11.107
  ],
  [
    1676160000000,
    11.212
  ],
  [
    1676246400000,
    12.413
  ],
  [
    1676332800000,
    11.405
  ],
  [
    1676419200000,
    11.833
  ],
  [
    1676505600000,
    12.258
  ],
  [
    1676592000000,
    12.463
  ],
  [
    1676678400000,
    12.364
  ],
  [
    1676764800000,
    12.302
  ],
  [
    1676851200000,
    11.49
  ],
  [
    1676937600000,
    11.455
  ],
  [
    1677024000000,
    11.28
  ],
  [
    1677110400000,
    12.07
  ],
  [
    1677196800000,
    11.9
  ],
  [
    1677283200000,
    11.182
  ],
  [
    1677369600000,
    11.276
  ],
  [
    1677456000000,
    12.149
  ],
  [
    1677542400000,
    11.52
  ],
  [
    1677628800000,
    12.144
  ],
  [
    1677715200000,
    10.907
  ],
  [
    1677801600000,
    11.622
  ],
  [
    1677888000000,
    11.98
  ],
  [
    1677974400000,
    11.954
  ],
  [
    1678060800000,
    11.715
  ],
  [
    1678147200000,
    11.713
  ],
  [
    1678233600000,
    11.967
  ],
  [
    1678320000000,
    11.277
  ],
  [
    1678406400000,
    10.99
  ],
  [
    1678492800000,
    11.928
  ],
  [
    1678579200000,
    11.823
  ],
  [
    1678665600000,
    12.232
  ],
  [
    1678752000000,
    11.641
  ],
  [
    1678838400000,
    11.44
  ],
  [
    1678924800000,
    10.845
  ],
  [
    1679011200000,
    11.156
  ],
  [
    1679097600000,
    11.302
  ],
  [
    1679184000000,
    11.696
  ],
  [
    1679270400000,
    11.88
  ],
  [
    1679356800000,
    11.977
  ],
  [
    1679443200000,
    12.088
  ],
  [
    1679529600000,
    11.896
  ],
  [
    1679616000000,
    12.204
  ],
  [
    1679702400000,
    11.19
  ],
  [
    1679788800000,
    11.089
  ],
  [
    1679871600000,
    11.028
  ],
  [
    1679958000000,
    11.521
  ],
  [
    1680044400000,
    11.699
  ],
  [
    1680130800000,
    11.398
  ],
  [
    1680217200000,
    11.436
  ],
  [
    1680303600000,
    11.762
  ],
  [
    1680390000000,
    11.326
  ],
  [
    1680476400000,
    11.428
  ],
  [
    1680562800000,
    11.456
  ],
  [
    1680649200000,
    12.073
  ],
  [
    1680735600000,
    11.704
  ],
  [
    1680822000000,
    12.213
  ],
  [
    1680908400000,
    11.699
  ],
  [
    1680994800000,
    11.349
  ],
  [
    1681081200000,
    11.338
  ],
  [
    1681167600000,
    11.338
  ],
  [
    1681254000000,
    11.878
  ],
  [
    1681340400000,
    11.422
  ],
  [
    1681426800000,
    11.822
  ],
  [
    1681513200000,
    12.236
  ],
  [
    1681599600000,
    11.975
  ],
  [
    1681686000000,
    12.643
  ],
  [
    1681772400000,
    12.369
  ],
  [
    1681858800000,
    12.495
  ],
  [
    1681945200000,
    12.788
  ],
  [
    1682031600000,
    13.495
  ],
  [
    1682118000000,
    13.45
  ],
  [
    1682204400000,
    14.128
  ],
  [
    1682290800000,
    14.188
  ],
  [
    1682377200000,
    14.531
  ],
  [
    1682463600000,
    13.754
  ],
  [
    1682550000000,
    15.223
  ],
  [
    1682636400000,
    13.39
  ],
  [
    1682722800000,
    13.368
  ],
  [
    1682809200000,
    12.797
  ],
  [
    1682895600000,
    13.084
  ],
  [
    1682982000000,
    12.23
  ],
  [
    1683068400000,
    12.946
  ],
  [
    1683154800000,
    12.625
  ],
  [
    1683241200000,
    11.892
  ],
  [
    1683327600000,
    12.154
  ],
  [
    1683414000000,
    12.387
  ],
  [
    1683500400000,
    12.711
  ],
  [
    1683586800000,
    12.066
  ],
  [
    1683673200000,
    11.266
  ],
  [
    1683759600000,
    12.961
  ],
  [
    1683846000000,
    12.168
  ],
  [
    1683932400000,
    12.519
  ],
  [
    1684018800000,
    13.283
  ],
  [
    1684105200000,
    13.583
  ],
  [
    1684191600000,
    13.337
  ],
  [
    1684278000000,
    12.017
  ],
  [
    1684364400000,
    13.505
  ],
  [
    1684450800000,
    13.323
  ],
  [
    1684537200000,
    13.382
  ],
  [
    1684623600000,
    13.363
  ],
  [
    1684710000000,
    12.554
  ],
  [
    1684796400000,
    12.867
  ],
  [
    1684882800000,
    12.854
  ],
  [
    1684969200000,
    13.053
  ],
  [
    1685055600000,
    13.695
  ],
  [
    1685142000000,
    13.628
  ],
  [
    1685228400000,
    12.906
  ],
  [
    1685314800000,
    13.758
  ],
  [
    1685401200000,
    13.238
  ],
  [
    1685487600000,
    14.977
  ],
  [
    1685574000000,
    14.518
  ],
  [
    1685660400000,
    14.09
  ],
  [
    1685746800000,
    15.219
  ],
  [
    1685833200000,
    14.506
  ],
  [
    1685919600000,
    14.496
  ],
  [
    1686006000000,
    14.799
  ],
  [
    1686092400000,
    14.874
  ],
  [
    1686178800000,
    15.24
  ],
  [
    1686265200000,
    15.168
  ],
  [
    1686351600000,
    14.307
  ],
  [
    1686524400000,
    14.73
  ],
  [
    1686610800000,
    14.732
  ],
  [
    1686697200000,
    14.909
  ],
  [
    1686783600000,
    15.296
  ],
  [
    1686956400000,
    16.228
  ],
  [
    1687042800000,
    16.879
  ],
  [
    1687129200000,
    17.463
  ],
  [
    1687215600000,
    16.626
  ],
  [
    1687302000000,
    15.908
  ],
  [
    1687388400000,
    17.771
  ],
  [
    1687474800000,
    16.943
  ],
  [
    1687561200000,
    17.029
  ],
  [
    1687647600000,
    16.001
  ],
  [
    1687734000000,
    17.376
  ],
  [
    1687820400000,
    16.382
  ],
  [
    1687906800000,
    17.037
  ],
  [
    1687993200000,
    15.746
  ],
  [
    1688079600000,
    15.592
  ],
  [
    1688252400000,
    12.961
  ],
  [
    1688338800000,
    17.134
  ],
  [
    1688511600000,
    15.87
  ],
  [
    1688598000000,
    15.95
  ],
  [
    1688684400000,
    15.745
  ],
  [
    1688857200000,
    16.321
  ],
  [
    1688943600000,
    13.883
  ],
  [
    1689030000000,
    15.404
  ],
  [
    1689116400000,
    14.852
  ],
  [
    1689202800000,
    14.613
  ],
  [
    1689289200000,
    14.852
  ],
  [
    1689375600000,
    14.76
  ],
  [
    1689462000000,
    15.822
  ],
  [
    1689548400000,
    15.545
  ],
  [
    1689634800000,
    15.638
  ],
  [
    1689721200000,
    15.205
  ],
  [
    1689807600000,
    15.503
  ],
  [
    1689894000000,
    16.87
  ],
  [
    1689980400000,
    16.772
  ],
  [
    1690066800000,
    15.682
  ],
  [
    1690153200000,
    15.6
  ],
  [
    1690239600000,
    16.615
  ],
  [
    1690326000000,
    16.552
  ],
  [
    1690412400000,
    15.727
  ],
  [
    1690498800000,
    16.129
  ],
  [
    1690585200000,
    15.426
  ],
  [
    1690671600000,
    14.69
  ],
  [
    1690758000000,
    15.802
  ],
  [
    1690844400000,
    14.7
  ],
  [
    1690930800000,
    15.904
  ],
  [
    1691017200000,
    16.853
  ],
  [
    1691103600000,
    14.65
  ],
  [
    1691190000000,
    15.56
  ],
  [
    1691276400000,
    15.995
  ],
  [
    1691362800000,
    16.683
  ],
  [
    1691449200000,
    15.276
  ],
  [
    1691535600000,
    13.984
  ],
  [
    1691622000000,
    16.714
  ],
  [
    1691708400000,
    14.805
  ],
  [
    1691794800000,
    14.76
  ],
  [
    1691881200000,
    16.475
  ],
  [
    1691967600000,
    14.11
  ],
  [
    1692054000000,
    16.894
  ],
  [
    1692140400000,
    15.945
  ],
  [
    1692226800000,
    19.11
  ],
  [
    1692313200000,
    15.772
  ],
  [
    1692486000000,
    16.58
  ],
  [
    1692572400000,
    15.855
  ],
  [
    1692745200000,
    17.509
  ],
  [
    1692918000000,
    16.783
  ],
  [
    1693004400000,
    16.857
  ],
  [
    1693090800000,
    16.455
  ],
  [
    1693177200000,
    15.13
  ],
  [
    1693350000000,
    17.744
  ],
  [
    1693522800000,
    16.705
  ],
  [
    1693609200000,
    15.084
  ],
  [
    1693695600000,
    16.369
  ],
  [
    1693868400000,
    18.47
  ],
  [
    1693954800000,
    16.47
  ],
  [
    1694041200000,
    16.452
  ],
  [
    1694127600000,
    16.806
  ],
  [
    1694214000000,
    16.683
  ],
  [
    1694300400000,
    16.24
  ],
  [
    1694386800000,
    18.555
  ],
  [
    1694473200000,
    17.24
  ],
  [
    1694559600000,
    18.397
  ],
  [
    1694646000000,
    18.26
  ],
  [
    1694732400000,
    17.997
  ],
  [
    1694818800000,
    17.987
  ],
  [
    1694905200000,
    18.667
  ],
  [
    1694991600000,
    18.48
  ],
  [
    1695078000000,
    20.562
  ],
  [
    1695164400000,
    18.615
  ],
  [
    1695250800000,
    18.43
  ],
  [
    1695337200000,
    19.478
  ],
  [
    1695423600000,
    18.09
  ],
  [
    1695510000000,
    17.96
  ],
  [
    1695596400000,
    18.076
  ],
  [
    1695682800000,
    17.791
  ],
  [
    1695855600000,
    17.133
  ],
  [
    1695942000000,
    17.577
  ],
  [
    1696028400000,
    17
  ],
  [
    1696201200000,
    17.473
  ],
  [
    1696287600000,
    18.137
  ],
  [
    1696374000000,
    17.098
  ],
  [
    1696460400000,
    17.178
  ],
  [
    1696546800000,
    18.461
  ],
  [
    1696633200000,
    19.369
  ],
  [
    1696719600000,
    18.176
  ],
  [
    1696806000000,
    19.793
  ],
  [
    1696892400000,
    19.43
  ],
  [
    1696978800000,
    19.565
  ],
  [
    1697065200000,
    19.04
  ],
  [
    1697151600000,
    20.192
  ],
  [
    1697238000000,
    20.31
  ],
  [
    1697324400000,
    20.18
  ],
  [
    1697410800000,
    20.083
  ],
  [
    1697497200000,
    20.015
  ],
  [
    1697583600000,
    19.785
  ],
  [
    1697670000000,
    19.307
  ],
  [
    1697756400000,
    19.639
  ],
  [
    1697842800000,
    18.931
  ],
  [
    1697929200000,
    20.657
  ],
  [
    1698015600000,
    19.397
  ],
  [
    1698102000000,
    19.24
  ],
  [
    1698188400000,
    19.424
  ],
  [
    1698274800000,
    19.199
  ],
  [
    1698361200000,
    19.896
  ],
  [
    1698447600000,
    19.43
  ],
  [
    1698534000000,
    19.622
  ],
  [
    1698624000000,
    19.019
  ],
  [
    1698710400000,
    17.89
  ],
  [
    1698796800000,
    18.933
  ],
  [
    1698883200000,
    18.753
  ],
  [
    1698969600000,
    18.813
  ],
  [
    1699056000000,
    18.884
  ],
  [
    1699142400000,
    18.717
  ],
  [
    1699228800000,
    18.436
  ],
  [
    1699315200000,
    18.764
  ],
  [
    1699401600000,
    19.41
  ],
  [
    1699488000000,
    17.117
  ],
  [
    1699574400000,
    18.169
  ],
  [
    1699660800000,
    18.772
  ],
  [
    1699747200000,
    19.095
  ],
  [
    1699920000000,
    18.762
  ],
  [
    1700006400000,
    18.872
  ],
  [
    1700092800000,
    18.677
  ],
  [
    1700179200000,
    19.47
  ],
  [
    1700265600000,
    18.915
  ],
  [
    1700438400000,
    18.475
  ],
  [
    1700524800000,
    18.533
  ],
  [
    1700611200000,
    18.228
  ],
  [
    1700784000000,
    18.765
  ],
  [
    1700870400000,
    18.393
  ],
  [
    1700956800000,
    17.335
  ],
  [
    1701043200000,
    17.295
  ],
  [
    1701129600000,
    18.186
  ],
  [
    1701216000000,
    17.45
  ],
  [
    1701302400000,
    17.49
  ],
  [
    1701388800000,
    17.62
  ],
  [
    1701475200000,
    18.07
  ],
  [
    1701561600000,
    17.909
  ],
  [
    1701648000000,
    18.123
  ],
  [
    1701734400000,
    18.533
  ],
  [
    1701820800000,
    18.203
  ],
  [
    1701907200000,
    18.472
  ],
  [
    1701993600000,
    19.375
  ],
  [
    1702080000000,
    19.514
  ],
  [
    1702166400000,
    19.726
  ],
  [
    1702252800000,
    20.096
  ],
  [
    1702339200000,
    20.09
  ],
  [
    1702425600000,
    20.775
  ],
  [
    1702512000000,
    20.49
  ],
  [
    1702598400000,
    19.385
  ],
  [
    1702684800000,
    20.52
  ],
  [
    1702771200000,
    20.56
  ],
  [
    1702857600000,
    20.56
  ],
  [
    1703030400000,
    19.11
  ],
  [
    1703116800000,
    19.11
  ],
  [
    1703203200000,
    19.42
  ],
  [
    1703289600000,
    20.555
  ],
  [
    1703376000000,
    20.365
  ],
  [
    1703635200000,
    19.74
  ],
  [
    1703721600000,
    19.37
  ],
  [
    1703808000000,
    17.305
  ],
  [
    1703894400000,
    17.99
  ],
  [
    1703980800000,
    20.99
  ],
  [
    1704067200000,
    18.909
  ],
  [
    1704240000000,
    21.88
  ],
  [
    1704326400000,
    19.691
  ],
  [
    1704412800000,
    20.795
  ],
  [
    1704499200000,
    21.075
  ],
  [
    1704672000000,
    19.492
  ],
  [
    1704758400000,
    20.18
  ],
  [
    1704931200000,
    20.794
  ],
  [
    1705017600000,
    20.463
  ],
  [
    1705104000000,
    21.132
  ],
  [
    1705190400000,
    21.495
  ],
  [
    1705363200000,
    20.124
  ],
  [
    1705449600000,
    21.647
  ],
  [
    1705536000000,
    21.776
  ],
  [
    1705622400000,
    21.395
  ],
  [
    1705708800000,
    21.305
  ],
  [
    1705795200000,
    20.555
  ],
  [
    1705968000000,
    18.23
  ],
  [
    1706054400000,
    18.19
  ],
  [
    1706140800000,
    17.34
  ],
  [
    1706313600000,
    18.6
  ],
  [
    1706400000000,
    18.6
  ],
  [
    1706486400000,
    18.9
  ],
  [
    1706572800000,
    18.97
  ],
  [
    1706659200000,
    19.039
  ],
  [
    1706745600000,
    20.65
  ],
  [
    1706832000000,
    19.64
  ],
  [
    1706918400000,
    19.777
  ],
  [
    1707177600000,
    20.13
  ],
  [
    1707264000000,
    19.415
  ],
  [
    1707350400000,
    19.553
  ],
  [
    1707436800000,
    19.036
  ],
  [
    1707523200000,
    19.388
  ],
  [
    1707609600000,
    16.17
  ],
  [
    1707696000000,
    19.238
  ],
  [
    1707782400000,
    19.74
  ],
  [
    1707868800000,
    18.432
  ],
  [
    1707955200000,
    19.271
  ],
  [
    1708041600000,
    19.716
  ],
  [
    1708300800000,
    19.963
  ],
  [
    1708387200000,
    18.832
  ],
  [
    1708473600000,
    19.69
  ],
  [
    1708560000000,
    19.455
  ],
  [
    1708646400000,
    20.001
  ],
  [
    1708732800000,
    21.632
  ],
  [
    1708819200000,
    19.503
  ],
  [
    1708905600000,
    21.166
  ],
  [
    1709078400000,
    21
  ],
  [
    1709164800000,
    21.78
  ],
  [
    1709251200000,
    20.833
  ],
  [
    1709337600000,
    21.365
  ],
  [
    1709424000000,
    20.723
  ],
  [
    1709510400000,
    21.519
  ],
  [
    1709596800000,
    21.598
  ],
  [
    1709683200000,
    21.804
  ],
  [
    1709769600000,
    21.891
  ],
  [
    1709856000000,
    22.187
  ],
  [
    1709942400000,
    20.899
  ],
  [
    1710115200000,
    22.445
  ],
  [
    1710201600000,
    21.79
  ],
  [
    1710288000000,
    21.79
  ],
  [
    1710547200000,
    21.333
  ],
  [
    1710633600000,
    19.815
  ],
  [
    1710720000000,
    20.69
  ],
  [
    1710806400000,
    20.745
  ],
  [
    1710979200000,
    20.875
  ],
  [
    1711065600000,
    20.19
  ],
  [
    1711152000000,
    20.177
  ],
  [
    1711238400000,
    18.16
  ],
  [
    1711324800000,
    20.18
  ],
  [
    1711411200000,
    20.84
  ],
  [
    1711497600000,
    20.051
  ],
  [
    1711584000000,
    21.656
  ],
  [
    1711756800000,
    22.728
  ],
  [
    1711843200000,
    22.527
  ],
  [
    1711926000000,
    21.083
  ],
  [
    1712012400000,
    23.097
  ],
  [
    1712098800000,
    22.23
  ],
  [
    1712185200000,
    22.545
  ],
  [
    1712271600000,
    23.885
  ],
  [
    1712358000000,
    23.82
  ],
  [
    1712530800000,
    22
  ],
  [
    1712617200000,
    23.66
  ],
  [
    1712703600000,
    24.083
  ],
  [
    1712790000000,
    23.315
  ],
  [
    1712876400000,
    25.269
  ],
  [
    1712962800000,
    23.09
  ],
  [
    1713049200000,
    23.765
  ],
  [
    1713222000000,
    22.563
  ],
  [
    1713567600000,
    23.152
  ],
  [
    1713654000000,
    24.501
  ],
  [
    1713826800000,
    23.613
  ],
  [
    1713913200000,
    24.051
  ],
  [
    1713999600000,
    25.002
  ],
  [
    1714086000000,
    24.115
  ],
  [
    1714172400000,
    25.78
  ],
  [
    1714258800000,
    25.808
  ],
  [
    1714431600000,
    26.045
  ],
  [
    1714518000000,
    26.239
  ],
  [
    1714604400000,
    23.645
  ],
  [
    1714863600000,
    24.33
  ],
  [
    1714950000000,
    25.317
  ],
  [
    1715036400000,
    25.767
  ],
  [
    1715122800000,
    25.08
  ],
  [
    1715295600000,
    25.287
  ],
  [
    1715382000000,
    27.4
  ],
  [
    1715468400000,
    27.225
  ],
  [
    1715641200000,
    27.15
  ],
  [
    1715727600000,
    24.88
  ],
  [
    1715814000000,
    24.89
  ],
  [
    1715986800000,
    28.737
  ],
  [
    1716073200000,
    25.21
  ],
  [
    1716246000000,
    28.373
  ],
  [
    1716415200000,
    28.69
  ],
  [
    1716508800000,
    13.8
  ],
  [
    1716566400000,
    27.06
  ],
  [
    1716573600000,
    25.308
  ],
  [
    1716595200000,
    27.013
  ],
  [
    1716732000000,
    27.06
  ],
  [
    1716746400000,
    29.29
  ],
  [
    1716879600000,
    28.35
  ],
  [
    1716890400000,
    30.581
  ],
  [
    1716894000000,
    30.689
  ],
  [
    1716948000000,
    31.215
  ],
  [
    1717200000000,
    32.589
  ],
  [
    1717203600000,
    31.22
  ],
  [
    1717336800000,
    31.74
  ],
  [
    1717531200000,
    27.48
  ],
  [
    1717603200000,
    32.74
  ],
  [
    1717657200000,
    32.5
  ],
  [
    1717729200000,
    31.7
  ],
  [
    1717808400000,
    31.7
  ],
  [
    1717858800000,
    31.43
  ],
  [
    1717927200000,
    32.359
  ],
  [
    1717941600000,
    34.262
  ],
  [
    1718020800000,
    30.919
  ],
  [
    1718024400000,
    34.31
  ],
  [
    1718143200000,
    32.086
  ],
  [
    1718150400000,
    34.345
  ],
  [
    1718208000000,
    30.16
  ],
  [
    1718276400000,
    30.32
  ],
  [
    1718330400000,
    33
  ],
  [
    1718348400000,
    31.567
  ],
  [
    1718406000000,
    33.83
  ],
  [
    1718478000000,
    33.32
  ],
  [
    1718499600000,
    34.84
  ],
  [
    1718532000000,
    29.24
  ],
  [
    1718539200000,
    27.74
  ],
  [
    1718647200000,
    30.04
  ],
  [
    1718672400000,
    32.69
  ],
  [
    1718762400000,
    29.46
  ],
  [
    1718773200000,
    31.36
  ],
  [
    1718856000000,
    30.05
  ],
  [
    1718913600000,
    30.3
  ],
  [
    1718920800000,
    32.41
  ],
  [
    1718928000000,
    30.79
  ],
  [
    1718931600000,
    31.64
  ],
  [
    1718949600000,
    29.57
  ]
]