[
  [
    1574121600000,
    0.148
  ],
  [
    1574208000000,
    0.147
  ],
  [
    1574294400000,
    0.237
  ],
  [
    1574380800000,
    0.184
  ],
  [
    1574467200000,
    0.21
  ],
  [
    1574553600000,
    0.188
  ],
  [
    1574640000000,
    0.163
  ],
  [
    1574726400000,
    0.192
  ],
  [
    1574812800000,
    0.195
  ],
  [
    1574899200000,
    0.212
  ],
  [
    1574985600000,
    0.19
  ],
  [
    1575072000000,
    0.232
  ],
  [
    1575158400000,
    0.281
  ],
  [
    1575244800000,
    0.266
  ],
  [
    1575331200000,
    0.289
  ],
  [
    1575417600000,
    0.209
  ],
  [
    1575504000000,
    0.184
  ],
  [
    1575590400000,
    0.208
  ],
  [
    1575676800000,
    0.212
  ],
  [
    1575763200000,
    0.212
  ],
  [
    1575849600000,
    0.251
  ],
  [
    1575936000000,
    0.271
  ],
  [
    1576022400000,
    0.225
  ],
  [
    1576108800000,
    0.255
  ],
  [
    1576195200000,
    0.246
  ],
  [
    1576281600000,
    0.239
  ],
  [
    1576368000000,
    0.214
  ],
  [
    1576454400000,
    0.212
  ],
  [
    1576540800000,
    0.209
  ],
  [
    1576627200000,
    0.217
  ],
  [
    1576713600000,
    0.224
  ],
  [
    1576800000000,
    4.823
  ],
  [
    1576886400000,
    0.351
  ],
  [
    1576972800000,
    0.229
  ],
  [
    1577059200000,
    0.225
  ],
  [
    1577145600000,
    0.24
  ],
  [
    1577232000000,
    0.234
  ],
  [
    1577318400000,
    0.229
  ],
  [
    1577404800000,
    8.424
  ],
  [
    1577491200000,
    0.252
  ],
  [
    1577577600000,
    0.251
  ],
  [
    1577664000000,
    0.22
  ],
  [
    1577750400000,
    0.233
  ],
  [
    1577836800000,
    0.211
  ],
  [
    1577923200000,
    0.199
  ],
  [
    1578009600000,
    0.197
  ],
  [
    1578096000000,
    0.205
  ],
  [
    1578182400000,
    0.215
  ],
  [
    1578268800000,
    0.216
  ],
  [
    1578355200000,
    0.22
  ],
  [
    1578441600000,
    0.244
  ],
  [
    1578528000000,
    0.224
  ],
  [
    1578614400000,
    0.236
  ],
  [
    1578700800000,
    0.225
  ],
  [
    1578787200000,
    0.234
  ],
  [
    1578873600000,
    1.042
  ],
  [
    1578960000000,
    0.232
  ],
  [
    1579046400000,
    0.234
  ],
  [
    1579132800000,
    0.241
  ],
  [
    1579219200000,
    0.241
  ],
  [
    1579305600000,
    0.257
  ],
  [
    1579392000000,
    0.254
  ],
  [
    1579478400000,
    0.25
  ],
  [
    1579564800000,
    0.249
  ],
  [
    1579651200000,
    0.224
  ],
  [
    1579737600000,
    0.261
  ],
  [
    1579824000000,
    0.221
  ],
  [
    1579910400000,
    0.226
  ],
  [
    1579996800000,
    0.215
  ],
  [
    1580083200000,
    0.216
  ],
  [
    1580169600000,
    0.223
  ],
  [
    1580256000000,
    0.254
  ],
  [
    1580342400000,
    0.228
  ],
  [
    1580428800000,
    0.248
  ],
  [
    1580515200000,
    0.271
  ],
  [
    1580601600000,
    0.25
  ],
  [
    1580688000000,
    0.338
  ],
  [
    1580774400000,
    0.584
  ],
  [
    1580860800000,
    0.555
  ],
  [
    1580947200000,
    0.534
  ],
  [
    1581033600000,
    0.462
  ],
  [
    1581120000000,
    0.364
  ],
  [
    1581206400000,
    0.337
  ],
  [
    1581292800000,
    0.332
  ],
  [
    1581379200000,
    0.345
  ],
  [
    1581465600000,
    0.336
  ],
  [
    1581552000000,
    0.341
  ],
  [
    1581638400000,
    0.358
  ],
  [
    1581724800000,
    0.335
  ],
  [
    1581811200000,
    0.377
  ],
  [
    1581897600000,
    0.336
  ],
  [
    1581984000000,
    0.353
  ],
  [
    1582070400000,
    0.326
  ],
  [
    1582156800000,
    0.322
  ],
  [
    1582243200000,
    0.334
  ],
  [
    1582329600000,
    0.356
  ],
  [
    1582416000000,
    0.398
  ],
  [
    1582502400000,
    0.494
  ],
  [
    1582588800000,
    0.456
  ],
  [
    1582675200000,
    0.41
  ],
  [
    1582761600000,
    0.447
  ],
  [
    1582848000000,
    0.434
  ],
  [
    1582934400000,
    0.512
  ],
  [
    1583020800000,
    0.469
  ],
  [
    1583107200000,
    0.429
  ],
  [
    1583193600000,
    0.431
  ],
  [
    1583280000000,
    0.439
  ],
  [
    1583366400000,
    0.416
  ],
  [
    1583452800000,
    0.399
  ],
  [
    1583539200000,
    0.387
  ],
  [
    1583625600000,
    0.374
  ],
  [
    1583712000000,
    0.378
  ],
  [
    1583798400000,
    0.373
  ],
  [
    1583884800000,
    0.372
  ],
  [
    1583971200000,
    0.368
  ],
  [
    1584057600000,
    0.383
  ],
  [
    1584144000000,
    0.356
  ],
  [
    1584230400000,
    0.367
  ],
  [
    1584316800000,
    0.354
  ],
  [
    1584403200000,
    0.347
  ],
  [
    1584489600000,
    0.374
  ],
  [
    1584576000000,
    0.384
  ],
  [
    1584662400000,
    0.427
  ],
  [
    1584748800000,
    0.437
  ],
  [
    1584835200000,
    0.435
  ],
  [
    1584921600000,
    0.422
  ],
  [
    1585008000000,
    0.404
  ],
  [
    1585094400000,
    0.409
  ],
  [
    1585180800000,
    0.397
  ],
  [
    1585267200000,
    0.445
  ],
  [
    1585353600000,
    0.426
  ],
  [
    1585440000000,
    0.477
  ],
  [
    1585522800000,
    0.494
  ],
  [
    1585609200000,
    0.4
  ],
  [
    1585695600000,
    0.433
  ],
  [
    1585782000000,
    0.394
  ],
  [
    1585868400000,
    0.403
  ],
  [
    1585954800000,
    0.427
  ],
  [
    1586041200000,
    0.428
  ],
  [
    1586127600000,
    0.412
  ],
  [
    1586214000000,
    0.434
  ],
  [
    1586300400000,
    0.429
  ],
  [
    1586386800000,
    0.408
  ],
  [
    1586473200000,
    0.435
  ],
  [
    1586559600000,
    0.419
  ],
  [
    1586646000000,
    0.425
  ],
  [
    1586732400000,
    0.407
  ],
  [
    1586818800000,
    0.417
  ],
  [
    1586905200000,
    0.385
  ],
  [
    1586991600000,
    0.413
  ],
  [
    1587078000000,
    0.383
  ],
  [
    1587164400000,
    0.43
  ],
  [
    1587250800000,
    0.444
  ],
  [
    1587337200000,
    0.459
  ],
  [
    1587423600000,
    0.443
  ],
  [
    1587510000000,
    0.454
  ],
  [
    1587596400000,
    0.454
  ],
  [
    1587682800000,
    0.452
  ],
  [
    1587769200000,
    0.479
  ],
  [
    1587855600000,
    0.419
  ],
  [
    1587942000000,
    0.476
  ],
  [
    1588028400000,
    0.49
  ],
  [
    1588114800000,
    0.534
  ],
  [
    1588201200000,
    0.57
  ],
  [
    1588287600000,
    0.556
  ],
  [
    1588374000000,
    0.571
  ],
  [
    1588460400000,
    0.631
  ],
  [
    1588546800000,
    0.68
  ],
  [
    1588633200000,
    0.702
  ],
  [
    1588719600000,
    0.655
  ],
  [
    1588806000000,
    0.642
  ],
  [
    1588892400000,
    0.7
  ],
  [
    1588978800000,
    0.723
  ],
  [
    1589065200000,
    0.681
  ],
  [
    1589151600000,
    0.704
  ],
  [
    1589238000000,
    0.747
  ],
  [
    1589324400000,
    0.698
  ],
  [
    1589410800000,
    0.715
  ],
  [
    1589497200000,
    0.746
  ],
  [
    1589583600000,
    0.715
  ],
  [
    1589670000000,
    0.816
  ],
  [
    1589756400000,
    0.852
  ],
  [
    1589842800000,
    0.831
  ],
  [
    1589929200000,
    0.925
  ],
  [
    1590015600000,
    0.82
  ],
  [
    1590102000000,
    0.816
  ],
  [
    1590188400000,
    0.892
  ],
  [
    1590274800000,
    0.862
  ],
  [
    1590361200000,
    0.772
  ],
  [
    1590447600000,
    0.73
  ],
  [
    1590534000000,
    0.752
  ],
  [
    1590620400000,
    0.775
  ],
  [
    1590706800000,
    0.778
  ],
  [
    1590793200000,
    0.756
  ],
  [
    1590879600000,
    0.811
  ],
  [
    1590966000000,
    0.833
  ],
  [
    1591052400000,
    0.798
  ],
  [
    1591138800000,
    0.888
  ],
  [
    1591311600000,
    0.683
  ],
  [
    1591398000000,
    0.826
  ],
  [
    1591484400000,
    0.81
  ],
  [
    1591570800000,
    0.87
  ],
  [
    1591657200000,
    0.802
  ],
  [
    1591743600000,
    0.831
  ],
  [
    1591916400000,
    1.063
  ],
  [
    1592002800000,
    0.845
  ],
  [
    1592089200000,
    0.84
  ],
  [
    1592175600000,
    0.92
  ],
  [
    1592262000000,
    0.866
  ],
  [
    1592348400000,
    0.938
  ],
  [
    1592434800000,
    0.62
  ],
  [
    1592521200000,
    0.776
  ],
  [
    1592607600000,
    0.675
  ],
  [
    1592694000000,
    0.76
  ],
  [
    1592780400000,
    0.831
  ],
  [
    1592866800000,
    0.758
  ],
  [
    1592953200000,
    0.73
  ],
  [
    1593039600000,
    0.747
  ],
  [
    1593126000000,
    0.674
  ],
  [
    1593212400000,
    0.693
  ],
  [
    1593298800000,
    0.672
  ],
  [
    1593385200000,
    0.704
  ],
  [
    1593471600000,
    0.66
  ],
  [
    1593558000000,
    0.714
  ],
  [
    1593644400000,
    0.737
  ],
  [
    1593730800000,
    0.745
  ],
  [
    1593817200000,
    0.788
  ],
  [
    1593903600000,
    0.738
  ],
  [
    1593990000000,
    0.91
  ],
  [
    1594076400000,
    0.77
  ],
  [
    1594162800000,
    0.79
  ],
  [
    1594249200000,
    0.98
  ],
  [
    1594335600000,
    1.025
  ],
  [
    1594422000000,
    1.257
  ],
  [
    1594508400000,
    0.67
  ],
  [
    1594594800000,
    1.076
  ],
  [
    1594681200000,
    0.963
  ],
  [
    1594767600000,
    1.302
  ],
  [
    1594854000000,
    1.18
  ],
  [
    1594940400000,
    1.04
  ],
  [
    1595026800000,
    1.1
  ],
  [
    1595113200000,
    0.792
  ],
  [
    1595199600000,
    0.948
  ],
  [
    1595286000000,
    0.877
  ],
  [
    1595372400000,
    1.058
  ],
  [
    1595458800000,
    1.092
  ],
  [
    1595545200000,
    1.09
  ],
  [
    1595631600000,
    1.021
  ],
  [
    1595718000000,
    1.067
  ],
  [
    1595804400000,
    1.097
  ],
  [
    1595890800000,
    1.092
  ],
  [
    1595977200000,
    1.095
  ],
  [
    1596063600000,
    1.091
  ],
  [
    1596150000000,
    1.047
  ],
  [
    1596236400000,
    1.065
  ],
  [
    1596322800000,
    1.068
  ],
  [
    1596409200000,
    0.955
  ],
  [
    1596495600000,
    1.043
  ],
  [
    1596582000000,
    1.044
  ],
  [
    1596668400000,
    1.097
  ],
  [
    1596754800000,
    0.914
  ],
  [
    1596841200000,
    0.948
  ],
  [
    1596927600000,
    0.862
  ],
  [
    1597014000000,
    2.724
  ],
  [
    1597100400000,
    1.056
  ],
  [
    1597186800000,
    0.928
  ],
  [
    1597273200000,
    1.027
  ],
  [
    1597359600000,
    1.051
  ],
  [
    1597446000000,
    1.034
  ],
  [
    1597532400000,
    1.086
  ],
  [
    1597618800000,
    1.02
  ],
  [
    1597705200000,
    1.094
  ],
  [
    1597791600000,
    0.82
  ],
  [
    1597878000000,
    0.88
  ],
  [
    1597964400000,
    0.858
  ],
  [
    1598050800000,
    0.993
  ],
  [
    1598223600000,
    0.972
  ],
  [
    1598310000000,
    0.905
  ],
  [
    1598396400000,
    0.894
  ],
  [
    1598482800000,
    1.014
  ],
  [
    1598655600000,
    0.997
  ],
  [
    1598742000000,
    0.934
  ],
  [
    1598828400000,
    0.944
  ],
  [
    1598914800000,
    0.881
  ],
  [
    1599001200000,
    0.934
  ],
  [
    1599087600000,
    0.938
  ],
  [
    1599174000000,
    0.905
  ],
  [
    1599260400000,
    0.992
  ],
  [
    1599346800000,
    0.9
  ],
  [
    1599433200000,
    0.983
  ],
  [
    1599519600000,
    0.924
  ],
  [
    1599606000000,
    0.835
  ],
  [
    1599692400000,
    0.988
  ],
  [
    1599778800000,
    0.997
  ],
  [
    1599951600000,
    0.912
  ],
  [
    1600038000000,
    1.046
  ],
  [
    1600383600000,
    1.088
  ],
  [
    1600470000000,
    1.06
  ],
  [
    1600556400000,
    0.928
  ],
  [
    1600729200000,
    1.047
  ],
  [
    1600815600000,
    0.95
  ],
  [
    1600902000000,
    0.777
  ],
  [
    1600988400000,
    1.079
  ],
  [
    1601074800000,
    0.978
  ],
  [
    1601161200000,
    0.801
  ],
  [
    1601247600000,
    1.045
  ],
  [
    1601334000000,
    0.242
  ],
  [
    1601420400000,
    1.275
  ],
  [
    1601593200000,
    0.763
  ],
  [
    1601679600000,
    1.157
  ],
  [
    1601766000000,
    1
  ],
  [
    1601852400000,
    0.97
  ],
  [
    1601938800000,
    1.08
  ],
  [
    1602025200000,
    1.025
  ],
  [
    1602111600000,
    1.092
  ],
  [
    1602198000000,
    82.158
  ],
  [
    1602284400000,
    1.405
  ],
  [
    1602370800000,
    1.152
  ],
  [
    1602457200000,
    1.119
  ],
  [
    1602543600000,
    1.134
  ],
  [
    1602716400000,
    1.218
  ],
  [
    1602889200000,
    1.164
  ],
  [
    1602975600000,
    1.296
  ],
  [
    1603234800000,
    1.19
  ],
  [
    1603407600000,
    1.252
  ],
  [
    1603494000000,
    1.234
  ],
  [
    1603580400000,
    1.328
  ],
  [
    1603670400000,
    1.2
  ],
  [
    1603843200000,
    1.12
  ],
  [
    1603929600000,
    1.345
  ],
  [
    1604016000000,
    1.12
  ],
  [
    1604102400000,
    1.184
  ],
  [
    1604188800000,
    1.118
  ],
  [
    1604361600000,
    1.095
  ],
  [
    1604448000000,
    1.202
  ],
  [
    1604534400000,
    1.222
  ],
  [
    1604793600000,
    1.169
  ],
  [
    1604880000000,
    1.223
  ],
  [
    1604966400000,
    1.194
  ],
  [
    1605052800000,
    1.093
  ],
  [
    1605225600000,
    1.151
  ],
  [
    1605312000000,
    1.196
  ],
  [
    1605398400000,
    1.153
  ],
  [
    1605484800000,
    1.092
  ],
  [
    1605657600000,
    1.095
  ],
  [
    1605744000000,
    1.197
  ],
  [
    1605830400000,
    1.161
  ],
  [
    1605916800000,
    1.102
  ],
  [
    1606003200000,
    1.19
  ],
  [
    1606089600000,
    1.175
  ],
  [
    1606176000000,
    1.2
  ],
  [
    1606262400000,
    1.15
  ],
  [
    1606348800000,
    1.233
  ],
  [
    1606435200000,
    1.137
  ],
  [
    1606521600000,
    1.07
  ],
  [
    1606694400000,
    1.02
  ],
  [
    1606780800000,
    1.034
  ],
  [
    1606867200000,
    0.89
  ],
  [
    1606953600000,
    1.054
  ],
  [
    1607040000000,
    0.949
  ],
  [
    1607126400000,
    0.804
  ],
  [
    1607212800000,
    0.889
  ],
  [
    1607299200000,
    0.876
  ],
  [
    1607385600000,
    0.906
  ],
  [
    1607472000000,
    0.856
  ],
  [
    1607558400000,
    0.873
  ],
  [
    1607644800000,
    0.906
  ],
  [
    1607731200000,
    0.82
  ],
  [
    1607817600000,
    0.82
  ],
  [
    1607904000000,
    0.798
  ],
  [
    1607990400000,
    0.845
  ],
  [
    1608076800000,
    0.842
  ],
  [
    1608163200000,
    0.865
  ],
  [
    1608249600000,
    0.876
  ],
  [
    1608422400000,
    0.6
  ],
  [
    1608508800000,
    0.827
  ],
  [
    1608595200000,
    0.778
  ],
  [
    1608681600000,
    0.922
  ],
  [
    1608768000000,
    0.856
  ],
  [
    1608854400000,
    0.906
  ],
  [
    1608940800000,
    0.994
  ],
  [
    1609113600000,
    0.965
  ],
  [
    1609200000000,
    1.02
  ],
  [
    1609286400000,
    1.184
  ],
  [
    1609372800000,
    1.254
  ],
  [
    1609459200000,
    1.139
  ],
  [
    1609545600000,
    1.366
  ],
  [
    1609632000000,
    1.358
  ],
  [
    1609718400000,
    1.349
  ],
  [
    1609804800000,
    1.391
  ],
  [
    1609891200000,
    1.59
  ],
  [
    1609977600000,
    1.318
  ],
  [
    1610064000000,
    1.475
  ],
  [
    1610150400000,
    1.412
  ],
  [
    1610236800000,
    1.658
  ],
  [
    1610323200000,
    1.38
  ],
  [
    1610409600000,
    1.735
  ],
  [
    1610496000000,
    1.723
  ],
  [
    1610582400000,
    1.83
  ],
  [
    1610668800000,
    1.798
  ],
  [
    1610841600000,
    1.709
  ],
  [
    1610928000000,
    1.662
  ],
  [
    1611014400000,
    1.513
  ],
  [
    1611100800000,
    1.296
  ],
  [
    1611187200000,
    0.937
  ],
  [
    1611273600000,
    1.376
  ],
  [
    1611360000000,
    1.485
  ],
  [
    1611446400000,
    1.46
  ],
  [
    1611532800000,
    1.39
  ],
  [
    1611619200000,
    1.39
  ],
  [
    1611792000000,
    1.348
  ],
  [
    1611878400000,
    1.44
  ],
  [
    1611964800000,
    1.441
  ],
  [
    1612051200000,
    1.584
  ],
  [
    1612137600000,
    1.661
  ],
  [
    1612310400000,
    1.768
  ],
  [
    1612569600000,
    1.818
  ],
  [
    1612656000000,
    1.671
  ],
  [
    1612742400000,
    1.976
  ],
  [
    1613088000000,
    1
  ],
  [
    1613174400000,
    1.276
  ],
  [
    1613260800000,
    1.65
  ],
  [
    1613433600000,
    1.524
  ],
  [
    1613520000000,
    1.49
  ],
  [
    1613606400000,
    1.61
  ],
  [
    1613692800000,
    1.582
  ],
  [
    1613779200000,
    1.725
  ],
  [
    1613865600000,
    1.693
  ],
  [
    1613952000000,
    1.61
  ],
  [
    1614038400000,
    1.851
  ],
  [
    1614124800000,
    1.76
  ],
  [
    1614211200000,
    1.801
  ],
  [
    1614384000000,
    1.75
  ],
  [
    1614470400000,
    1.612
  ],
  [
    1614556800000,
    1.78
  ],
  [
    1614643200000,
    1.456
  ],
  [
    1614729600000,
    1.633
  ],
  [
    1614816000000,
    1.854
  ],
  [
    1614902400000,
    1.667
  ],
  [
    1614988800000,
    1.627
  ],
  [
    1615075200000,
    1.997
  ],
  [
    1615334400000,
    2.148
  ],
  [
    1615507200000,
    2.077
  ],
  [
    1615766400000,
    1.985
  ],
  [
    1615852800000,
    1.978
  ],
  [
    1615939200000,
    1.765
  ],
  [
    1616025600000,
    1.641
  ],
  [
    1616112000000,
    1.743
  ],
  [
    1616198400000,
    2.053
  ],
  [
    1616284800000,
    1.953
  ],
  [
    1616371200000,
    2.414
  ],
  [
    1616457600000,
    2.086
  ],
  [
    1616544000000,
    1.932
  ],
  [
    1616630400000,
    3.015
  ],
  [
    1616889600000,
    2.49
  ],
  [
    1616972400000,
    2.915
  ],
  [
    1617145200000,
    3.454
  ],
  [
    1617231600000,
    2.327
  ],
  [
    1617318000000,
    3.198
  ],
  [
    1617404400000,
    2.874
  ],
  [
    1617490800000,
    2.67
  ],
  [
    1617577200000,
    2.607
  ],
  [
    1617750000000,
    2.596
  ],
  [
    1617922800000,
    2.504
  ],
  [
    1618009200000,
    2.576
  ],
  [
    1618182000000,
    2.723
  ],
  [
    1618268400000,
    2.834
  ],
  [
    1618354800000,
    2.935
  ],
  [
    1618441200000,
    2.873
  ],
  [
    1618527600000,
    2.938
  ],
  [
    1618614000000,
    3.12
  ],
  [
    1618700400000,
    3.079
  ],
  [
    1618873200000,
    3.16
  ],
  [
    1619046000000,
    2.77
  ],
  [
    1619132400000,
    3.166
  ],
  [
    1619218800000,
    1.062
  ],
  [
    1619305200000,
    2.78
  ],
  [
    1619650800000,
    2.922
  ],
  [
    1619737200000,
    3.089
  ],
  [
    1619823600000,
    3.362
  ],
  [
    1619910000000,
    3.433
  ],
  [
    1619996400000,
    3.529
  ],
  [
    1620082800000,
    3.196
  ],
  [
    1620169200000,
    3.152
  ],
  [
    1620255600000,
    3.838
  ],
  [
    1620342000000,
    3.588
  ],
  [
    1620601200000,
    3.782
  ],
  [
    1620687600000,
    3.378
  ],
  [
    1620774000000,
    3.513
  ],
  [
    1620860400000,
    3.512
  ],
  [
    1621033200000,
    1.11
  ],
  [
    1621119600000,
    4.703
  ],
  [
    1621378800000,
    4.46
  ],
  [
    1621465200000,
    4.105
  ],
  [
    1621551600000,
    4.687
  ],
  [
    1621638000000,
    4.735
  ],
  [
    1621724400000,
    6.17
  ],
  [
    1621810800000,
    6.53
  ],
  [
    1621983600000,
    9.67
  ],
  [
    1622070000000,
    8.968
  ],
  [
    1622156400000,
    6.107
  ],
  [
    1622242800000,
    8.045
  ],
  [
    1622502000000,
    3.06
  ],
  [
    1622588400000,
    7.68
  ],
  [
    1622674800000,
    9.115
  ],
  [
    1622761200000,
    7.085
  ],
  [
    1622847600000,
    9.658
  ],
  [
    1622934000000,
    9.02
  ],
  [
    1623020400000,
    9.595
  ],
  [
    1623106800000,
    9.265
  ],
  [
    1623193200000,
    9.617
  ],
  [
    1623279600000,
    9.397
  ],
  [
    1623452400000,
    8.63
  ],
  [
    1623625200000,
    9.621
  ],
  [
    1623798000000,
    9.14
  ],
  [
    1624057200000,
    9.147
  ],
  [
    1624230000000,
    8.31
  ],
  [
    1624489200000,
    8.25
  ],
  [
    1624575600000,
    8.33
  ],
  [
    1624662000000,
    8.25
  ],
  [
    1624748400000,
    9.686
  ],
  [
    1624921200000,
    8.347
  ],
  [
    1625007600000,
    8.25
  ],
  [
    1625180400000,
    7.25
  ],
  [
    1625266800000,
    7.32
  ],
  [
    1625353200000,
    6.316
  ],
  [
    1625526000000,
    5.48
  ],
  [
    1625698800000,
    6.079
  ],
  [
    1625785200000,
    5.165
  ],
  [
    1625871600000,
    6.518
  ],
  [
    1626217200000,
    5.444
  ],
  [
    1626303600000,
    6.212
  ],
  [
    1626390000000,
    6.966
  ],
  [
    1626649200000,
    6.453
  ],
  [
    1626822000000,
    6.493
  ],
  [
    1626908400000,
    6.117
  ],
  [
    1626994800000,
    6.694
  ],
  [
    1627254000000,
    7.093
  ],
  [
    1627340400000,
    6.18
  ],
  [
    1627426800000,
    7.28
  ],
  [
    1627513200000,
    7.252
  ],
  [
    1627599600000,
    6.42
  ],
  [
    1627858800000,
    7.352
  ],
  [
    1627945200000,
    4.73
  ],
  [
    1628118000000,
    7.236
  ],
  [
    1628204400000,
    6.767
  ],
  [
    1628377200000,
    7.346
  ],
  [
    1628550000000,
    6.211
  ],
  [
    1629154800000,
    6.313
  ],
  [
    1629414000000,
    5.6
  ],
  [
    1629500400000,
    6.171
  ],
  [
    1629586800000,
    5.55
  ],
  [
    1629759600000,
    6.51
  ],
  [
    1630018800000,
    6.135
  ],
  [
    1630105200000,
    6.016
  ],
  [
    1630191600000,
    5.621
  ],
  [
    1630364400000,
    5.708
  ],
  [
    1630537200000,
    3.56
  ],
  [
    1630710000000,
    5.69
  ],
  [
    1630882800000,
    4.57
  ],
  [
    1630969200000,
    6.591
  ],
  [
    1631055600000,
    6.405
  ],
  [
    1631228400000,
    6.079
  ],
  [
    1631314800000,
    5.63
  ],
  [
    1631401200000,
    6.027
  ],
  [
    1631487600000,
    5.842
  ],
  [
    1631574000000,
    5.42
  ],
  [
    1631660400000,
    5.43
  ],
  [
    1631746800000,
    6.21
  ],
  [
    1631833200000,
    5.534
  ],
  [
    1632178800000,
    5.38
  ],
  [
    1632265200000,
    5.25
  ],
  [
    1632697200000,
    4.508
  ],
  [
    1632783600000,
    4.59
  ],
  [
    1632870000000,
    3.952
  ],
  [
    1633129200000,
    4.262
  ],
  [
    1633215600000,
    4.4
  ],
  [
    1633302000000,
    4.295
  ],
  [
    1633388400000,
    4.254
  ],
  [
    1633647600000,
    4.366
  ],
  [
    1633820400000,
    4.14
  ],
  [
    1634166000000,
    4.016
  ],
  [
    1634338800000,
    4.031
  ],
  [
    1634511600000,
    4.482
  ],
  [
    1634684400000,
    3.73
  ],
  [
    1634857200000,
    4
  ],
  [
    1634943600000,
    4
  ],
  [
    1635030000000,
    3.947
  ],
  [
    1635202800000,
    3.941
  ],
  [
    1635289200000,
    3.898
  ],
  [
    1635375600000,
    3.88
  ],
  [
    1635462000000,
    3.91
  ],
  [
    1635548400000,
    4.189
  ],
  [
    1635634800000,
    3.772
  ],
  [
    1635724800000,
    3.77
  ],
  [
    1635811200000,
    4.264
  ],
  [
    1635897600000,
    3.48
  ],
  [
    1635984000000,
    4.36
  ],
  [
    1636156800000,
    3.84
  ],
  [
    1636329600000,
    4.488
  ],
  [
    1636848000000,
    4.347
  ],
  [
    1637020800000,
    3.894
  ],
  [
    1637193600000,
    4.549
  ],
  [
    1637280000000,
    4.239
  ],
  [
    1637366400000,
    4.817
  ],
  [
    1637712000000,
    4.776
  ],
  [
    1637798400000,
    4.26
  ],
  [
    1637971200000,
    5.292
  ],
  [
    1638489600000,
    4.765
  ],
  [
    1638576000000,
    5.253
  ],
  [
    1638662400000,
    5.66
  ],
  [
    1638748800000,
    5.99
  ],
  [
    1638835200000,
    6.2
  ],
  [
    1639008000000,
    6.57
  ],
  [
    1639267200000,
    4.509
  ],
  [
    1639353600000,
    6
  ],
  [
    1639785600000,
    6.36
  ],
  [
    1640044800000,
    5.2
  ],
  [
    1640131200000,
    5.791
  ],
  [
    1640390400000,
    5.409
  ],
  [
    1640563200000,
    6.099
  ],
  [
    1640995200000,
    6.055
  ],
  [
    1641081600000,
    6.46
  ],
  [
    1641254400000,
    5.85
  ],
  [
    1641340800000,
    4.5
  ],
  [
    1641513600000,
    6.231
  ],
  [
    1641772800000,
    6.564
  ],
  [
    1641945600000,
    6.47
  ],
  [
    1642118400000,
    7.046
  ],
  [
    1642204800000,
    7.07
  ],
  [
    1642723200000,
    7.249
  ],
  [
    1642809600000,
    6.383
  ],
  [
    1642896000000,
    5.932
  ],
  [
    1643414400000,
    6.56
  ],
  [
    1643500800000,
    5.9
  ],
  [
    1643760000000,
    6.089
  ],
  [
    1643846400000,
    5.97
  ],
  [
    1644105600000,
    5.72
  ],
  [
    1644192000000,
    5.933
  ],
  [
    1644969600000,
    6.7
  ],
  [
    1645056000000,
    5.87
  ],
  [
    1645315200000,
    5.808
  ],
  [
    1645401600000,
    5.723
  ],
  [
    1645574400000,
    5.602
  ],
  [
    1645747200000,
    5.601
  ],
  [
    1646006400000,
    5.71
  ],
  [
    1646092800000,
    6.25
  ],
  [
    1646179200000,
    5.685
  ],
  [
    1646438400000,
    5.49
  ],
  [
    1646611200000,
    5.643
  ],
  [
    1646870400000,
    5.22
  ],
  [
    1646956800000,
    6.27
  ],
  [
    1647216000000,
    6.609
  ],
  [
    1647475200000,
    8.38
  ],
  [
    1647734400000,
    5.56
  ],
  [
    1647993600000,
    5.625
  ],
  [
    1648080000000,
    3.814
  ],
  [
    1648166400000,
    6.898
  ],
  [
    1648252800000,
    7.134
  ],
  [
    1648594800000,
    7.12
  ],
  [
    1648767600000,
    6.77
  ],
  [
    1649026800000,
    7.063
  ],
  [
    1649113200000,
    7.55
  ],
  [
    1649890800000,
    7.71
  ],
  [
    1649977200000,
    8.22
  ],
  [
    1650063600000,
    7.688
  ],
  [
    1650322800000,
    7.66
  ],
  [
    1650409200000,
    8.9
  ],
  [
    1650495600000,
    8.895
  ],
  [
    1650582000000,
    8.94
  ],
  [
    1650841200000,
    10.251
  ],
  [
    1651100400000,
    10.294
  ],
  [
    1651186800000,
    10.217
  ],
  [
    1651359600000,
    9.25
  ],
  [
    1651532400000,
    7.726
  ],
  [
    1651618800000,
    8.45
  ],
  [
    1651878000000,
    8.719
  ],
  [
    1651964400000,
    7.09
  ],
  [
    1652310000000,
    8.683
  ],
  [
    1652655600000,
    11.46
  ],
  [
    1653087600000,
    7.91
  ],
  [
    1653174000000,
    7.9
  ],
  [
    1653346800000,
    7.855
  ],
  [
    1653778800000,
    7.3
  ],
  [
    1654297200000,
    7.02
  ],
  [
    1654383600000,
    7.33
  ],
  [
    1654642800000,
    7.05
  ],
  [
    1654729200000,
    7.003
  ],
  [
    1654902000000,
    7.366
  ],
  [
    1655593200000,
    7.451
  ],
  [
    1655679600000,
    7.474
  ],
  [
    1655852400000,
    8.599
  ],
  [
    1656111600000,
    6.79
  ],
  [
    1656716400000,
    6.78
  ],
  [
    1656889200000,
    6.79
  ],
  [
    1656975600000,
    5.82
  ],
  [
    1657234800000,
    5.72
  ],
  [
    1657580400000,
    6.831
  ],
  [
    1657753200000,
    7.055
  ],
  [
    1657839600000,
    5.95
  ],
  [
    1658012400000,
    6.551
  ],
  [
    1658098800000,
    7.38
  ],
  [
    1658185200000,
    6.405
  ],
  [
    1658444400000,
    6.888
  ],
  [
    1659222000000,
    7.52
  ],
  [
    1659394800000,
    6.949
  ],
  [
    1659567600000,
    8.062
  ],
  [
    1659826800000,
    6.8
  ],
  [
    1659999600000,
    6.99
  ],
  [
    1660345200000,
    6.683
  ],
  [
    1660604400000,
    6.32
  ],
  [
    1660690800000,
    5.76
  ],
  [
    1660777200000,
    6.64
  ],
  [
    1660863600000,
    7.95
  ],
  [
    1660950000000,
    6.64
  ],
  [
    1661036400000,
    7.99
  ],
  [
    1661122800000,
    6.697
  ],
  [
    1661209200000,
    7.484
  ],
  [
    1661382000000,
    6.975
  ],
  [
    1661554800000,
    6.972
  ],
  [
    1661641200000,
    7.35
  ],
  [
    1661727600000,
    8.046
  ],
  [
    1662073200000,
    8.17
  ],
  [
    1662332400000,
    8.156
  ],
  [
    1662418800000,
    8.32
  ],
  [
    1662591600000,
    8.35
  ],
  [
    1662678000000,
    6.64
  ],
  [
    1662850800000,
    8.455
  ],
  [
    1663369200000,
    6.9
  ],
  [
    1663542000000,
    6.64
  ],
  [
    1663628400000,
    7.376
  ],
  [
    1663974000000,
    7.332
  ],
  [
    1664146800000,
    7.78
  ],
  [
    1664233200000,
    7.175
  ],
  [
    1664406000000,
    7.01
  ],
  [
    1664665200000,
    6
  ],
  [
    1665270000000,
    7.998
  ],
  [
    1665529200000,
    9.099
  ],
  [
    1665702000000,
    9.376
  ],
  [
    1665788400000,
    8.61
  ],
  [
    1666738800000,
    7.93
  ],
  [
    1666825200000,
    11.3
  ],
  [
    1667347200000,
    8.51
  ],
  [
    1667520000000,
    10.61
  ],
  [
    1667606400000,
    10.849
  ],
  [
    1667865600000,
    11.077
  ],
  [
    1668384000000,
    10.137
  ],
  [
    1668643200000,
    9.13
  ],
  [
    1668816000000,
    11.148
  ],
  [
    1668902400000,
    11.401
  ],
  [
    1669248000000,
    10.77
  ],
  [
    1669420800000,
    10.694
  ],
  [
    1669507200000,
    10.511
  ],
  [
    1669593600000,
    10.846
  ],
  [
    1669680000000,
    10.81
  ],
  [
    1669766400000,
    10.94
  ],
  [
    1670025600000,
    9.38
  ],
  [
    1670198400000,
    11.758
  ],
  [
    1670284800000,
    12.13
  ],
  [
    1670544000000,
    9.52
  ],
  [
    1670803200000,
    11.22
  ],
  [
    1670889600000,
    11.485
  ],
  [
    1670976000000,
    11.551
  ],
  [
    1671062400000,
    11.417
  ],
  [
    1671148800000,
    11.613
  ],
  [
    1671235200000,
    8.699
  ],
  [
    1671321600000,
    11.631
  ],
  [
    1671408000000,
    11.92
  ],
  [
    1671494400000,
    12.047
  ],
  [
    1671580800000,
    12.202
  ],
  [
    1671667200000,
    10.06
  ],
  [
    1671926400000,
    12.178
  ],
  [
    1672012800000,
    6.1
  ],
  [
    1672531200000,
    8.85
  ],
  [
    1672704000000,
    9.86
  ],
  [
    1672963200000,
    12.082
  ],
  [
    1673654400000,
    11.51
  ],
  [
    1673740800000,
    11.018
  ],
  [
    1673827200000,
    11.63
  ],
  [
    1674259200000,
    11.184
  ],
  [
    1674345600000,
    11.77
  ],
  [
    1674864000000,
    12.437
  ],
  [
    1675123200000,
    10.09
  ],
  [
    1675641600000,
    11.19
  ],
  [
    1676160000000,
    12.23
  ],
  [
    1676419200000,
    11.82
  ],
  [
    1676592000000,
    8.821
  ],
  [
    1676851200000,
    11.386
  ],
  [
    1676937600000,
    11.886
  ],
  [
    1677283200000,
    10.575
  ],
  [
    1677369600000,
    11.814
  ],
  [
    1677888000000,
    11.7
  ],
  [
    1678060800000,
    10.53
  ],
  [
    1678320000000,
    12.12
  ],
  [
    1678579200000,
    11.943
  ],
  [
    1678665600000,
    11.216
  ],
  [
    1678838400000,
    10.92
  ],
  [
    1679270400000,
    11.32
  ],
  [
    1679958000000,
    10.237
  ],
  [
    1680217200000,
    10.96
  ],
  [
    1680303600000,
    10
  ],
  [
    1680562800000,
    9.98
  ],
  [
    1680649200000,
    11.037
  ],
  [
    1680735600000,
    7.95
  ],
  [
    1680822000000,
    12.402
  ],
  [
    1680994800000,
    10
  ],
  [
    1681081200000,
    10.26
  ],
  [
    1681254000000,
    11.289
  ],
  [
    1681426800000,
    11.799
  ],
  [
    1681599600000,
    10.38
  ],
  [
    1681772400000,
    11.914
  ],
  [
    1681858800000,
    11.96
  ],
  [
    1681945200000,
    12.649
  ],
  [
    1682118000000,
    13.18
  ],
  [
    1682204400000,
    12.715
  ],
  [
    1682377200000,
    12.762
  ],
  [
    1682636400000,
    8.05
  ],
  [
    1682809200000,
    6.91
  ],
  [
    1682895600000,
    12.62
  ],
  [
    1682982000000,
    12.13
  ],
  [
    1683154800000,
    12.014
  ],
  [
    1683414000000,
    11.449
  ],
  [
    1683586800000,
    11.59
  ],
  [
    1683759600000,
    12.039
  ],
  [
    1683932400000,
    12.933
  ],
  [
    1684278000000,
    11.347
  ],
  [
    1684364400000,
    12.391
  ],
  [
    1684450800000,
    13.719
  ],
  [
    1684882800000,
    12.97
  ],
  [
    1685142000000,
    13.943
  ],
  [
    1685660400000,
    14.842
  ],
  [
    1685746800000,
    15.104
  ],
  [
    1685919600000,
    12.85
  ],
  [
    1686351600000,
    16.11
  ],
  [
    1686610800000,
    14.419
  ],
  [
    1686783600000,
    14.701
  ],
  [
    1686870000000,
    16.358
  ],
  [
    1687734000000,
    14.969
  ],
  [
    1687906800000,
    15.64
  ],
  [
    1688079600000,
    15.66
  ],
  [
    1688166000000,
    16.64
  ],
  [
    1689202800000,
    14.514
  ],
  [
    1690412400000,
    14.44
  ],
  [
    1690498800000,
    12.652
  ],
  [
    1690844400000,
    13.961
  ],
  [
    1691103600000,
    11.13
  ],
  [
    1691190000000,
    15.441
  ],
  [
    1691362800000,
    13.81
  ],
  [
    1691535600000,
    17.152
  ],
  [
    1692054000000,
    17.251
  ],
  [
    1692226800000,
    17.732
  ],
  [
    1692313200000,
    15.623
  ],
  [
    1692745200000,
    15.657
  ],
  [
    1692831600000,
    14.64
  ],
  [
    1693263600000,
    13.38
  ],
  [
    1693868400000,
    13.7
  ],
  [
    1694646000000,
    18.268
  ],
  [
    1694818800000,
    17.048
  ],
  [
    1695078000000,
    17.693
  ],
  [
    1695769200000,
    14.291
  ],
  [
    1696287600000,
    17.671
  ],
  [
    1696374000000,
    16.823
  ],
  [
    1696806000000,
    16.715
  ],
  [
    1696892400000,
    17.486
  ],
  [
    1697238000000,
    19.413
  ],
  [
    1697410800000,
    18.2
  ],
  [
    1697497200000,
    18.2
  ],
  [
    1697583600000,
    18
  ],
  [
    1697929200000,
    18.35
  ],
  [
    1698534000000,
    18.26
  ],
  [
    1699056000000,
    18.21
  ],
  [
    1699228800000,
    18.208
  ],
  [
    1699315200000,
    18.265
  ],
  [
    1699660800000,
    16
  ],
  [
    1700179200000,
    17.965
  ],
  [
    1700697600000,
    17.508
  ],
  [
    1700784000000,
    18.028
  ],
  [
    1701561600000,
    17.84
  ],
  [
    1701734400000,
    17.89
  ],
  [
    1701820800000,
    17.96
  ],
  [
    1701907200000,
    18.02
  ],
  [
    1701993600000,
    18.083
  ],
  [
    1702166400000,
    19.514
  ],
  [
    1703030400000,
    19.385
  ],
  [
    1703203200000,
    16.185
  ],
  [
    1703289600000,
    16.065
  ],
  [
    1703808000000,
    17.707
  ],
  [
    1704240000000,
    20.784
  ],
  [
    1704931200000,
    19.924
  ],
  [
    1705276800000,
    20.926
  ],
  [
    1706486400000,
    16.99
  ],
  [
    1706832000000,
    22.404
  ],
  [
    1707696000000,
    17.327
  ],
  [
    1709251200000,
    21.009
  ],
  [
    1709424000000,
    16.94
  ],
  [
    1709942400000,
    16.88
  ],
  [
    1710028800000,
    20.683
  ],
  [
    1710374400000,
    18.324
  ],
  [
    1710460800000,
    19.992
  ],
  [
    1710633600000,
    18.198
  ],
  [
    1711065600000,
    20.357
  ],
  [
    1711152000000,
    18.414
  ],
  [
    1711238400000,
    20.136
  ],
  [
    1711411200000,
    20.66
  ],
  [
    1711584000000,
    16.59
  ],
  [
    1711843200000,
    18.8
  ],
  [
    1712012400000,
    20.422
  ],
  [
    1712185200000,
    22.348
  ],
  [
    1712617200000,
    23.832
  ],
  [
    1712790000000,
    24.214
  ],
  [
    1712876400000,
    21.395
  ],
  [
    1712962800000,
    24.18
  ],
  [
    1713826800000,
    24.168
  ],
  [
    1714431600000,
    18.443
  ],
  [
    1714863600000,
    18.465
  ],
  [
    1715036400000,
    26.184
  ],
  [
    1715814000000,
    16.26
  ],
  [
    1718190000000,
    21.43
  ],
  [
    1718715600000,
    22.7
  ]
]