[
  [
    1574121600000,
    0.042
  ],
  [
    1574208000000,
    0.05
  ],
  [
    1574294400000,
    0.07
  ],
  [
    1574380800000,
    0.066
  ],
  [
    1574467200000,
    0.056
  ],
  [
    1574553600000,
    0.053
  ],
  [
    1574640000000,
    0.055
  ],
  [
    1574726400000,
    0.056
  ],
  [
    1574812800000,
    0.053
  ],
  [
    1574899200000,
    0.059
  ],
  [
    1574985600000,
    0.062
  ],
  [
    1575072000000,
    0.062
  ],
  [
    1575158400000,
    0.061
  ],
  [
    1575244800000,
    0.062
  ],
  [
    1575331200000,
    4.968
  ],
  [
    1575417600000,
    0.055
  ],
  [
    1575504000000,
    0.049
  ],
  [
    1575590400000,
    0.047
  ],
  [
    1575676800000,
    0.045
  ],
  [
    1575763200000,
    0.051
  ],
  [
    1575849600000,
    0.048
  ],
  [
    1575936000000,
    0.05
  ],
  [
    1576022400000,
    0.051
  ],
  [
    1576108800000,
    0.05
  ],
  [
    1576195200000,
    0.048
  ],
  [
    1576281600000,
    0.048
  ],
  [
    1576368000000,
    0.052
  ],
  [
    1576454400000,
    2.386
  ],
  [
    1576540800000,
    0.051
  ],
  [
    1576627200000,
    0.051
  ],
  [
    1576713600000,
    0.048
  ],
  [
    1576800000000,
    0.041
  ],
  [
    1576886400000,
    0.042
  ],
  [
    1576972800000,
    0.229
  ],
  [
    1577059200000,
    0.045
  ],
  [
    1577145600000,
    0.043
  ],
  [
    1577232000000,
    0.049
  ],
  [
    1577318400000,
    0.047
  ],
  [
    1577404800000,
    0.047
  ],
  [
    1577491200000,
    0.047
  ],
  [
    1577577600000,
    0.047
  ],
  [
    1577664000000,
    0.045
  ],
  [
    1577750400000,
    0.047
  ],
  [
    1577836800000,
    0.04
  ],
  [
    1577923200000,
    0.038
  ],
  [
    1578009600000,
    0.042
  ],
  [
    1578096000000,
    0.043
  ],
  [
    1578182400000,
    0.043
  ],
  [
    1578268800000,
    0.044
  ],
  [
    1578355200000,
    0.043
  ],
  [
    1578441600000,
    0.044
  ],
  [
    1578528000000,
    0.042
  ],
  [
    1578614400000,
    0.042
  ],
  [
    1578700800000,
    0.045
  ],
  [
    1578787200000,
    0.044
  ],
  [
    1578873600000,
    0.048
  ],
  [
    1578960000000,
    0.049
  ],
  [
    1579046400000,
    0.045
  ],
  [
    1579132800000,
    0.05
  ],
  [
    1579219200000,
    0.049
  ],
  [
    1579305600000,
    0.053
  ],
  [
    1579392000000,
    0.05
  ],
  [
    1579478400000,
    0.054
  ],
  [
    1579564800000,
    0.048
  ],
  [
    1579651200000,
    0.05
  ],
  [
    1579737600000,
    0.05
  ],
  [
    1579824000000,
    0.047
  ],
  [
    1579910400000,
    0.046
  ],
  [
    1579996800000,
    0.048
  ],
  [
    1580083200000,
    0.048
  ],
  [
    1580169600000,
    0.046
  ],
  [
    1580256000000,
    0.048
  ],
  [
    1580342400000,
    0.048
  ],
  [
    1580428800000,
    0.049
  ],
  [
    1580515200000,
    0.052
  ],
  [
    1580601600000,
    0.053
  ],
  [
    1580688000000,
    0.062
  ],
  [
    1580774400000,
    0.107
  ],
  [
    1580860800000,
    0.089
  ],
  [
    1580947200000,
    0.085
  ],
  [
    1581033600000,
    0.077
  ],
  [
    1581120000000,
    0.062
  ],
  [
    1581206400000,
    0.057
  ],
  [
    1581292800000,
    0.061
  ],
  [
    1581379200000,
    0.057
  ],
  [
    1581465600000,
    0.058
  ],
  [
    1581552000000,
    0.06
  ],
  [
    1581638400000,
    0.062
  ],
  [
    1581724800000,
    0.058
  ],
  [
    1581811200000,
    0.059
  ],
  [
    1581897600000,
    0.057
  ],
  [
    1581984000000,
    0.058
  ],
  [
    1582070400000,
    0.056
  ],
  [
    1582156800000,
    0.054
  ],
  [
    1582243200000,
    0.055
  ],
  [
    1582329600000,
    0.063
  ],
  [
    1582416000000,
    0.063
  ],
  [
    1582502400000,
    0.095
  ],
  [
    1582588800000,
    0.078
  ],
  [
    1582675200000,
    0.075
  ],
  [
    1582761600000,
    0.067
  ],
  [
    1582848000000,
    0.074
  ],
  [
    1582934400000,
    0.076
  ],
  [
    1583020800000,
    0.077
  ],
  [
    1583107200000,
    0.073
  ],
  [
    1583193600000,
    0.078
  ],
  [
    1583280000000,
    0.073
  ],
  [
    1583366400000,
    0.073
  ],
  [
    1583452800000,
    0.07
  ],
  [
    1583539200000,
    0.066
  ],
  [
    1583625600000,
    0.062
  ],
  [
    1583712000000,
    0.061
  ],
  [
    1583798400000,
    0.059
  ],
  [
    1583884800000,
    0.059
  ],
  [
    1583971200000,
    0.06
  ],
  [
    1584057600000,
    0.057
  ],
  [
    1584144000000,
    0.059
  ],
  [
    1584230400000,
    0.057
  ],
  [
    1584316800000,
    0.058
  ],
  [
    1584403200000,
    0.062
  ],
  [
    1584489600000,
    0.058
  ],
  [
    1584576000000,
    0.055
  ],
  [
    1584662400000,
    0.059
  ],
  [
    1584748800000,
    0.061
  ],
  [
    1584835200000,
    0.059
  ],
  [
    1584921600000,
    0.059
  ],
  [
    1585008000000,
    0.054
  ],
  [
    1585094400000,
    0.057
  ],
  [
    1585180800000,
    0.059
  ],
  [
    1585267200000,
    0.058
  ],
  [
    1585353600000,
    0.065
  ],
  [
    1585440000000,
    0.072
  ],
  [
    1585522800000,
    0.071
  ],
  [
    1585609200000,
    0.06
  ],
  [
    1585695600000,
    0.061
  ],
  [
    1585782000000,
    0.059
  ],
  [
    1585868400000,
    0.057
  ],
  [
    1585954800000,
    0.058
  ],
  [
    1586041200000,
    0.059
  ],
  [
    1586127600000,
    0.061
  ],
  [
    1586214000000,
    0.063
  ],
  [
    1586300400000,
    0.064
  ],
  [
    1586386800000,
    0.061
  ],
  [
    1586473200000,
    0.062
  ],
  [
    1586559600000,
    0.06
  ],
  [
    1586646000000,
    0.059
  ],
  [
    1586732400000,
    0.063
  ],
  [
    1586818800000,
    0.061
  ],
  [
    1586905200000,
    0.06
  ],
  [
    1586991600000,
    0.063
  ],
  [
    1587078000000,
    0.064
  ],
  [
    1587164400000,
    0.064
  ],
  [
    1587250800000,
    0.067
  ],
  [
    1587337200000,
    0.069
  ],
  [
    1587423600000,
    0.067
  ],
  [
    1587510000000,
    0.065
  ],
  [
    1587596400000,
    0.066
  ],
  [
    1587682800000,
    0.065
  ],
  [
    1587769200000,
    0.064
  ],
  [
    1587855600000,
    0.068
  ],
  [
    1587942000000,
    0.071
  ],
  [
    1588028400000,
    0.068
  ],
  [
    1588114800000,
    0.069
  ],
  [
    1588201200000,
    0.071
  ],
  [
    1588287600000,
    0.071
  ],
  [
    1588374000000,
    0.076
  ],
  [
    1588460400000,
    0.077
  ],
  [
    1588546800000,
    0.08
  ],
  [
    1588633200000,
    0.086
  ],
  [
    1588719600000,
    0.098
  ],
  [
    1588806000000,
    0.095
  ],
  [
    1588892400000,
    0.103
  ],
  [
    1588978800000,
    0.106
  ],
  [
    1589065200000,
    0.106
  ],
  [
    1589151600000,
    0.106
  ],
  [
    1589238000000,
    0.1
  ],
  [
    1589324400000,
    0.1
  ],
  [
    1589410800000,
    0.098
  ],
  [
    1589497200000,
    0.096
  ],
  [
    1589583600000,
    0.106
  ],
  [
    1589670000000,
    0.108
  ],
  [
    1589756400000,
    0.114
  ],
  [
    1589842800000,
    0.117
  ],
  [
    1589929200000,
    0.11
  ],
  [
    1590015600000,
    0.118
  ],
  [
    1590102000000,
    0.125
  ],
  [
    1590188400000,
    0.13
  ],
  [
    1590274800000,
    0.125
  ],
  [
    1590361200000,
    0.12
  ],
  [
    1590447600000,
    0.112
  ],
  [
    1590534000000,
    0.108
  ],
  [
    1590620400000,
    0.109
  ],
  [
    1590706800000,
    0.107
  ],
  [
    1590793200000,
    0.107
  ],
  [
    1590879600000,
    0.106
  ],
  [
    1590966000000,
    0.101
  ],
  [
    1591052400000,
    0.107
  ],
  [
    1591138800000,
    0.111
  ],
  [
    1591225200000,
    0.109
  ],
  [
    1591311600000,
    0.111
  ],
  [
    1591398000000,
    0.114
  ],
  [
    1591484400000,
    0.112
  ],
  [
    1591570800000,
    0.111
  ],
  [
    1591657200000,
    0.113
  ],
  [
    1591743600000,
    0.108
  ],
  [
    1591830000000,
    0.11
  ],
  [
    1591916400000,
    0.112
  ],
  [
    1592002800000,
    0.11
  ],
  [
    1592089200000,
    0.112
  ],
  [
    1592175600000,
    0.109
  ],
  [
    1592262000000,
    0.102
  ],
  [
    1592348400000,
    0.105
  ],
  [
    1592434800000,
    0.102
  ],
  [
    1592521200000,
    0.099
  ],
  [
    1592607600000,
    0.1
  ],
  [
    1592694000000,
    0.101
  ],
  [
    1592780400000,
    0.099
  ],
  [
    1592866800000,
    0.099
  ],
  [
    1592953200000,
    0.099
  ],
  [
    1593039600000,
    0.095
  ],
  [
    1593126000000,
    0.089
  ],
  [
    1593212400000,
    0.089
  ],
  [
    1593298800000,
    0.088
  ],
  [
    1593385200000,
    0.088
  ],
  [
    1593471600000,
    0.086
  ],
  [
    1593558000000,
    0.089
  ],
  [
    1593644400000,
    0.089
  ],
  [
    1593730800000,
    0.089
  ],
  [
    1593817200000,
    0.101
  ],
  [
    1593903600000,
    0.096
  ],
  [
    1593990000000,
    0.102
  ],
  [
    1594076400000,
    0.104
  ],
  [
    1594162800000,
    0.102
  ],
  [
    1594249200000,
    0.1
  ],
  [
    1594335600000,
    0.117
  ],
  [
    1594422000000,
    0.104
  ],
  [
    1594508400000,
    0.113
  ],
  [
    1594594800000,
    0.109
  ],
  [
    1594681200000,
    0.115
  ],
  [
    1594767600000,
    0.116
  ],
  [
    1594854000000,
    0.114
  ],
  [
    1594940400000,
    0.38
  ],
  [
    1595026800000,
    0.173
  ],
  [
    1595113200000,
    0.117
  ],
  [
    1595199600000,
    0.114
  ],
  [
    1595286000000,
    0.118
  ],
  [
    1595372400000,
    0.115
  ],
  [
    1595458800000,
    0.362
  ],
  [
    1595545200000,
    0.183
  ],
  [
    1595631600000,
    0.118
  ],
  [
    1595718000000,
    0.187
  ],
  [
    1595804400000,
    0.124
  ],
  [
    1595890800000,
    0.124
  ],
  [
    1595977200000,
    0.135
  ],
  [
    1596063600000,
    0.136
  ],
  [
    1596150000000,
    0.135
  ],
  [
    1596236400000,
    0.13
  ],
  [
    1596322800000,
    0.137
  ],
  [
    1596409200000,
    0.135
  ],
  [
    1596495600000,
    0.132
  ],
  [
    1596582000000,
    0.135
  ],
  [
    1596668400000,
    0.133
  ],
  [
    1596754800000,
    0.129
  ],
  [
    1596841200000,
    0.134
  ],
  [
    1596927600000,
    0.128
  ],
  [
    1597014000000,
    0.128
  ],
  [
    1597100400000,
    0.128
  ],
  [
    1597186800000,
    0.126
  ],
  [
    1597273200000,
    0.124
  ],
  [
    1597359600000,
    0.124
  ],
  [
    1597446000000,
    0.126
  ],
  [
    1597532400000,
    0.119
  ],
  [
    1597618800000,
    0.122
  ],
  [
    1597705200000,
    0.123
  ],
  [
    1597791600000,
    0.129
  ],
  [
    1597878000000,
    0.124
  ],
  [
    1597964400000,
    0.121
  ],
  [
    1598050800000,
    0.119
  ],
  [
    1598137200000,
    0.116
  ],
  [
    1598223600000,
    0.12
  ],
  [
    1598310000000,
    0.12
  ],
  [
    1598396400000,
    0.119
  ],
  [
    1598482800000,
    0.121
  ],
  [
    1598569200000,
    0.121
  ],
  [
    1598655600000,
    0.191
  ],
  [
    1598742000000,
    0.116
  ],
  [
    1598828400000,
    0.241
  ],
  [
    1598914800000,
    0.118
  ],
  [
    1599001200000,
    2.5
  ],
  [
    1599087600000,
    0.121
  ],
  [
    1599174000000,
    0.119
  ],
  [
    1599260400000,
    0.119
  ],
  [
    1599346800000,
    0.12
  ],
  [
    1599433200000,
    0.123
  ],
  [
    1599519600000,
    0.116
  ],
  [
    1599606000000,
    0.12
  ],
  [
    1599692400000,
    0.263
  ],
  [
    1599778800000,
    0.115
  ],
  [
    1599865200000,
    0.123
  ],
  [
    1599951600000,
    0.114
  ],
  [
    1600038000000,
    0.118
  ],
  [
    1600124400000,
    0.113
  ],
  [
    1600210800000,
    0.107
  ],
  [
    1600297200000,
    0.113
  ],
  [
    1600383600000,
    0.113
  ],
  [
    1600470000000,
    0.119
  ],
  [
    1600556400000,
    0.121
  ],
  [
    1600642800000,
    0.124
  ],
  [
    1600729200000,
    0.114
  ],
  [
    1600815600000,
    0.115
  ],
  [
    1600902000000,
    0.122
  ],
  [
    1600988400000,
    0.112
  ],
  [
    1601074800000,
    0.119
  ],
  [
    1601161200000,
    0.117
  ],
  [
    1601247600000,
    0.126
  ],
  [
    1601334000000,
    0.124
  ],
  [
    1601420400000,
    0.122
  ],
  [
    1601506800000,
    0.123
  ],
  [
    1601593200000,
    0.136
  ],
  [
    1601679600000,
    0.134
  ],
  [
    1601766000000,
    0.126
  ],
  [
    1601852400000,
    0.137
  ],
  [
    1601938800000,
    0.137
  ],
  [
    1602025200000,
    0.133
  ],
  [
    1602111600000,
    0.131
  ],
  [
    1602198000000,
    0.135
  ],
  [
    1602284400000,
    0.137
  ],
  [
    1602370800000,
    0.148
  ],
  [
    1602457200000,
    0.143
  ],
  [
    1602543600000,
    0.147
  ],
  [
    1602630000000,
    0.148
  ],
  [
    1602716400000,
    0.151
  ],
  [
    1602802800000,
    0.152
  ],
  [
    1602889200000,
    0.147
  ],
  [
    1602975600000,
    0.156
  ],
  [
    1603062000000,
    0.155
  ],
  [
    1603148400000,
    0.157
  ],
  [
    1603234800000,
    0.16
  ],
  [
    1603321200000,
    0.158
  ],
  [
    1603407600000,
    0.147
  ],
  [
    1603494000000,
    0.159
  ],
  [
    1603580400000,
    0.156
  ],
  [
    1603670400000,
    0.148
  ],
  [
    1603756800000,
    0.147
  ],
  [
    1603843200000,
    1.671
  ],
  [
    1603929600000,
    0.145
  ],
  [
    1604016000000,
    0.146
  ],
  [
    1604102400000,
    0.135
  ],
  [
    1604188800000,
    0.147
  ],
  [
    1604275200000,
    0.147
  ],
  [
    1604361600000,
    0.148
  ],
  [
    1604448000000,
    0.149
  ],
  [
    1604534400000,
    0.146
  ],
  [
    1604620800000,
    0.142
  ],
  [
    1604707200000,
    0.144
  ],
  [
    1604793600000,
    0.134
  ],
  [
    1604880000000,
    0.136
  ],
  [
    1604966400000,
    0.129
  ],
  [
    1605052800000,
    0.136
  ],
  [
    1605139200000,
    0.138
  ],
  [
    1605225600000,
    0.141
  ],
  [
    1605312000000,
    0.131
  ],
  [
    1605398400000,
    0.132
  ],
  [
    1605484800000,
    0.127
  ],
  [
    1605571200000,
    0.129
  ],
  [
    1605657600000,
    0.13
  ],
  [
    1605744000000,
    0.126
  ],
  [
    1605830400000,
    0.128
  ],
  [
    1605916800000,
    0.138
  ],
  [
    1606003200000,
    0.136
  ],
  [
    1606089600000,
    0.134
  ],
  [
    1606176000000,
    0.139
  ],
  [
    1606262400000,
    0.132
  ],
  [
    1606348800000,
    0.127
  ],
  [
    1606435200000,
    0.125
  ],
  [
    1606521600000,
    0.123
  ],
  [
    1606608000000,
    0.128
  ],
  [
    1606694400000,
    0.127
  ],
  [
    1606780800000,
    0.125
  ],
  [
    1606867200000,
    0.131
  ],
  [
    1606953600000,
    0.131
  ],
  [
    1607040000000,
    0.115
  ],
  [
    1607126400000,
    0.108
  ],
  [
    1607212800000,
    0.113
  ],
  [
    1607299200000,
    0.111
  ],
  [
    1607385600000,
    0.109
  ],
  [
    1607472000000,
    0.114
  ],
  [
    1607558400000,
    0.114
  ],
  [
    1607644800000,
    0.111
  ],
  [
    1607731200000,
    0.115
  ],
  [
    1607817600000,
    0.117
  ],
  [
    1607904000000,
    0.118
  ],
  [
    1607990400000,
    0.119
  ],
  [
    1608076800000,
    0.113
  ],
  [
    1608163200000,
    0.119
  ],
  [
    1608249600000,
    0.124
  ],
  [
    1608336000000,
    0.122
  ],
  [
    1608422400000,
    0.128
  ],
  [
    1608508800000,
    0.125
  ],
  [
    1608595200000,
    0.123
  ],
  [
    1608681600000,
    0.118
  ],
  [
    1608768000000,
    0.118
  ],
  [
    1608854400000,
    0.118
  ],
  [
    1608940800000,
    0.115
  ],
  [
    1609027200000,
    0.124
  ],
  [
    1609113600000,
    0.122
  ],
  [
    1609200000000,
    0.122
  ],
  [
    1609286400000,
    0.134
  ],
  [
    1609372800000,
    0.133
  ],
  [
    1609459200000,
    0.138
  ],
  [
    1609545600000,
    0.153
  ],
  [
    1609632000000,
    0.541
  ],
  [
    1609718400000,
    0.163
  ],
  [
    1609804800000,
    0.165
  ],
  [
    1609891200000,
    0.179
  ],
  [
    1609977600000,
    0.185
  ],
  [
    1610064000000,
    0.198
  ],
  [
    1610150400000,
    0.198
  ],
  [
    1610236800000,
    0.199
  ],
  [
    1610323200000,
    0.204
  ],
  [
    1610409600000,
    0.203
  ],
  [
    1610496000000,
    0.197
  ],
  [
    1610582400000,
    0.193
  ],
  [
    1610668800000,
    0.192
  ],
  [
    1610755200000,
    0.193
  ],
  [
    1610841600000,
    0.187
  ],
  [
    1610928000000,
    0.188
  ],
  [
    1611014400000,
    0.195
  ],
  [
    1611100800000,
    0.188
  ],
  [
    1611187200000,
    0.197
  ],
  [
    1611273600000,
    0.192
  ],
  [
    1611360000000,
    0.185
  ],
  [
    1611446400000,
    0.193
  ],
  [
    1611532800000,
    0.185
  ],
  [
    1611619200000,
    0.19
  ],
  [
    1611705600000,
    0.195
  ],
  [
    1611792000000,
    0.181
  ],
  [
    1611878400000,
    0.174
  ],
  [
    1611964800000,
    0.182
  ],
  [
    1612051200000,
    0.192
  ],
  [
    1612137600000,
    0.198
  ],
  [
    1612224000000,
    0.195
  ],
  [
    1612310400000,
    0.219
  ],
  [
    1612396800000,
    0.23
  ],
  [
    1612483200000,
    0.239
  ],
  [
    1612569600000,
    0.239
  ],
  [
    1612656000000,
    0.248
  ],
  [
    1612742400000,
    0.241
  ],
  [
    1612828800000,
    0.255
  ],
  [
    1612915200000,
    0.246
  ],
  [
    1613001600000,
    0.232
  ],
  [
    1613088000000,
    0.228
  ],
  [
    1613174400000,
    0.212
  ],
  [
    1613260800000,
    0.212
  ],
  [
    1613347200000,
    0.217
  ],
  [
    1613433600000,
    0.215
  ],
  [
    1613520000000,
    0.218
  ],
  [
    1613606400000,
    0.222
  ],
  [
    1613692800000,
    0.212
  ],
  [
    1613779200000,
    0.216
  ],
  [
    1613865600000,
    0.228
  ],
  [
    1613952000000,
    0.212
  ],
  [
    1614038400000,
    0.223
  ],
  [
    1614124800000,
    0.24
  ],
  [
    1614211200000,
    0.224
  ],
  [
    1614297600000,
    0.225
  ],
  [
    1614384000000,
    7.674
  ],
  [
    1614470400000,
    0.232
  ],
  [
    1614556800000,
    0.237
  ],
  [
    1614643200000,
    0.239
  ],
  [
    1614729600000,
    0.263
  ],
  [
    1614816000000,
    0.26
  ],
  [
    1614902400000,
    0.26
  ],
  [
    1614988800000,
    0.27
  ],
  [
    1615075200000,
    0.272
  ],
  [
    1615161600000,
    0.271
  ],
  [
    1615248000000,
    0.263
  ],
  [
    1615334400000,
    0.273
  ],
  [
    1615420800000,
    0.28
  ],
  [
    1615507200000,
    0.273
  ],
  [
    1615593600000,
    0.264
  ],
  [
    1615680000000,
    0.266
  ],
  [
    1615766400000,
    0.284
  ],
  [
    1615852800000,
    0.263
  ],
  [
    1615939200000,
    0.275
  ],
  [
    1616025600000,
    3.466
  ],
  [
    1616112000000,
    0.283
  ],
  [
    1616198400000,
    0.284
  ],
  [
    1616284800000,
    0.282
  ],
  [
    1616371200000,
    0.335
  ],
  [
    1616457600000,
    0.4
  ],
  [
    1616544000000,
    0.424
  ],
  [
    1616630400000,
    0.424
  ],
  [
    1616716800000,
    0.491
  ],
  [
    1616803200000,
    0.444
  ],
  [
    1616889600000,
    0.44
  ],
  [
    1616972400000,
    0.453
  ],
  [
    1617058800000,
    0.429
  ],
  [
    1617145200000,
    0.417
  ],
  [
    1617231600000,
    0.406
  ],
  [
    1617318000000,
    0.405
  ],
  [
    1617404400000,
    0.397
  ],
  [
    1617490800000,
    0.387
  ],
  [
    1617577200000,
    0.385
  ],
  [
    1617663600000,
    0.389
  ],
  [
    1617750000000,
    0.377
  ],
  [
    1617836400000,
    0.343
  ],
  [
    1617922800000,
    0.333
  ],
  [
    1618009200000,
    0.313
  ],
  [
    1618095600000,
    0.304
  ],
  [
    1618182000000,
    0.318
  ],
  [
    1618268400000,
    0.326
  ],
  [
    1618354800000,
    0.353
  ],
  [
    1618441200000,
    0.337
  ],
  [
    1618527600000,
    0.361
  ],
  [
    1618614000000,
    0.381
  ],
  [
    1618700400000,
    0.393
  ],
  [
    1618786800000,
    0.393
  ],
  [
    1618873200000,
    0.411
  ],
  [
    1618959600000,
    0.401
  ],
  [
    1619046000000,
    0.404
  ],
  [
    1619132400000,
    0.394
  ],
  [
    1619218800000,
    0.43
  ],
  [
    1619305200000,
    0.423
  ],
  [
    1619391600000,
    0.411
  ],
  [
    1619478000000,
    0.401
  ],
  [
    1619564400000,
    0.399
  ],
  [
    1619650800000,
    0.373
  ],
  [
    1619737200000,
    0.43
  ],
  [
    1619823600000,
    0.435
  ],
  [
    1619910000000,
    0.437
  ],
  [
    1619996400000,
    0.447
  ],
  [
    1620082800000,
    0.449
  ],
  [
    1620169200000,
    0.442
  ],
  [
    1620255600000,
    0.451
  ],
  [
    1620342000000,
    0.485
  ],
  [
    1620428400000,
    0.492
  ],
  [
    1620514800000,
    0.501
  ],
  [
    1620601200000,
    0.531
  ],
  [
    1620687600000,
    0.541
  ],
  [
    1620774000000,
    0.574
  ],
  [
    1620860400000,
    0.548
  ],
  [
    1620946800000,
    0.574
  ],
  [
    1621033200000,
    0.567
  ],
  [
    1621119600000,
    0.514
  ],
  [
    1621206000000,
    0.508
  ],
  [
    1621292400000,
    0.537
  ],
  [
    1621378800000,
    0.541
  ],
  [
    1621465200000,
    0.564
  ],
  [
    1621551600000,
    0.653
  ],
  [
    1621638000000,
    0.689
  ],
  [
    1621724400000,
    0.782
  ],
  [
    1621810800000,
    0.828
  ],
  [
    1621897200000,
    0.888
  ],
  [
    1621983600000,
    1.215
  ],
  [
    1622070000000,
    1.232
  ],
  [
    1622156400000,
    1.237
  ],
  [
    1622242800000,
    1.197
  ],
  [
    1622329200000,
    2.752
  ],
  [
    1622415600000,
    1.025
  ],
  [
    1622502000000,
    1.002
  ],
  [
    1622588400000,
    1.087
  ],
  [
    1622674800000,
    1.181
  ],
  [
    1622761200000,
    1.243
  ],
  [
    1622847600000,
    1.43
  ],
  [
    1622934000000,
    1.386
  ],
  [
    1623020400000,
    1.353
  ],
  [
    1623106800000,
    1.342
  ],
  [
    1623193200000,
    1.302
  ],
  [
    1623279600000,
    1.273
  ],
  [
    1623366000000,
    1.344
  ],
  [
    1623452400000,
    1.267
  ],
  [
    1623538800000,
    1.264
  ],
  [
    1623625200000,
    1.216
  ],
  [
    1623711600000,
    1.235
  ],
  [
    1623798000000,
    1.197
  ],
  [
    1623884400000,
    1.194
  ],
  [
    1623970800000,
    1.213
  ],
  [
    1624057200000,
    1.208
  ],
  [
    1624143600000,
    1.269
  ],
  [
    1624230000000,
    1.236
  ],
  [
    1624316400000,
    1.192
  ],
  [
    1624402800000,
    1.147
  ],
  [
    1624489200000,
    1.062
  ],
  [
    1624575600000,
    0.986
  ],
  [
    1624662000000,
    0.988
  ],
  [
    1624748400000,
    11.346
  ],
  [
    1624834800000,
    0.999
  ],
  [
    1624921200000,
    0.958
  ],
  [
    1625007600000,
    0.903
  ],
  [
    1625094000000,
    0.905
  ],
  [
    1625180400000,
    0.93
  ],
  [
    1625266800000,
    0.907
  ],
  [
    1625353200000,
    0.877
  ],
  [
    1625439600000,
    0.882
  ],
  [
    1625526000000,
    0.876
  ],
  [
    1625612400000,
    0.887
  ],
  [
    1625698800000,
    0.862
  ],
  [
    1625785200000,
    0.815
  ],
  [
    1625871600000,
    0.813
  ],
  [
    1625958000000,
    0.781
  ],
  [
    1626044400000,
    0.768
  ],
  [
    1626130800000,
    0.808
  ],
  [
    1626217200000,
    0.764
  ],
  [
    1626303600000,
    0.791
  ],
  [
    1626390000000,
    0.854
  ],
  [
    1626476400000,
    0.833
  ],
  [
    1626562800000,
    0.751
  ],
  [
    1626649200000,
    0.831
  ],
  [
    1626735600000,
    0.786
  ],
  [
    1626822000000,
    0.796
  ],
  [
    1626908400000,
    0.783
  ],
  [
    1626994800000,
    0.788
  ],
  [
    1627081200000,
    0.81
  ],
  [
    1627167600000,
    0.805
  ],
  [
    1627254000000,
    0.788
  ],
  [
    1627340400000,
    0.789
  ],
  [
    1627426800000,
    0.805
  ],
  [
    1627513200000,
    0.793
  ],
  [
    1627599600000,
    0.809
  ],
  [
    1627686000000,
    0.792
  ],
  [
    1627772400000,
    0.814
  ],
  [
    1627858800000,
    0.805
  ],
  [
    1627945200000,
    0.819
  ],
  [
    1628031600000,
    0.793
  ],
  [
    1628118000000,
    0.814
  ],
  [
    1628204400000,
    0.812
  ],
  [
    1628290800000,
    0.783
  ],
  [
    1628377200000,
    0.776
  ],
  [
    1628463600000,
    0.783
  ],
  [
    1628550000000,
    0.769
  ],
  [
    1628636400000,
    0.769
  ],
  [
    1628722800000,
    0.781
  ],
  [
    1628809200000,
    0.767
  ],
  [
    1628895600000,
    0.756
  ],
  [
    1628982000000,
    0.757
  ],
  [
    1629068400000,
    0.773
  ],
  [
    1629154800000,
    0.767
  ],
  [
    1629241200000,
    0.771
  ],
  [
    1629327600000,
    0.77
  ],
  [
    1629414000000,
    0.717
  ],
  [
    1629500400000,
    0.735
  ],
  [
    1629586800000,
    0.715
  ],
  [
    1629673200000,
    0.704
  ],
  [
    1629759600000,
    0.776
  ],
  [
    1629846000000,
    0.789
  ],
  [
    1629932400000,
    0.76
  ],
  [
    1630018800000,
    0.776
  ],
  [
    1630105200000,
    0.75
  ],
  [
    1630191600000,
    0.757
  ],
  [
    1630278000000,
    0.738
  ],
  [
    1630364400000,
    0.791
  ],
  [
    1630450800000,
    0.776
  ],
  [
    1630537200000,
    0.77
  ],
  [
    1630623600000,
    0.784
  ],
  [
    1630710000000,
    0.817
  ],
  [
    1630796400000,
    0.75
  ],
  [
    1630882800000,
    0.758
  ],
  [
    1630969200000,
    0.773
  ],
  [
    1631055600000,
    0.755
  ],
  [
    1631142000000,
    0.761
  ],
  [
    1631228400000,
    0.77
  ],
  [
    1631314800000,
    0.788
  ],
  [
    1631401200000,
    0.75
  ],
  [
    1631487600000,
    0.773
  ],
  [
    1631574000000,
    0.762
  ],
  [
    1631660400000,
    0.801
  ],
  [
    1631746800000,
    0.776
  ],
  [
    1631833200000,
    0.756
  ],
  [
    1631919600000,
    0.75
  ],
  [
    1632006000000,
    0.771
  ],
  [
    1632092400000,
    0.711
  ],
  [
    1632178800000,
    0.724
  ],
  [
    1632265200000,
    0.668
  ],
  [
    1632351600000,
    0.63
  ],
  [
    1632438000000,
    0.592
  ],
  [
    1632524400000,
    0.59
  ],
  [
    1632610800000,
    0.57
  ],
  [
    1632697200000,
    0.588
  ],
  [
    1632783600000,
    0.559
  ],
  [
    1632870000000,
    0.582
  ],
  [
    1632956400000,
    0.575
  ],
  [
    1633042800000,
    0.571
  ],
  [
    1633129200000,
    0.589
  ],
  [
    1633215600000,
    0.582
  ],
  [
    1633302000000,
    0.571
  ],
  [
    1633388400000,
    0.583
  ],
  [
    1633474800000,
    0.586
  ],
  [
    1633561200000,
    0.577
  ],
  [
    1633647600000,
    0.536
  ],
  [
    1633734000000,
    0.582
  ],
  [
    1633820400000,
    0.559
  ],
  [
    1633906800000,
    0.584
  ],
  [
    1633993200000,
    0.587
  ],
  [
    1634079600000,
    0.617
  ],
  [
    1634166000000,
    0.567
  ],
  [
    1634252400000,
    0.545
  ],
  [
    1634338800000,
    0.558
  ],
  [
    1634425200000,
    0.569
  ],
  [
    1634511600000,
    0.561
  ],
  [
    1634598000000,
    0.533
  ],
  [
    1634684400000,
    0.573
  ],
  [
    1634770800000,
    0.549
  ],
  [
    1634857200000,
    0.546
  ],
  [
    1634943600000,
    0.483
  ],
  [
    1635030000000,
    0.492
  ],
  [
    1635116400000,
    0.496
  ],
  [
    1635202800000,
    0.531
  ],
  [
    1635289200000,
    0.499
  ],
  [
    1635375600000,
    0.521
  ],
  [
    1635462000000,
    0.534
  ],
  [
    1635548400000,
    0.558
  ],
  [
    1635634800000,
    0.514
  ],
  [
    1635724800000,
    0.551
  ],
  [
    1635811200000,
    0.552
  ],
  [
    1635897600000,
    0.563
  ],
  [
    1635984000000,
    0.575
  ],
  [
    1636070400000,
    0.586
  ],
  [
    1636156800000,
    0.593
  ],
  [
    1636243200000,
    0.568
  ],
  [
    1636329600000,
    0.564
  ],
  [
    1636416000000,
    0.584
  ],
  [
    1636502400000,
    0.544
  ],
  [
    1636588800000,
    0.572
  ],
  [
    1636675200000,
    0.565
  ],
  [
    1636761600000,
    0.592
  ],
  [
    1636848000000,
    0.579
  ],
  [
    1636934400000,
    0.583
  ],
  [
    1637020800000,
    0.554
  ],
  [
    1637107200000,
    0.587
  ],
  [
    1637193600000,
    0.592
  ],
  [
    1637280000000,
    0.564
  ],
  [
    1637366400000,
    0.617
  ],
  [
    1637452800000,
    0.642
  ],
  [
    1637539200000,
    0.647
  ],
  [
    1637625600000,
    0.641
  ],
  [
    1637712000000,
    0.655
  ],
  [
    1637798400000,
    0.639
  ],
  [
    1637884800000,
    0.644
  ],
  [
    1637971200000,
    0.663
  ],
  [
    1638057600000,
    0.779
  ],
  [
    1638144000000,
    0.676
  ],
  [
    1638230400000,
    0.608
  ],
  [
    1638316800000,
    0.634
  ],
  [
    1638403200000,
    0.648
  ],
  [
    1638489600000,
    0.656
  ],
  [
    1638576000000,
    0.681
  ],
  [
    1638662400000,
    0.684
  ],
  [
    1638748800000,
    0.725
  ],
  [
    1638835200000,
    0.757
  ],
  [
    1638921600000,
    0.777
  ],
  [
    1639008000000,
    0.757
  ],
  [
    1639094400000,
    0.807
  ],
  [
    1639180800000,
    0.845
  ],
  [
    1639267200000,
    0.829
  ],
  [
    1639353600000,
    0.855
  ],
  [
    1639440000000,
    0.918
  ],
  [
    1639526400000,
    0.855
  ],
  [
    1639612800000,
    0.87
  ],
  [
    1639699200000,
    0.873
  ],
  [
    1639785600000,
    0.866
  ],
  [
    1639872000000,
    0.862
  ],
  [
    1639958400000,
    0.876
  ],
  [
    1640044800000,
    0.881
  ],
  [
    1640131200000,
    0.894
  ],
  [
    1640217600000,
    0.904
  ],
  [
    1640304000000,
    0.912
  ],
  [
    1640390400000,
    0.868
  ],
  [
    1640476800000,
    0.862
  ],
  [
    1640563200000,
    0.794
  ],
  [
    1640649600000,
    0.855
  ],
  [
    1640736000000,
    0.857
  ],
  [
    1640822400000,
    0.869
  ],
  [
    1640908800000,
    0.897
  ],
  [
    1640995200000,
    0.904
  ],
  [
    1641081600000,
    0.898
  ],
  [
    1641168000000,
    0.861
  ],
  [
    1641254400000,
    0.884
  ],
  [
    1641340800000,
    0.871
  ],
  [
    1641427200000,
    0.87
  ],
  [
    1641513600000,
    0.934
  ],
  [
    1641600000000,
    0.895
  ],
  [
    1641686400000,
    0.904
  ],
  [
    1641772800000,
    0.921
  ],
  [
    1641859200000,
    0.935
  ],
  [
    1641945600000,
    0.924
  ],
  [
    1642032000000,
    0.92
  ],
  [
    1642118400000,
    0.911
  ],
  [
    1642204800000,
    0.92
  ],
  [
    1642291200000,
    0.936
  ],
  [
    1642377600000,
    0.902
  ],
  [
    1642464000000,
    0.966
  ],
  [
    1642550400000,
    1.027
  ],
  [
    1642636800000,
    1.017
  ],
  [
    1642723200000,
    0.936
  ],
  [
    1642809600000,
    0.962
  ],
  [
    1642896000000,
    0.903
  ],
  [
    1642982400000,
    0.976
  ],
  [
    1643068800000,
    0.942
  ],
  [
    1643155200000,
    0.982
  ],
  [
    1643241600000,
    0.965
  ],
  [
    1643328000000,
    0.886
  ],
  [
    1643414400000,
    0.919
  ],
  [
    1643500800000,
    0.928
  ],
  [
    1643587200000,
    0.874
  ],
  [
    1643673600000,
    0.87
  ],
  [
    1643760000000,
    0.833
  ],
  [
    1643846400000,
    0.886
  ],
  [
    1643932800000,
    0.858
  ],
  [
    1644019200000,
    0.943
  ],
  [
    1644105600000,
    0.939
  ],
  [
    1644192000000,
    0.927
  ],
  [
    1644278400000,
    0.906
  ],
  [
    1644364800000,
    0.898
  ],
  [
    1644451200000,
    0.891
  ],
  [
    1644537600000,
    0.909
  ],
  [
    1644624000000,
    0.925
  ],
  [
    1644710400000,
    0.945
  ],
  [
    1644796800000,
    0.982
  ],
  [
    1644883200000,
    0.927
  ],
  [
    1644969600000,
    0.893
  ],
  [
    1645056000000,
    0.928
  ],
  [
    1645142400000,
    0.957
  ],
  [
    1645228800000,
    0.907
  ],
  [
    1645315200000,
    0.934
  ],
  [
    1645401600000,
    0.993
  ],
  [
    1645488000000,
    1.01
  ],
  [
    1645574400000,
    0.943
  ],
  [
    1645660800000,
    0.942
  ],
  [
    1645747200000,
    0.931
  ],
  [
    1645833600000,
    0.933
  ],
  [
    1645920000000,
    0.897
  ],
  [
    1646006400000,
    0.966
  ],
  [
    1646092800000,
    0.982
  ],
  [
    1646179200000,
    0.988
  ],
  [
    1646265600000,
    0.985
  ],
  [
    1646352000000,
    0.913
  ],
  [
    1646438400000,
    0.9
  ],
  [
    1646524800000,
    0.957
  ],
  [
    1646611200000,
    0.953
  ],
  [
    1646697600000,
    0.983
  ],
  [
    1646784000000,
    0.976
  ],
  [
    1646870400000,
    0.936
  ],
  [
    1646956800000,
    0.976
  ],
  [
    1647043200000,
    0.955
  ],
  [
    1647129600000,
    0.956
  ],
  [
    1647216000000,
    0.961
  ],
  [
    1647302400000,
    1.092
  ],
  [
    1647388800000,
    1.05
  ],
  [
    1647475200000,
    1.003
  ],
  [
    1647561600000,
    0.899
  ],
  [
    1647648000000,
    1.072
  ],
  [
    1647734400000,
    1.045
  ],
  [
    1647820800000,
    0.983
  ],
  [
    1647907200000,
    1.002
  ],
  [
    1647993600000,
    1.047
  ],
  [
    1648080000000,
    1.057
  ],
  [
    1648166400000,
    1.097
  ],
  [
    1648252800000,
    1.089
  ],
  [
    1648339200000,
    1.104
  ],
  [
    1648422000000,
    1.05
  ],
  [
    1648508400000,
    1.108
  ],
  [
    1648594800000,
    1.156
  ],
  [
    1648681200000,
    1.112
  ],
  [
    1648767600000,
    1.152
  ],
  [
    1648854000000,
    1.199
  ],
  [
    1648940400000,
    1.177
  ],
  [
    1649026800000,
    1.157
  ],
  [
    1649113200000,
    1.17
  ],
  [
    1649199600000,
    1.169
  ],
  [
    1649286000000,
    1.162
  ],
  [
    1649372400000,
    1.241
  ],
  [
    1649458800000,
    1.309
  ],
  [
    1649545200000,
    1.207
  ],
  [
    1649631600000,
    1.154
  ],
  [
    1649718000000,
    1.155
  ],
  [
    1649804400000,
    1.181
  ],
  [
    1649890800000,
    1.251
  ],
  [
    1649977200000,
    1.215
  ],
  [
    1650063600000,
    1.147
  ],
  [
    1650150000000,
    1.228
  ],
  [
    1650236400000,
    1.255
  ],
  [
    1650322800000,
    1.308
  ],
  [
    1650409200000,
    1.336
  ],
  [
    1650495600000,
    1.281
  ],
  [
    1650582000000,
    1.366
  ],
  [
    1650668400000,
    1.374
  ],
  [
    1650754800000,
    1.335
  ],
  [
    1650841200000,
    1.388
  ],
  [
    1650927600000,
    1.713
  ],
  [
    1651014000000,
    1.392
  ],
  [
    1651100400000,
    1.54
  ],
  [
    1651186800000,
    1.302
  ],
  [
    1651273200000,
    1.333
  ],
  [
    1651359600000,
    1.377
  ],
  [
    1651446000000,
    1.247
  ],
  [
    1651532400000,
    1.234
  ],
  [
    1651618800000,
    1.217
  ],
  [
    1651705200000,
    1.235
  ],
  [
    1651791600000,
    1.257
  ],
  [
    1651878000000,
    1.236
  ],
  [
    1651964400000,
    1.22
  ],
  [
    1652050800000,
    1.214
  ],
  [
    1652137200000,
    1.282
  ],
  [
    1652223600000,
    1.252
  ],
  [
    1652310000000,
    1.184
  ],
  [
    1652396400000,
    1.304
  ],
  [
    1652482800000,
    1.248
  ],
  [
    1652569200000,
    1.29
  ],
  [
    1652655600000,
    1.268
  ],
  [
    1652742000000,
    1.309
  ],
  [
    1652828400000,
    1.253
  ],
  [
    1652914800000,
    1.259
  ],
  [
    1653001200000,
    1.275
  ],
  [
    1653087600000,
    1.258
  ],
  [
    1653174000000,
    1.135
  ],
  [
    1653260400000,
    1.199
  ],
  [
    1653346800000,
    1.221
  ],
  [
    1653433200000,
    1.198
  ],
  [
    1653519600000,
    1.247
  ],
  [
    1653606000000,
    1.193
  ],
  [
    1653692400000,
    1.123
  ],
  [
    1653778800000,
    1.132
  ],
  [
    1653865200000,
    1.16
  ],
  [
    1653951600000,
    1.195
  ],
  [
    1654038000000,
    1.124
  ],
  [
    1654124400000,
    1.155
  ],
  [
    1654210800000,
    1.235
  ],
  [
    1654297200000,
    1.111
  ],
  [
    1654383600000,
    1.109
  ],
  [
    1654470000000,
    1.08
  ],
  [
    1654556400000,
    1.126
  ],
  [
    1654642800000,
    1.114
  ],
  [
    1654729200000,
    1.171
  ],
  [
    1654815600000,
    1.089
  ],
  [
    1654902000000,
    1.015
  ],
  [
    1654988400000,
    1.031
  ],
  [
    1655074800000,
    0.985
  ],
  [
    1655161200000,
    1.061
  ],
  [
    1655247600000,
    1.056
  ],
  [
    1655334000000,
    1.059
  ],
  [
    1655420400000,
    1.074
  ],
  [
    1655506800000,
    1.075
  ],
  [
    1655593200000,
    1.108
  ],
  [
    1655679600000,
    1.124
  ],
  [
    1655766000000,
    1.147
  ],
  [
    1655852400000,
    1.063
  ],
  [
    1655938800000,
    0.968
  ],
  [
    1656025200000,
    0.979
  ],
  [
    1656111600000,
    0.987
  ],
  [
    1656198000000,
    0.986
  ],
  [
    1656284400000,
    1.016
  ],
  [
    1656370800000,
    1.085
  ],
  [
    1656457200000,
    1.104
  ],
  [
    1656543600000,
    1.04
  ],
  [
    1656630000000,
    1.107
  ],
  [
    1656716400000,
    1.045
  ],
  [
    1656802800000,
    1.002
  ],
  [
    1656889200000,
    1.003
  ],
  [
    1656975600000,
    1.046
  ],
  [
    1657062000000,
    0.968
  ],
  [
    1657148400000,
    1.024
  ],
  [
    1657234800000,
    1.045
  ],
  [
    1657321200000,
    0.976
  ],
  [
    1657407600000,
    1.054
  ],
  [
    1657494000000,
    1.082
  ],
  [
    1657580400000,
    1.093
  ],
  [
    1657666800000,
    1.004
  ],
  [
    1657753200000,
    1.028
  ],
  [
    1657839600000,
    0.962
  ],
  [
    1657926000000,
    0.94
  ],
  [
    1658012400000,
    0.928
  ],
  [
    1658098800000,
    0.976
  ],
  [
    1658185200000,
    0.948
  ],
  [
    1658271600000,
    0.957
  ],
  [
    1658358000000,
    0.945
  ],
  [
    1658444400000,
    0.938
  ],
  [
    1658530800000,
    0.928
  ],
  [
    1658617200000,
    0.932
  ],
  [
    1658703600000,
    0.937
  ],
  [
    1658790000000,
    0.977
  ],
  [
    1658876400000,
    1.002
  ],
  [
    1658962800000,
    1.001
  ],
  [
    1659049200000,
    0.954
  ],
  [
    1659135600000,
    1.026
  ],
  [
    1659222000000,
    1.098
  ],
  [
    1659308400000,
    1.04
  ],
  [
    1659394800000,
    1.026
  ],
  [
    1659481200000,
    1.067
  ],
  [
    1659567600000,
    1.047
  ],
  [
    1659654000000,
    1.078
  ],
  [
    1659740400000,
    1.047
  ],
  [
    1659826800000,
    1.031
  ],
  [
    1659913200000,
    1.038
  ],
  [
    1659999600000,
    0.951
  ],
  [
    1660086000000,
    1.028
  ],
  [
    1660172400000,
    1.013
  ],
  [
    1660258800000,
    1.028
  ],
  [
    1660345200000,
    1.146
  ],
  [
    1660431600000,
    1.046
  ],
  [
    1660518000000,
    0.995
  ],
  [
    1660604400000,
    1.1
  ],
  [
    1660690800000,
    1.111
  ],
  [
    1660777200000,
    1.045
  ],
  [
    1660863600000,
    1.148
  ],
  [
    1660950000000,
    1.026
  ],
  [
    1661036400000,
    1.077
  ],
  [
    1661122800000,
    1.083
  ],
  [
    1661209200000,
    1.091
  ],
  [
    1661295600000,
    1.124
  ],
  [
    1661382000000,
    1.114
  ],
  [
    1661468400000,
    1.124
  ],
  [
    1661554800000,
    1.115
  ],
  [
    1661641200000,
    1.137
  ],
  [
    1661727600000,
    1.145
  ],
  [
    1661814000000,
    1.118
  ],
  [
    1661900400000,
    1.108
  ],
  [
    1661986800000,
    1.111
  ],
  [
    1662073200000,
    1.17
  ],
  [
    1662159600000,
    1.189
  ],
  [
    1662246000000,
    1.2
  ],
  [
    1662332400000,
    1.213
  ],
  [
    1662418800000,
    1.147
  ],
  [
    1662505200000,
    1.167
  ],
  [
    1662591600000,
    1.173
  ],
  [
    1662678000000,
    1.244
  ],
  [
    1662764400000,
    1.193
  ],
  [
    1662850800000,
    1.267
  ],
  [
    1662937200000,
    1.242
  ],
  [
    1663023600000,
    1.193
  ],
  [
    1663110000000,
    1.232
  ],
  [
    1663196400000,
    1.213
  ],
  [
    1663282800000,
    1.262
  ],
  [
    1663369200000,
    1.317
  ],
  [
    1663455600000,
    1.399
  ],
  [
    1663542000000,
    1.311
  ],
  [
    1663628400000,
    1.394
  ],
  [
    1663714800000,
    1.331
  ],
  [
    1663801200000,
    1.271
  ],
  [
    1663887600000,
    1.307
  ],
  [
    1663974000000,
    1.381
  ],
  [
    1664060400000,
    1.309
  ],
  [
    1664146800000,
    1.113
  ],
  [
    1664233200000,
    1.364
  ],
  [
    1664319600000,
    1.227
  ],
  [
    1664406000000,
    1.347
  ],
  [
    1664492400000,
    1.268
  ],
  [
    1664578800000,
    1.264
  ],
  [
    1664665200000,
    1.241
  ],
  [
    1664751600000,
    1.177
  ],
  [
    1664838000000,
    1.229
  ],
  [
    1664924400000,
    1.212
  ],
  [
    1665010800000,
    1.238
  ],
  [
    1665097200000,
    1.265
  ],
  [
    1665183600000,
    1.335
  ],
  [
    1665270000000,
    1.323
  ],
  [
    1665356400000,
    1.35
  ],
  [
    1665442800000,
    1.36
  ],
  [
    1665529200000,
    1.314
  ],
  [
    1665615600000,
    1.35
  ],
  [
    1665702000000,
    1.386
  ],
  [
    1665788400000,
    1.454
  ],
  [
    1665874800000,
    1.402
  ],
  [
    1665961200000,
    1.443
  ],
  [
    1666047600000,
    1.394
  ],
  [
    1666134000000,
    1.415
  ],
  [
    1666220400000,
    1.497
  ],
  [
    1666306800000,
    1.443
  ],
  [
    1666393200000,
    1.439
  ],
  [
    1666479600000,
    1.467
  ],
  [
    1666566000000,
    1.422
  ],
  [
    1666652400000,
    1.476
  ],
  [
    1666738800000,
    1.437
  ],
  [
    1666825200000,
    1.411
  ],
  [
    1666911600000,
    1.479
  ],
  [
    1666998000000,
    1.475
  ],
  [
    1667084400000,
    1.483
  ],
  [
    1667174400000,
    1.518
  ],
  [
    1667260800000,
    1.582
  ],
  [
    1667347200000,
    1.534
  ],
  [
    1667433600000,
    1.481
  ],
  [
    1667520000000,
    1.678
  ],
  [
    1667606400000,
    1.701
  ],
  [
    1667692800000,
    1.767
  ],
  [
    1667779200000,
    1.837
  ],
  [
    1667865600000,
    1.733
  ],
  [
    1667952000000,
    1.725
  ],
  [
    1668038400000,
    1.674
  ],
  [
    1668124800000,
    1.727
  ],
  [
    1668211200000,
    1.727
  ],
  [
    1668297600000,
    1.655
  ],
  [
    1668384000000,
    1.707
  ],
  [
    1668470400000,
    1.7
  ],
  [
    1668556800000,
    1.678
  ],
  [
    1668643200000,
    1.577
  ],
  [
    1668729600000,
    1.538
  ],
  [
    1668816000000,
    1.678
  ],
  [
    1668902400000,
    1.679
  ],
  [
    1668988800000,
    1.678
  ],
  [
    1669075200000,
    1.734
  ],
  [
    1669161600000,
    1.704
  ],
  [
    1669248000000,
    1.714
  ],
  [
    1669334400000,
    1.764
  ],
  [
    1669420800000,
    1.78
  ],
  [
    1669507200000,
    1.683
  ],
  [
    1669593600000,
    1.736
  ],
  [
    1669680000000,
    1.731
  ],
  [
    1669766400000,
    1.778
  ],
  [
    1669852800000,
    1.715
  ],
  [
    1669939200000,
    1.685
  ],
  [
    1670025600000,
    1.787
  ],
  [
    1670112000000,
    1.581
  ],
  [
    1670198400000,
    1.773
  ],
  [
    1670284800000,
    1.793
  ],
  [
    1670371200000,
    1.839
  ],
  [
    1670457600000,
    1.867
  ],
  [
    1670544000000,
    1.89
  ],
  [
    1670630400000,
    1.85
  ],
  [
    1670716800000,
    1.884
  ],
  [
    1670803200000,
    1.851
  ],
  [
    1670889600000,
    1.861
  ],
  [
    1670976000000,
    1.643
  ],
  [
    1671062400000,
    1.718
  ],
  [
    1671148800000,
    1.674
  ],
  [
    1671235200000,
    1.662
  ],
  [
    1671321600000,
    1.716
  ],
  [
    1671408000000,
    1.727
  ],
  [
    1671494400000,
    1.736
  ],
  [
    1671580800000,
    1.775
  ],
  [
    1671667200000,
    1.556
  ],
  [
    1671753600000,
    1.729
  ],
  [
    1671840000000,
    1.694
  ],
  [
    1671926400000,
    1.602
  ],
  [
    1672012800000,
    1.517
  ],
  [
    1672099200000,
    1.588
  ],
  [
    1672185600000,
    1.578
  ],
  [
    1672272000000,
    1.551
  ],
  [
    1672358400000,
    1.589
  ],
  [
    1672444800000,
    1.549
  ],
  [
    1672531200000,
    1.606
  ],
  [
    1672617600000,
    1.528
  ],
  [
    1672704000000,
    1.539
  ],
  [
    1672790400000,
    1.519
  ],
  [
    1672876800000,
    1.465
  ],
  [
    1672963200000,
    1.503
  ],
  [
    1673049600000,
    1.564
  ],
  [
    1673136000000,
    1.358
  ],
  [
    1673222400000,
    1.457
  ],
  [
    1673308800000,
    1.454
  ],
  [
    1673395200000,
    1.437
  ],
  [
    1673481600000,
    1.619
  ],
  [
    1673568000000,
    1.584
  ],
  [
    1673654400000,
    1.581
  ],
  [
    1673740800000,
    1.631
  ],
  [
    1673827200000,
    1.747
  ],
  [
    1673913600000,
    1.753
  ],
  [
    1674000000000,
    1.631
  ],
  [
    1674086400000,
    1.574
  ],
  [
    1674172800000,
    1.688
  ],
  [
    1674259200000,
    1.68
  ],
  [
    1674345600000,
    1.743
  ],
  [
    1674432000000,
    1.8
  ],
  [
    1674518400000,
    1.651
  ],
  [
    1674604800000,
    1.551
  ],
  [
    1674691200000,
    1.682
  ],
  [
    1674777600000,
    1.801
  ],
  [
    1674864000000,
    1.696
  ],
  [
    1674950400000,
    1.839
  ],
  [
    1675036800000,
    2
  ],
  [
    1675123200000,
    2.069
  ],
  [
    1675209600000,
    1.916
  ],
  [
    1675296000000,
    2.048
  ],
  [
    1675382400000,
    1.987
  ],
  [
    1675468800000,
    2.253
  ],
  [
    1675555200000,
    2.26
  ],
  [
    1675641600000,
    2.146
  ],
  [
    1675728000000,
    2.18
  ],
  [
    1675814400000,
    2.039
  ],
  [
    1675900800000,
    1.939
  ],
  [
    1675987200000,
    2.029
  ],
  [
    1676073600000,
    1.947
  ],
  [
    1676160000000,
    2.044
  ],
  [
    1676246400000,
    2.001
  ],
  [
    1676332800000,
    1.976
  ],
  [
    1676419200000,
    2.023
  ],
  [
    1676505600000,
    1.746
  ],
  [
    1676592000000,
    2.042
  ],
  [
    1676678400000,
    1.773
  ],
  [
    1676764800000,
    1.77
  ],
  [
    1676851200000,
    1.91
  ],
  [
    1676937600000,
    1.863
  ],
  [
    1677024000000,
    1.836
  ],
  [
    1677110400000,
    1.965
  ],
  [
    1677196800000,
    1.789
  ],
  [
    1677283200000,
    1.919
  ],
  [
    1677369600000,
    1.773
  ],
  [
    1677456000000,
    2.044
  ],
  [
    1677542400000,
    2.124
  ],
  [
    1677628800000,
    1.836
  ],
  [
    1677715200000,
    2.007
  ],
  [
    1677801600000,
    1.937
  ],
  [
    1677888000000,
    2.143
  ],
  [
    1677974400000,
    2.063
  ],
  [
    1678060800000,
    2.046
  ],
  [
    1678147200000,
    1.729
  ],
  [
    1678233600000,
    1.685
  ],
  [
    1678320000000,
    1.96
  ],
  [
    1678406400000,
    1.684
  ],
  [
    1678492800000,
    1.852
  ],
  [
    1678579200000,
    1.707
  ],
  [
    1678665600000,
    1.704
  ],
  [
    1678752000000,
    1.59
  ],
  [
    1678838400000,
    1.845
  ],
  [
    1678924800000,
    1.743
  ],
  [
    1679011200000,
    1.537
  ],
  [
    1679097600000,
    1.552
  ],
  [
    1679184000000,
    1.858
  ],
  [
    1679270400000,
    1.508
  ],
  [
    1679356800000,
    1.693
  ],
  [
    1679443200000,
    1.631
  ],
  [
    1679529600000,
    1.742
  ],
  [
    1679616000000,
    1.773
  ],
  [
    1679702400000,
    1.783
  ],
  [
    1679788800000,
    1.66
  ],
  [
    1679871600000,
    1.644
  ],
  [
    1679958000000,
    1.585
  ],
  [
    1680044400000,
    1.536
  ],
  [
    1680130800000,
    1.63
  ],
  [
    1680217200000,
    1.664
  ],
  [
    1680303600000,
    1.793
  ],
  [
    1680390000000,
    1.574
  ],
  [
    1680476400000,
    1.744
  ],
  [
    1680562800000,
    1.908
  ],
  [
    1680649200000,
    1.539
  ],
  [
    1680735600000,
    1.725
  ],
  [
    1680822000000,
    1.805
  ],
  [
    1680908400000,
    1.629
  ],
  [
    1680994800000,
    1.557
  ],
  [
    1681081200000,
    1.739
  ],
  [
    1681167600000,
    1.897
  ],
  [
    1681254000000,
    1.804
  ],
  [
    1681340400000,
    1.877
  ],
  [
    1681426800000,
    1.771
  ],
  [
    1681513200000,
    1.828
  ],
  [
    1681599600000,
    1.574
  ],
  [
    1681686000000,
    1.537
  ],
  [
    1681772400000,
    1.729
  ],
  [
    1681858800000,
    1.765
  ],
  [
    1681945200000,
    1.905
  ],
  [
    1682031600000,
    1.986
  ],
  [
    1682118000000,
    1.927
  ],
  [
    1682204400000,
    2.097
  ],
  [
    1682290800000,
    2.048
  ],
  [
    1682377200000,
    2.029
  ],
  [
    1682463600000,
    1.749
  ],
  [
    1682550000000,
    1.693
  ],
  [
    1682636400000,
    1.881
  ],
  [
    1682722800000,
    2.031
  ],
  [
    1682809200000,
    1.853
  ],
  [
    1682895600000,
    1.777
  ],
  [
    1682982000000,
    1.746
  ],
  [
    1683068400000,
    1.951
  ],
  [
    1683154800000,
    1.794
  ],
  [
    1683241200000,
    1.792
  ],
  [
    1683327600000,
    1.574
  ],
  [
    1683414000000,
    1.587
  ],
  [
    1683500400000,
    1.509
  ],
  [
    1683586800000,
    1.454
  ],
  [
    1683673200000,
    1.6
  ],
  [
    1683759600000,
    1.637
  ],
  [
    1683846000000,
    1.825
  ],
  [
    1683932400000,
    1.816
  ],
  [
    1684018800000,
    1.772
  ],
  [
    1684105200000,
    1.734
  ],
  [
    1684191600000,
    2.017
  ],
  [
    1684278000000,
    1.193
  ],
  [
    1684364400000,
    1.869
  ],
  [
    1684450800000,
    1.73
  ],
  [
    1684537200000,
    1.592
  ],
  [
    1684623600000,
    2.035
  ],
  [
    1684710000000,
    1.586
  ],
  [
    1684796400000,
    1.47
  ],
  [
    1684882800000,
    1.843
  ],
  [
    1684969200000,
    1.755
  ],
  [
    1685055600000,
    1.768
  ],
  [
    1685142000000,
    1.696
  ],
  [
    1685228400000,
    1.692
  ],
  [
    1685314800000,
    1.755
  ],
  [
    1685401200000,
    2.004
  ],
  [
    1685487600000,
    1.61
  ],
  [
    1685574000000,
    1.87
  ],
  [
    1685660400000,
    1.596
  ],
  [
    1685746800000,
    1.916
  ],
  [
    1685833200000,
    1.678
  ],
  [
    1685919600000,
    1.736
  ],
  [
    1686006000000,
    1.576
  ],
  [
    1686092400000,
    1.786
  ],
  [
    1686178800000,
    1.82
  ],
  [
    1686265200000,
    1.416
  ],
  [
    1686351600000,
    1.847
  ],
  [
    1686438000000,
    1.872
  ],
  [
    1686524400000,
    1.657
  ],
  [
    1686610800000,
    1.92
  ],
  [
    1686697200000,
    1.901
  ],
  [
    1686783600000,
    1.944
  ],
  [
    1686870000000,
    2.136
  ],
  [
    1686956400000,
    1.717
  ],
  [
    1687042800000,
    2.276
  ],
  [
    1687129200000,
    1.897
  ],
  [
    1687215600000,
    1.718
  ],
  [
    1687302000000,
    1.955
  ],
  [
    1687388400000,
    2.144
  ],
  [
    1687474800000,
    2.047
  ],
  [
    1687561200000,
    1.965
  ],
  [
    1687647600000,
    2.457
  ],
  [
    1687734000000,
    2.297
  ],
  [
    1687820400000,
    2.144
  ],
  [
    1687906800000,
    2.094
  ],
  [
    1687993200000,
    1.821
  ],
  [
    1688079600000,
    2.087
  ],
  [
    1688166000000,
    2.153
  ],
  [
    1688252400000,
    1.968
  ],
  [
    1688338800000,
    1.731
  ],
  [
    1688425200000,
    1.726
  ],
  [
    1688511600000,
    2.196
  ],
  [
    1688598000000,
    1.963
  ],
  [
    1688684400000,
    1.872
  ],
  [
    1688770800000,
    1.892
  ],
  [
    1688857200000,
    2.039
  ],
  [
    1688943600000,
    1.581
  ],
  [
    1689030000000,
    1.716
  ],
  [
    1689116400000,
    1.829
  ],
  [
    1689202800000,
    2.044
  ],
  [
    1689289200000,
    1.912
  ],
  [
    1689375600000,
    1.867
  ],
  [
    1689462000000,
    1.738
  ],
  [
    1689548400000,
    1.679
  ],
  [
    1689634800000,
    1.991
  ],
  [
    1689721200000,
    1.586
  ],
  [
    1689807600000,
    1.605
  ],
  [
    1689894000000,
    1.937
  ],
  [
    1689980400000,
    1.974
  ],
  [
    1690066800000,
    2.073
  ],
  [
    1690153200000,
    1.722
  ],
  [
    1690239600000,
    2.083
  ],
  [
    1690326000000,
    1.626
  ],
  [
    1690412400000,
    2.356
  ],
  [
    1690498800000,
    1.964
  ],
  [
    1690585200000,
    1.816
  ],
  [
    1690671600000,
    2.063
  ],
  [
    1690758000000,
    2.134
  ],
  [
    1690844400000,
    1.867
  ],
  [
    1690930800000,
    1.927
  ],
  [
    1691017200000,
    1.791
  ],
  [
    1691103600000,
    1.508
  ],
  [
    1691190000000,
    1.966
  ],
  [
    1691276400000,
    2.216
  ],
  [
    1691362800000,
    1.816
  ],
  [
    1691449200000,
    1.637
  ],
  [
    1691535600000,
    1.858
  ],
  [
    1691622000000,
    2.26
  ],
  [
    1691708400000,
    2.026
  ],
  [
    1691794800000,
    2.38
  ],
  [
    1691881200000,
    2.043
  ],
  [
    1691967600000,
    2.374
  ],
  [
    1692054000000,
    2.101
  ],
  [
    1692140400000,
    2.172
  ],
  [
    1692226800000,
    1.069
  ],
  [
    1692313200000,
    2.132
  ],
  [
    1692399600000,
    1.376
  ],
  [
    1692486000000,
    1.83
  ],
  [
    1692572400000,
    2.058
  ],
  [
    1692658800000,
    1.929
  ],
  [
    1692745200000,
    1.827
  ],
  [
    1692831600000,
    2.219
  ],
  [
    1692918000000,
    1.93
  ],
  [
    1693004400000,
    1.599
  ],
  [
    1693090800000,
    1.884
  ],
  [
    1693177200000,
    2.191
  ],
  [
    1693263600000,
    1.828
  ],
  [
    1693350000000,
    2.16
  ],
  [
    1693436400000,
    1.937
  ],
  [
    1693522800000,
    1.748
  ],
  [
    1693609200000,
    1.61
  ],
  [
    1693695600000,
    1.703
  ],
  [
    1693782000000,
    2.264
  ],
  [
    1693868400000,
    2.488
  ],
  [
    1693954800000,
    1.893
  ],
  [
    1694041200000,
    1.666
  ],
  [
    1694127600000,
    2.652
  ],
  [
    1694214000000,
    2.257
  ],
  [
    1694300400000,
    2.255
  ],
  [
    1694386800000,
    2.235
  ],
  [
    1694473200000,
    1.671
  ],
  [
    1694559600000,
    2.225
  ],
  [
    1694646000000,
    2.039
  ],
  [
    1694732400000,
    2.737
  ],
  [
    1694818800000,
    2.245
  ],
  [
    1694905200000,
    2.501
  ],
  [
    1694991600000,
    2.451
  ],
  [
    1695078000000,
    2.548
  ],
  [
    1695164400000,
    2.448
  ],
  [
    1695250800000,
    2.749
  ],
  [
    1695337200000,
    2.215
  ],
  [
    1695423600000,
    2.592
  ],
  [
    1695510000000,
    2.865
  ],
  [
    1695596400000,
    2.17
  ],
  [
    1695682800000,
    2.667
  ],
  [
    1695769200000,
    2.37
  ],
  [
    1695855600000,
    2.878
  ],
  [
    1695942000000,
    2.2
  ],
  [
    1696028400000,
    2.387
  ],
  [
    1696114800000,
    2.352
  ],
  [
    1696201200000,
    2.23
  ],
  [
    1696287600000,
    2.249
  ],
  [
    1696374000000,
    2.539
  ],
  [
    1696460400000,
    2.695
  ],
  [
    1696546800000,
    2.422
  ],
  [
    1696633200000,
    2.614
  ],
  [
    1696719600000,
    2.557
  ],
  [
    1696806000000,
    2.4
  ],
  [
    1696892400000,
    2.098
  ],
  [
    1696978800000,
    2.33
  ],
  [
    1697065200000,
    2.606
  ],
  [
    1697151600000,
    1.926
  ],
  [
    1697238000000,
    2.367
  ],
  [
    1697324400000,
    2.464
  ],
  [
    1697410800000,
    2.616
  ],
  [
    1697497200000,
    2.911
  ],
  [
    1697583600000,
    2.39
  ],
  [
    1697670000000,
    2.656
  ],
  [
    1697756400000,
    2.69
  ],
  [
    1697842800000,
    2.493
  ],
  [
    1697929200000,
    2.588
  ],
  [
    1698015600000,
    2.878
  ],
  [
    1698102000000,
    2.621
  ],
  [
    1698188400000,
    2.82
  ],
  [
    1698274800000,
    2.692
  ],
  [
    1698361200000,
    2.187
  ],
  [
    1698447600000,
    2.87
  ],
  [
    1698534000000,
    2.755
  ],
  [
    1698624000000,
    2.789
  ],
  [
    1698710400000,
    2.488
  ],
  [
    1698796800000,
    2.639
  ],
  [
    1698883200000,
    2.868
  ],
  [
    1698969600000,
    1.956
  ],
  [
    1699056000000,
    2.948
  ],
  [
    1699142400000,
    2.576
  ],
  [
    1699228800000,
    2.878
  ],
  [
    1699315200000,
    2.433
  ],
  [
    1699401600000,
    2.719
  ],
  [
    1699488000000,
    2.476
  ],
  [
    1699574400000,
    2.444
  ],
  [
    1699660800000,
    3.088
  ],
  [
    1699747200000,
    3.064
  ],
  [
    1699833600000,
    3.125
  ],
  [
    1699920000000,
    2.29
  ],
  [
    1700006400000,
    2.357
  ],
  [
    1700092800000,
    2.19
  ],
  [
    1700179200000,
    2.504
  ],
  [
    1700265600000,
    2.808
  ],
  [
    1700352000000,
    2.307
  ],
  [
    1700438400000,
    1.963
  ],
  [
    1700524800000,
    2.682
  ],
  [
    1700611200000,
    2.282
  ],
  [
    1700697600000,
    2.174
  ],
  [
    1700784000000,
    2.685
  ],
  [
    1700870400000,
    2.192
  ],
  [
    1700956800000,
    2.568
  ],
  [
    1701043200000,
    1.542
  ],
  [
    1701129600000,
    1.668
  ],
  [
    1701216000000,
    2.415
  ],
  [
    1701302400000,
    1.444
  ],
  [
    1701388800000,
    2.341
  ],
  [
    1701475200000,
    2.526
  ],
  [
    1701561600000,
    2.375
  ],
  [
    1701648000000,
    1.979
  ],
  [
    1701734400000,
    2.951
  ],
  [
    1701820800000,
    2.968
  ],
  [
    1701907200000,
    2.451
  ],
  [
    1701993600000,
    2.348
  ],
  [
    1702080000000,
    2.403
  ],
  [
    1702166400000,
    2.968
  ],
  [
    1702252800000,
    2.224
  ],
  [
    1702339200000,
    2.642
  ],
  [
    1702425600000,
    3.007
  ],
  [
    1702512000000,
    3.15
  ],
  [
    1702598400000,
    3.165
  ],
  [
    1702684800000,
    3.162
  ],
  [
    1702771200000,
    2.884
  ],
  [
    1702857600000,
    3.015
  ],
  [
    1702944000000,
    3.204
  ],
  [
    1703030400000,
    2.748
  ],
  [
    1703116800000,
    2.302
  ],
  [
    1703203200000,
    3.076
  ],
  [
    1703289600000,
    2.699
  ],
  [
    1703376000000,
    2.988
  ],
  [
    1703462400000,
    2.976
  ],
  [
    1703548800000,
    2.499
  ],
  [
    1703635200000,
    2.125
  ],
  [
    1703721600000,
    1.951
  ],
  [
    1703808000000,
    1.913
  ],
  [
    1703894400000,
    2.32
  ],
  [
    1703980800000,
    1.829
  ],
  [
    1704067200000,
    1.452
  ],
  [
    1704153600000,
    2.807
  ],
  [
    1704240000000,
    2.945
  ],
  [
    1704326400000,
    2.361
  ],
  [
    1704412800000,
    2.819
  ],
  [
    1704499200000,
    2.392
  ],
  [
    1704585600000,
    2.841
  ],
  [
    1704672000000,
    2.917
  ],
  [
    1704758400000,
    2.425
  ],
  [
    1704844800000,
    3.513
  ],
  [
    1704931200000,
    2.686
  ],
  [
    1705017600000,
    3.334
  ],
  [
    1705104000000,
    2.579
  ],
  [
    1705190400000,
    1.751
  ],
  [
    1705276800000,
    2.551
  ],
  [
    1705363200000,
    1.835
  ],
  [
    1705449600000,
    2.746
  ],
  [
    1705536000000,
    1.472
  ],
  [
    1705622400000,
    3.182
  ],
  [
    1705708800000,
    2.533
  ],
  [
    1705795200000,
    3.274
  ],
  [
    1705881600000,
    3.258
  ],
  [
    1705968000000,
    2.292
  ],
  [
    1706054400000,
    1.085
  ],
  [
    1706140800000,
    2.209
  ],
  [
    1706227200000,
    2.389
  ],
  [
    1706313600000,
    3.065
  ],
  [
    1706400000000,
    3.048
  ],
  [
    1706486400000,
    2.703
  ],
  [
    1706572800000,
    2.398
  ],
  [
    1706659200000,
    3.211
  ],
  [
    1706745600000,
    2.538
  ],
  [
    1706832000000,
    3.179
  ],
  [
    1706918400000,
    2.154
  ],
  [
    1707004800000,
    2.153
  ],
  [
    1707091200000,
    2.663
  ],
  [
    1707177600000,
    2.916
  ],
  [
    1707264000000,
    2.243
  ],
  [
    1707350400000,
    2.039
  ],
  [
    1707436800000,
    2.51
  ],
  [
    1707523200000,
    3.252
  ],
  [
    1707609600000,
    3.173
  ],
  [
    1707696000000,
    3.04
  ],
  [
    1707782400000,
    3.062
  ],
  [
    1707868800000,
    2.438
  ],
  [
    1707955200000,
    1.939
  ],
  [
    1708041600000,
    2.733
  ],
  [
    1708128000000,
    3.96
  ],
  [
    1708214400000,
    3.063
  ],
  [
    1708300800000,
    3.345
  ],
  [
    1708387200000,
    2.701
  ],
  [
    1708473600000,
    2.288
  ],
  [
    1708560000000,
    3.179
  ],
  [
    1708646400000,
    3.205
  ],
  [
    1708732800000,
    2.779
  ],
  [
    1708819200000,
    2.177
  ],
  [
    1708905600000,
    3.342
  ],
  [
    1708992000000,
    3.18
  ],
  [
    1709078400000,
    3.43
  ],
  [
    1709164800000,
    4.018
  ],
  [
    1709251200000,
    3.97
  ],
  [
    1709337600000,
    2.78
  ],
  [
    1709424000000,
    3.418
  ],
  [
    1709510400000,
    2.808
  ],
  [
    1709596800000,
    3.655
  ],
  [
    1709683200000,
    3.181
  ],
  [
    1709769600000,
    3.682
  ],
  [
    1709856000000,
    1.615
  ],
  [
    1709942400000,
    3.336
  ],
  [
    1710028800000,
    3.494
  ],
  [
    1710115200000,
    3.56
  ],
  [
    1710201600000,
    2.949
  ],
  [
    1710288000000,
    3.408
  ],
  [
    1710374400000,
    2.309
  ],
  [
    1710460800000,
    4.52
  ],
  [
    1710547200000,
    3.95
  ],
  [
    1710633600000,
    3.001
  ],
  [
    1710720000000,
    3.608
  ],
  [
    1710806400000,
    3.068
  ],
  [
    1710892800000,
    3.153
  ],
  [
    1710979200000,
    4.078
  ],
  [
    1711065600000,
    4.215
  ],
  [
    1711152000000,
    4.009
  ],
  [
    1711238400000,
    4.033
  ],
  [
    1711324800000,
    4.091
  ],
  [
    1711411200000,
    4.047
  ],
  [
    1711497600000,
    4.106
  ],
  [
    1711584000000,
    4.189
  ],
  [
    1711670400000,
    4.05
  ],
  [
    1711756800000,
    4.189
  ],
  [
    1711843200000,
    4.211
  ],
  [
    1711926000000,
    5.01
  ],
  [
    1712012400000,
    4.244
  ],
  [
    1712098800000,
    4.351
  ],
  [
    1712185200000,
    4.221
  ],
  [
    1712271600000,
    4.369
  ],
  [
    1712358000000,
    4.571
  ],
  [
    1712444400000,
    4.47
  ],
  [
    1712530800000,
    4.7
  ],
  [
    1712617200000,
    4.557
  ],
  [
    1712703600000,
    4.694
  ],
  [
    1712790000000,
    4.804
  ],
  [
    1712876400000,
    4.713
  ],
  [
    1712962800000,
    4.577
  ],
  [
    1713049200000,
    4.832
  ],
  [
    1713135600000,
    4.994
  ],
  [
    1713308400000,
    4.684
  ],
  [
    1713394800000,
    4.543
  ],
  [
    1713481200000,
    4.734
  ],
  [
    1713567600000,
    4.569
  ],
  [
    1713654000000,
    4.28
  ],
  [
    1713740400000,
    4.537
  ],
  [
    1713826800000,
    4.611
  ],
  [
    1713913200000,
    4.983
  ],
  [
    1713999600000,
    3.88
  ],
  [
    1714086000000,
    4.648
  ],
  [
    1714172400000,
    4.351
  ],
  [
    1714258800000,
    4.354
  ],
  [
    1714345200000,
    4.372
  ],
  [
    1714431600000,
    4.599
  ],
  [
    1714518000000,
    4.609
  ],
  [
    1714604400000,
    4.82
  ],
  [
    1714690800000,
    4.759
  ],
  [
    1714777200000,
    5.005
  ],
  [
    1714950000000,
    4.56
  ],
  [
    1715036400000,
    4.85
  ],
  [
    1715122800000,
    4.63
  ],
  [
    1715295600000,
    4.847
  ],
  [
    1715382000000,
    4.575
  ],
  [
    1715468400000,
    4.696
  ],
  [
    1715554800000,
    4.561
  ],
  [
    1715641200000,
    4.313
  ],
  [
    1715727600000,
    4.842
  ],
  [
    1715814000000,
    4.873
  ],
  [
    1715900400000,
    4.884
  ],
  [
    1715986800000,
    4.915
  ],
  [
    1716073200000,
    4.978
  ],
  [
    1716159600000,
    5.061
  ],
  [
    1716246000000,
    4.269
  ],
  [
    1716332400000,
    5.139
  ],
  [
    1716386400000,
    5.138
  ],
  [
    1716404400000,
    5.06
  ],
  [
    1716487200000,
    5.09
  ],
  [
    1716494400000,
    5.06
  ],
  [
    1716516000000,
    5.1
  ],
  [
    1716584400000,
    4.77
  ],
  [
    1716591600000,
    4.89
  ],
  [
    1716638400000,
    4.83
  ],
  [
    1716660000000,
    4.98
  ],
  [
    1716710400000,
    4.91
  ],
  [
    1716724800000,
    4.75
  ],
  [
    1716728400000,
    4.92
  ],
  [
    1716750000000,
    5.104
  ],
  [
    1716771600000,
    4.99
  ],
  [
    1716778800000,
    4.6
  ],
  [
    1716829200000,
    5.1
  ],
  [
    1716840000000,
    5.11
  ],
  [
    1716850800000,
    4.52
  ],
  [
    1716912000000,
    4.775
  ],
  [
    1716930000000,
    5.02
  ],
  [
    1716940800000,
    5.03
  ],
  [
    1716958800000,
    5.234
  ],
  [
    1716966000000,
    5.15
  ],
  [
    1716994800000,
    4.88
  ],
  [
    1716998400000,
    4.975
  ],
  [
    1717002000000,
    5.197
  ],
  [
    1717005600000,
    5.08
  ],
  [
    1717027200000,
    5.56
  ],
  [
    1717030800000,
    5.327
  ],
  [
    1717070400000,
    5.17
  ],
  [
    1717095600000,
    5.095
  ],
  [
    1717156800000,
    5.17
  ],
  [
    1717171200000,
    5.12
  ],
  [
    1717178400000,
    5.527
  ],
  [
    1717207200000,
    5.44
  ],
  [
    1717214400000,
    5.38
  ],
  [
    1717225200000,
    5.475
  ],
  [
    1717228800000,
    2.633
  ],
  [
    1717246800000,
    5.45
  ],
  [
    1717257600000,
    5.504
  ],
  [
    1717272000000,
    5.12
  ],
  [
    1717275600000,
    5.55
  ],
  [
    1717282800000,
    5.57
  ],
  [
    1717290000000,
    5.749
  ],
  [
    1717293600000,
    5.52
  ],
  [
    1717383600000,
    5.55
  ],
  [
    1717398000000,
    6.054
  ],
  [
    1717524000000,
    6.03
  ],
  [
    1717556400000,
    6.09
  ],
  [
    1717588800000,
    6.12
  ],
  [
    1717599600000,
    6.17
  ],
  [
    1717603200000,
    6.18
  ],
  [
    1717617600000,
    6.12
  ],
  [
    1717653600000,
    6.18
  ],
  [
    1717722000000,
    6.06
  ],
  [
    1717772400000,
    4.75
  ],
  [
    1717783200000,
    6.06
  ],
  [
    1717801200000,
    6.05
  ],
  [
    1717837200000,
    5.09
  ],
  [
    1717844400000,
    4.87
  ],
  [
    1717851600000,
    5.61
  ],
  [
    1717858800000,
    5.65
  ],
  [
    1717898400000,
    5.25
  ],
  [
    1717909200000,
    5.415
  ],
  [
    1717995600000,
    5.224
  ],
  [
    1718089200000,
    4.94
  ],
  [
    1718096400000,
    5.19
  ],
  [
    1718136000000,
    5.15
  ],
  [
    1718146800000,
    5.17
  ],
  [
    1718200800000,
    4.92
  ],
  [
    1718218800000,
    5.21
  ],
  [
    1718226000000,
    5.21
  ],
  [
    1718233200000,
    5.056
  ],
  [
    1718305200000,
    4.94
  ],
  [
    1718319600000,
    4.94
  ],
  [
    1718326800000,
    5.1
  ],
  [
    1718380800000,
    4.92
  ],
  [
    1718438400000,
    5.08
  ],
  [
    1718460000000,
    5.1
  ],
  [
    1718478000000,
    5.08
  ],
  [
    1718492400000,
    5.1
  ],
  [
    1718514000000,
    5.098
  ],
  [
    1718517600000,
    5.092
  ],
  [
    1718528400000,
    5.08
  ],
  [
    1718532000000,
    5.02
  ],
  [
    1718571600000,
    5.06
  ],
  [
    1718625600000,
    4.99
  ],
  [
    1718719200000,
    5.02
  ],
  [
    1718776800000,
    4.96
  ],
  [
    1718787600000,
    4.54
  ],
  [
    1718816400000,
    5.06
  ],
  [
    1718823600000,
    4.95
  ],
  [
    1718884800000,
    5.06
  ],
  [
    1718960400000,
    4.98
  ],
  [
    1718992800000,
    5.06
  ],
  [
    1719018000000,
    5.06
  ],
  [
    1719036000000,
    5.063
  ]
]