[
  [
    1379718000000,
    9.048
  ],
  [
    1379804400000,
    7.361
  ],
  [
    1379890800000,
    7.973
  ],
  [
    1379977200000,
    6.9
  ],
  [
    1380063600000,
    3.576
  ],
  [
    1380150000000,
    4.985
  ],
  [
    1380236400000,
    4.22
  ],
  [
    1380322800000,
    3.547
  ],
  [
    1380409200000,
    2.815
  ],
  [
    1380495600000,
    3.205
  ],
  [
    1380582000000,
    3.252
  ],
  [
    1380668400000,
    3.389
  ],
  [
    1380927600000,
    3.366
  ],
  [
    1381014000000,
    5.7
  ],
  [
    1381100400000,
    3.952
  ],
  [
    1381186800000,
    4.67
  ],
  [
    1381273200000,
    3.364
  ],
  [
    1381359600000,
    3.977
  ],
  [
    1381532400000,
    3.602
  ],
  [
    1381705200000,
    4
  ],
  [
    1381791600000,
    2.856
  ],
  [
    1381878000000,
    2.645
  ],
  [
    1381964400000,
    2.999
  ],
  [
    1382137200000,
    2.8
  ],
  [
    1382223600000,
    4.708
  ],
  [
    1382310000000,
    6.272
  ],
  [
    1382569200000,
    4.34
  ],
  [
    1382655600000,
    4.314
  ],
  [
    1382742000000,
    4.291
  ],
  [
    1382828400000,
    4.084
  ],
  [
    1383177600000,
    2.039
  ],
  [
    1383264000000,
    2.014
  ],
  [
    1383350400000,
    1.857
  ],
  [
    1383436800000,
    1.848
  ],
  [
    1383523200000,
    1.93
  ],
  [
    1383609600000,
    1.914
  ],
  [
    1383696000000,
    1.942
  ],
  [
    1383782400000,
    2.028
  ],
  [
    1383868800000,
    2.251
  ],
  [
    1383955200000,
    2.588
  ],
  [
    1384128000000,
    1.669
  ],
  [
    1384214400000,
    1.889
  ],
  [
    1384300800000,
    1.898
  ],
  [
    1384387200000,
    2.146
  ],
  [
    1384473600000,
    2.573
  ],
  [
    1384560000000,
    2.507
  ],
  [
    1384646400000,
    1.428
  ],
  [
    1384732800000,
    2.12
  ],
  [
    1384819200000,
    1.465
  ],
  [
    1384905600000,
    1.931
  ],
  [
    1384992000000,
    1.385
  ],
  [
    1385078400000,
    2.121
  ],
  [
    1385164800000,
    1.712
  ],
  [
    1385251200000,
    1.603
  ],
  [
    1385337600000,
    1.834
  ],
  [
    1385424000000,
    3
  ],
  [
    1385510400000,
    2.228
  ],
  [
    1385596800000,
    2.343
  ],
  [
    1385769600000,
    1.445
  ],
  [
    1385856000000,
    1.406
  ],
  [
    1385942400000,
    1.46
  ],
  [
    1386115200000,
    0.99
  ],
  [
    1386201600000,
    1.105
  ],
  [
    1386288000000,
    0.911
  ],
  [
    1386374400000,
    0.952
  ],
  [
    1386460800000,
    0.881
  ],
  [
    1386547200000,
    0.897
  ],
  [
    1386633600000,
    0.801
  ],
  [
    1386720000000,
    1.63
  ],
  [
    1386892800000,
    0.942
  ],
  [
    1386979200000,
    0.693
  ],
  [
    1387065600000,
    0.751
  ],
  [
    1387152000000,
    0.655
  ],
  [
    1387238400000,
    1.503
  ],
  [
    1387324800000,
    1.013
  ],
  [
    1387411200000,
    0.049
  ],
  [
    1387497600000,
    0.835
  ],
  [
    1387584000000,
    0.729
  ],
  [
    1387670400000,
    0.627
  ],
  [
    1387756800000,
    0.806
  ],
  [
    1387843200000,
    0.705
  ],
  [
    1387929600000,
    0.78
  ],
  [
    1388016000000,
    0.725
  ],
  [
    1388102400000,
    0.602
  ],
  [
    1388188800000,
    0.725
  ],
  [
    1388275200000,
    0.547
  ],
  [
    1388361600000,
    0.663
  ],
  [
    1388534400000,
    0.645
  ],
  [
    1388620800000,
    0.455
  ],
  [
    1388707200000,
    0.764
  ],
  [
    1388793600000,
    0.498
  ],
  [
    1388880000000,
    0.667
  ],
  [
    1388966400000,
    0.58
  ],
  [
    1389052800000,
    0.399
  ],
  [
    1389139200000,
    0.71
  ],
  [
    1389225600000,
    0.914
  ],
  [
    1389312000000,
    0.737
  ],
  [
    1389398400000,
    0.717
  ],
  [
    1389484800000,
    0.76
  ],
  [
    1389571200000,
    0.917
  ],
  [
    1389657600000,
    1.048
  ],
  [
    1389744000000,
    1.639
  ],
  [
    1389830400000,
    0.69
  ],
  [
    1389916800000,
    0.972
  ],
  [
    1390003200000,
    0.693
  ],
  [
    1390089600000,
    0.614
  ],
  [
    1390176000000,
    0.653
  ],
  [
    1390262400000,
    0.701
  ],
  [
    1390348800000,
    0.476
  ],
  [
    1390435200000,
    0.565
  ],
  [
    1390521600000,
    0.562
  ],
  [
    1390608000000,
    0.587
  ],
  [
    1390694400000,
    0.672
  ],
  [
    1390780800000,
    1.308
  ],
  [
    1390867200000,
    1.007
  ],
  [
    1390953600000,
    0.636
  ],
  [
    1391040000000,
    0.914
  ],
  [
    1391126400000,
    1.15
  ],
  [
    1391212800000,
    0.661
  ],
  [
    1391299200000,
    0.116
  ],
  [
    1391385600000,
    0.442
  ],
  [
    1391472000000,
    0.475
  ],
  [
    1391558400000,
    0.426
  ],
  [
    1391644800000,
    0.5
  ],
  [
    1391731200000,
    0.497
  ],
  [
    1391817600000,
    0.403
  ],
  [
    1391904000000,
    0.511
  ],
  [
    1391990400000,
    1.38
  ],
  [
    1392076800000,
    1.595
  ],
  [
    1392163200000,
    1.329
  ],
  [
    1392249600000,
    1.224
  ],
  [
    1392336000000,
    0.656
  ],
  [
    1392422400000,
    0.689
  ],
  [
    1392508800000,
    0.972
  ],
  [
    1392595200000,
    0.99
  ],
  [
    1392854400000,
    0.771
  ],
  [
    1392940800000,
    0.937
  ],
  [
    1393027200000,
    1.08
  ],
  [
    1393113600000,
    1.313
  ],
  [
    1393200000000,
    0.828
  ],
  [
    1393372800000,
    1.043
  ],
  [
    1393459200000,
    1.24
  ],
  [
    1393545600000,
    1.565
  ],
  [
    1393632000000,
    1.7
  ],
  [
    1393718400000,
    1.57
  ],
  [
    1393804800000,
    1.431
  ],
  [
    1393977600000,
    1.14
  ],
  [
    1394064000000,
    1.148
  ],
  [
    1394150400000,
    1.385
  ],
  [
    1394323200000,
    1.042
  ],
  [
    1394409600000,
    0.991
  ],
  [
    1394496000000,
    1.283
  ],
  [
    1394582400000,
    1.361
  ],
  [
    1394668800000,
    1.35
  ],
  [
    1394841600000,
    1.288
  ],
  [
    1394928000000,
    1.011
  ],
  [
    1395100800000,
    1.111
  ],
  [
    1395273600000,
    1.028
  ],
  [
    1395360000000,
    1.038
  ],
  [
    1395446400000,
    0.972
  ],
  [
    1395532800000,
    1.016
  ],
  [
    1395619200000,
    1.007
  ],
  [
    1395705600000,
    1.303
  ],
  [
    1395792000000,
    1.429
  ],
  [
    1395878400000,
    1.615
  ],
  [
    1395964800000,
    2.933
  ],
  [
    1396137600000,
    3.289
  ],
  [
    1396220400000,
    4.148
  ],
  [
    1396306800000,
    5.72
  ],
  [
    1396393200000,
    5.375
  ],
  [
    1396479600000,
    5.54
  ],
  [
    1396652400000,
    3.35
  ],
  [
    1396825200000,
    2.606
  ],
  [
    1396998000000,
    4.033
  ],
  [
    1397170800000,
    3.17
  ],
  [
    1397257200000,
    5.55
  ],
  [
    1397343600000,
    4.09
  ],
  [
    1397430000000,
    6.175
  ],
  [
    1397516400000,
    4.99
  ],
  [
    1397689200000,
    3.764
  ],
  [
    1397775600000,
    3.706
  ],
  [
    1397862000000,
    3.746
  ],
  [
    1397948400000,
    2.802
  ],
  [
    1398034800000,
    3.737
  ],
  [
    1398121200000,
    1.696
  ],
  [
    1398207600000,
    3.333
  ],
  [
    1398294000000,
    2.198
  ],
  [
    1398380400000,
    3.083
  ],
  [
    1398466800000,
    3.31
  ],
  [
    1398639600000,
    3.64
  ],
  [
    1398898800000,
    3.24
  ],
  [
    1399071600000,
    4.763
  ],
  [
    1399244400000,
    2.245
  ],
  [
    1399330800000,
    0.62
  ],
  [
    1399417200000,
    2.391
  ],
  [
    1399503600000,
    1.965
  ],
  [
    1399590000000,
    1.175
  ],
  [
    1399676400000,
    1.705
  ],
  [
    1399762800000,
    1.3
  ],
  [
    1399849200000,
    0.95
  ],
  [
    1399935600000,
    1.109
  ],
  [
    1400022000000,
    1.445
  ],
  [
    1400108400000,
    3.417
  ],
  [
    1400194800000,
    3.24
  ],
  [
    1400281200000,
    3.616
  ],
  [
    1400454000000,
    3.27
  ],
  [
    1400540400000,
    3.45
  ],
  [
    1400626800000,
    4.673
  ],
  [
    1400713200000,
    3.305
  ],
  [
    1400799600000,
    3.42
  ],
  [
    1400972400000,
    3.575
  ],
  [
    1401490800000,
    3.152
  ],
  [
    1401577200000,
    1.927
  ],
  [
    1401663600000,
    2.372
  ],
  [
    1401750000000,
    2.168
  ],
  [
    1402095600000,
    1.697
  ],
  [
    1402268400000,
    1.733
  ],
  [
    1402354800000,
    1.494
  ],
  [
    1402441200000,
    2.27
  ],
  [
    1402614000000,
    2.549
  ],
  [
    1402700400000,
    2.09
  ],
  [
    1402786800000,
    1.864
  ],
  [
    1402873200000,
    2.138
  ],
  [
    1402959600000,
    2.325
  ],
  [
    1403046000000,
    2.552
  ],
  [
    1403218800000,
    1.675
  ],
  [
    1403305200000,
    1.68
  ],
  [
    1403391600000,
    1.665
  ],
  [
    1403478000000,
    1.789
  ],
  [
    1403650800000,
    1.72
  ],
  [
    1403737200000,
    1.879
  ],
  [
    1403823600000,
    2.18
  ],
  [
    1403910000000,
    1.56
  ],
  [
    1403996400000,
    2.19
  ],
  [
    1404255600000,
    2.647
  ],
  [
    1404428400000,
    4.181
  ],
  [
    1404514800000,
    1.983
  ],
  [
    1404601200000,
    2.832
  ],
  [
    1404860400000,
    2.356
  ],
  [
    1404946800000,
    2.864
  ],
  [
    1405033200000,
    1.536
  ],
  [
    1405206000000,
    2.678
  ],
  [
    1405378800000,
    2.85
  ],
  [
    1405465200000,
    3.16
  ],
  [
    1405638000000,
    3.042
  ],
  [
    1405724400000,
    2.837
  ],
  [
    1405810800000,
    2.608
  ],
  [
    1406156400000,
    2.515
  ],
  [
    1406242800000,
    2.56
  ],
  [
    1406329200000,
    1.543
  ],
  [
    1406415600000,
    2.5
  ],
  [
    1406588400000,
    1.615
  ],
  [
    1406847600000,
    2.201
  ],
  [
    1406934000000,
    2.273
  ],
  [
    1407106800000,
    2.3
  ],
  [
    1407193200000,
    2.246
  ],
  [
    1407279600000,
    3.008
  ],
  [
    1407366000000,
    3.073
  ],
  [
    1407452400000,
    2.95
  ],
  [
    1407538800000,
    3.109
  ],
  [
    1407625200000,
    3.224
  ],
  [
    1407711600000,
    4.6
  ],
  [
    1407884400000,
    2.668
  ],
  [
    1407970800000,
    2.772
  ],
  [
    1408057200000,
    2.433
  ],
  [
    1408143600000,
    2.7
  ],
  [
    1408230000000,
    2.005
  ],
  [
    1408316400000,
    2.41
  ],
  [
    1408489200000,
    3.07
  ],
  [
    1408662000000,
    1.905
  ],
  [
    1408834800000,
    2.64
  ],
  [
    1408921200000,
    2.584
  ],
  [
    1409094000000,
    3.005
  ],
  [
    1409180400000,
    3
  ],
  [
    1409266800000,
    2.804
  ],
  [
    1409353200000,
    0.05
  ],
  [
    1409785200000,
    2.654
  ],
  [
    1409871600000,
    2.902
  ],
  [
    1410044400000,
    1.76
  ],
  [
    1410390000000,
    2.69
  ],
  [
    1410476400000,
    2.8
  ],
  [
    1410562800000,
    2.812
  ],
  [
    1410649200000,
    3.238
  ],
  [
    1410735600000,
    3
  ],
  [
    1410822000000,
    4.15
  ],
  [
    1411167600000,
    7.736
  ],
  [
    1411426800000,
    13.225
  ],
  [
    1411599600000,
    6.61
  ],
  [
    1411772400000,
    7.82
  ],
  [
    1411945200000,
    7.503
  ],
  [
    1412118000000,
    5.014
  ],
  [
    1412290800000,
    7.52
  ],
  [
    1412463600000,
    5.57
  ],
  [
    1412636400000,
    6.91
  ],
  [
    1412895600000,
    6.59
  ],
  [
    1412982000000,
    6.158
  ],
  [
    1413068400000,
    5.792
  ],
  [
    1413154800000,
    5.743
  ],
  [
    1413414000000,
    5.375
  ],
  [
    1413500400000,
    5.123
  ],
  [
    1413586800000,
    4.88
  ],
  [
    1413673200000,
    5.604
  ],
  [
    1413846000000,
    4.79
  ],
  [
    1414018800000,
    5.573
  ],
  [
    1414105200000,
    5.445
  ],
  [
    1414191600000,
    5.529
  ],
  [
    1414368000000,
    4.644
  ],
  [
    1414627200000,
    4.923
  ],
  [
    1414713600000,
    5.89
  ],
  [
    1414800000000,
    5.138
  ],
  [
    1414972800000,
    4.237
  ],
  [
    1415059200000,
    4.637
  ],
  [
    1415145600000,
    4.999
  ],
  [
    1415232000000,
    3.33
  ],
  [
    1415318400000,
    4.366
  ],
  [
    1415404800000,
    5.334
  ],
  [
    1415664000000,
    4.73
  ],
  [
    1415750400000,
    4.935
  ],
  [
    1415836800000,
    4.142
  ],
  [
    1415923200000,
    4.848
  ],
  [
    1416096000000,
    3.821
  ],
  [
    1416268800000,
    3.721
  ],
  [
    1416355200000,
    5.231
  ],
  [
    1416614400000,
    4.402
  ],
  [
    1416960000000,
    4.198
  ],
  [
    1417132800000,
    4.04
  ],
  [
    1417219200000,
    4.115
  ],
  [
    1417392000000,
    3.02
  ],
  [
    1417564800000,
    3.741
  ],
  [
    1417651200000,
    3.451
  ],
  [
    1417737600000,
    3.73
  ],
  [
    1417824000000,
    3.722
  ],
  [
    1417910400000,
    3.42
  ],
  [
    1417996800000,
    3.313
  ],
  [
    1418083200000,
    2.856
  ],
  [
    1418256000000,
    3.766
  ],
  [
    1418342400000,
    3.187
  ],
  [
    1418688000000,
    2.274
  ],
  [
    1418774400000,
    2.84
  ],
  [
    1418860800000,
    2.952
  ],
  [
    1418947200000,
    2.91
  ],
  [
    1419120000000,
    2.456
  ],
  [
    1419206400000,
    2.368
  ],
  [
    1419292800000,
    2.288
  ],
  [
    1419379200000,
    2.487
  ],
  [
    1419465600000,
    2.49
  ],
  [
    1419552000000,
    2.299
  ],
  [
    1419638400000,
    3.495
  ],
  [
    1419984000000,
    3.065
  ],
  [
    1420070400000,
    3.4
  ],
  [
    1420156800000,
    3.298
  ],
  [
    1420416000000,
    3.661
  ],
  [
    1420588800000,
    3.014
  ],
  [
    1420761600000,
    3.99
  ],
  [
    1420848000000,
    4.05
  ],
  [
    1420934400000,
    3.592
  ],
  [
    1421107200000,
    4.06
  ],
  [
    1421280000000,
    3.37
  ],
  [
    1421366400000,
    3.939
  ],
  [
    1421452800000,
    4.05
  ],
  [
    1421539200000,
    3.91
  ],
  [
    1421625600000,
    3.924
  ],
  [
    1421971200000,
    4.607
  ],
  [
    1422144000000,
    5.138
  ],
  [
    1422230400000,
    5.122
  ],
  [
    1422316800000,
    4.789
  ],
  [
    1422489600000,
    4.983
  ],
  [
    1422576000000,
    4.958
  ],
  [
    1422662400000,
    5.525
  ],
  [
    1422748800000,
    6.143
  ],
  [
    1423267200000,
    7.119
  ],
  [
    1423353600000,
    5.145
  ],
  [
    1423440000000,
    6.51
  ],
  [
    1423526400000,
    6.759
  ],
  [
    1423612800000,
    7.319
  ],
  [
    1423958400000,
    5.423
  ],
  [
    1424044800000,
    6.28
  ],
  [
    1424131200000,
    6.725
  ],
  [
    1424217600000,
    8.101
  ],
  [
    1424390400000,
    7.91
  ],
  [
    1424476800000,
    7.39
  ],
  [
    1424563200000,
    8.937
  ],
  [
    1424736000000,
    11.709
  ],
  [
    1424822400000,
    9.95
  ],
  [
    1424995200000,
    6.71
  ],
  [
    1425081600000,
    11.407
  ],
  [
    1425168000000,
    11.79
  ],
  [
    1425427200000,
    6.958
  ],
  [
    1425686400000,
    15.58
  ],
  [
    1425772800000,
    9.962
  ],
  [
    1425945600000,
    7.783
  ],
  [
    1426204800000,
    6.522
  ],
  [
    1426636800000,
    8.046
  ],
  [
    1426723200000,
    6.118
  ],
  [
    1426982400000,
    9.015
  ],
  [
    1427155200000,
    8.977
  ],
  [
    1427241600000,
    9.6
  ],
  [
    1427670000000,
    7.958
  ],
  [
    1427842800000,
    6.774
  ],
  [
    1427929200000,
    9.672
  ],
  [
    1428015600000,
    6.247
  ],
  [
    1428447600000,
    7.483
  ],
  [
    1428620400000,
    7.947
  ],
  [
    1428706800000,
    8.12
  ],
  [
    1428793200000,
    7.66
  ],
  [
    1428879600000,
    7.902
  ],
  [
    1429225200000,
    7.91
  ],
  [
    1429311600000,
    6.609
  ],
  [
    1429484400000,
    5.344
  ],
  [
    1429657200000,
    6.254
  ],
  [
    1429830000000,
    6.919
  ],
  [
    1429916400000,
    7.118
  ],
  [
    1430521200000,
    9.1
  ],
  [
    1430607600000,
    8.218
  ],
  [
    1431039600000,
    6
  ],
  [
    1431126000000,
    7.484
  ],
  [
    1431212400000,
    7.03
  ],
  [
    1431385200000,
    11.1
  ],
  [
    1431990000000,
    9.144
  ],
  [
    1432162800000,
    14.89
  ],
  [
    1432335600000,
    13.095
  ],
  [
    1432594800000,
    26.14
  ],
  [
    1432940400000,
    19.6
  ],
  [
    1433113200000,
    11.341
  ],
  [
    1433199600000,
    13.505
  ],
  [
    1433372400000,
    22.46
  ],
  [
    1433458800000,
    14.116
  ],
  [
    1433545200000,
    13.72
  ],
  [
    1433631600000,
    12.5
  ],
  [
    1433890800000,
    13.125
  ],
  [
    1434150000000,
    12.229
  ],
  [
    1434322800000,
    12.208
  ],
  [
    1434409200000,
    11.231
  ],
  [
    1434495600000,
    8.183
  ],
  [
    1434927600000,
    13.01
  ],
  [
    1435014000000,
    9.088
  ],
  [
    1435186800000,
    9.97
  ],
  [
    1435273200000,
    9.937
  ],
  [
    1435359600000,
    11.892
  ],
  [
    1435446000000,
    11.89
  ],
  [
    1435532400000,
    11.624
  ],
  [
    1435705200000,
    11.102
  ],
  [
    1435964400000,
    11
  ],
  [
    1436223600000,
    11.087
  ],
  [
    1436396400000,
    13
  ],
  [
    1437001200000,
    11.27
  ],
  [
    1437174000000,
    10.854
  ],
  [
    1437346800000,
    11.501
  ],
  [
    1437865200000,
    9.279
  ],
  [
    1437951600000,
    9.787
  ],
  [
    1438038000000,
    9.82
  ],
  [
    1438124400000,
    11.995
  ],
  [
    1438210800000,
    18.122
  ],
  [
    1438556400000,
    9.949
  ],
  [
    1439247600000,
    11.231
  ],
  [
    1440198000000,
    9.634
  ],
  [
    1440716400000,
    11.53
  ],
  [
    1441148400000,
    13.71
  ],
  [
    1441407600000,
    14
  ],
  [
    1442530800000,
    14.426
  ],
  [
    1442703600000,
    10.573
  ],
  [
    1443222000000,
    14.11
  ],
  [
    1443567600000,
    15.2
  ],
  [
    1443913200000,
    10.573
  ],
  [
    1443999600000,
    15.19
  ],
  [
    1444086000000,
    13.535
  ],
  [
    1444172400000,
    13.23
  ],
  [
    1444345200000,
    14.26
  ],
  [
    1444431600000,
    14.2
  ],
  [
    1444863600000,
    11.46
  ],
  [
    1445122800000,
    11.2
  ],
  [
    1446163200000,
    9.51
  ],
  [
    1446249600000,
    9.703
  ],
  [
    1446336000000,
    9.611
  ],
  [
    1446681600000,
    12.5
  ],
  [
    1446940800000,
    15.27
  ],
  [
    1447113600000,
    12.38
  ],
  [
    1447200000000,
    12.866
  ],
  [
    1448323200000,
    7.61
  ],
  [
    1448496000000,
    9.349
  ],
  [
    1448582400000,
    9.279
  ],
  [
    1449014400000,
    12.943
  ],
  [
    1449100800000,
    15.47
  ],
  [
    1449532800000,
    14.9
  ],
  [
    1450051200000,
    8.457
  ],
  [
    1450137600000,
    12.515
  ],
  [
    1450310400000,
    13.857
  ],
  [
    1450483200000,
    10.865
  ],
  [
    1450569600000,
    11.293
  ],
  [
    1450828800000,
    11.888
  ],
  [
    1451001600000,
    11.908
  ],
  [
    1451088000000,
    11.86
  ],
  [
    1451174400000,
    11.453
  ],
  [
    1451260800000,
    11.419
  ],
  [
    1451520000000,
    8.884
  ],
  [
    1451692800000,
    10.738
  ],
  [
    1451779200000,
    15.113
  ],
  [
    1451952000000,
    15.004
  ],
  [
    1452470400000,
    14.597
  ],
  [
    1453075200000,
    14.093
  ],
  [
    1453161600000,
    19.543
  ],
  [
    1453248000000,
    12.743
  ],
  [
    1453766400000,
    13.529
  ],
  [
    1453939200000,
    15.93
  ],
  [
    1454025600000,
    17.44
  ],
  [
    1454544000000,
    12.13
  ],
  [
    1454630400000,
    9.447
  ],
  [
    1454803200000,
    9.293
  ],
  [
    1454889600000,
    8.755
  ],
  [
    1455062400000,
    12.648
  ],
  [
    1455148800000,
    6.125
  ],
  [
    1455235200000,
    8.099
  ],
  [
    1455321600000,
    9.407
  ],
  [
    1455408000000,
    11.003
  ],
  [
    1455494400000,
    10.99
  ],
  [
    1455580800000,
    10.99
  ],
  [
    1455667200000,
    10.196
  ],
  [
    1456099200000,
    7.87
  ],
  [
    1456185600000,
    10.865
  ],
  [
    1456272000000,
    7.805
  ],
  [
    1456358400000,
    10.87
  ],
  [
    1456704000000,
    9
  ],
  [
    1456790400000,
    9
  ],
  [
    1456876800000,
    9.837
  ],
  [
    1457049600000,
    9.04
  ],
  [
    1457136000000,
    9.96
  ],
  [
    1457308800000,
    9.755
  ],
  [
    1457395200000,
    8.659
  ],
  [
    1457481600000,
    9.779
  ],
  [
    1457568000000,
    9.901
  ],
  [
    1457654400000,
    9.903
  ],
  [
    1457827200000,
    10.49
  ],
  [
    1458086400000,
    9.526
  ],
  [
    1458259200000,
    12.343
  ],
  [
    1458345600000,
    10.445
  ],
  [
    1458432000000,
    7.278
  ],
  [
    1458604800000,
    10.94
  ],
  [
    1458864000000,
    11.484
  ],
  [
    1459119600000,
    12
  ],
  [
    1459465200000,
    12.788
  ],
  [
    1459638000000,
    16.103
  ],
  [
    1459724400000,
    32.742
  ],
  [
    1459897200000,
    13.271
  ],
  [
    1460242800000,
    19.998
  ],
  [
    1460329200000,
    25.723
  ],
  [
    1461279600000,
    12.302
  ],
  [
    1461538800000,
    11.572
  ],
  [
    1461625200000,
    16.63
  ],
  [
    1462316400000,
    12.346
  ],
  [
    1462489200000,
    12.565
  ],
  [
    1462921200000,
    14.779
  ],
  [
    1463007600000,
    13.843
  ],
  [
    1463180400000,
    16.37
  ],
  [
    1463353200000,
    19.164
  ],
  [
    1463785200000,
    11.949
  ],
  [
    1464130800000,
    11.893
  ],
  [
    1464217200000,
    12.059
  ],
  [
    1464303600000,
    11.703
  ],
  [
    1465426800000,
    12.52
  ],
  [
    1465513200000,
    12.474
  ],
  [
    1465599600000,
    12.993
  ],
  [
    1465686000000,
    21.251
  ],
  [
    1465858800000,
    12
  ],
  [
    1465945200000,
    22.801
  ],
  [
    1466118000000,
    11.774
  ],
  [
    1466204400000,
    12.044
  ],
  [
    1466290800000,
    13.859
  ],
  [
    1466377200000,
    15.411
  ],
  [
    1466722800000,
    11.376
  ],
  [
    1466809200000,
    11.876
  ],
  [
    1467068400000,
    10.755
  ],
  [
    1468364400000,
    18.043
  ],
  [
    1468537200000,
    22.758
  ],
  [
    1468882800000,
    11.1
  ],
  [
    1470092400000,
    11.5
  ],
  [
    1470524400000,
    17.77
  ],
  [
    1471474800000,
    11.017
  ],
  [
    1472079600000,
    13.8
  ],
  [
    1472943600000,
    14.68
  ],
  [
    1473030000000,
    11.58
  ],
  [
    1473202800000,
    14.9
  ],
  [
    1473980400000,
    11.09
  ],
  [
    1474066800000,
    10.053
  ],
  [
    1474585200000,
    9.579
  ],
  [
    1474758000000,
    9.984
  ],
  [
    1475276400000,
    8.015
  ],
  [
    1475362800000,
    14.371
  ],
  [
    1475622000000,
    8.061
  ],
  [
    1475881200000,
    8
  ],
  [
    1476313200000,
    8.48
  ],
  [
    1476486000000,
    8.096
  ],
  [
    1476745200000,
    8.015
  ],
  [
    1477090800000,
    78.922
  ],
  [
    1477872000000,
    7.475
  ],
  [
    1478044800000,
    10.594
  ],
  [
    1478131200000,
    2.94
  ],
  [
    1479340800000,
    3.946
  ],
  [
    1479513600000,
    5.643
  ],
  [
    1479600000000,
    6.042
  ],
  [
    1480291200000,
    9.901
  ],
  [
    1480809600000,
    7.1
  ],
  [
    1481328000000,
    6.13
  ],
  [
    1481673600000,
    7.627
  ],
  [
    1481846400000,
    7.827
  ],
  [
    1482105600000,
    3.74
  ],
  [
    1482192000000,
    7.495
  ],
  [
    1482278400000,
    6.74
  ],
  [
    1482451200000,
    2.608
  ],
  [
    1482624000000,
    6.831
  ],
  [
    1482796800000,
    6.895
  ],
  [
    1483056000000,
    6.943
  ],
  [
    1483228800000,
    9.2
  ],
  [
    1483920000000,
    5.789
  ],
  [
    1484352000000,
    5.75
  ],
  [
    1485302400000,
    10.254
  ],
  [
    1485648000000,
    10.2
  ],
  [
    1485907200000,
    10.306
  ],
  [
    1486512000000,
    6.12
  ],
  [
    1487721600000,
    8.29
  ],
  [
    1487980800000,
    9.22
  ],
  [
    1488844800000,
    9.313
  ],
  [
    1489708800000,
    7.255
  ],
  [
    1489968000000,
    8.2
  ],
  [
    1490140800000,
    8.522
  ],
  [
    1490486400000,
    6.5
  ],
  [
    1491001200000,
    6.985
  ],
  [
    1491087600000,
    5.861
  ],
  [
    1491519600000,
    8.694
  ],
  [
    1491692400000,
    6.322
  ],
  [
    1492988400000,
    9.509
  ],
  [
    1493334000000,
    5.71
  ],
  [
    1493593200000,
    7.987
  ],
  [
    1493766000000,
    6.819
  ],
  [
    1493852400000,
    8.032
  ],
  [
    1493938800000,
    6.471
  ],
  [
    1494025200000,
    7.69
  ],
  [
    1494198000000,
    8.48
  ],
  [
    1494543600000,
    8.016
  ],
  [
    1494630000000,
    8.723
  ],
  [
    1494889200000,
    8.48
  ],
  [
    1495321200000,
    8.388
  ],
  [
    1495926000000,
    5.398
  ],
  [
    1496012400000,
    10.125
  ],
  [
    1496185200000,
    6.74
  ],
  [
    1496876400000,
    7.889
  ],
  [
    1497049200000,
    10.783
  ],
  [
    1497135600000,
    8.83
  ],
  [
    1497222000000,
    10.3
  ],
  [
    1497308400000,
    11.64
  ],
  [
    1499036400000,
    5.089
  ],
  [
    1499122800000,
    5.649
  ],
  [
    1499209200000,
    5.06
  ],
  [
    1499641200000,
    11.78
  ],
  [
    1499814000000,
    7.47
  ],
  [
    1500159600000,
    12.02
  ],
  [
    1500591600000,
    11.27
  ],
  [
    1500678000000,
    17.502
  ],
  [
    1500937200000,
    6.64
  ],
  [
    1501282800000,
    9.384
  ],
  [
    1501455600000,
    6.09
  ],
  [
    1501801200000,
    8.55
  ],
  [
    1502319600000,
    7.945
  ],
  [
    1502492400000,
    16.455
  ],
  [
    1502578800000,
    26
  ],
  [
    1502751600000,
    30
  ],
  [
    1503097200000,
    13.637
  ],
  [
    1503615600000,
    191.39
  ],
  [
    1503874800000,
    199
  ],
  [
    1504566000000,
    18.125
  ],
  [
    1504652400000,
    18.274
  ],
  [
    1505602800000,
    17.99
  ],
  [
    1505775600000,
    21.274
  ],
  [
    1507330800000,
    16.42
  ],
  [
    1507935600000,
    17.161
  ],
  [
    1508367600000,
    13.8
  ],
  [
    1511049600000,
    17.532
  ],
  [
    1513036800000,
    12.5
  ],
  [
    1515024000000,
    9.564
  ],
  [
    1515542400000,
    9.38
  ],
  [
    1515715200000,
    9.265
  ],
  [
    1515801600000,
    15.448
  ],
  [
    1516233600000,
    17.285
  ],
  [
    1516492800000,
    24.011
  ],
  [
    1516579200000,
    26.489
  ],
  [
    1516665600000,
    46.423
  ],
  [
    1516752000000,
    450.77
  ],
  [
    1516924800000,
    48.901
  ],
  [
    1517443200000,
    67.157
  ],
  [
    1517616000000,
    54.886
  ],
  [
    1517702400000,
    58.382
  ],
  [
    1517875200000,
    21.02
  ],
  [
    1518480000000,
    20.093
  ],
  [
    1520035200000,
    18.295
  ],
  [
    1520726400000,
    18.274
  ],
  [
    1521072000000,
    18.06
  ],
  [
    1521244800000,
    12.118
  ],
  [
    1522278000000,
    12.055
  ],
  [
    1523142000000,
    11.99
  ],
  [
    1523660400000,
    16.953
  ],
  [
    1523833200000,
    12.264
  ],
  [
    1524092400000,
    15.65
  ],
  [
    1525734000000,
    14.114
  ],
  [
    1526079600000,
    10.675
  ],
  [
    1526943600000,
    11.164
  ],
  [
    1527375600000,
    10.95
  ],
  [
    1528498800000,
    10.288
  ],
  [
    1528671600000,
    12.472
  ],
  [
    1528930800000,
    10.237
  ],
  [
    1529967600000,
    9.868
  ],
  [
    1530226800000,
    6.686
  ],
  [
    1531436400000,
    9.42
  ],
  [
    1531954800000,
    9.407
  ],
  [
    1532386800000,
    9.282
  ],
  [
    1532732400000,
    6.889
  ],
  [
    1532905200000,
    9.2
  ],
  [
    1533164400000,
    21.679
  ],
  [
    1533682800000,
    9.072
  ],
  [
    1533942000000,
    8.671
  ],
  [
    1534287600000,
    9.807
  ],
  [
    1534374000000,
    9.764
  ],
  [
    1534633200000,
    6.257
  ],
  [
    1535238000000,
    6.361
  ],
  [
    1535410800000,
    9.642
  ],
  [
    1535497200000,
    8.379
  ],
  [
    1535670000000,
    6.081
  ],
  [
    1535842800000,
    6.041
  ],
  [
    1535929200000,
    5.936
  ],
  [
    1536015600000,
    6.861
  ],
  [
    1536361200000,
    7.994
  ],
  [
    1536620400000,
    8.469
  ],
  [
    1536879600000,
    7.573
  ],
  [
    1537311600000,
    8.587
  ],
  [
    1537398000000,
    7.321
  ],
  [
    1537743600000,
    8.62
  ],
  [
    1538089200000,
    7.299
  ],
  [
    1539385200000,
    9.1
  ],
  [
    1539471600000,
    9.31
  ],
  [
    1540857600000,
    8.71
  ],
  [
    1540944000000,
    7.301
  ],
  [
    1541894400000,
    8.623
  ],
  [
    1543881600000,
    9.087
  ],
  [
    1544400000000,
    6.244
  ],
  [
    1544745600000,
    9.25
  ],
  [
    1545264000000,
    9.357
  ],
  [
    1545696000000,
    9.189
  ],
  [
    1545868800000,
    6.249
  ],
  [
    1546560000000,
    6.202
  ],
  [
    1546646400000,
    6.797
  ],
  [
    1547078400000,
    6.866
  ],
  [
    1547164800000,
    7.047
  ],
  [
    1547337600000,
    7.495
  ],
  [
    1547596800000,
    6.148
  ],
  [
    1547769600000,
    8.524
  ],
  [
    1548115200000,
    6.009
  ],
  [
    1548979200000,
    9.228
  ],
  [
    1550966400000,
    6.74
  ],
  [
    1551052800000,
    6.543
  ],
  [
    1551225600000,
    7.471
  ],
  [
    1551571200000,
    8.443
  ],
  [
    1551916800000,
    6.27
  ],
  [
    1552608000000,
    5.984
  ],
  [
    1552953600000,
    6.03
  ],
  [
    1554246000000,
    7.01
  ],
  [
    1554591600000,
    5.995
  ],
  [
    1554850800000,
    8.871
  ],
  [
    1554937200000,
    8.994
  ],
  [
    1556319600000,
    8.788
  ],
  [
    1556838000000,
    6.533
  ],
  [
    1556924400000,
    6.935
  ],
  [
    1557097200000,
    6.244
  ],
  [
    1557442800000,
    6.713
  ],
  [
    1557961200000,
    6.271
  ],
  [
    1558393200000,
    6.274
  ],
  [
    1558738800000,
    9.338
  ],
  [
    1559257200000,
    9.26
  ],
  [
    1559775600000,
    9.421
  ],
  [
    1559862000000,
    9.427
  ],
  [
    1560380400000,
    6.624
  ],
  [
    1560553200000,
    10.316
  ],
  [
    1560639600000,
    6.613
  ],
  [
    1560726000000,
    12.037
  ],
  [
    1562194800000,
    6.825
  ],
  [
    1562454000000,
    12.09
  ],
  [
    1562799600000,
    13.872
  ],
  [
    1564009200000,
    8.356
  ],
  [
    1564873200000,
    8.679
  ],
  [
    1564959600000,
    6.617
  ],
  [
    1565046000000,
    6.721
  ],
  [
    1565132400000,
    8.296
  ],
  [
    1566687600000,
    6.64
  ],
  [
    1567292400000,
    9.683
  ],
  [
    1567724400000,
    8.982
  ],
  [
    1567810800000,
    8.986
  ],
  [
    1568156400000,
    11.352
  ],
  [
    1568502000000,
    6.793
  ],
  [
    1569279600000,
    6.91
  ],
  [
    1569625200000,
    11.2
  ],
  [
    1569711600000,
    6.631
  ],
  [
    1570402800000,
    6.698
  ],
  [
    1570489200000,
    11.005
  ],
  [
    1570748400000,
    6.585
  ],
  [
    1571266800000,
    44.996
  ],
  [
    1571698800000,
    6.308
  ],
  [
    1573257600000,
    6.736
  ],
  [
    1573430400000,
    7.841
  ],
  [
    1573862400000,
    5.513
  ],
  [
    1574035200000,
    5.066
  ],
  [
    1574640000000,
    5.031
  ],
  [
    1574899200000,
    5.025
  ],
  [
    1574985600000,
    9.36
  ],
  [
    1575244800000,
    5.1
  ],
  [
    1575590400000,
    10.524
  ],
  [
    1576540800000,
    7.72
  ],
  [
    1576800000000,
    5.897
  ],
  [
    1577318400000,
    10.175
  ],
  [
    1578009600000,
    6.067
  ],
  [
    1578355200000,
    5.865
  ],
  [
    1578528000000,
    5.2
  ],
  [
    1578614400000,
    8.868
  ],
  [
    1578700800000,
    8.835
  ],
  [
    1579651200000,
    6.471
  ],
  [
    1579996800000,
    6.571
  ],
  [
    1580256000000,
    9.46
  ],
  [
    1580515200000,
    8.605
  ],
  [
    1581552000000,
    8.707
  ],
  [
    1581984000000,
    5.411
  ],
  [
    1582416000000,
    5.27
  ],
  [
    1582761600000,
    8.224
  ],
  [
    1582848000000,
    6.741
  ],
  [
    1583366400000,
    5.875
  ],
  [
    1584057600000,
    7.916
  ],
  [
    1585094400000,
    5.484
  ],
  [
    1585440000000,
    5.251
  ],
  [
    1585695600000,
    5.344
  ],
  [
    1585954800000,
    5.448
  ],
  [
    1586732400000,
    5.822
  ],
  [
    1586905200000,
    5.652
  ],
  [
    1587164400000,
    5.62
  ],
  [
    1587337200000,
    8.028
  ],
  [
    1587682800000,
    5.237
  ],
  [
    1588114800000,
    5.799
  ],
  [
    1588287600000,
    6.217
  ],
  [
    1588806000000,
    8.052
  ],
  [
    1589410800000,
    13.05
  ],
  [
    1589497200000,
    8.01
  ],
  [
    1589756400000,
    8.739
  ],
  [
    1589842800000,
    5.644
  ],
  [
    1589929200000,
    9.097
  ],
  [
    1590188400000,
    9.137
  ],
  [
    1590274800000,
    9.751
  ],
  [
    1590361200000,
    9.411
  ],
  [
    1590706800000,
    5.711
  ],
  [
    1591311600000,
    9.14
  ],
  [
    1591657200000,
    5.87
  ],
  [
    1592434800000,
    7.635
  ],
  [
    1593212400000,
    7.252
  ],
  [
    1593298800000,
    6.69
  ],
  [
    1593558000000,
    6.686
  ],
  [
    1593644400000,
    5.02
  ],
  [
    1593903600000,
    6.83
  ],
  [
    1594076400000,
    4.92
  ],
  [
    1594335600000,
    5.094
  ],
  [
    1594681200000,
    5.107
  ],
  [
    1594940400000,
    7.984
  ],
  [
    1595545200000,
    7.417
  ],
  [
    1595804400000,
    7.897
  ],
  [
    1595977200000,
    9.06
  ],
  [
    1596150000000,
    9.493
  ],
  [
    1597100400000,
    4.892
  ],
  [
    1597359600000,
    6.472
  ],
  [
    1598223600000,
    7.755
  ],
  [
    1598310000000,
    7.924
  ],
  [
    1598396400000,
    8.13
  ],
  [
    1599519600000,
    5.856
  ],
  [
    1600124400000,
    5.586
  ],
  [
    1600383600000,
    5.91
  ],
  [
    1601074800000,
    4.43
  ],
  [
    1601247600000,
    6.116
  ],
  [
    1601593200000,
    8.302
  ],
  [
    1602111600000,
    8.46
  ],
  [
    1602802800000,
    8.795
  ],
  [
    1603148400000,
    7.425
  ],
  [
    1603580400000,
    6.249
  ],
  [
    1603929600000,
    6.513
  ],
  [
    1604275200000,
    8.123
  ],
  [
    1605225600000,
    7.123
  ],
  [
    1605830400000,
    8.679
  ],
  [
    1606003200000,
    9.491
  ],
  [
    1606176000000,
    13.69
  ],
  [
    1606348800000,
    5.893
  ],
  [
    1607731200000,
    5.34
  ],
  [
    1607817600000,
    6.834
  ],
  [
    1609459200000,
    7.888
  ],
  [
    1610150400000,
    7.84
  ],
  [
    1610409600000,
    6.546
  ],
  [
    1610496000000,
    8.775
  ],
  [
    1610582400000,
    9.814
  ],
  [
    1611446400000,
    8.186
  ],
  [
    1611532800000,
    13.371
  ],
  [
    1612137600000,
    8.609
  ],
  [
    1612656000000,
    9.035
  ],
  [
    1612915200000,
    11.5
  ],
  [
    1613001600000,
    5.276
  ],
  [
    1613260800000,
    11.466
  ],
  [
    1614556800000,
    5.555
  ],
  [
    1615334400000,
    5.54
  ],
  [
    1616889600000,
    12.122
  ],
  [
    1617663600000,
    11.102
  ],
  [
    1617922800000,
    13.541
  ],
  [
    1618009200000,
    15.789
  ],
  [
    1618527600000,
    10
  ],
  [
    1619305200000,
    14.674
  ],
  [
    1619823600000,
    35.03
  ],
  [
    1619996400000,
    12.7
  ],
  [
    1620687600000,
    12.724
  ],
  [
    1622847600000,
    20.355
  ],
  [
    1623106800000,
    11.157
  ],
  [
    1625958000000,
    13.05
  ],
  [
    1626303600000,
    15.455
  ],
  [
    1626994800000,
    13
  ],
  [
    1628722800000,
    29.336
  ],
  [
    1629241200000,
    11.73
  ],
  [
    1630623600000,
    11.24
  ],
  [
    1632438000000,
    7.901
  ],
  [
    1635462000000,
    19.265
  ],
  [
    1637539200000,
    28.59
  ],
  [
    1638230400000,
    12.308
  ],
  [
    1638662400000,
    10.174
  ],
  [
    1639440000000,
    10.225
  ],
  [
    1641340800000,
    14.69
  ],
  [
    1642032000000,
    10.73
  ],
  [
    1642982400000,
    10.655
  ],
  [
    1643241600000,
    10.717
  ],
  [
    1643500800000,
    8.011
  ],
  [
    1643673600000,
    15.682
  ],
  [
    1643846400000,
    10.882
  ],
  [
    1644278400000,
    14.85
  ],
  [
    1644624000000,
    11.42
  ],
  [
    1644969600000,
    11.994
  ],
  [
    1645142400000,
    19.688
  ],
  [
    1645228800000,
    11.902
  ],
  [
    1645401600000,
    11.22
  ],
  [
    1645488000000,
    11.254
  ],
  [
    1645574400000,
    11.327
  ],
  [
    1645747200000,
    10.538
  ],
  [
    1646438400000,
    10.3
  ],
  [
    1646611200000,
    12.711
  ],
  [
    1648252800000,
    10.32
  ],
  [
    1648422000000,
    12.6
  ],
  [
    1648767600000,
    13.57
  ],
  [
    1649113200000,
    13.3
  ],
  [
    1649977200000,
    14.259
  ],
  [
    1650668400000,
    14.077
  ],
  [
    1651014000000,
    15.18
  ],
  [
    1651964400000,
    19.217
  ],
  [
    1653001200000,
    14.45
  ],
  [
    1653606000000,
    18.996
  ],
  [
    1653865200000,
    10.82
  ],
  [
    1654297200000,
    30.03
  ],
  [
    1654470000000,
    12.33
  ],
  [
    1656111600000,
    12.256
  ],
  [
    1656716400000,
    19.95
  ],
  [
    1657753200000,
    23.25
  ],
  [
    1657839600000,
    11.52
  ],
  [
    1658703600000,
    21.846
  ],
  [
    1659222000000,
    12.03
  ],
  [
    1659308400000,
    12.032
  ],
  [
    1660258800000,
    12.79
  ],
  [
    1661122800000,
    10.972
  ],
  [
    1661814000000,
    9.47
  ],
  [
    1661986800000,
    10.4
  ],
  [
    1662246000000,
    20.472
  ],
  [
    1662418800000,
    10.32
  ],
  [
    1664060400000,
    10.278
  ],
  [
    1664319600000,
    16.824
  ],
  [
    1665097200000,
    9.899
  ],
  [
    1666911600000,
    17.8
  ],
  [
    1666998000000,
    18.474
  ],
  [
    1667260800000,
    9.98
  ],
  [
    1667520000000,
    17.722
  ],
  [
    1669161600000,
    9.997
  ],
  [
    1669248000000,
    11.149
  ],
  [
    1671148800000,
    16.213
  ],
  [
    1671321600000,
    10.12
  ],
  [
    1671926400000,
    13.902
  ],
  [
    1672444800000,
    11.277
  ],
  [
    1672790400000,
    8.98
  ],
  [
    1672876800000,
    10
  ],
  [
    1673222400000,
    13.697
  ],
  [
    1673913600000,
    11.187
  ],
  [
    1674000000000,
    14.584
  ],
  [
    1674259200000,
    19.46
  ],
  [
    1674864000000,
    29.8
  ],
  [
    1677024000000,
    7.78
  ],
  [
    1679270400000,
    9.91
  ],
  [
    1680390000000,
    21
  ],
  [
    1680476400000,
    20.935
  ],
  [
    1681426800000,
    16.583
  ],
  [
    1681513200000,
    21.244
  ],
  [
    1681772400000,
    23.995
  ],
  [
    1682463600000,
    26.34
  ],
  [
    1682636400000,
    24.111
  ],
  [
    1683846000000,
    24.217
  ],
  [
    1685055600000,
    21.43
  ],
  [
    1685487600000,
    24.06
  ],
  [
    1685746800000,
    15.96
  ],
  [
    1685833200000,
    24.335
  ],
  [
    1688425200000,
    22.74
  ],
  [
    1690326000000,
    23.753
  ],
  [
    1691794800000,
    42.75
  ],
  [
    1692658800000,
    25.3
  ],
  [
    1693522800000,
    23.82
  ],
  [
    1693868400000,
    31.1
  ],
  [
    1694473200000,
    35.81
  ],
  [
    1695164400000,
    23.89
  ],
  [
    1696028400000,
    26.592
  ],
  [
    1696201200000,
    27.19
  ],
  [
    1696546800000,
    28.03
  ],
  [
    1697410800000,
    35.838
  ],
  [
    1697583600000,
    26.23
  ],
  [
    1698102000000,
    26.394
  ],
  [
    1699920000000,
    29.728
  ],
  [
    1700006400000,
    30.004
  ],
  [
    1700179200000,
    35.871
  ],
  [
    1700870400000,
    28.75
  ],
  [
    1701129600000,
    34.9
  ],
  [
    1702339200000,
    23.914
  ],
  [
    1702598400000,
    35.27
  ],
  [
    1702857600000,
    24.23
  ],
  [
    1703462400000,
    25.64
  ],
  [
    1704758400000,
    34.25
  ],
  [
    1705363200000,
    29.99
  ],
  [
    1705881600000,
    34.384
  ],
  [
    1706918400000,
    35.37
  ],
  [
    1708387200000,
    35.34
  ],
  [
    1708992000000,
    23.63
  ],
  [
    1709337600000,
    33.96
  ],
  [
    1709424000000,
    21.877
  ],
  [
    1710374400000,
    23.83
  ],
  [
    1712098800000,
    24.1
  ],
  [
    1712444400000,
    30.241
  ],
  [
    1712962800000,
    31.293
  ],
  [
    1713308400000,
    24.31
  ],
  [
    1713567600000,
    25
  ],
  [
    1715727600000,
    25.94
  ],
  [
    1716073200000,
    31.29
  ],
  [
    1716591600000,
    25.5
  ],
  [
    1717538400000,
    30.64
  ],
  [
    1718964000000,
    18.497
  ]
]