[
  [
    1574121600000,
    0.089
  ],
  [
    1574208000000,
    0.082
  ],
  [
    1574294400000,
    0.102
  ],
  [
    1574380800000,
    0.115
  ],
  [
    1574467200000,
    0.104
  ],
  [
    1574553600000,
    0.113
  ],
  [
    1574640000000,
    0.105
  ],
  [
    1574726400000,
    0.1
  ],
  [
    1574812800000,
    0.099
  ],
  [
    1574899200000,
    0.096
  ],
  [
    1574985600000,
    0.115
  ],
  [
    1575072000000,
    0.116
  ],
  [
    1575158400000,
    0.149
  ],
  [
    1575244800000,
    0.193
  ],
  [
    1575331200000,
    1.353
  ],
  [
    1575417600000,
    0.099
  ],
  [
    1575504000000,
    0.091
  ],
  [
    1575590400000,
    0.085
  ],
  [
    1575676800000,
    0.086
  ],
  [
    1575763200000,
    0.081
  ],
  [
    1575849600000,
    0.088
  ],
  [
    1575936000000,
    0.093
  ],
  [
    1576022400000,
    0.088
  ],
  [
    1576108800000,
    0.086
  ],
  [
    1576195200000,
    0.079
  ],
  [
    1576281600000,
    0.145
  ],
  [
    1576368000000,
    0.093
  ],
  [
    1576454400000,
    0.119
  ],
  [
    1576540800000,
    0.116
  ],
  [
    1576627200000,
    0.088
  ],
  [
    1576713600000,
    0.081
  ],
  [
    1576800000000,
    0.079
  ],
  [
    1576886400000,
    0.084
  ],
  [
    1576972800000,
    0.089
  ],
  [
    1577059200000,
    0.085
  ],
  [
    1577145600000,
    1.163
  ],
  [
    1577232000000,
    0.084
  ],
  [
    1577318400000,
    0.086
  ],
  [
    1577404800000,
    0.088
  ],
  [
    1577491200000,
    0.093
  ],
  [
    1577577600000,
    0.09
  ],
  [
    1577664000000,
    0.095
  ],
  [
    1577750400000,
    0.097
  ],
  [
    1577836800000,
    0.08
  ],
  [
    1577923200000,
    0.08
  ],
  [
    1578009600000,
    0.079
  ],
  [
    1578096000000,
    0.089
  ],
  [
    1578182400000,
    0.086
  ],
  [
    1578268800000,
    0.088
  ],
  [
    1578355200000,
    0.085
  ],
  [
    1578441600000,
    0.082
  ],
  [
    1578528000000,
    0.082
  ],
  [
    1578614400000,
    0.088
  ],
  [
    1578700800000,
    0.084
  ],
  [
    1578787200000,
    0.087
  ],
  [
    1578873600000,
    0.095
  ],
  [
    1578960000000,
    0.091
  ],
  [
    1579046400000,
    0.09
  ],
  [
    1579132800000,
    0.087
  ],
  [
    1579219200000,
    0.083
  ],
  [
    1579305600000,
    0.09
  ],
  [
    1579392000000,
    0.094
  ],
  [
    1579478400000,
    0.102
  ],
  [
    1579564800000,
    0.095
  ],
  [
    1579651200000,
    0.098
  ],
  [
    1579737600000,
    0.092
  ],
  [
    1579824000000,
    0.096
  ],
  [
    1579910400000,
    0.101
  ],
  [
    1579996800000,
    0.093
  ],
  [
    1580083200000,
    0.092
  ],
  [
    1580169600000,
    0.091
  ],
  [
    1580256000000,
    0.091
  ],
  [
    1580342400000,
    0.106
  ],
  [
    1580428800000,
    0.108
  ],
  [
    1580515200000,
    0.108
  ],
  [
    1580601600000,
    0.109
  ],
  [
    1580688000000,
    0.118
  ],
  [
    1580774400000,
    0.201
  ],
  [
    1580860800000,
    0.187
  ],
  [
    1580947200000,
    0.17
  ],
  [
    1581033600000,
    0.121
  ],
  [
    1581120000000,
    0.112
  ],
  [
    1581206400000,
    0.111
  ],
  [
    1581292800000,
    0.123
  ],
  [
    1581379200000,
    0.109
  ],
  [
    1581465600000,
    0.103
  ],
  [
    1581552000000,
    0.107
  ],
  [
    1581638400000,
    0.113
  ],
  [
    1581724800000,
    0.123
  ],
  [
    1581811200000,
    0.123
  ],
  [
    1581897600000,
    0.117
  ],
  [
    1581984000000,
    0.112
  ],
  [
    1582070400000,
    0.11
  ],
  [
    1582156800000,
    0.106
  ],
  [
    1582243200000,
    0.102
  ],
  [
    1582329600000,
    0.107
  ],
  [
    1582416000000,
    0.114
  ],
  [
    1582502400000,
    0.157
  ],
  [
    1582588800000,
    0.144
  ],
  [
    1582675200000,
    0.131
  ],
  [
    1582761600000,
    0.129
  ],
  [
    1582848000000,
    0.133
  ],
  [
    1582934400000,
    0.131
  ],
  [
    1583020800000,
    0.138
  ],
  [
    1583107200000,
    0.141
  ],
  [
    1583193600000,
    0.128
  ],
  [
    1583280000000,
    0.128
  ],
  [
    1583366400000,
    0.122
  ],
  [
    1583452800000,
    0.115
  ],
  [
    1583539200000,
    0.109
  ],
  [
    1583625600000,
    0.109
  ],
  [
    1583712000000,
    0.112
  ],
  [
    1583798400000,
    0.114
  ],
  [
    1583884800000,
    0.115
  ],
  [
    1583971200000,
    0.111
  ],
  [
    1584057600000,
    0.104
  ],
  [
    1584144000000,
    0.106
  ],
  [
    1584230400000,
    0.104
  ],
  [
    1584316800000,
    0.106
  ],
  [
    1584403200000,
    0.103
  ],
  [
    1584489600000,
    0.101
  ],
  [
    1584576000000,
    0.1
  ],
  [
    1584662400000,
    0.1
  ],
  [
    1584748800000,
    0.102
  ],
  [
    1584835200000,
    0.099
  ],
  [
    1584921600000,
    0.099
  ],
  [
    1585008000000,
    0.1
  ],
  [
    1585094400000,
    0.1
  ],
  [
    1585180800000,
    0.101
  ],
  [
    1585267200000,
    0.099
  ],
  [
    1585353600000,
    0.101
  ],
  [
    1585440000000,
    0.109
  ],
  [
    1585522800000,
    0.118
  ],
  [
    1585609200000,
    0.103
  ],
  [
    1585695600000,
    0.1
  ],
  [
    1585782000000,
    0.096
  ],
  [
    1585868400000,
    0.119
  ],
  [
    1585954800000,
    0.099
  ],
  [
    1586041200000,
    0.101
  ],
  [
    1586127600000,
    0.092
  ],
  [
    1586214000000,
    0.093
  ],
  [
    1586300400000,
    0.094
  ],
  [
    1586386800000,
    0.098
  ],
  [
    1586473200000,
    0.099
  ],
  [
    1586559600000,
    0.099
  ],
  [
    1586646000000,
    0.107
  ],
  [
    1586732400000,
    0.105
  ],
  [
    1586818800000,
    0.103
  ],
  [
    1586905200000,
    0.104
  ],
  [
    1586991600000,
    0.105
  ],
  [
    1587078000000,
    0.105
  ],
  [
    1587164400000,
    0.104
  ],
  [
    1587250800000,
    0.106
  ],
  [
    1587337200000,
    0.106
  ],
  [
    1587423600000,
    0.104
  ],
  [
    1587510000000,
    0.105
  ],
  [
    1587596400000,
    0.099
  ],
  [
    1587682800000,
    0.098
  ],
  [
    1587769200000,
    0.106
  ],
  [
    1587855600000,
    0.103
  ],
  [
    1587942000000,
    0.102
  ],
  [
    1588028400000,
    0.13
  ],
  [
    1588114800000,
    0.104
  ],
  [
    1588201200000,
    0.113
  ],
  [
    1588287600000,
    0.117
  ],
  [
    1588374000000,
    0.115
  ],
  [
    1588460400000,
    0.113
  ],
  [
    1588546800000,
    0.113
  ],
  [
    1588633200000,
    0.12
  ],
  [
    1588719600000,
    0.127
  ],
  [
    1588806000000,
    0.127
  ],
  [
    1588892400000,
    0.123
  ],
  [
    1588978800000,
    0.129
  ],
  [
    1589065200000,
    0.138
  ],
  [
    1589151600000,
    0.141
  ],
  [
    1589238000000,
    0.137
  ],
  [
    1589324400000,
    0.136
  ],
  [
    1589410800000,
    0.138
  ],
  [
    1589497200000,
    0.137
  ],
  [
    1589583600000,
    0.14
  ],
  [
    1589670000000,
    0.15
  ],
  [
    1589756400000,
    0.152
  ],
  [
    1589842800000,
    0.16
  ],
  [
    1589929200000,
    0.161
  ],
  [
    1590015600000,
    0.171
  ],
  [
    1590102000000,
    0.178
  ],
  [
    1590188400000,
    0.178
  ],
  [
    1590274800000,
    0.176
  ],
  [
    1590361200000,
    0.189
  ],
  [
    1590447600000,
    0.172
  ],
  [
    1590534000000,
    0.166
  ],
  [
    1590620400000,
    0.163
  ],
  [
    1590706800000,
    0.156
  ],
  [
    1590793200000,
    0.156
  ],
  [
    1590879600000,
    0.166
  ],
  [
    1590966000000,
    0.166
  ],
  [
    1591052400000,
    0.204
  ],
  [
    1591138800000,
    0.17
  ],
  [
    1591225200000,
    0.166
  ],
  [
    1591311600000,
    0.166
  ],
  [
    1591398000000,
    0.172
  ],
  [
    1591484400000,
    0.172
  ],
  [
    1591570800000,
    0.166
  ],
  [
    1591657200000,
    0.168
  ],
  [
    1591743600000,
    0.169
  ],
  [
    1591830000000,
    0.17
  ],
  [
    1591916400000,
    0.162
  ],
  [
    1592002800000,
    0.158
  ],
  [
    1592089200000,
    0.156
  ],
  [
    1592175600000,
    0.154
  ],
  [
    1592262000000,
    0.168
  ],
  [
    1592348400000,
    0.149
  ],
  [
    1592434800000,
    0.15
  ],
  [
    1592521200000,
    0.148
  ],
  [
    1592607600000,
    0.143
  ],
  [
    1592694000000,
    0.143
  ],
  [
    1592780400000,
    0.141
  ],
  [
    1592866800000,
    0.141
  ],
  [
    1592953200000,
    0.142
  ],
  [
    1593039600000,
    0.136
  ],
  [
    1593126000000,
    0.133
  ],
  [
    1593212400000,
    0.133
  ],
  [
    1593298800000,
    0.134
  ],
  [
    1593385200000,
    0.132
  ],
  [
    1593471600000,
    0.132
  ],
  [
    1593558000000,
    0.131
  ],
  [
    1593644400000,
    0.152
  ],
  [
    1593730800000,
    0.131
  ],
  [
    1593817200000,
    0.143
  ],
  [
    1593903600000,
    0.13
  ],
  [
    1593990000000,
    0.133
  ],
  [
    1594076400000,
    0.132
  ],
  [
    1594162800000,
    0.133
  ],
  [
    1594249200000,
    0.134
  ],
  [
    1594335600000,
    0.139
  ],
  [
    1594422000000,
    0.142
  ],
  [
    1594508400000,
    0.145
  ],
  [
    1594594800000,
    0.176
  ],
  [
    1594681200000,
    0.148
  ],
  [
    1594767600000,
    0.149
  ],
  [
    1594854000000,
    0.149
  ],
  [
    1594940400000,
    0.164
  ],
  [
    1595026800000,
    0.153
  ],
  [
    1595113200000,
    0.156
  ],
  [
    1595199600000,
    0.153
  ],
  [
    1595286000000,
    0.147
  ],
  [
    1595372400000,
    0.149
  ],
  [
    1595458800000,
    0.155
  ],
  [
    1595545200000,
    0.156
  ],
  [
    1595631600000,
    0.158
  ],
  [
    1595718000000,
    0.165
  ],
  [
    1595804400000,
    0.164
  ],
  [
    1595890800000,
    0.178
  ],
  [
    1595977200000,
    0.177
  ],
  [
    1596063600000,
    0.175
  ],
  [
    1596150000000,
    0.177
  ],
  [
    1596236400000,
    0.182
  ],
  [
    1596322800000,
    0.176
  ],
  [
    1596409200000,
    0.177
  ],
  [
    1596495600000,
    0.172
  ],
  [
    1596582000000,
    0.174
  ],
  [
    1596668400000,
    0.185
  ],
  [
    1596754800000,
    0.181
  ],
  [
    1596841200000,
    0.169
  ],
  [
    1596927600000,
    0.185
  ],
  [
    1597014000000,
    0.185
  ],
  [
    1597100400000,
    0.179
  ],
  [
    1597186800000,
    0.172
  ],
  [
    1597273200000,
    0.215
  ],
  [
    1597359600000,
    0.185
  ],
  [
    1597446000000,
    0.167
  ],
  [
    1597532400000,
    0.18
  ],
  [
    1597618800000,
    0.177
  ],
  [
    1597705200000,
    0.182
  ],
  [
    1597791600000,
    0.176
  ],
  [
    1597878000000,
    0.173
  ],
  [
    1597964400000,
    0.167
  ],
  [
    1598050800000,
    0.164
  ],
  [
    1598137200000,
    0.178
  ],
  [
    1598223600000,
    0.165
  ],
  [
    1598310000000,
    0.165
  ],
  [
    1598396400000,
    0.165
  ],
  [
    1598482800000,
    0.163
  ],
  [
    1598569200000,
    0.163
  ],
  [
    1598655600000,
    0.167
  ],
  [
    1598742000000,
    0.166
  ],
  [
    1598828400000,
    0.163
  ],
  [
    1598914800000,
    0.164
  ],
  [
    1599001200000,
    0.153
  ],
  [
    1599087600000,
    0.181
  ],
  [
    1599174000000,
    0.162
  ],
  [
    1599260400000,
    0.158
  ],
  [
    1599346800000,
    0.16
  ],
  [
    1599433200000,
    0.176
  ],
  [
    1599519600000,
    0.165
  ],
  [
    1599606000000,
    0.183
  ],
  [
    1599692400000,
    0.163
  ],
  [
    1599778800000,
    0.191
  ],
  [
    1599865200000,
    0.164
  ],
  [
    1599951600000,
    0.161
  ],
  [
    1600038000000,
    0.166
  ],
  [
    1600124400000,
    0.17
  ],
  [
    1600210800000,
    0.169
  ],
  [
    1600297200000,
    0.17
  ],
  [
    1600383600000,
    0.171
  ],
  [
    1600470000000,
    0.173
  ],
  [
    1600556400000,
    0.174
  ],
  [
    1600642800000,
    0.21
  ],
  [
    1600729200000,
    0.171
  ],
  [
    1600815600000,
    0.168
  ],
  [
    1600902000000,
    0.171
  ],
  [
    1600988400000,
    0.166
  ],
  [
    1601074800000,
    0.165
  ],
  [
    1601161200000,
    0.175
  ],
  [
    1601247600000,
    0.169
  ],
  [
    1601334000000,
    0.16
  ],
  [
    1601420400000,
    0.173
  ],
  [
    1601506800000,
    0.162
  ],
  [
    1601593200000,
    0.16
  ],
  [
    1601679600000,
    0.158
  ],
  [
    1601766000000,
    0.153
  ],
  [
    1601852400000,
    0.16
  ],
  [
    1601938800000,
    0.155
  ],
  [
    1602025200000,
    0.162
  ],
  [
    1602111600000,
    0.171
  ],
  [
    1602198000000,
    0.175
  ],
  [
    1602284400000,
    0.179
  ],
  [
    1602370800000,
    0.176
  ],
  [
    1602457200000,
    0.181
  ],
  [
    1602543600000,
    0.182
  ],
  [
    1602630000000,
    0.18
  ],
  [
    1602716400000,
    0.181
  ],
  [
    1602802800000,
    0.183
  ],
  [
    1602889200000,
    0.184
  ],
  [
    1602975600000,
    0.187
  ],
  [
    1603062000000,
    0.185
  ],
  [
    1603148400000,
    0.186
  ],
  [
    1603234800000,
    0.192
  ],
  [
    1603321200000,
    0.209
  ],
  [
    1603407600000,
    0.196
  ],
  [
    1603494000000,
    0.423
  ],
  [
    1603580400000,
    0.193
  ],
  [
    1603670400000,
    0.193
  ],
  [
    1603756800000,
    0.193
  ],
  [
    1603843200000,
    0.201
  ],
  [
    1603929600000,
    0.187
  ],
  [
    1604016000000,
    0.183
  ],
  [
    1604102400000,
    0.184
  ],
  [
    1604188800000,
    0.18
  ],
  [
    1604275200000,
    0.178
  ],
  [
    1604361600000,
    0.183
  ],
  [
    1604448000000,
    0.192
  ],
  [
    1604534400000,
    0.211
  ],
  [
    1604620800000,
    0.244
  ],
  [
    1604707200000,
    0.224
  ],
  [
    1604793600000,
    0.17
  ],
  [
    1604880000000,
    0.167
  ],
  [
    1604966400000,
    0.168
  ],
  [
    1605052800000,
    0.167
  ],
  [
    1605139200000,
    0.17
  ],
  [
    1605225600000,
    0.184
  ],
  [
    1605312000000,
    0.178
  ],
  [
    1605398400000,
    0.244
  ],
  [
    1605484800000,
    0.177
  ],
  [
    1605571200000,
    0.173
  ],
  [
    1605657600000,
    0.167
  ],
  [
    1605744000000,
    0.169
  ],
  [
    1605830400000,
    0.166
  ],
  [
    1605916800000,
    0.182
  ],
  [
    1606003200000,
    0.165
  ],
  [
    1606089600000,
    0.165
  ],
  [
    1606176000000,
    0.173
  ],
  [
    1606262400000,
    0.166
  ],
  [
    1606348800000,
    0.161
  ],
  [
    1606435200000,
    0.157
  ],
  [
    1606521600000,
    0.156
  ],
  [
    1606608000000,
    0.184
  ],
  [
    1606694400000,
    0.155
  ],
  [
    1606780800000,
    0.157
  ],
  [
    1606867200000,
    0.225
  ],
  [
    1606953600000,
    0.168
  ],
  [
    1607040000000,
    0.152
  ],
  [
    1607126400000,
    0.154
  ],
  [
    1607212800000,
    0.153
  ],
  [
    1607299200000,
    0.162
  ],
  [
    1607385600000,
    0.156
  ],
  [
    1607472000000,
    0.162
  ],
  [
    1607558400000,
    0.143
  ],
  [
    1607644800000,
    0.157
  ],
  [
    1607731200000,
    0.148
  ],
  [
    1607817600000,
    0.155
  ],
  [
    1607904000000,
    0.16
  ],
  [
    1607990400000,
    0.148
  ],
  [
    1608076800000,
    0.165
  ],
  [
    1608163200000,
    0.148
  ],
  [
    1608249600000,
    0.154
  ],
  [
    1608336000000,
    0.159
  ],
  [
    1608422400000,
    0.158
  ],
  [
    1608508800000,
    0.155
  ],
  [
    1608595200000,
    1.315
  ],
  [
    1608681600000,
    0.156
  ],
  [
    1608768000000,
    0.151
  ],
  [
    1608854400000,
    0.156
  ],
  [
    1608940800000,
    0.152
  ],
  [
    1609027200000,
    0.155
  ],
  [
    1609113600000,
    0.159
  ],
  [
    1609200000000,
    0.16
  ],
  [
    1609286400000,
    0.166
  ],
  [
    1609372800000,
    0.173
  ],
  [
    1609459200000,
    0.169
  ],
  [
    1609545600000,
    0.182
  ],
  [
    1609632000000,
    0.188
  ],
  [
    1609718400000,
    0.209
  ],
  [
    1609804800000,
    0.607
  ],
  [
    1609891200000,
    0.231
  ],
  [
    1609977600000,
    0.23
  ],
  [
    1610064000000,
    0.242
  ],
  [
    1610150400000,
    0.247
  ],
  [
    1610236800000,
    0.249
  ],
  [
    1610323200000,
    0.254
  ],
  [
    1610409600000,
    0.238
  ],
  [
    1610496000000,
    0.24
  ],
  [
    1610582400000,
    0.234
  ],
  [
    1610668800000,
    0.246
  ],
  [
    1610755200000,
    0.235
  ],
  [
    1610841600000,
    0.236
  ],
  [
    1610928000000,
    0.245
  ],
  [
    1611014400000,
    0.24
  ],
  [
    1611100800000,
    0.238
  ],
  [
    1611187200000,
    0.237
  ],
  [
    1611273600000,
    0.242
  ],
  [
    1611360000000,
    0.227
  ],
  [
    1611446400000,
    0.232
  ],
  [
    1611532800000,
    0.221
  ],
  [
    1611619200000,
    0.243
  ],
  [
    1611705600000,
    0.234
  ],
  [
    1611792000000,
    0.221
  ],
  [
    1611878400000,
    0.217
  ],
  [
    1611964800000,
    0.22
  ],
  [
    1612051200000,
    0.235
  ],
  [
    1612137600000,
    0.227
  ],
  [
    1612224000000,
    0.219
  ],
  [
    1612310400000,
    0.231
  ],
  [
    1612396800000,
    0.237
  ],
  [
    1612483200000,
    0.257
  ],
  [
    1612569600000,
    0.29
  ],
  [
    1612656000000,
    0.275
  ],
  [
    1612742400000,
    0.277
  ],
  [
    1612828800000,
    0.305
  ],
  [
    1612915200000,
    0.293
  ],
  [
    1613001600000,
    0.283
  ],
  [
    1613088000000,
    0.272
  ],
  [
    1613174400000,
    0.274
  ],
  [
    1613260800000,
    0.28
  ],
  [
    1613347200000,
    0.299
  ],
  [
    1613433600000,
    0.263
  ],
  [
    1613520000000,
    0.266
  ],
  [
    1613606400000,
    0.28
  ],
  [
    1613692800000,
    0.29
  ],
  [
    1613779200000,
    0.269
  ],
  [
    1613865600000,
    0.27
  ],
  [
    1613952000000,
    0.284
  ],
  [
    1614038400000,
    0.282
  ],
  [
    1614124800000,
    0.297
  ],
  [
    1614211200000,
    0.304
  ],
  [
    1614297600000,
    0.301
  ],
  [
    1614384000000,
    0.3
  ],
  [
    1614470400000,
    0.28
  ],
  [
    1614556800000,
    0.287
  ],
  [
    1614643200000,
    0.305
  ],
  [
    1614729600000,
    0.284
  ],
  [
    1614816000000,
    0.295
  ],
  [
    1614902400000,
    0.296
  ],
  [
    1614988800000,
    0.318
  ],
  [
    1615075200000,
    0.327
  ],
  [
    1615161600000,
    0.32
  ],
  [
    1615248000000,
    0.319
  ],
  [
    1615334400000,
    0.327
  ],
  [
    1615420800000,
    0.329
  ],
  [
    1615507200000,
    0.351
  ],
  [
    1615593600000,
    0.34
  ],
  [
    1615680000000,
    0.339
  ],
  [
    1615766400000,
    0.331
  ],
  [
    1615852800000,
    0.387
  ],
  [
    1615939200000,
    0.333
  ],
  [
    1616025600000,
    0.338
  ],
  [
    1616112000000,
    0.333
  ],
  [
    1616198400000,
    0.336
  ],
  [
    1616284800000,
    0.352
  ],
  [
    1616371200000,
    0.386
  ],
  [
    1616457600000,
    0.42
  ],
  [
    1616544000000,
    0.452
  ],
  [
    1616630400000,
    0.508
  ],
  [
    1616716800000,
    0.457
  ],
  [
    1616803200000,
    0.511
  ],
  [
    1616889600000,
    0.497
  ],
  [
    1616972400000,
    0.494
  ],
  [
    1617058800000,
    0.532
  ],
  [
    1617145200000,
    0.522
  ],
  [
    1617231600000,
    0.485
  ],
  [
    1617318000000,
    0.49
  ],
  [
    1617404400000,
    0.475
  ],
  [
    1617490800000,
    0.499
  ],
  [
    1617577200000,
    0.541
  ],
  [
    1617663600000,
    0.481
  ],
  [
    1617750000000,
    0.453
  ],
  [
    1617836400000,
    0.447
  ],
  [
    1617922800000,
    0.388
  ],
  [
    1618009200000,
    0.366
  ],
  [
    1618095600000,
    0.377
  ],
  [
    1618182000000,
    0.38
  ],
  [
    1618268400000,
    0.397
  ],
  [
    1618354800000,
    0.434
  ],
  [
    1618441200000,
    0.484
  ],
  [
    1618527600000,
    0.495
  ],
  [
    1618614000000,
    0.543
  ],
  [
    1618700400000,
    0.527
  ],
  [
    1618786800000,
    0.559
  ],
  [
    1618873200000,
    0.563
  ],
  [
    1618959600000,
    0.552
  ],
  [
    1619046000000,
    0.532
  ],
  [
    1619132400000,
    0.51
  ],
  [
    1619218800000,
    0.536
  ],
  [
    1619305200000,
    0.529
  ],
  [
    1619391600000,
    0.544
  ],
  [
    1619478000000,
    0.687
  ],
  [
    1619564400000,
    0.529
  ],
  [
    1619650800000,
    0.544
  ],
  [
    1619737200000,
    0.552
  ],
  [
    1619823600000,
    0.549
  ],
  [
    1619910000000,
    0.516
  ],
  [
    1619996400000,
    0.552
  ],
  [
    1620082800000,
    0.58
  ],
  [
    1620169200000,
    0.574
  ],
  [
    1620255600000,
    0.581
  ],
  [
    1620342000000,
    0.6
  ],
  [
    1620428400000,
    0.558
  ],
  [
    1620514800000,
    0.615
  ],
  [
    1620601200000,
    0.616
  ],
  [
    1620687600000,
    0.615
  ],
  [
    1620774000000,
    0.584
  ],
  [
    1620860400000,
    0.589
  ],
  [
    1620946800000,
    0.714
  ],
  [
    1621033200000,
    0.62
  ],
  [
    1621119600000,
    0.619
  ],
  [
    1621206000000,
    0.618
  ],
  [
    1621292400000,
    0.6
  ],
  [
    1621378800000,
    0.629
  ],
  [
    1621465200000,
    0.652
  ],
  [
    1621551600000,
    0.677
  ],
  [
    1621638000000,
    0.767
  ],
  [
    1621724400000,
    0.934
  ],
  [
    1621810800000,
    0.987
  ],
  [
    1621897200000,
    1.232
  ],
  [
    1621983600000,
    1.343
  ],
  [
    1622070000000,
    1.737
  ],
  [
    1622156400000,
    1.529
  ],
  [
    1622242800000,
    1.42
  ],
  [
    1622329200000,
    1.252
  ],
  [
    1622415600000,
    1.324
  ],
  [
    1622502000000,
    1.177
  ],
  [
    1622588400000,
    1.462
  ],
  [
    1622674800000,
    1.53
  ],
  [
    1622761200000,
    1.938
  ],
  [
    1622847600000,
    2.228
  ],
  [
    1622934000000,
    1.876
  ],
  [
    1623020400000,
    1.693
  ],
  [
    1623106800000,
    1.614
  ],
  [
    1623193200000,
    1.708
  ],
  [
    1623279600000,
    1.63
  ],
  [
    1623366000000,
    1.641
  ],
  [
    1623452400000,
    1.715
  ],
  [
    1623538800000,
    1.673
  ],
  [
    1623625200000,
    1.667
  ],
  [
    1623711600000,
    1.633
  ],
  [
    1623798000000,
    1.478
  ],
  [
    1623884400000,
    1.465
  ],
  [
    1623970800000,
    1.451
  ],
  [
    1624057200000,
    1.426
  ],
  [
    1624143600000,
    1.597
  ],
  [
    1624230000000,
    1.312
  ],
  [
    1624316400000,
    1.303
  ],
  [
    1624402800000,
    1.406
  ],
  [
    1624489200000,
    1.396
  ],
  [
    1624575600000,
    1.236
  ],
  [
    1624662000000,
    1.202
  ],
  [
    1624748400000,
    1.194
  ],
  [
    1624834800000,
    1.322
  ],
  [
    1624921200000,
    1.23
  ],
  [
    1625007600000,
    1.16
  ],
  [
    1625094000000,
    1.149
  ],
  [
    1625180400000,
    1.16
  ],
  [
    1625266800000,
    1.369
  ],
  [
    1625353200000,
    1.078
  ],
  [
    1625439600000,
    1.06
  ],
  [
    1625526000000,
    0.986
  ],
  [
    1625612400000,
    1.049
  ],
  [
    1625698800000,
    1.04
  ],
  [
    1625785200000,
    1.008
  ],
  [
    1625871600000,
    1.007
  ],
  [
    1625958000000,
    0.895
  ],
  [
    1626044400000,
    0.92
  ],
  [
    1626130800000,
    0.89
  ],
  [
    1626217200000,
    0.902
  ],
  [
    1626303600000,
    0.933
  ],
  [
    1626390000000,
    0.889
  ],
  [
    1626476400000,
    0.845
  ],
  [
    1626562800000,
    0.837
  ],
  [
    1626649200000,
    1.042
  ],
  [
    1626735600000,
    0.863
  ],
  [
    1626822000000,
    0.924
  ],
  [
    1626908400000,
    0.879
  ],
  [
    1626994800000,
    0.863
  ],
  [
    1627081200000,
    0.891
  ],
  [
    1627167600000,
    0.897
  ],
  [
    1627254000000,
    0.905
  ],
  [
    1627340400000,
    0.879
  ],
  [
    1627426800000,
    0.875
  ],
  [
    1627513200000,
    0.897
  ],
  [
    1627599600000,
    0.906
  ],
  [
    1627686000000,
    0.932
  ],
  [
    1627772400000,
    0.949
  ],
  [
    1627858800000,
    1.141
  ],
  [
    1627945200000,
    1.012
  ],
  [
    1628031600000,
    1.304
  ],
  [
    1628118000000,
    0.911
  ],
  [
    1628204400000,
    0.875
  ],
  [
    1628290800000,
    0.9
  ],
  [
    1628377200000,
    0.876
  ],
  [
    1628463600000,
    0.858
  ],
  [
    1628550000000,
    0.897
  ],
  [
    1628636400000,
    0.864
  ],
  [
    1628722800000,
    0.906
  ],
  [
    1628809200000,
    0.89
  ],
  [
    1628895600000,
    0.871
  ],
  [
    1628982000000,
    0.849
  ],
  [
    1629068400000,
    0.863
  ],
  [
    1629154800000,
    0.889
  ],
  [
    1629241200000,
    0.975
  ],
  [
    1629327600000,
    0.893
  ],
  [
    1629414000000,
    0.886
  ],
  [
    1629500400000,
    0.793
  ],
  [
    1629586800000,
    1.227
  ],
  [
    1629673200000,
    0.863
  ],
  [
    1629759600000,
    0.905
  ],
  [
    1629846000000,
    0.903
  ],
  [
    1629932400000,
    0.907
  ],
  [
    1630018800000,
    0.926
  ],
  [
    1630105200000,
    0.907
  ],
  [
    1630191600000,
    0.86
  ],
  [
    1630278000000,
    0.873
  ],
  [
    1630364400000,
    0.882
  ],
  [
    1630450800000,
    0.887
  ],
  [
    1630537200000,
    0.896
  ],
  [
    1630623600000,
    0.89
  ],
  [
    1630710000000,
    0.939
  ],
  [
    1630796400000,
    0.902
  ],
  [
    1630882800000,
    0.912
  ],
  [
    1630969200000,
    0.851
  ],
  [
    1631055600000,
    0.845
  ],
  [
    1631142000000,
    0.861
  ],
  [
    1631228400000,
    0.869
  ],
  [
    1631314800000,
    1.059
  ],
  [
    1631401200000,
    0.866
  ],
  [
    1631487600000,
    0.947
  ],
  [
    1631574000000,
    0.894
  ],
  [
    1631660400000,
    0.91
  ],
  [
    1631746800000,
    0.87
  ],
  [
    1631833200000,
    0.841
  ],
  [
    1631919600000,
    0.837
  ],
  [
    1632006000000,
    0.861
  ],
  [
    1632092400000,
    0.841
  ],
  [
    1632178800000,
    0.858
  ],
  [
    1632265200000,
    0.72
  ],
  [
    1632351600000,
    0.666
  ],
  [
    1632438000000,
    0.682
  ],
  [
    1632524400000,
    0.679
  ],
  [
    1632610800000,
    0.659
  ],
  [
    1632697200000,
    0.905
  ],
  [
    1632783600000,
    0.676
  ],
  [
    1632870000000,
    0.697
  ],
  [
    1632956400000,
    0.707
  ],
  [
    1633042800000,
    0.697
  ],
  [
    1633129200000,
    0.702
  ],
  [
    1633215600000,
    0.691
  ],
  [
    1633302000000,
    0.689
  ],
  [
    1633388400000,
    0.656
  ],
  [
    1633474800000,
    0.62
  ],
  [
    1633561200000,
    0.66
  ],
  [
    1633647600000,
    0.722
  ],
  [
    1633734000000,
    0.661
  ],
  [
    1633820400000,
    0.682
  ],
  [
    1633906800000,
    0.65
  ],
  [
    1633993200000,
    0.65
  ],
  [
    1634079600000,
    0.661
  ],
  [
    1634166000000,
    0.62
  ],
  [
    1634252400000,
    0.608
  ],
  [
    1634338800000,
    0.635
  ],
  [
    1634425200000,
    0.842
  ],
  [
    1634511600000,
    0.647
  ],
  [
    1634598000000,
    0.679
  ],
  [
    1634684400000,
    0.74
  ],
  [
    1634770800000,
    0.649
  ],
  [
    1634857200000,
    0.605
  ],
  [
    1634943600000,
    0.625
  ],
  [
    1635030000000,
    0.594
  ],
  [
    1635116400000,
    0.627
  ],
  [
    1635202800000,
    0.671
  ],
  [
    1635289200000,
    0.639
  ],
  [
    1635375600000,
    0.623
  ],
  [
    1635462000000,
    0.608
  ],
  [
    1635548400000,
    0.581
  ],
  [
    1635634800000,
    0.591
  ],
  [
    1635724800000,
    0.614
  ],
  [
    1635811200000,
    0.618
  ],
  [
    1635897600000,
    0.621
  ],
  [
    1635984000000,
    0.617
  ],
  [
    1636070400000,
    0.724
  ],
  [
    1636156800000,
    0.8
  ],
  [
    1636243200000,
    0.706
  ],
  [
    1636329600000,
    0.738
  ],
  [
    1636416000000,
    0.701
  ],
  [
    1636502400000,
    0.831
  ],
  [
    1636588800000,
    0.786
  ],
  [
    1636675200000,
    0.795
  ],
  [
    1636761600000,
    0.773
  ],
  [
    1636848000000,
    0.811
  ],
  [
    1636934400000,
    0.735
  ],
  [
    1637020800000,
    0.772
  ],
  [
    1637107200000,
    0.718
  ],
  [
    1637193600000,
    0.715
  ],
  [
    1637280000000,
    0.714
  ],
  [
    1637366400000,
    0.696
  ],
  [
    1637452800000,
    0.716
  ],
  [
    1637539200000,
    0.731
  ],
  [
    1637625600000,
    0.695
  ],
  [
    1637712000000,
    0.779
  ],
  [
    1637798400000,
    0.795
  ],
  [
    1637884800000,
    0.826
  ],
  [
    1637971200000,
    0.803
  ],
  [
    1638057600000,
    0.625
  ],
  [
    1638144000000,
    0.66
  ],
  [
    1638230400000,
    0.733
  ],
  [
    1638316800000,
    0.739
  ],
  [
    1638403200000,
    0.646
  ],
  [
    1638489600000,
    0.78
  ],
  [
    1638576000000,
    0.808
  ],
  [
    1638662400000,
    0.823
  ],
  [
    1638748800000,
    0.872
  ],
  [
    1638835200000,
    0.943
  ],
  [
    1638921600000,
    0.897
  ],
  [
    1639008000000,
    0.859
  ],
  [
    1639094400000,
    0.869
  ],
  [
    1639180800000,
    0.868
  ],
  [
    1639267200000,
    0.831
  ],
  [
    1639353600000,
    0.85
  ],
  [
    1639440000000,
    12.043
  ],
  [
    1639526400000,
    0.873
  ],
  [
    1639612800000,
    0.884
  ],
  [
    1639699200000,
    0.882
  ],
  [
    1639785600000,
    0.895
  ],
  [
    1639872000000,
    0.897
  ],
  [
    1639958400000,
    0.875
  ],
  [
    1640044800000,
    0.92
  ],
  [
    1640131200000,
    0.979
  ],
  [
    1640217600000,
    0.918
  ],
  [
    1640304000000,
    0.945
  ],
  [
    1640390400000,
    0.978
  ],
  [
    1640476800000,
    1.005
  ],
  [
    1640563200000,
    0.964
  ],
  [
    1640649600000,
    1.091
  ],
  [
    1640736000000,
    1.086
  ],
  [
    1640822400000,
    1.029
  ],
  [
    1640908800000,
    1.075
  ],
  [
    1640995200000,
    1.159
  ],
  [
    1641081600000,
    1.096
  ],
  [
    1641168000000,
    0.974
  ],
  [
    1641254400000,
    1.053
  ],
  [
    1641340800000,
    1.006
  ],
  [
    1641427200000,
    1.004
  ],
  [
    1641513600000,
    1.09
  ],
  [
    1641600000000,
    1.121
  ],
  [
    1641686400000,
    1.023
  ],
  [
    1641772800000,
    0.957
  ],
  [
    1641859200000,
    1.033
  ],
  [
    1641945600000,
    1.234
  ],
  [
    1642032000000,
    0.986
  ],
  [
    1642118400000,
    0.998
  ],
  [
    1642204800000,
    1.028
  ],
  [
    1642291200000,
    1.034
  ],
  [
    1642377600000,
    1.069
  ],
  [
    1642464000000,
    1.051
  ],
  [
    1642550400000,
    1.081
  ],
  [
    1642636800000,
    1.171
  ],
  [
    1642723200000,
    1.158
  ],
  [
    1642809600000,
    1.036
  ],
  [
    1642896000000,
    1.095
  ],
  [
    1642982400000,
    1.069
  ],
  [
    1643068800000,
    1.227
  ],
  [
    1643155200000,
    1.153
  ],
  [
    1643241600000,
    1.023
  ],
  [
    1643328000000,
    1.066
  ],
  [
    1643414400000,
    0.999
  ],
  [
    1643500800000,
    1.057
  ],
  [
    1643587200000,
    0.984
  ],
  [
    1643673600000,
    0.997
  ],
  [
    1643760000000,
    1.074
  ],
  [
    1643846400000,
    1.121
  ],
  [
    1643932800000,
    0.974
  ],
  [
    1644019200000,
    1.073
  ],
  [
    1644105600000,
    1.019
  ],
  [
    1644192000000,
    1.034
  ],
  [
    1644278400000,
    1.044
  ],
  [
    1644364800000,
    1.013
  ],
  [
    1644451200000,
    1.088
  ],
  [
    1644537600000,
    1.105
  ],
  [
    1644624000000,
    1.078
  ],
  [
    1644710400000,
    1.039
  ],
  [
    1644796800000,
    1.003
  ],
  [
    1644883200000,
    1.066
  ],
  [
    1644969600000,
    1.03
  ],
  [
    1645056000000,
    1.135
  ],
  [
    1645142400000,
    1.06
  ],
  [
    1645228800000,
    1.155
  ],
  [
    1645315200000,
    1.039
  ],
  [
    1645401600000,
    1.066
  ],
  [
    1645488000000,
    1.167
  ],
  [
    1645574400000,
    1.107
  ],
  [
    1645660800000,
    1.025
  ],
  [
    1645747200000,
    1.015
  ],
  [
    1645833600000,
    1.031
  ],
  [
    1645920000000,
    1.143
  ],
  [
    1646006400000,
    1.235
  ],
  [
    1646092800000,
    1.168
  ],
  [
    1646179200000,
    1.121
  ],
  [
    1646265600000,
    1.217
  ],
  [
    1646352000000,
    1.227
  ],
  [
    1646438400000,
    1.117
  ],
  [
    1646524800000,
    1.117
  ],
  [
    1646611200000,
    1.124
  ],
  [
    1646697600000,
    1.209
  ],
  [
    1646784000000,
    1.184
  ],
  [
    1646870400000,
    1.089
  ],
  [
    1646956800000,
    1.148
  ],
  [
    1647043200000,
    1.097
  ],
  [
    1647129600000,
    1.154
  ],
  [
    1647216000000,
    1.283
  ],
  [
    1647302400000,
    1.109
  ],
  [
    1647388800000,
    1.138
  ],
  [
    1647475200000,
    1.298
  ],
  [
    1647561600000,
    1.083
  ],
  [
    1647648000000,
    1.109
  ],
  [
    1647734400000,
    1.093
  ],
  [
    1647820800000,
    1.103
  ],
  [
    1647907200000,
    1.152
  ],
  [
    1647993600000,
    1.101
  ],
  [
    1648080000000,
    1.143
  ],
  [
    1648166400000,
    1.121
  ],
  [
    1648252800000,
    1.137
  ],
  [
    1648339200000,
    1.255
  ],
  [
    1648422000000,
    1.139
  ],
  [
    1648508400000,
    1.138
  ],
  [
    1648594800000,
    1.1
  ],
  [
    1648681200000,
    1.201
  ],
  [
    1648767600000,
    1.201
  ],
  [
    1648854000000,
    1.264
  ],
  [
    1648940400000,
    1.249
  ],
  [
    1649026800000,
    1.519
  ],
  [
    1649113200000,
    1.286
  ],
  [
    1649199600000,
    1.345
  ],
  [
    1649286000000,
    1.238
  ],
  [
    1649372400000,
    1.282
  ],
  [
    1649458800000,
    1.588
  ],
  [
    1649545200000,
    1.399
  ],
  [
    1649631600000,
    1.338
  ],
  [
    1649718000000,
    1.318
  ],
  [
    1649804400000,
    1.231
  ],
  [
    1649890800000,
    1.324
  ],
  [
    1649977200000,
    1.349
  ],
  [
    1650063600000,
    1.331
  ],
  [
    1650150000000,
    1.24
  ],
  [
    1650236400000,
    1.322
  ],
  [
    1650322800000,
    1.372
  ],
  [
    1650409200000,
    1.423
  ],
  [
    1650495600000,
    1.686
  ],
  [
    1650582000000,
    1.413
  ],
  [
    1650668400000,
    1.496
  ],
  [
    1650754800000,
    1.486
  ],
  [
    1650841200000,
    1.591
  ],
  [
    1650927600000,
    1.507
  ],
  [
    1651014000000,
    1.381
  ],
  [
    1651100400000,
    1.419
  ],
  [
    1651186800000,
    1.43
  ],
  [
    1651273200000,
    1.416
  ],
  [
    1651359600000,
    1.393
  ],
  [
    1651446000000,
    1.394
  ],
  [
    1651532400000,
    1.306
  ],
  [
    1651618800000,
    1.198
  ],
  [
    1651705200000,
    1.279
  ],
  [
    1651791600000,
    1.295
  ],
  [
    1651878000000,
    1.309
  ],
  [
    1651964400000,
    1.355
  ],
  [
    1652050800000,
    1.397
  ],
  [
    1652137200000,
    1.351
  ],
  [
    1652223600000,
    1.334
  ],
  [
    1652310000000,
    1.329
  ],
  [
    1652396400000,
    1.346
  ],
  [
    1652482800000,
    1.326
  ],
  [
    1652569200000,
    1.322
  ],
  [
    1652655600000,
    1.326
  ],
  [
    1652742000000,
    1.297
  ],
  [
    1652828400000,
    1.316
  ],
  [
    1652914800000,
    1.254
  ],
  [
    1653001200000,
    1.281
  ],
  [
    1653087600000,
    1.337
  ],
  [
    1653174000000,
    1.304
  ],
  [
    1653260400000,
    1.244
  ],
  [
    1653346800000,
    1.353
  ],
  [
    1653433200000,
    1.257
  ],
  [
    1653519600000,
    1.196
  ],
  [
    1653606000000,
    1.829
  ],
  [
    1653692400000,
    1.322
  ],
  [
    1653778800000,
    1.316
  ],
  [
    1653865200000,
    1.378
  ],
  [
    1653951600000,
    1.73
  ],
  [
    1654038000000,
    1.231
  ],
  [
    1654124400000,
    1.36
  ],
  [
    1654210800000,
    1.229
  ],
  [
    1654297200000,
    1.233
  ],
  [
    1654383600000,
    1.261
  ],
  [
    1654470000000,
    1.203
  ],
  [
    1654556400000,
    1.244
  ],
  [
    1654642800000,
    1.284
  ],
  [
    1654729200000,
    1.225
  ],
  [
    1654815600000,
    1.72
  ],
  [
    1654902000000,
    1.275
  ],
  [
    1654988400000,
    1.106
  ],
  [
    1655074800000,
    1.12
  ],
  [
    1655161200000,
    1.128
  ],
  [
    1655247600000,
    1.109
  ],
  [
    1655334000000,
    1.149
  ],
  [
    1655420400000,
    1.15
  ],
  [
    1655506800000,
    1.141
  ],
  [
    1655593200000,
    1.074
  ],
  [
    1655679600000,
    1.145
  ],
  [
    1655766000000,
    1.159
  ],
  [
    1655852400000,
    1.076
  ],
  [
    1655938800000,
    1.111
  ],
  [
    1656025200000,
    1.079
  ],
  [
    1656111600000,
    1.094
  ],
  [
    1656198000000,
    1.074
  ],
  [
    1656284400000,
    1.07
  ],
  [
    1656370800000,
    1.106
  ],
  [
    1656457200000,
    1.093
  ],
  [
    1656543600000,
    1.153
  ],
  [
    1656630000000,
    1.121
  ],
  [
    1656716400000,
    1.168
  ],
  [
    1656802800000,
    1.192
  ],
  [
    1656889200000,
    1.175
  ],
  [
    1656975600000,
    1.187
  ],
  [
    1657062000000,
    1.19
  ],
  [
    1657148400000,
    1.188
  ],
  [
    1657234800000,
    1.252
  ],
  [
    1657321200000,
    1.325
  ],
  [
    1657407600000,
    1.197
  ],
  [
    1657494000000,
    1.158
  ],
  [
    1657580400000,
    1.188
  ],
  [
    1657666800000,
    1.139
  ],
  [
    1657753200000,
    2.112
  ],
  [
    1657839600000,
    1.112
  ],
  [
    1657926000000,
    1.087
  ],
  [
    1658012400000,
    1.118
  ],
  [
    1658098800000,
    1.185
  ],
  [
    1658185200000,
    1.222
  ],
  [
    1658271600000,
    1.087
  ],
  [
    1658358000000,
    1.079
  ],
  [
    1658444400000,
    1.062
  ],
  [
    1658530800000,
    1.097
  ],
  [
    1658617200000,
    1.085
  ],
  [
    1658703600000,
    1.063
  ],
  [
    1658790000000,
    1.059
  ],
  [
    1658876400000,
    1.061
  ],
  [
    1658962800000,
    1.029
  ],
  [
    1659049200000,
    1.017
  ],
  [
    1659135600000,
    1.051
  ],
  [
    1659222000000,
    1.161
  ],
  [
    1659308400000,
    1.144
  ],
  [
    1659394800000,
    1.097
  ],
  [
    1659481200000,
    1.12
  ],
  [
    1659567600000,
    1.093
  ],
  [
    1659654000000,
    1.145
  ],
  [
    1659740400000,
    1.136
  ],
  [
    1659826800000,
    1.295
  ],
  [
    1659913200000,
    1.14
  ],
  [
    1659999600000,
    1.524
  ],
  [
    1660086000000,
    1.082
  ],
  [
    1660172400000,
    1.169
  ],
  [
    1660258800000,
    1.148
  ],
  [
    1660345200000,
    1.156
  ],
  [
    1660431600000,
    1.2
  ],
  [
    1660518000000,
    1.267
  ],
  [
    1660604400000,
    1.264
  ],
  [
    1660690800000,
    1.229
  ],
  [
    1660777200000,
    1.209
  ],
  [
    1660863600000,
    1.264
  ],
  [
    1660950000000,
    1.228
  ],
  [
    1661036400000,
    1.164
  ],
  [
    1661122800000,
    1.162
  ],
  [
    1661209200000,
    1.74
  ],
  [
    1661295600000,
    1.199
  ],
  [
    1661382000000,
    1.118
  ],
  [
    1661468400000,
    1.192
  ],
  [
    1661554800000,
    1.282
  ],
  [
    1661641200000,
    1.307
  ],
  [
    1661727600000,
    1.252
  ],
  [
    1661814000000,
    1.294
  ],
  [
    1661900400000,
    1.287
  ],
  [
    1661986800000,
    1.63
  ],
  [
    1662073200000,
    1.241
  ],
  [
    1662159600000,
    1.39
  ],
  [
    1662246000000,
    1.396
  ],
  [
    1662332400000,
    1.318
  ],
  [
    1662418800000,
    1.362
  ],
  [
    1662505200000,
    1.302
  ],
  [
    1662591600000,
    1.371
  ],
  [
    1662678000000,
    1.351
  ],
  [
    1662764400000,
    1.305
  ],
  [
    1662850800000,
    1.374
  ],
  [
    1662937200000,
    1.353
  ],
  [
    1663023600000,
    1.336
  ],
  [
    1663110000000,
    1.348
  ],
  [
    1663196400000,
    1.37
  ],
  [
    1663282800000,
    1.428
  ],
  [
    1663369200000,
    1.742
  ],
  [
    1663455600000,
    1.44
  ],
  [
    1663542000000,
    1.454
  ],
  [
    1663628400000,
    1.561
  ],
  [
    1663714800000,
    1.786
  ],
  [
    1663801200000,
    1.983
  ],
  [
    1663887600000,
    1.431
  ],
  [
    1663974000000,
    1.385
  ],
  [
    1664060400000,
    1.303
  ],
  [
    1664146800000,
    1.372
  ],
  [
    1664233200000,
    1.352
  ],
  [
    1664319600000,
    1.404
  ],
  [
    1664406000000,
    1.437
  ],
  [
    1664492400000,
    1.396
  ],
  [
    1664578800000,
    1.38
  ],
  [
    1664665200000,
    1.439
  ],
  [
    1664751600000,
    1.565
  ],
  [
    1664838000000,
    1.486
  ],
  [
    1664924400000,
    1.585
  ],
  [
    1665010800000,
    1.687
  ],
  [
    1665097200000,
    1.434
  ],
  [
    1665183600000,
    1.433
  ],
  [
    1665270000000,
    1.417
  ],
  [
    1665356400000,
    1.913
  ],
  [
    1665442800000,
    1.48
  ],
  [
    1665529200000,
    1.461
  ],
  [
    1665615600000,
    1.557
  ],
  [
    1665702000000,
    1.503
  ],
  [
    1665788400000,
    1.626
  ],
  [
    1665874800000,
    1.67
  ],
  [
    1665961200000,
    1.692
  ],
  [
    1666047600000,
    1.844
  ],
  [
    1666134000000,
    1.433
  ],
  [
    1666220400000,
    2.006
  ],
  [
    1666306800000,
    1.792
  ],
  [
    1666393200000,
    1.851
  ],
  [
    1666479600000,
    1.639
  ],
  [
    1666566000000,
    1.493
  ],
  [
    1666652400000,
    1.525
  ],
  [
    1666738800000,
    1.871
  ],
  [
    1666825200000,
    1.575
  ],
  [
    1666911600000,
    1.525
  ],
  [
    1666998000000,
    1.783
  ],
  [
    1667084400000,
    1.607
  ],
  [
    1667174400000,
    1.692
  ],
  [
    1667260800000,
    1.75
  ],
  [
    1667347200000,
    1.944
  ],
  [
    1667433600000,
    1.952
  ],
  [
    1667520000000,
    1.862
  ],
  [
    1667606400000,
    1.955
  ],
  [
    1667692800000,
    1.97
  ],
  [
    1667779200000,
    2.093
  ],
  [
    1667865600000,
    1.865
  ],
  [
    1667952000000,
    2.14
  ],
  [
    1668038400000,
    1.873
  ],
  [
    1668124800000,
    1.934
  ],
  [
    1668211200000,
    1.963
  ],
  [
    1668297600000,
    2.168
  ],
  [
    1668384000000,
    1.967
  ],
  [
    1668470400000,
    1.972
  ],
  [
    1668556800000,
    1.806
  ],
  [
    1668643200000,
    2.018
  ],
  [
    1668729600000,
    1.776
  ],
  [
    1668816000000,
    2.056
  ],
  [
    1668902400000,
    2.047
  ],
  [
    1668988800000,
    1.724
  ],
  [
    1669075200000,
    2.013
  ],
  [
    1669161600000,
    2.067
  ],
  [
    1669248000000,
    2.026
  ],
  [
    1669334400000,
    1.861
  ],
  [
    1669420800000,
    1.894
  ],
  [
    1669507200000,
    1.903
  ],
  [
    1669593600000,
    1.975
  ],
  [
    1669680000000,
    2.049
  ],
  [
    1669766400000,
    1.988
  ],
  [
    1669852800000,
    2.027
  ],
  [
    1669939200000,
    2.382
  ],
  [
    1670025600000,
    1.966
  ],
  [
    1670112000000,
    2.028
  ],
  [
    1670198400000,
    2.209
  ],
  [
    1670284800000,
    2.02
  ],
  [
    1670371200000,
    2.073
  ],
  [
    1670457600000,
    2.145
  ],
  [
    1670544000000,
    2.15
  ],
  [
    1670630400000,
    2.021
  ],
  [
    1670716800000,
    2.316
  ],
  [
    1670803200000,
    2.44
  ],
  [
    1670889600000,
    1.988
  ],
  [
    1670976000000,
    2.203
  ],
  [
    1671062400000,
    1.963
  ],
  [
    1671148800000,
    2.24
  ],
  [
    1671235200000,
    2.013
  ],
  [
    1671321600000,
    1.892
  ],
  [
    1671408000000,
    1.887
  ],
  [
    1671494400000,
    2.037
  ],
  [
    1671580800000,
    1.868
  ],
  [
    1671667200000,
    2.033
  ],
  [
    1671753600000,
    2.013
  ],
  [
    1671840000000,
    1.943
  ],
  [
    1671926400000,
    1.996
  ],
  [
    1672012800000,
    1.941
  ],
  [
    1672099200000,
    1.911
  ],
  [
    1672185600000,
    1.764
  ],
  [
    1672272000000,
    2.067
  ],
  [
    1672358400000,
    1.868
  ],
  [
    1672444800000,
    1.906
  ],
  [
    1672531200000,
    1.664
  ],
  [
    1672617600000,
    1.842
  ],
  [
    1672704000000,
    1.611
  ],
  [
    1672790400000,
    1.413
  ],
  [
    1672876800000,
    1.814
  ],
  [
    1672963200000,
    1.657
  ],
  [
    1673049600000,
    1.695
  ],
  [
    1673136000000,
    1.718
  ],
  [
    1673222400000,
    1.882
  ],
  [
    1673308800000,
    1.811
  ],
  [
    1673395200000,
    1.825
  ],
  [
    1673481600000,
    1.871
  ],
  [
    1673568000000,
    1.829
  ],
  [
    1673654400000,
    1.927
  ],
  [
    1673740800000,
    1.89
  ],
  [
    1673827200000,
    1.9
  ],
  [
    1673913600000,
    1.917
  ],
  [
    1674000000000,
    2.234
  ],
  [
    1674086400000,
    2.018
  ],
  [
    1674172800000,
    2.08
  ],
  [
    1674259200000,
    1.885
  ],
  [
    1674345600000,
    2.397
  ],
  [
    1674432000000,
    1.995
  ],
  [
    1674518400000,
    2.003
  ],
  [
    1674604800000,
    2.058
  ],
  [
    1674691200000,
    2.107
  ],
  [
    1674777600000,
    1.869
  ],
  [
    1674864000000,
    2.149
  ],
  [
    1674950400000,
    2.03
  ],
  [
    1675036800000,
    2.168
  ],
  [
    1675123200000,
    2.177
  ],
  [
    1675209600000,
    2.33
  ],
  [
    1675296000000,
    2.263
  ],
  [
    1675382400000,
    2.453
  ],
  [
    1675468800000,
    2.198
  ],
  [
    1675555200000,
    2.044
  ],
  [
    1675641600000,
    2.637
  ],
  [
    1675728000000,
    2.055
  ],
  [
    1675814400000,
    2.334
  ],
  [
    1675900800000,
    2.118
  ],
  [
    1675987200000,
    2.429
  ],
  [
    1676073600000,
    2.059
  ],
  [
    1676160000000,
    2.202
  ],
  [
    1676246400000,
    2.158
  ],
  [
    1676332800000,
    2.337
  ],
  [
    1676419200000,
    2.225
  ],
  [
    1676505600000,
    2.192
  ],
  [
    1676592000000,
    2.101
  ],
  [
    1676678400000,
    2.12
  ],
  [
    1676764800000,
    2.018
  ],
  [
    1676851200000,
    2.058
  ],
  [
    1676937600000,
    2.11
  ],
  [
    1677024000000,
    1.994
  ],
  [
    1677110400000,
    1.88
  ],
  [
    1677196800000,
    2.112
  ],
  [
    1677283200000,
    2.087
  ],
  [
    1677369600000,
    1.992
  ],
  [
    1677456000000,
    1.793
  ],
  [
    1677542400000,
    1.904
  ],
  [
    1677628800000,
    2.205
  ],
  [
    1677715200000,
    2.037
  ],
  [
    1677801600000,
    1.964
  ],
  [
    1677888000000,
    2.202
  ],
  [
    1677974400000,
    2.014
  ],
  [
    1678060800000,
    2.047
  ],
  [
    1678147200000,
    2.04
  ],
  [
    1678233600000,
    1.674
  ],
  [
    1678320000000,
    1.805
  ],
  [
    1678406400000,
    1.886
  ],
  [
    1678492800000,
    1.718
  ],
  [
    1678579200000,
    2.066
  ],
  [
    1678665600000,
    1.688
  ],
  [
    1678752000000,
    1.837
  ],
  [
    1678838400000,
    1.778
  ],
  [
    1678924800000,
    1.535
  ],
  [
    1679011200000,
    1.642
  ],
  [
    1679097600000,
    1.812
  ],
  [
    1679184000000,
    1.955
  ],
  [
    1679270400000,
    1.558
  ],
  [
    1679356800000,
    1.985
  ],
  [
    1679443200000,
    1.981
  ],
  [
    1679529600000,
    2.231
  ],
  [
    1679616000000,
    2.144
  ],
  [
    1679702400000,
    2.187
  ],
  [
    1679788800000,
    2.124
  ],
  [
    1679871600000,
    1.671
  ],
  [
    1679958000000,
    1.941
  ],
  [
    1680044400000,
    1.959
  ],
  [
    1680130800000,
    2.089
  ],
  [
    1680217200000,
    2.081
  ],
  [
    1680303600000,
    2.24
  ],
  [
    1680390000000,
    2.578
  ],
  [
    1680476400000,
    2.163
  ],
  [
    1680562800000,
    2.52
  ],
  [
    1680649200000,
    1.973
  ],
  [
    1680735600000,
    1.846
  ],
  [
    1680822000000,
    2.199
  ],
  [
    1680908400000,
    2.308
  ],
  [
    1680994800000,
    2.29
  ],
  [
    1681081200000,
    2.15
  ],
  [
    1681167600000,
    2.117
  ],
  [
    1681254000000,
    2.089
  ],
  [
    1681340400000,
    2.375
  ],
  [
    1681426800000,
    2.034
  ],
  [
    1681513200000,
    2.118
  ],
  [
    1681599600000,
    2.54
  ],
  [
    1681686000000,
    2.162
  ],
  [
    1681772400000,
    1.977
  ],
  [
    1681858800000,
    2.073
  ],
  [
    1681945200000,
    2.675
  ],
  [
    1682031600000,
    2.502
  ],
  [
    1682118000000,
    2.454
  ],
  [
    1682204400000,
    2.384
  ],
  [
    1682290800000,
    2.316
  ],
  [
    1682377200000,
    2.303
  ],
  [
    1682463600000,
    2.303
  ],
  [
    1682550000000,
    2.06
  ],
  [
    1682636400000,
    1.915
  ],
  [
    1682722800000,
    2.675
  ],
  [
    1682809200000,
    2.098
  ],
  [
    1682895600000,
    1.764
  ],
  [
    1682982000000,
    1.989
  ],
  [
    1683068400000,
    2.062
  ],
  [
    1683154800000,
    2.608
  ],
  [
    1683241200000,
    2.125
  ],
  [
    1683327600000,
    2.069
  ],
  [
    1683414000000,
    2.314
  ],
  [
    1683500400000,
    1.842
  ],
  [
    1683586800000,
    1.739
  ],
  [
    1683673200000,
    1.996
  ],
  [
    1683759600000,
    2.193
  ],
  [
    1683846000000,
    1.757
  ],
  [
    1683932400000,
    1.89
  ],
  [
    1684018800000,
    1.979
  ],
  [
    1684105200000,
    1.78
  ],
  [
    1684191600000,
    1.717
  ],
  [
    1684278000000,
    1.77
  ],
  [
    1684364400000,
    1.909
  ],
  [
    1684450800000,
    1.886
  ],
  [
    1684537200000,
    1.949
  ],
  [
    1684623600000,
    2.058
  ],
  [
    1684710000000,
    1.927
  ],
  [
    1684796400000,
    1.862
  ],
  [
    1684882800000,
    1.828
  ],
  [
    1684969200000,
    3.832
  ],
  [
    1685055600000,
    1.686
  ],
  [
    1685142000000,
    1.904
  ],
  [
    1685228400000,
    2.405
  ],
  [
    1685314800000,
    1.596
  ],
  [
    1685401200000,
    1.311
  ],
  [
    1685487600000,
    2.104
  ],
  [
    1685574000000,
    1.907
  ],
  [
    1685660400000,
    1.709
  ],
  [
    1685746800000,
    1.774
  ],
  [
    1685833200000,
    1.962
  ],
  [
    1685919600000,
    1.582
  ],
  [
    1686006000000,
    2.855
  ],
  [
    1686092400000,
    1.922
  ],
  [
    1686178800000,
    1.812
  ],
  [
    1686265200000,
    2.473
  ],
  [
    1686351600000,
    2.123
  ],
  [
    1686438000000,
    1.903
  ],
  [
    1686524400000,
    1.838
  ],
  [
    1686610800000,
    2.127
  ],
  [
    1686697200000,
    1.713
  ],
  [
    1686783600000,
    1.661
  ],
  [
    1686870000000,
    1.728
  ],
  [
    1686956400000,
    1.981
  ],
  [
    1687042800000,
    2.354
  ],
  [
    1687129200000,
    2.241
  ],
  [
    1687215600000,
    2.119
  ],
  [
    1687302000000,
    2.604
  ],
  [
    1687388400000,
    2.162
  ],
  [
    1687474800000,
    2.48
  ],
  [
    1687561200000,
    2.647
  ],
  [
    1687647600000,
    2.306
  ],
  [
    1687734000000,
    2.074
  ],
  [
    1687820400000,
    2.342
  ],
  [
    1687906800000,
    2.08
  ],
  [
    1687993200000,
    1.709
  ],
  [
    1688079600000,
    2.145
  ],
  [
    1688166000000,
    2.332
  ],
  [
    1688252400000,
    2.025
  ],
  [
    1688338800000,
    1.861
  ],
  [
    1688425200000,
    2.065
  ],
  [
    1688511600000,
    2.13
  ],
  [
    1688598000000,
    1.787
  ],
  [
    1688684400000,
    1.695
  ],
  [
    1688770800000,
    1.453
  ],
  [
    1688857200000,
    2.935
  ],
  [
    1688943600000,
    2.22
  ],
  [
    1689030000000,
    1.839
  ],
  [
    1689116400000,
    2.072
  ],
  [
    1689202800000,
    1.874
  ],
  [
    1689289200000,
    2.087
  ],
  [
    1689375600000,
    2.225
  ],
  [
    1689462000000,
    1.82
  ],
  [
    1689548400000,
    2.305
  ],
  [
    1689634800000,
    2.221
  ],
  [
    1689721200000,
    1.646
  ],
  [
    1689807600000,
    1.679
  ],
  [
    1689894000000,
    2.234
  ],
  [
    1689980400000,
    2.116
  ],
  [
    1690066800000,
    1.831
  ],
  [
    1690153200000,
    2.487
  ],
  [
    1690239600000,
    2.058
  ],
  [
    1690326000000,
    1.948
  ],
  [
    1690412400000,
    1.964
  ],
  [
    1690498800000,
    1.829
  ],
  [
    1690585200000,
    2.115
  ],
  [
    1690671600000,
    1.862
  ],
  [
    1690758000000,
    2.28
  ],
  [
    1690844400000,
    2.226
  ],
  [
    1690930800000,
    1.903
  ],
  [
    1691017200000,
    2.41
  ],
  [
    1691103600000,
    1.853
  ],
  [
    1691190000000,
    2.123
  ],
  [
    1691276400000,
    2.801
  ],
  [
    1691362800000,
    1.821
  ],
  [
    1691449200000,
    1.729
  ],
  [
    1691535600000,
    2.563
  ],
  [
    1691622000000,
    2.127
  ],
  [
    1691708400000,
    2.639
  ],
  [
    1691794800000,
    1.943
  ],
  [
    1691881200000,
    1.946
  ],
  [
    1691967600000,
    2.109
  ],
  [
    1692054000000,
    1.896
  ],
  [
    1692140400000,
    2.207
  ],
  [
    1692226800000,
    1.963
  ],
  [
    1692313200000,
    1.535
  ],
  [
    1692399600000,
    2.523
  ],
  [
    1692486000000,
    1.873
  ],
  [
    1692572400000,
    1.985
  ],
  [
    1692658800000,
    2.934
  ],
  [
    1692745200000,
    1.958
  ],
  [
    1692831600000,
    2.209
  ],
  [
    1692918000000,
    2.055
  ],
  [
    1693004400000,
    2.092
  ],
  [
    1693090800000,
    2.274
  ],
  [
    1693177200000,
    1.917
  ],
  [
    1693263600000,
    1.837
  ],
  [
    1693350000000,
    3.033
  ],
  [
    1693436400000,
    2.411
  ],
  [
    1693522800000,
    2.201
  ],
  [
    1693609200000,
    2.401
  ],
  [
    1693695600000,
    1.862
  ],
  [
    1693782000000,
    1.98
  ],
  [
    1693868400000,
    2.309
  ],
  [
    1693954800000,
    2.976
  ],
  [
    1694041200000,
    2.417
  ],
  [
    1694127600000,
    2.173
  ],
  [
    1694214000000,
    2.091
  ],
  [
    1694300400000,
    2.597
  ],
  [
    1694386800000,
    2.327
  ],
  [
    1694473200000,
    2.532
  ],
  [
    1694559600000,
    2.474
  ],
  [
    1694646000000,
    2.498
  ],
  [
    1694732400000,
    2.968
  ],
  [
    1694818800000,
    2.848
  ],
  [
    1694905200000,
    3.447
  ],
  [
    1694991600000,
    1.751
  ],
  [
    1695078000000,
    2.827
  ],
  [
    1695164400000,
    2.411
  ],
  [
    1695250800000,
    3.037
  ],
  [
    1695337200000,
    2.725
  ],
  [
    1695423600000,
    2.258
  ],
  [
    1695510000000,
    2.376
  ],
  [
    1695596400000,
    2.289
  ],
  [
    1695682800000,
    3.134
  ],
  [
    1695769200000,
    2.551
  ],
  [
    1695855600000,
    2.767
  ],
  [
    1695942000000,
    2.384
  ],
  [
    1696028400000,
    2.277
  ],
  [
    1696114800000,
    2.668
  ],
  [
    1696201200000,
    2.612
  ],
  [
    1696287600000,
    2.467
  ],
  [
    1696374000000,
    2.837
  ],
  [
    1696460400000,
    2.618
  ],
  [
    1696546800000,
    2.781
  ],
  [
    1696633200000,
    3.938
  ],
  [
    1696719600000,
    2.409
  ],
  [
    1696806000000,
    3.362
  ],
  [
    1696892400000,
    1.495
  ],
  [
    1696978800000,
    2.27
  ],
  [
    1697065200000,
    2.658
  ],
  [
    1697151600000,
    3.431
  ],
  [
    1697238000000,
    3.091
  ],
  [
    1697324400000,
    2.488
  ],
  [
    1697410800000,
    2.649
  ],
  [
    1697497200000,
    3.293
  ],
  [
    1697583600000,
    2.776
  ],
  [
    1697670000000,
    3.32
  ],
  [
    1697756400000,
    2.541
  ],
  [
    1697842800000,
    3.129
  ],
  [
    1697929200000,
    2.968
  ],
  [
    1698015600000,
    3.319
  ],
  [
    1698102000000,
    2.748
  ],
  [
    1698188400000,
    3.274
  ],
  [
    1698274800000,
    3.362
  ],
  [
    1698361200000,
    3.287
  ],
  [
    1698447600000,
    3.228
  ],
  [
    1698534000000,
    2.572
  ],
  [
    1698624000000,
    3.24
  ],
  [
    1698710400000,
    2.436
  ],
  [
    1698796800000,
    2.91
  ],
  [
    1698883200000,
    2.673
  ],
  [
    1698969600000,
    3.11
  ],
  [
    1699056000000,
    2.766
  ],
  [
    1699142400000,
    3.106
  ],
  [
    1699228800000,
    3.122
  ],
  [
    1699315200000,
    2.76
  ],
  [
    1699401600000,
    2.669
  ],
  [
    1699488000000,
    3.165
  ],
  [
    1699574400000,
    2.396
  ],
  [
    1699660800000,
    2.844
  ],
  [
    1699747200000,
    2.848
  ],
  [
    1699833600000,
    2.71
  ],
  [
    1699920000000,
    2.279
  ],
  [
    1700006400000,
    2.073
  ],
  [
    1700092800000,
    2.682
  ],
  [
    1700179200000,
    2.085
  ],
  [
    1700265600000,
    2.781
  ],
  [
    1700352000000,
    3.162
  ],
  [
    1700438400000,
    1.574
  ],
  [
    1700524800000,
    2.99
  ],
  [
    1700611200000,
    2.793
  ],
  [
    1700697600000,
    2.093
  ],
  [
    1700784000000,
    2.41
  ],
  [
    1700870400000,
    2.384
  ],
  [
    1700956800000,
    2.682
  ],
  [
    1701043200000,
    1.749
  ],
  [
    1701129600000,
    2.767
  ],
  [
    1701216000000,
    2.757
  ],
  [
    1701302400000,
    1.16
  ],
  [
    1701388800000,
    2.256
  ],
  [
    1701475200000,
    2.627
  ],
  [
    1701561600000,
    2.907
  ],
  [
    1701648000000,
    2.345
  ],
  [
    1701734400000,
    4.276
  ],
  [
    1701820800000,
    2.927
  ],
  [
    1701907200000,
    3.33
  ],
  [
    1701993600000,
    1.609
  ],
  [
    1702080000000,
    2.265
  ],
  [
    1702166400000,
    2.657
  ],
  [
    1702252800000,
    2.367
  ],
  [
    1702339200000,
    2.734
  ],
  [
    1702425600000,
    3.365
  ],
  [
    1702512000000,
    2.043
  ],
  [
    1702598400000,
    3.228
  ],
  [
    1702684800000,
    3.004
  ],
  [
    1702771200000,
    3.516
  ],
  [
    1702857600000,
    3.447
  ],
  [
    1702944000000,
    3.544
  ],
  [
    1703030400000,
    2.774
  ],
  [
    1703116800000,
    2.089
  ],
  [
    1703203200000,
    2.544
  ],
  [
    1703289600000,
    2.769
  ],
  [
    1703376000000,
    2.282
  ],
  [
    1703462400000,
    1.869
  ],
  [
    1703548800000,
    2.524
  ],
  [
    1703635200000,
    1.746
  ],
  [
    1703721600000,
    2.158
  ],
  [
    1703808000000,
    2.74
  ],
  [
    1703894400000,
    1.972
  ],
  [
    1703980800000,
    2.202
  ],
  [
    1704067200000,
    2.605
  ],
  [
    1704153600000,
    2.7
  ],
  [
    1704240000000,
    2.309
  ],
  [
    1704326400000,
    2.878
  ],
  [
    1704412800000,
    3.174
  ],
  [
    1704499200000,
    3.171
  ],
  [
    1704585600000,
    2.548
  ],
  [
    1704672000000,
    2.685
  ],
  [
    1704758400000,
    3.802
  ],
  [
    1704844800000,
    2.531
  ],
  [
    1704931200000,
    3.916
  ],
  [
    1705017600000,
    2.751
  ],
  [
    1705104000000,
    2.477
  ],
  [
    1705190400000,
    2.306
  ],
  [
    1705276800000,
    3.379
  ],
  [
    1705363200000,
    2.745
  ],
  [
    1705449600000,
    3.804
  ],
  [
    1705536000000,
    3.039
  ],
  [
    1705622400000,
    2.427
  ],
  [
    1705708800000,
    3.651
  ],
  [
    1705795200000,
    3.218
  ],
  [
    1705881600000,
    2.507
  ],
  [
    1705968000000,
    2.027
  ],
  [
    1706054400000,
    2.797
  ],
  [
    1706140800000,
    2.51
  ],
  [
    1706227200000,
    3.52
  ],
  [
    1706313600000,
    3.064
  ],
  [
    1706400000000,
    3.531
  ],
  [
    1706486400000,
    2.235
  ],
  [
    1706572800000,
    3.208
  ],
  [
    1706659200000,
    2.045
  ],
  [
    1706745600000,
    2.116
  ],
  [
    1706832000000,
    3.385
  ],
  [
    1706918400000,
    2.281
  ],
  [
    1707004800000,
    2.905
  ],
  [
    1707091200000,
    2.249
  ],
  [
    1707177600000,
    2.455
  ],
  [
    1707264000000,
    2.637
  ],
  [
    1707350400000,
    2.151
  ],
  [
    1707436800000,
    3.066
  ],
  [
    1707523200000,
    3.32
  ],
  [
    1707609600000,
    3.482
  ],
  [
    1707696000000,
    3.094
  ],
  [
    1707782400000,
    2.651
  ],
  [
    1707868800000,
    3.034
  ],
  [
    1707955200000,
    3.687
  ],
  [
    1708041600000,
    2.597
  ],
  [
    1708128000000,
    3.466
  ],
  [
    1708214400000,
    3.438
  ],
  [
    1708300800000,
    3.299
  ],
  [
    1708387200000,
    2.832
  ],
  [
    1708473600000,
    3.058
  ],
  [
    1708560000000,
    2.196
  ],
  [
    1708646400000,
    3.2
  ],
  [
    1708732800000,
    2.949
  ],
  [
    1708819200000,
    2.702
  ],
  [
    1708905600000,
    2.809
  ],
  [
    1708992000000,
    3.39
  ],
  [
    1709078400000,
    3.418
  ],
  [
    1709164800000,
    4.347
  ],
  [
    1709251200000,
    4.499
  ],
  [
    1709337600000,
    2.809
  ],
  [
    1709424000000,
    4.353
  ],
  [
    1709510400000,
    4.221
  ],
  [
    1709596800000,
    4.195
  ],
  [
    1709683200000,
    3.99
  ],
  [
    1709769600000,
    4.337
  ],
  [
    1709856000000,
    3.783
  ],
  [
    1709942400000,
    3.98
  ],
  [
    1710028800000,
    4.774
  ],
  [
    1710115200000,
    3.483
  ],
  [
    1710201600000,
    3.286
  ],
  [
    1710288000000,
    3.92
  ],
  [
    1710374400000,
    3.023
  ],
  [
    1710460800000,
    3.692
  ],
  [
    1710547200000,
    3.375
  ],
  [
    1710633600000,
    3.14
  ],
  [
    1710720000000,
    3.398
  ],
  [
    1710806400000,
    4.384
  ],
  [
    1710892800000,
    2.816
  ],
  [
    1710979200000,
    4.481
  ],
  [
    1711065600000,
    4.505
  ],
  [
    1711152000000,
    4.609
  ],
  [
    1711238400000,
    4.574
  ],
  [
    1711324800000,
    4.626
  ],
  [
    1711411200000,
    4.494
  ],
  [
    1711497600000,
    4.656
  ],
  [
    1711584000000,
    4.577
  ],
  [
    1711670400000,
    4.703
  ],
  [
    1711756800000,
    4.793
  ],
  [
    1711843200000,
    5.075
  ],
  [
    1711926000000,
    4.8
  ],
  [
    1712012400000,
    6.206
  ],
  [
    1712098800000,
    4.7
  ],
  [
    1712185200000,
    4.974
  ],
  [
    1712271600000,
    5.64
  ],
  [
    1712358000000,
    5.265
  ],
  [
    1712444400000,
    5.392
  ],
  [
    1712530800000,
    8.176
  ],
  [
    1712617200000,
    5.381
  ],
  [
    1712703600000,
    5.546
  ],
  [
    1712790000000,
    5.433
  ],
  [
    1712876400000,
    5.493
  ],
  [
    1712962800000,
    5.95
  ],
  [
    1713049200000,
    6.82
  ],
  [
    1713135600000,
    5.77
  ],
  [
    1713222000000,
    6.19
  ],
  [
    1713308400000,
    5.011
  ],
  [
    1713394800000,
    5.773
  ],
  [
    1713481200000,
    5.537
  ],
  [
    1713567600000,
    5.959
  ],
  [
    1713654000000,
    6.082
  ],
  [
    1713740400000,
    5.572
  ],
  [
    1713826800000,
    5.517
  ],
  [
    1713913200000,
    10.687
  ],
  [
    1713999600000,
    4.578
  ],
  [
    1714086000000,
    5.261
  ],
  [
    1714172400000,
    4.967
  ],
  [
    1714258800000,
    5.12
  ],
  [
    1714345200000,
    5.381
  ],
  [
    1714431600000,
    5.315
  ],
  [
    1714518000000,
    5.429
  ],
  [
    1714604400000,
    5.132
  ],
  [
    1714690800000,
    5.432
  ],
  [
    1714777200000,
    5.358
  ],
  [
    1714863600000,
    5.541
  ],
  [
    1714950000000,
    5.331
  ],
  [
    1715036400000,
    5.379
  ],
  [
    1715122800000,
    5.398
  ],
  [
    1715209200000,
    5.501
  ],
  [
    1715295600000,
    5.382
  ],
  [
    1715382000000,
    5.413
  ],
  [
    1715468400000,
    5.498
  ],
  [
    1715554800000,
    5.772
  ],
  [
    1715641200000,
    5.568
  ],
  [
    1715727600000,
    5.52
  ],
  [
    1715814000000,
    5.678
  ],
  [
    1715900400000,
    5.372
  ],
  [
    1715986800000,
    5.709
  ],
  [
    1716073200000,
    5.774
  ],
  [
    1716159600000,
    5.555
  ],
  [
    1716246000000,
    7.513
  ],
  [
    1716332400000,
    5.94
  ],
  [
    1716390000000,
    5.771
  ],
  [
    1716393600000,
    5.771
  ],
  [
    1716411600000,
    5.565
  ],
  [
    1716433200000,
    5.773
  ],
  [
    1716447600000,
    5.782
  ],
  [
    1716454800000,
    5.786
  ],
  [
    1716458400000,
    5.723
  ],
  [
    1716526800000,
    5.605
  ],
  [
    1716534000000,
    5.605
  ],
  [
    1716544800000,
    5.42
  ],
  [
    1716552000000,
    4.758
  ],
  [
    1716559200000,
    5.605
  ],
  [
    1716566400000,
    5.886
  ],
  [
    1716573600000,
    5.626
  ],
  [
    1716580800000,
    5.6
  ],
  [
    1716595200000,
    8.07
  ],
  [
    1716609600000,
    5.61
  ],
  [
    1716631200000,
    5.445
  ],
  [
    1716634800000,
    5.46
  ],
  [
    1716649200000,
    4.88
  ],
  [
    1716652800000,
    5.17
  ],
  [
    1716685200000,
    5.63
  ],
  [
    1716703200000,
    5.65
  ],
  [
    1716706800000,
    5.86
  ],
  [
    1716710400000,
    5.59
  ],
  [
    1716714000000,
    5.863
  ],
  [
    1716724800000,
    5.575
  ],
  [
    1716735600000,
    5.52
  ],
  [
    1716746400000,
    5.535
  ],
  [
    1716750000000,
    5.58
  ],
  [
    1716800400000,
    5.902
  ],
  [
    1716825600000,
    5.921
  ],
  [
    1716847200000,
    5.49
  ],
  [
    1716879600000,
    5.98
  ],
  [
    1716890400000,
    6.115
  ],
  [
    1716894000000,
    5.95
  ],
  [
    1716897600000,
    6.172
  ],
  [
    1716912000000,
    5.99
  ],
  [
    1716915600000,
    5.92
  ],
  [
    1716922800000,
    6.095
  ],
  [
    1716926400000,
    6.23
  ],
  [
    1716930000000,
    6.17
  ],
  [
    1716933600000,
    6.13
  ],
  [
    1716969600000,
    6.02
  ],
  [
    1716976800000,
    6.17
  ],
  [
    1716980400000,
    6.17
  ],
  [
    1716984000000,
    6.245
  ],
  [
    1716994800000,
    6.22
  ],
  [
    1717092000000,
    5.883
  ],
  [
    1717095600000,
    5.58
  ],
  [
    1717117200000,
    5.66
  ],
  [
    1717135200000,
    6.182
  ],
  [
    1717189200000,
    5.53
  ],
  [
    1717232400000,
    6.285
  ],
  [
    1717236000000,
    6.29
  ],
  [
    1717243200000,
    6.27
  ],
  [
    1717257600000,
    6.32
  ],
  [
    1717264800000,
    6.29
  ],
  [
    1717272000000,
    6.29
  ],
  [
    1717300800000,
    6.33
  ],
  [
    1717315200000,
    6.32
  ],
  [
    1717322400000,
    6.36
  ],
  [
    1717329600000,
    7.933
  ],
  [
    1717344000000,
    6.41
  ],
  [
    1717351200000,
    6.55
  ],
  [
    1717358400000,
    6.41
  ],
  [
    1717380000000,
    6.301
  ],
  [
    1717383600000,
    6.45
  ],
  [
    1717394400000,
    5.55
  ],
  [
    1717398000000,
    6.45
  ],
  [
    1717412400000,
    6.34
  ],
  [
    1717423200000,
    6.582
  ],
  [
    1717430400000,
    6.072
  ],
  [
    1717459200000,
    6.23
  ],
  [
    1717491600000,
    6.436
  ],
  [
    1717498800000,
    6.5
  ],
  [
    1717502400000,
    6.58
  ],
  [
    1717531200000,
    6.51
  ],
  [
    1717545600000,
    6.5
  ],
  [
    1717549200000,
    6.3
  ],
  [
    1717560000000,
    6.18
  ],
  [
    1717570800000,
    6.3
  ],
  [
    1717592400000,
    6.626
  ],
  [
    1717599600000,
    6.61
  ],
  [
    1717606800000,
    5.44
  ],
  [
    1717610400000,
    6.34
  ],
  [
    1717617600000,
    6.25
  ],
  [
    1717621200000,
    6.47
  ],
  [
    1717635600000,
    6.75
  ],
  [
    1717642800000,
    6.375
  ],
  [
    1717671600000,
    5.65
  ],
  [
    1717682400000,
    6.46
  ],
  [
    1717689600000,
    6.5
  ],
  [
    1717693200000,
    6.47
  ],
  [
    1717714800000,
    5
  ],
  [
    1717718400000,
    6.47
  ],
  [
    1717722000000,
    4.75
  ],
  [
    1717740000000,
    6.468
  ],
  [
    1717747200000,
    6.497
  ],
  [
    1717761600000,
    6.534
  ],
  [
    1717804800000,
    6.34
  ],
  [
    1717812000000,
    6.48
  ],
  [
    1717833600000,
    6.48
  ],
  [
    1717837200000,
    5.615
  ],
  [
    1717840800000,
    6.52
  ],
  [
    1717855200000,
    6.375
  ],
  [
    1717866000000,
    6.889
  ],
  [
    1717920000000,
    6.597
  ],
  [
    1717952400000,
    6.306
  ],
  [
    1718013600000,
    6.06
  ],
  [
    1718020800000,
    6.12
  ],
  [
    1718028000000,
    6.06
  ],
  [
    1718031600000,
    5.72
  ],
  [
    1718046000000,
    6.21
  ],
  [
    1718092800000,
    5.79
  ],
  [
    1718103600000,
    5.79
  ],
  [
    1718118000000,
    6.22
  ],
  [
    1718128800000,
    7.9
  ],
  [
    1718139600000,
    6.368
  ],
  [
    1718146800000,
    5.42
  ],
  [
    1718182800000,
    6.06
  ],
  [
    1718193600000,
    5.54
  ],
  [
    1718269200000,
    6.58
  ],
  [
    1718283600000,
    5.945
  ],
  [
    1718287200000,
    5.518
  ],
  [
    1718290800000,
    5.71
  ],
  [
    1718298000000,
    5.65
  ],
  [
    1718308800000,
    4.99
  ],
  [
    1718323200000,
    5.735
  ],
  [
    1718334000000,
    5.52
  ],
  [
    1718348400000,
    5.737
  ],
  [
    1718366400000,
    5.52
  ],
  [
    1718377200000,
    5.61
  ],
  [
    1718384400000,
    5.77
  ],
  [
    1718395200000,
    5.76
  ],
  [
    1718402400000,
    5.51
  ],
  [
    1718424000000,
    6.393
  ],
  [
    1718427600000,
    5.6
  ],
  [
    1718442000000,
    5.77
  ],
  [
    1718456400000,
    5.77
  ],
  [
    1718460000000,
    5.71
  ],
  [
    1718467200000,
    5.77
  ],
  [
    1718474400000,
    5.77
  ],
  [
    1718478000000,
    5.77
  ],
  [
    1718488800000,
    5.78
  ],
  [
    1718496000000,
    5.79
  ],
  [
    1718499600000,
    5.8
  ],
  [
    1718506800000,
    5.54
  ],
  [
    1718539200000,
    5.64
  ],
  [
    1718568000000,
    5.83
  ],
  [
    1718571600000,
    5.15
  ],
  [
    1718607600000,
    5.76
  ],
  [
    1718632800000,
    5.83
  ],
  [
    1718636400000,
    5.83
  ],
  [
    1718640000000,
    5.82
  ],
  [
    1718650800000,
    5.81
  ],
  [
    1718694000000,
    5.78
  ],
  [
    1718701200000,
    5.75
  ],
  [
    1718704800000,
    5.8
  ],
  [
    1718712000000,
    5.81
  ],
  [
    1718719200000,
    5.77
  ],
  [
    1718722800000,
    5.8
  ],
  [
    1718726400000,
    5.455
  ],
  [
    1718730000000,
    5
  ],
  [
    1718740800000,
    5.75
  ],
  [
    1718769600000,
    5.23
  ],
  [
    1718776800000,
    5.49
  ],
  [
    1718787600000,
    5.56
  ],
  [
    1718791200000,
    5.1
  ],
  [
    1718841600000,
    5.47
  ],
  [
    1718848800000,
    5.52
  ],
  [
    1718852400000,
    5.52
  ],
  [
    1718881200000,
    5.561
  ],
  [
    1718888400000,
    5.46
  ],
  [
    1718892000000,
    5.47
  ],
  [
    1718899200000,
    5.54
  ],
  [
    1718902800000,
    5.54
  ],
  [
    1718910000000,
    5.49
  ],
  [
    1718913600000,
    5.55
  ],
  [
    1718920800000,
    5.47
  ],
  [
    1718931600000,
    5.64
  ],
  [
    1718935200000,
    5.53
  ],
  [
    1718956800000,
    5.49
  ],
  [
    1718989200000,
    5.33
  ],
  [
    1719007200000,
    5.38
  ],
  [
    1719014400000,
    5.52
  ],
  [
    1719018000000,
    5.819
  ]
]