[
  [
    1379631600000,
    2.25
  ],
  [
    1379718000000,
    3.762
  ],
  [
    1379804400000,
    1.825
  ],
  [
    1379890800000,
    1.228
  ],
  [
    1379977200000,
    1.503
  ],
  [
    1380063600000,
    2.097
  ],
  [
    1380236400000,
    1.496
  ],
  [
    1380322800000,
    1.434
  ],
  [
    1380409200000,
    1.218
  ],
  [
    1380495600000,
    1.19
  ],
  [
    1380582000000,
    1.283
  ],
  [
    1380668400000,
    1.311
  ],
  [
    1380754800000,
    1.34
  ],
  [
    1380841200000,
    1.644
  ],
  [
    1380927600000,
    1.67
  ],
  [
    1381014000000,
    1.047
  ],
  [
    1381100400000,
    0.981
  ],
  [
    1381186800000,
    0.925
  ],
  [
    1381273200000,
    0.899
  ],
  [
    1381359600000,
    1.036
  ],
  [
    1381446000000,
    1.237
  ],
  [
    1381532400000,
    1.086
  ],
  [
    1381618800000,
    0.902
  ],
  [
    1381705200000,
    1.077
  ],
  [
    1381791600000,
    0.872
  ],
  [
    1381878000000,
    0.804
  ],
  [
    1381964400000,
    0.899
  ],
  [
    1382050800000,
    1.015
  ],
  [
    1382137200000,
    0.854
  ],
  [
    1382223600000,
    1.054
  ],
  [
    1382310000000,
    0.987
  ],
  [
    1382396400000,
    0.853
  ],
  [
    1382482800000,
    0.905
  ],
  [
    1382569200000,
    0.856
  ],
  [
    1382655600000,
    0.826
  ],
  [
    1382742000000,
    0.836
  ],
  [
    1382828400000,
    0.768
  ],
  [
    1382918400000,
    0.77
  ],
  [
    1383004800000,
    0.724
  ],
  [
    1383091200000,
    0.671
  ],
  [
    1383177600000,
    0.637
  ],
  [
    1383264000000,
    0.874
  ],
  [
    1383350400000,
    0.752
  ],
  [
    1383436800000,
    0.707
  ],
  [
    1383523200000,
    0.707
  ],
  [
    1383609600000,
    0.8
  ],
  [
    1383696000000,
    0.776
  ],
  [
    1383782400000,
    0.844
  ],
  [
    1383868800000,
    0.563
  ],
  [
    1383955200000,
    0.604
  ],
  [
    1384041600000,
    0.431
  ],
  [
    1384128000000,
    0.458
  ],
  [
    1384214400000,
    0.51
  ],
  [
    1384300800000,
    0.568
  ],
  [
    1384387200000,
    0.518
  ],
  [
    1384473600000,
    0.442
  ],
  [
    1384560000000,
    0.494
  ],
  [
    1384646400000,
    0.497
  ],
  [
    1384732800000,
    0.462
  ],
  [
    1384819200000,
    0.388
  ],
  [
    1384905600000,
    0.447
  ],
  [
    1384992000000,
    0.479
  ],
  [
    1385078400000,
    0.513
  ],
  [
    1385164800000,
    0.404
  ],
  [
    1385251200000,
    0.517
  ],
  [
    1385337600000,
    0.456
  ],
  [
    1385424000000,
    0.395
  ],
  [
    1385510400000,
    0.583
  ],
  [
    1385596800000,
    0.357
  ],
  [
    1385683200000,
    0.938
  ],
  [
    1385769600000,
    0.31
  ],
  [
    1385856000000,
    0.408
  ],
  [
    1385942400000,
    0.379
  ],
  [
    1386028800000,
    0.348
  ],
  [
    1386115200000,
    0.356
  ],
  [
    1386201600000,
    0.201
  ],
  [
    1386288000000,
    0.318
  ],
  [
    1386374400000,
    0.377
  ],
  [
    1386460800000,
    0.346
  ],
  [
    1386547200000,
    0.293
  ],
  [
    1386633600000,
    0.337
  ],
  [
    1386720000000,
    0.494
  ],
  [
    1386806400000,
    0.489
  ],
  [
    1386892800000,
    0.436
  ],
  [
    1386979200000,
    0.446
  ],
  [
    1387065600000,
    0.314
  ],
  [
    1387152000000,
    0.239
  ],
  [
    1387238400000,
    0.221
  ],
  [
    1387324800000,
    0.27
  ],
  [
    1387411200000,
    0.262
  ],
  [
    1387497600000,
    0.189
  ],
  [
    1387584000000,
    0.206
  ],
  [
    1387670400000,
    0.192
  ],
  [
    1387756800000,
    0.178
  ],
  [
    1387843200000,
    0.258
  ],
  [
    1387929600000,
    0.263
  ],
  [
    1388016000000,
    0.217
  ],
  [
    1388102400000,
    0.225
  ],
  [
    1388188800000,
    0.208
  ],
  [
    1388275200000,
    0.221
  ],
  [
    1388361600000,
    0.197
  ],
  [
    1388448000000,
    0.201
  ],
  [
    1388534400000,
    0.253
  ],
  [
    1388620800000,
    0.233
  ],
  [
    1388707200000,
    0.223
  ],
  [
    1388793600000,
    0.182
  ],
  [
    1388880000000,
    0.2
  ],
  [
    1388966400000,
    0.187
  ],
  [
    1389052800000,
    0.224
  ],
  [
    1389139200000,
    0.282
  ],
  [
    1389225600000,
    0.231
  ],
  [
    1389312000000,
    0.236
  ],
  [
    1389398400000,
    0.302
  ],
  [
    1389484800000,
    0.207
  ],
  [
    1389571200000,
    0.211
  ],
  [
    1389657600000,
    0.244
  ],
  [
    1389744000000,
    0.227
  ],
  [
    1389830400000,
    0.221
  ],
  [
    1389916800000,
    0.243
  ],
  [
    1390003200000,
    0.239
  ],
  [
    1390089600000,
    0.186
  ],
  [
    1390176000000,
    0.256
  ],
  [
    1390262400000,
    0.225
  ],
  [
    1390348800000,
    0.212
  ],
  [
    1390435200000,
    0.226
  ],
  [
    1390521600000,
    0.226
  ],
  [
    1390608000000,
    0.312
  ],
  [
    1390694400000,
    0.245
  ],
  [
    1390780800000,
    0.208
  ],
  [
    1390867200000,
    0.229
  ],
  [
    1390953600000,
    0.202
  ],
  [
    1391040000000,
    0.231
  ],
  [
    1391126400000,
    0.242
  ],
  [
    1391212800000,
    0.217
  ],
  [
    1391299200000,
    0.187
  ],
  [
    1391385600000,
    0.19
  ],
  [
    1391472000000,
    0.217
  ],
  [
    1391558400000,
    0.164
  ],
  [
    1391644800000,
    0.182
  ],
  [
    1391731200000,
    0.195
  ],
  [
    1391817600000,
    0.262
  ],
  [
    1391904000000,
    0.203
  ],
  [
    1391990400000,
    0.21
  ],
  [
    1392076800000,
    0.243
  ],
  [
    1392163200000,
    0.299
  ],
  [
    1392249600000,
    0.349
  ],
  [
    1392336000000,
    0.268
  ],
  [
    1392422400000,
    1.346
  ],
  [
    1392508800000,
    0.205
  ],
  [
    1392595200000,
    0.142
  ],
  [
    1392681600000,
    0.278
  ],
  [
    1392768000000,
    0.266
  ],
  [
    1392854400000,
    0.265
  ],
  [
    1392940800000,
    0.212
  ],
  [
    1393027200000,
    0.178
  ],
  [
    1393113600000,
    0.201
  ],
  [
    1393200000000,
    0.226
  ],
  [
    1393286400000,
    0.23
  ],
  [
    1393372800000,
    0.203
  ],
  [
    1393459200000,
    0.243
  ],
  [
    1393545600000,
    0.273
  ],
  [
    1393632000000,
    0.229
  ],
  [
    1393718400000,
    0.261
  ],
  [
    1393804800000,
    0.315
  ],
  [
    1393891200000,
    0.224
  ],
  [
    1393977600000,
    0.183
  ],
  [
    1394064000000,
    0.324
  ],
  [
    1394150400000,
    0.369
  ],
  [
    1394236800000,
    0.205
  ],
  [
    1394323200000,
    0.341
  ],
  [
    1394409600000,
    0.254
  ],
  [
    1394496000000,
    0.274
  ],
  [
    1394582400000,
    0.274
  ],
  [
    1394668800000,
    0.373
  ],
  [
    1394755200000,
    0.338
  ],
  [
    1394841600000,
    0.348
  ],
  [
    1394928000000,
    0.244
  ],
  [
    1395014400000,
    0.299
  ],
  [
    1395100800000,
    0.295
  ],
  [
    1395187200000,
    0.212
  ],
  [
    1395273600000,
    0.213
  ],
  [
    1395360000000,
    0.306
  ],
  [
    1395446400000,
    0.345
  ],
  [
    1395532800000,
    0.265
  ],
  [
    1395619200000,
    0.332
  ],
  [
    1395705600000,
    0.35
  ],
  [
    1395792000000,
    0.345
  ],
  [
    1395878400000,
    0.301
  ],
  [
    1395964800000,
    0.365
  ],
  [
    1396051200000,
    0.598
  ],
  [
    1396137600000,
    0.441
  ],
  [
    1396220400000,
    0.524
  ],
  [
    1396306800000,
    0.889
  ],
  [
    1396393200000,
    0.695
  ],
  [
    1396479600000,
    0.532
  ],
  [
    1396566000000,
    0.537
  ],
  [
    1396652400000,
    0.499
  ],
  [
    1396738800000,
    0.441
  ],
  [
    1396825200000,
    0.398
  ],
  [
    1396911600000,
    0.284
  ],
  [
    1396998000000,
    0.775
  ],
  [
    1397084400000,
    0.728
  ],
  [
    1397170800000,
    0.674
  ],
  [
    1397257200000,
    1.069
  ],
  [
    1397343600000,
    0.58
  ],
  [
    1397430000000,
    0.596
  ],
  [
    1397516400000,
    0.458
  ],
  [
    1397602800000,
    0.459
  ],
  [
    1397689200000,
    0.57
  ],
  [
    1397775600000,
    0.627
  ],
  [
    1397862000000,
    0.54
  ],
  [
    1397948400000,
    0.874
  ],
  [
    1398034800000,
    0.776
  ],
  [
    1398121200000,
    0.912
  ],
  [
    1398207600000,
    0.649
  ],
  [
    1398294000000,
    0.836
  ],
  [
    1398380400000,
    0.71
  ],
  [
    1398466800000,
    0.966
  ],
  [
    1398553200000,
    1.239
  ],
  [
    1398639600000,
    0.86
  ],
  [
    1398726000000,
    0.646
  ],
  [
    1398812400000,
    0.717
  ],
  [
    1398898800000,
    0.748
  ],
  [
    1398985200000,
    0.816
  ],
  [
    1399071600000,
    0.615
  ],
  [
    1399158000000,
    0.594
  ],
  [
    1399244400000,
    0.695
  ],
  [
    1399330800000,
    0.647
  ],
  [
    1399417200000,
    0.752
  ],
  [
    1399503600000,
    0.512
  ],
  [
    1399590000000,
    0.542
  ],
  [
    1399676400000,
    0.51
  ],
  [
    1399762800000,
    0.636
  ],
  [
    1399849200000,
    0.553
  ],
  [
    1399935600000,
    0.772
  ],
  [
    1400022000000,
    0.617
  ],
  [
    1400108400000,
    0.77
  ],
  [
    1400194800000,
    0.963
  ],
  [
    1400281200000,
    0.475
  ],
  [
    1400367600000,
    0.578
  ],
  [
    1400454000000,
    0.792
  ],
  [
    1400540400000,
    0.673
  ],
  [
    1400626800000,
    0.469
  ],
  [
    1400713200000,
    0.695
  ],
  [
    1400799600000,
    0.83
  ],
  [
    1400886000000,
    0.661
  ],
  [
    1400972400000,
    0.601
  ],
  [
    1401058800000,
    0.481
  ],
  [
    1401145200000,
    0.585
  ],
  [
    1401231600000,
    0.559
  ],
  [
    1401318000000,
    0.512
  ],
  [
    1401404400000,
    0.406
  ],
  [
    1401490800000,
    0.594
  ],
  [
    1401577200000,
    0.531
  ],
  [
    1401663600000,
    0.509
  ],
  [
    1401750000000,
    0.76
  ],
  [
    1401836400000,
    0.858
  ],
  [
    1401922800000,
    0.205
  ],
  [
    1402009200000,
    0.18
  ],
  [
    1402095600000,
    0.622
  ],
  [
    1402182000000,
    0.59
  ],
  [
    1402268400000,
    0.803
  ],
  [
    1402354800000,
    0.665
  ],
  [
    1402441200000,
    0.915
  ],
  [
    1402527600000,
    1.255
  ],
  [
    1402700400000,
    0.711
  ],
  [
    1402786800000,
    0.582
  ],
  [
    1402873200000,
    0.593
  ],
  [
    1402959600000,
    0.544
  ],
  [
    1403046000000,
    0.701
  ],
  [
    1403132400000,
    0.814
  ],
  [
    1403218800000,
    0.513
  ],
  [
    1403305200000,
    0.502
  ],
  [
    1403391600000,
    0.655
  ],
  [
    1403478000000,
    0.835
  ],
  [
    1403564400000,
    0.459
  ],
  [
    1403650800000,
    0.469
  ],
  [
    1403823600000,
    0.619
  ],
  [
    1403910000000,
    0.557
  ],
  [
    1403996400000,
    0.527
  ],
  [
    1404082800000,
    0.43
  ],
  [
    1404169200000,
    0.542
  ],
  [
    1404255600000,
    0.428
  ],
  [
    1404342000000,
    0.274
  ],
  [
    1404428400000,
    0.349
  ],
  [
    1404514800000,
    0.66
  ],
  [
    1404601200000,
    0.613
  ],
  [
    1404687600000,
    0.603
  ],
  [
    1404774000000,
    0.61
  ],
  [
    1404860400000,
    0.579
  ],
  [
    1404946800000,
    0.493
  ],
  [
    1405033200000,
    0.575
  ],
  [
    1405119600000,
    0.618
  ],
  [
    1405206000000,
    0.367
  ],
  [
    1405292400000,
    0.727
  ],
  [
    1405378800000,
    0.656
  ],
  [
    1405465200000,
    1.067
  ],
  [
    1405551600000,
    0.54
  ],
  [
    1405638000000,
    0.476
  ],
  [
    1405724400000,
    0.69
  ],
  [
    1405810800000,
    0.724
  ],
  [
    1405897200000,
    0.796
  ],
  [
    1405983600000,
    0.972
  ],
  [
    1406070000000,
    0.717
  ],
  [
    1406156400000,
    0.698
  ],
  [
    1406242800000,
    0.686
  ],
  [
    1406329200000,
    0.665
  ],
  [
    1406415600000,
    0.7
  ],
  [
    1406502000000,
    0.872
  ],
  [
    1406588400000,
    0.879
  ],
  [
    1406674800000,
    0.98
  ],
  [
    1406761200000,
    0.971
  ],
  [
    1406847600000,
    0.969
  ],
  [
    1406934000000,
    1.061
  ],
  [
    1407020400000,
    0.606
  ],
  [
    1407106800000,
    0.638
  ],
  [
    1407193200000,
    0.517
  ],
  [
    1407279600000,
    0.681
  ],
  [
    1407366000000,
    0.615
  ],
  [
    1407452400000,
    0.724
  ],
  [
    1407538800000,
    0.512
  ],
  [
    1407625200000,
    0.571
  ],
  [
    1407711600000,
    0.863
  ],
  [
    1407798000000,
    1.017
  ],
  [
    1407884400000,
    1.135
  ],
  [
    1407970800000,
    0.776
  ],
  [
    1408057200000,
    0.973
  ],
  [
    1408143600000,
    0.827
  ],
  [
    1408230000000,
    0.603
  ],
  [
    1408316400000,
    0.586
  ],
  [
    1408402800000,
    1.27
  ],
  [
    1408489200000,
    1.1
  ],
  [
    1408575600000,
    1.004
  ],
  [
    1408662000000,
    0.914
  ],
  [
    1408748400000,
    0.804
  ],
  [
    1408834800000,
    0.645
  ],
  [
    1408921200000,
    0.919
  ],
  [
    1409007600000,
    0.986
  ],
  [
    1409094000000,
    0.881
  ],
  [
    1409180400000,
    1.161
  ],
  [
    1409266800000,
    0.96
  ],
  [
    1409353200000,
    0.824
  ],
  [
    1409439600000,
    1.092
  ],
  [
    1409612400000,
    0.909
  ],
  [
    1409698800000,
    0.979
  ],
  [
    1409785200000,
    1.01
  ],
  [
    1409871600000,
    1.485
  ],
  [
    1409958000000,
    1.76
  ],
  [
    1410044400000,
    1.462
  ],
  [
    1410130800000,
    0.809
  ],
  [
    1410217200000,
    0.84
  ],
  [
    1410303600000,
    0.997
  ],
  [
    1410390000000,
    0.957
  ],
  [
    1410476400000,
    0.911
  ],
  [
    1410562800000,
    1.213
  ],
  [
    1410649200000,
    0.343
  ],
  [
    1410735600000,
    1
  ],
  [
    1410822000000,
    0.979
  ],
  [
    1410908400000,
    0.86
  ],
  [
    1410994800000,
    0.971
  ],
  [
    1411081200000,
    0.784
  ],
  [
    1411167600000,
    1.026
  ],
  [
    1411254000000,
    1.029
  ],
  [
    1411340400000,
    0.956
  ],
  [
    1411426800000,
    1.211
  ],
  [
    1411513200000,
    0.88
  ],
  [
    1411599600000,
    1.205
  ],
  [
    1411686000000,
    1.105
  ],
  [
    1411772400000,
    1.068
  ],
  [
    1411858800000,
    1.364
  ],
  [
    1411945200000,
    1.105
  ],
  [
    1412031600000,
    1.245
  ],
  [
    1412118000000,
    1.065
  ],
  [
    1412204400000,
    1.13
  ],
  [
    1412290800000,
    1.182
  ],
  [
    1412377200000,
    0.984
  ],
  [
    1412463600000,
    0.994
  ],
  [
    1412550000000,
    1.354
  ],
  [
    1412636400000,
    1.465
  ],
  [
    1412722800000,
    1.076
  ],
  [
    1412809200000,
    1.176
  ],
  [
    1412895600000,
    1.014
  ],
  [
    1412982000000,
    1.118
  ],
  [
    1413068400000,
    1.265
  ],
  [
    1413154800000,
    1.178
  ],
  [
    1413241200000,
    1.241
  ],
  [
    1413327600000,
    0.988
  ],
  [
    1413414000000,
    1.048
  ],
  [
    1413500400000,
    1.041
  ],
  [
    1413586800000,
    1.3
  ],
  [
    1413673200000,
    1.251
  ],
  [
    1413759600000,
    1.34
  ],
  [
    1413846000000,
    1.314
  ],
  [
    1413932400000,
    1.41
  ],
  [
    1414018800000,
    1.478
  ],
  [
    1414105200000,
    1.013
  ],
  [
    1414191600000,
    1.151
  ],
  [
    1414278000000,
    0.913
  ],
  [
    1414368000000,
    0.848
  ],
  [
    1414454400000,
    0.756
  ],
  [
    1414540800000,
    0.644
  ],
  [
    1414627200000,
    1.435
  ],
  [
    1414800000000,
    0.771
  ],
  [
    1414886400000,
    1.034
  ],
  [
    1414972800000,
    0.975
  ],
  [
    1415059200000,
    1.06
  ],
  [
    1415232000000,
    1.332
  ],
  [
    1415577600000,
    0.713
  ],
  [
    1415664000000,
    1.245
  ],
  [
    1415750400000,
    1.07
  ],
  [
    1415836800000,
    0.69
  ],
  [
    1415923200000,
    0.858
  ],
  [
    1416009600000,
    1.001
  ],
  [
    1416182400000,
    1.19
  ],
  [
    1416268800000,
    1.248
  ],
  [
    1416528000000,
    1.241
  ],
  [
    1416614400000,
    1.235
  ],
  [
    1416700800000,
    1.26
  ],
  [
    1416787200000,
    1.07
  ],
  [
    1416873600000,
    1.095
  ],
  [
    1416960000000,
    1.135
  ],
  [
    1417046400000,
    0.945
  ],
  [
    1417132800000,
    1.613
  ],
  [
    1417219200000,
    1.684
  ],
  [
    1417392000000,
    1.141
  ],
  [
    1417478400000,
    1.164
  ],
  [
    1417564800000,
    1.322
  ],
  [
    1417651200000,
    1.076
  ],
  [
    1417737600000,
    1.148
  ],
  [
    1417824000000,
    1.217
  ],
  [
    1417910400000,
    1.13
  ],
  [
    1417996800000,
    1.077
  ],
  [
    1418083200000,
    0.973
  ],
  [
    1418169600000,
    1.611
  ],
  [
    1418256000000,
    1.207
  ],
  [
    1418342400000,
    1.24
  ],
  [
    1418428800000,
    1.24
  ],
  [
    1418515200000,
    1.041
  ],
  [
    1418688000000,
    0.968
  ],
  [
    1418860800000,
    0.896
  ],
  [
    1418947200000,
    1.163
  ],
  [
    1419033600000,
    1.32
  ],
  [
    1419120000000,
    1.103
  ],
  [
    1419206400000,
    0.813
  ],
  [
    1419292800000,
    0.942
  ],
  [
    1419379200000,
    0.852
  ],
  [
    1419465600000,
    0.931
  ],
  [
    1419552000000,
    1.1
  ],
  [
    1419638400000,
    0.978
  ],
  [
    1419724800000,
    0.965
  ],
  [
    1419811200000,
    1.051
  ],
  [
    1419897600000,
    0.801
  ],
  [
    1419984000000,
    1.149
  ],
  [
    1420070400000,
    1.343
  ],
  [
    1420156800000,
    1.246
  ],
  [
    1420243200000,
    1.23
  ],
  [
    1420329600000,
    1.263
  ],
  [
    1420416000000,
    1.182
  ],
  [
    1420502400000,
    1.296
  ],
  [
    1420588800000,
    1.358
  ],
  [
    1420675200000,
    1.931
  ],
  [
    1420761600000,
    1.995
  ],
  [
    1420848000000,
    1.561
  ],
  [
    1420934400000,
    1.298
  ],
  [
    1421020800000,
    1.469
  ],
  [
    1421107200000,
    1.634
  ],
  [
    1421193600000,
    1.712
  ],
  [
    1421280000000,
    1.708
  ],
  [
    1421366400000,
    1.722
  ],
  [
    1421539200000,
    1.76
  ],
  [
    1421625600000,
    1.748
  ],
  [
    1421712000000,
    1.596
  ],
  [
    1421798400000,
    1.536
  ],
  [
    1421884800000,
    1.626
  ],
  [
    1422057600000,
    2.285
  ],
  [
    1422144000000,
    1.249
  ],
  [
    1422230400000,
    1.23
  ],
  [
    1422316800000,
    1.429
  ],
  [
    1422403200000,
    1.519
  ],
  [
    1422489600000,
    1.69
  ],
  [
    1422576000000,
    1.455
  ],
  [
    1422662400000,
    1.264
  ],
  [
    1422748800000,
    1.502
  ],
  [
    1422835200000,
    1.915
  ],
  [
    1423008000000,
    1.615
  ],
  [
    1423094400000,
    1.678
  ],
  [
    1423180800000,
    1.806
  ],
  [
    1423267200000,
    1.737
  ],
  [
    1423353600000,
    2.035
  ],
  [
    1423440000000,
    1.688
  ],
  [
    1423526400000,
    1.625
  ],
  [
    1423612800000,
    1.76
  ],
  [
    1423699200000,
    1.689
  ],
  [
    1423785600000,
    1.583
  ],
  [
    1423872000000,
    1.294
  ],
  [
    1423958400000,
    1.651
  ],
  [
    1424044800000,
    1.392
  ],
  [
    1424131200000,
    1.52
  ],
  [
    1424217600000,
    1.691
  ],
  [
    1424304000000,
    1.092
  ],
  [
    1424390400000,
    1.489
  ],
  [
    1424736000000,
    1.571
  ],
  [
    1424908800000,
    1.511
  ],
  [
    1424995200000,
    1.383
  ],
  [
    1425081600000,
    1.37
  ],
  [
    1425168000000,
    1.52
  ],
  [
    1425254400000,
    1.47
  ],
  [
    1425340800000,
    2.108
  ],
  [
    1425427200000,
    1.143
  ],
  [
    1425513600000,
    1.55
  ],
  [
    1425600000000,
    1.681
  ],
  [
    1425686400000,
    2.685
  ],
  [
    1425772800000,
    3.055
  ],
  [
    1425859200000,
    0.99
  ],
  [
    1426118400000,
    3
  ],
  [
    1426291200000,
    2.869
  ],
  [
    1426377600000,
    1.876
  ],
  [
    1426464000000,
    1.632
  ],
  [
    1426550400000,
    2.048
  ],
  [
    1426636800000,
    1.9
  ],
  [
    1426723200000,
    2.339
  ],
  [
    1426809600000,
    1.971
  ],
  [
    1426896000000,
    2.372
  ],
  [
    1426982400000,
    2.008
  ],
  [
    1427068800000,
    2.18
  ],
  [
    1427155200000,
    2.089
  ],
  [
    1427241600000,
    2.467
  ],
  [
    1427500800000,
    3.161
  ],
  [
    1427842800000,
    2.485
  ],
  [
    1427929200000,
    2.317
  ],
  [
    1428015600000,
    2.179
  ],
  [
    1428102000000,
    2.168
  ],
  [
    1428188400000,
    2.398
  ],
  [
    1428274800000,
    2.55
  ],
  [
    1428361200000,
    2.411
  ],
  [
    1428447600000,
    2.358
  ],
  [
    1428534000000,
    3.017
  ],
  [
    1428620400000,
    3.269
  ],
  [
    1428706800000,
    2.55
  ],
  [
    1428793200000,
    2.38
  ],
  [
    1428966000000,
    1.982
  ],
  [
    1429052400000,
    1.908
  ],
  [
    1429138800000,
    2.505
  ],
  [
    1429225200000,
    2.665
  ],
  [
    1429311600000,
    2.793
  ],
  [
    1429398000000,
    1.913
  ],
  [
    1429484400000,
    2.592
  ],
  [
    1429570800000,
    1.491
  ],
  [
    1429657200000,
    1.72
  ],
  [
    1429743600000,
    2.067
  ],
  [
    1429830000000,
    1.705
  ],
  [
    1429916400000,
    1.95
  ],
  [
    1430002800000,
    1.94
  ],
  [
    1430089200000,
    2.104
  ],
  [
    1430175600000,
    2.167
  ],
  [
    1430262000000,
    2.485
  ],
  [
    1430348400000,
    2.035
  ],
  [
    1430434800000,
    2.14
  ],
  [
    1430521200000,
    1.338
  ],
  [
    1430607600000,
    2.036
  ],
  [
    1430780400000,
    2.26
  ],
  [
    1430866800000,
    1.835
  ],
  [
    1431039600000,
    1.76
  ],
  [
    1431126000000,
    1.642
  ],
  [
    1431212400000,
    2.035
  ],
  [
    1431298800000,
    1.895
  ],
  [
    1431471600000,
    2.091
  ],
  [
    1431558000000,
    2.185
  ],
  [
    1431644400000,
    2.45
  ],
  [
    1431730800000,
    2.39
  ],
  [
    1431817200000,
    2.206
  ],
  [
    1431903600000,
    2.92
  ],
  [
    1431990000000,
    2.352
  ],
  [
    1432076400000,
    2.33
  ],
  [
    1432162800000,
    2.3
  ],
  [
    1432249200000,
    2.26
  ],
  [
    1432422000000,
    1.905
  ],
  [
    1432508400000,
    1.752
  ],
  [
    1432681200000,
    1.609
  ],
  [
    1432767600000,
    1.425
  ],
  [
    1432854000000,
    1.435
  ],
  [
    1432940400000,
    1.595
  ],
  [
    1433026800000,
    1.817
  ],
  [
    1433113200000,
    1.986
  ],
  [
    1433199600000,
    2.13
  ],
  [
    1433286000000,
    1.72
  ],
  [
    1433372400000,
    1.935
  ],
  [
    1433458800000,
    24.312
  ],
  [
    1433545200000,
    1.635
  ],
  [
    1433631600000,
    2.027
  ],
  [
    1433718000000,
    1.95
  ],
  [
    1433804400000,
    1.8
  ],
  [
    1433890800000,
    1.13
  ],
  [
    1433977200000,
    1.797
  ],
  [
    1434236400000,
    2.163
  ],
  [
    1434322800000,
    1.843
  ],
  [
    1434409200000,
    1.851
  ],
  [
    1434582000000,
    1.821
  ],
  [
    1434668400000,
    1.405
  ],
  [
    1434754800000,
    1.832
  ],
  [
    1434841200000,
    1.715
  ],
  [
    1434927600000,
    1.635
  ],
  [
    1435014000000,
    1.726
  ],
  [
    1435100400000,
    1.845
  ],
  [
    1435273200000,
    2.055
  ],
  [
    1435359600000,
    1.694
  ],
  [
    1435446000000,
    1.863
  ],
  [
    1435532400000,
    2.052
  ],
  [
    1435618800000,
    2.238
  ],
  [
    1435705200000,
    2.08
  ],
  [
    1435791600000,
    1.791
  ],
  [
    1435964400000,
    2.15
  ],
  [
    1436050800000,
    2.149
  ],
  [
    1436223600000,
    2.142
  ],
  [
    1436396400000,
    2.049
  ],
  [
    1436482800000,
    1.98
  ],
  [
    1436569200000,
    2.224
  ],
  [
    1436655600000,
    2.31
  ],
  [
    1436828400000,
    3.081
  ],
  [
    1437001200000,
    3.771
  ],
  [
    1437087600000,
    3.745
  ],
  [
    1437346800000,
    2.569
  ],
  [
    1437433200000,
    2.103
  ],
  [
    1437606000000,
    2.54
  ],
  [
    1437692400000,
    1.98
  ],
  [
    1437778800000,
    2.508
  ],
  [
    1437865200000,
    3.28
  ],
  [
    1438038000000,
    1.882
  ],
  [
    1438297200000,
    3.102
  ],
  [
    1438383600000,
    2.756
  ],
  [
    1438470000000,
    2.532
  ],
  [
    1438556400000,
    2.64
  ],
  [
    1438642800000,
    2.476
  ],
  [
    1438729200000,
    2.966
  ],
  [
    1438815600000,
    3.169
  ],
  [
    1438902000000,
    3.259
  ],
  [
    1438988400000,
    3.2
  ],
  [
    1439074800000,
    2.844
  ],
  [
    1439161200000,
    2.976
  ],
  [
    1439247600000,
    2.71
  ],
  [
    1439334000000,
    3.327
  ],
  [
    1439420400000,
    4
  ],
  [
    1439506800000,
    3.888
  ],
  [
    1439593200000,
    3.927
  ],
  [
    1439679600000,
    2.909
  ],
  [
    1439938800000,
    2.291
  ],
  [
    1440025200000,
    2.414
  ],
  [
    1440111600000,
    2.193
  ],
  [
    1440198000000,
    2.088
  ],
  [
    1440370800000,
    2.45
  ],
  [
    1440457200000,
    1.99
  ],
  [
    1440543600000,
    2.2
  ],
  [
    1440630000000,
    2.235
  ],
  [
    1440716400000,
    2.342
  ],
  [
    1440889200000,
    2.865
  ],
  [
    1440975600000,
    2.973
  ],
  [
    1441407600000,
    2.656
  ],
  [
    1441494000000,
    2.027
  ],
  [
    1441580400000,
    1.701
  ],
  [
    1441753200000,
    2.239
  ],
  [
    1442012400000,
    2.561
  ],
  [
    1442098800000,
    2.8
  ],
  [
    1442271600000,
    2.48
  ],
  [
    1442358000000,
    2.039
  ],
  [
    1442444400000,
    2.093
  ],
  [
    1442530800000,
    2.467
  ],
  [
    1442703600000,
    2.673
  ],
  [
    1442790000000,
    3.678
  ],
  [
    1442876400000,
    3.544
  ],
  [
    1442962800000,
    1.512
  ],
  [
    1443049200000,
    2.759
  ],
  [
    1443135600000,
    2.947
  ],
  [
    1443308400000,
    3.913
  ],
  [
    1443394800000,
    2.314
  ],
  [
    1443481200000,
    2.1
  ],
  [
    1443567600000,
    2.303
  ],
  [
    1443740400000,
    2.461
  ],
  [
    1443826800000,
    3.055
  ],
  [
    1444258800000,
    2.393
  ],
  [
    1444345200000,
    2.152
  ],
  [
    1444431600000,
    3.624
  ],
  [
    1444518000000,
    2.202
  ],
  [
    1444604400000,
    2.486
  ],
  [
    1444863600000,
    2.277
  ],
  [
    1444950000000,
    2.27
  ],
  [
    1445295600000,
    2.36
  ],
  [
    1445382000000,
    2.054
  ],
  [
    1445468400000,
    2.268
  ],
  [
    1445641200000,
    2.417
  ],
  [
    1445727600000,
    2.954
  ],
  [
    1445817600000,
    2.961
  ],
  [
    1445904000000,
    3.064
  ],
  [
    1445990400000,
    3.19
  ],
  [
    1446163200000,
    2.891
  ],
  [
    1446249600000,
    2.813
  ],
  [
    1446336000000,
    3.307
  ],
  [
    1446422400000,
    2.945
  ],
  [
    1446595200000,
    3.285
  ],
  [
    1446681600000,
    2.793
  ],
  [
    1446854400000,
    3.003
  ],
  [
    1447027200000,
    2.94
  ],
  [
    1447113600000,
    2.197
  ],
  [
    1447200000000,
    2.726
  ],
  [
    1447286400000,
    2.879
  ],
  [
    1447459200000,
    3.475
  ],
  [
    1447545600000,
    3.004
  ],
  [
    1447718400000,
    3.573
  ],
  [
    1447977600000,
    3.634
  ],
  [
    1448064000000,
    3.07
  ],
  [
    1448236800000,
    3.503
  ],
  [
    1448323200000,
    4.502
  ],
  [
    1448582400000,
    4.471
  ],
  [
    1448755200000,
    4.502
  ],
  [
    1449014400000,
    4.392
  ],
  [
    1449100800000,
    4.556
  ],
  [
    1449187200000,
    4.821
  ],
  [
    1449273600000,
    4.993
  ],
  [
    1449532800000,
    2.804
  ],
  [
    1449619200000,
    4.907
  ],
  [
    1449705600000,
    3.635
  ],
  [
    1449792000000,
    3.928
  ],
  [
    1449878400000,
    3.609
  ],
  [
    1449964800000,
    4.378
  ],
  [
    1450051200000,
    4.93
  ],
  [
    1450137600000,
    4.462
  ],
  [
    1450224000000,
    4.295
  ],
  [
    1450396800000,
    4.316
  ],
  [
    1450483200000,
    4.03
  ],
  [
    1450569600000,
    5.449
  ],
  [
    1450656000000,
    5.375
  ],
  [
    1450742400000,
    5.93
  ],
  [
    1451001600000,
    5.027
  ],
  [
    1451088000000,
    5.7
  ],
  [
    1451174400000,
    3.77
  ],
  [
    1451260800000,
    5.221
  ],
  [
    1451347200000,
    4.254
  ],
  [
    1451433600000,
    4.653
  ],
  [
    1451779200000,
    2.691
  ],
  [
    1451952000000,
    1.84
  ],
  [
    1452038400000,
    3.181
  ],
  [
    1452124800000,
    3.608
  ],
  [
    1452211200000,
    4.287
  ],
  [
    1452297600000,
    4.201
  ],
  [
    1452384000000,
    4.634
  ],
  [
    1452470400000,
    5.25
  ],
  [
    1452556800000,
    5.212
  ],
  [
    1452902400000,
    5.333
  ],
  [
    1452988800000,
    5.189
  ],
  [
    1453075200000,
    5.157
  ],
  [
    1453334400000,
    4.354
  ],
  [
    1453593600000,
    4.394
  ],
  [
    1453680000000,
    5.348
  ],
  [
    1453766400000,
    5.283
  ],
  [
    1453852800000,
    5.272
  ],
  [
    1453939200000,
    5.326
  ],
  [
    1454112000000,
    5.415
  ],
  [
    1454198400000,
    6.003
  ],
  [
    1454284800000,
    5.328
  ],
  [
    1454371200000,
    4.05
  ],
  [
    1454457600000,
    5.25
  ],
  [
    1454544000000,
    5.033
  ],
  [
    1454716800000,
    7.146
  ],
  [
    1454803200000,
    5.284
  ],
  [
    1454976000000,
    4.528
  ],
  [
    1455062400000,
    3.381
  ],
  [
    1455148800000,
    3.656
  ],
  [
    1455494400000,
    4.394
  ],
  [
    1455667200000,
    4.425
  ],
  [
    1455753600000,
    4.009
  ],
  [
    1455926400000,
    4.205
  ],
  [
    1456272000000,
    4.405
  ],
  [
    1456358400000,
    4.387
  ],
  [
    1456617600000,
    4
  ],
  [
    1456790400000,
    5.006
  ],
  [
    1456876800000,
    4.027
  ],
  [
    1457308800000,
    4.366
  ],
  [
    1457827200000,
    4.747
  ],
  [
    1457913600000,
    5.568
  ],
  [
    1458000000000,
    4.481
  ],
  [
    1458086400000,
    4.445
  ],
  [
    1458345600000,
    3.175
  ],
  [
    1458518400000,
    3.927
  ],
  [
    1458691200000,
    3.683
  ],
  [
    1458777600000,
    3.419
  ],
  [
    1459036800000,
    4.616
  ],
  [
    1459292400000,
    4.197
  ],
  [
    1459465200000,
    3.98
  ],
  [
    1459724400000,
    3.997
  ],
  [
    1460070000000,
    4.215
  ],
  [
    1460329200000,
    3.77
  ],
  [
    1460502000000,
    4.599
  ],
  [
    1460761200000,
    2.59
  ],
  [
    1460847600000,
    5.18
  ],
  [
    1460934000000,
    5.06
  ],
  [
    1461279600000,
    3.837
  ],
  [
    1461366000000,
    4.236
  ],
  [
    1461452400000,
    4.494
  ],
  [
    1461538800000,
    6.505
  ],
  [
    1462143600000,
    3.876
  ],
  [
    1462230000000,
    3.443
  ],
  [
    1462316400000,
    6.335
  ],
  [
    1462575600000,
    3.642
  ],
  [
    1462662000000,
    6.056
  ],
  [
    1462834800000,
    5.715
  ],
  [
    1463007600000,
    5.969
  ],
  [
    1463094000000,
    6.833
  ],
  [
    1463612400000,
    6.003
  ],
  [
    1463698800000,
    5.603
  ],
  [
    1463785200000,
    7.509
  ],
  [
    1463871600000,
    7.6
  ],
  [
    1464303600000,
    7.53
  ],
  [
    1464390000000,
    7.222
  ],
  [
    1464476400000,
    4.66
  ],
  [
    1464735600000,
    3.36
  ],
  [
    1464908400000,
    4.5
  ],
  [
    1464994800000,
    4.67
  ],
  [
    1465081200000,
    4.487
  ],
  [
    1465167600000,
    5.187
  ],
  [
    1465426800000,
    6.001
  ],
  [
    1465686000000,
    4.983
  ],
  [
    1465772400000,
    4.944
  ],
  [
    1465945200000,
    5.399
  ],
  [
    1466118000000,
    4.811
  ],
  [
    1466290800000,
    4.683
  ],
  [
    1466377200000,
    4.933
  ],
  [
    1466636400000,
    5.32
  ],
  [
    1466809200000,
    9.1
  ],
  [
    1467154800000,
    3.206
  ],
  [
    1467586800000,
    0.527
  ],
  [
    1467759600000,
    4.069
  ],
  [
    1467846000000,
    2.116
  ],
  [
    1467932400000,
    3.68
  ],
  [
    1468191600000,
    7.803
  ],
  [
    1468278000000,
    95.29
  ],
  [
    1468450800000,
    4.915
  ],
  [
    1468537200000,
    5.773
  ],
  [
    1468882800000,
    4.741
  ],
  [
    1468969200000,
    5.59
  ],
  [
    1469487600000,
    4.011
  ],
  [
    1469574000000,
    4.245
  ],
  [
    1469919600000,
    4.735
  ],
  [
    1470178800000,
    3.614
  ],
  [
    1470524400000,
    3.4
  ],
  [
    1470610800000,
    2.012
  ],
  [
    1470697200000,
    2.617
  ],
  [
    1470783600000,
    2.228
  ],
  [
    1471042800000,
    3.144
  ],
  [
    1471388400000,
    3.75
  ],
  [
    1471561200000,
    3.93
  ],
  [
    1471820400000,
    3.52
  ],
  [
    1471993200000,
    4.43
  ],
  [
    1472252400000,
    4.749
  ],
  [
    1472857200000,
    4.5
  ],
  [
    1473375600000,
    4.15
  ],
  [
    1473548400000,
    5.08
  ],
  [
    1474066800000,
    2.5
  ],
  [
    1474844400000,
    2.01
  ],
  [
    1475017200000,
    2.64
  ],
  [
    1475708400000,
    3.904
  ],
  [
    1476399600000,
    3.817
  ],
  [
    1476572400000,
    3.838
  ],
  [
    1476658800000,
    3.5
  ],
  [
    1476918000000,
    2.656
  ],
  [
    1477263600000,
    4.508
  ],
  [
    1477609200000,
    1.723
  ],
  [
    1478131200000,
    1.628
  ],
  [
    1478563200000,
    1.606
  ],
  [
    1478736000000,
    1.457
  ],
  [
    1478908800000,
    1.58
  ],
  [
    1478995200000,
    3.429
  ],
  [
    1479168000000,
    2.712
  ],
  [
    1479340800000,
    2.74
  ],
  [
    1479427200000,
    2.734
  ],
  [
    1479686400000,
    2.67
  ],
  [
    1479945600000,
    3.268
  ],
  [
    1480291200000,
    3.241
  ],
  [
    1480377600000,
    2.44
  ],
  [
    1480809600000,
    3.02
  ],
  [
    1480896000000,
    3.685
  ],
  [
    1480982400000,
    4.027
  ],
  [
    1481241600000,
    3.271
  ],
  [
    1481414400000,
    3.3
  ],
  [
    1481673600000,
    4.627
  ],
  [
    1482019200000,
    4.307
  ],
  [
    1482105600000,
    2.439
  ],
  [
    1482710400000,
    4.289
  ],
  [
    1482796800000,
    2.72
  ],
  [
    1483488000000,
    2.65
  ],
  [
    1483574400000,
    4.46
  ],
  [
    1484006400000,
    3.312
  ],
  [
    1484092800000,
    4.382
  ],
  [
    1484179200000,
    2.9
  ],
  [
    1484265600000,
    4.381
  ],
  [
    1484611200000,
    4.255
  ],
  [
    1484697600000,
    2.91
  ],
  [
    1484956800000,
    4.367
  ],
  [
    1485216000000,
    4.207
  ],
  [
    1485388800000,
    3.99
  ],
  [
    1485561600000,
    4.014
  ],
  [
    1486166400000,
    4.025
  ],
  [
    1486684800000,
    4.365
  ],
  [
    1486771200000,
    4.26
  ],
  [
    1486857600000,
    4.095
  ],
  [
    1487635200000,
    4.385
  ],
  [
    1488067200000,
    4.313
  ],
  [
    1488240000000,
    3.627
  ],
  [
    1488585600000,
    4.524
  ],
  [
    1488931200000,
    3.79
  ],
  [
    1489017600000,
    3.62
  ],
  [
    1489104000000,
    4.23
  ],
  [
    1490313600000,
    4.2
  ],
  [
    1490655600000,
    4.23
  ],
  [
    1491519600000,
    4.121
  ],
  [
    1491606000000,
    4.88
  ],
  [
    1492383600000,
    4.12
  ],
  [
    1492729200000,
    5.035
  ],
  [
    1492902000000,
    5.026
  ],
  [
    1492988400000,
    5
  ],
  [
    1493074800000,
    5.01
  ],
  [
    1493593200000,
    5.451
  ],
  [
    1493852400000,
    7.522
  ],
  [
    1494025200000,
    5.06
  ],
  [
    1494284400000,
    5.704
  ],
  [
    1494370800000,
    4.77
  ],
  [
    1494630000000,
    4.577
  ],
  [
    1494716400000,
    5.464
  ],
  [
    1494889200000,
    5.651
  ],
  [
    1495148400000,
    5.201
  ],
  [
    1495234800000,
    6.532
  ],
  [
    1495321200000,
    5.905
  ],
  [
    1496012400000,
    5.99
  ],
  [
    1496098800000,
    4.669
  ],
  [
    1496271600000,
    4.496
  ],
  [
    1496703600000,
    5.197
  ],
  [
    1497135600000,
    5.95
  ],
  [
    1497481200000,
    6.004
  ],
  [
    1497740400000,
    6.143
  ],
  [
    1497826800000,
    6.9
  ],
  [
    1497913200000,
    6.367
  ],
  [
    1498604400000,
    6.396
  ],
  [
    1498690800000,
    4.07
  ],
  [
    1498950000000,
    4.04
  ],
  [
    1499382000000,
    3.81
  ],
  [
    1499468400000,
    5.669
  ],
  [
    1499641200000,
    4.778
  ],
  [
    1500505200000,
    5.31
  ],
  [
    1500591600000,
    4.806
  ],
  [
    1500764400000,
    7.003
  ],
  [
    1501282800000,
    4.685
  ],
  [
    1501974000000,
    3.489
  ],
  [
    1502319600000,
    3.6
  ],
  [
    1502492400000,
    4.683
  ],
  [
    1502665200000,
    4.163
  ],
  [
    1502924400000,
    4.15
  ],
  [
    1503183600000,
    4.565
  ],
  [
    1503442800000,
    6.21
  ],
  [
    1503788400000,
    5.827
  ],
  [
    1503961200000,
    6.06
  ],
  [
    1504047600000,
    6
  ],
  [
    1504306800000,
    5.982
  ],
  [
    1504393200000,
    6.008
  ],
  [
    1505430000000,
    5.95
  ],
  [
    1505775600000,
    6.35
  ],
  [
    1506034800000,
    6.38
  ],
  [
    1506121200000,
    6.877
  ],
  [
    1506207600000,
    5.99
  ],
  [
    1506380400000,
    6
  ],
  [
    1507071600000,
    7.276
  ],
  [
    1508713200000,
    7.309
  ],
  [
    1509753600000,
    7.13
  ],
  [
    1510963200000,
    6.98
  ],
  [
    1511654400000,
    5.165
  ],
  [
    1512259200000,
    6.106
  ],
  [
    1512518400000,
    3.544
  ],
  [
    1512691200000,
    4.711
  ],
  [
    1512777600000,
    6.09
  ],
  [
    1513209600000,
    4.721
  ],
  [
    1513468800000,
    6.004
  ],
  [
    1513987200000,
    3.552
  ],
  [
    1515110400000,
    5.749
  ],
  [
    1515628800000,
    6.23
  ],
  [
    1515715200000,
    4.601
  ],
  [
    1516147200000,
    3.71
  ],
  [
    1516233600000,
    3.615
  ],
  [
    1516320000000,
    3.986
  ],
  [
    1516406400000,
    5.074
  ],
  [
    1516492800000,
    4.898
  ],
  [
    1516579200000,
    3.229
  ],
  [
    1516665600000,
    3.68
  ],
  [
    1516752000000,
    4.723
  ],
  [
    1517011200000,
    4.899
  ],
  [
    1517356800000,
    4.975
  ],
  [
    1517616000000,
    6.236
  ],
  [
    1517788800000,
    6.154
  ],
  [
    1519776000000,
    6.32
  ],
  [
    1520035200000,
    6.16
  ],
  [
    1520467200000,
    5.701
  ],
  [
    1520640000000,
    6.279
  ],
  [
    1520985600000,
    4.21
  ],
  [
    1521417600000,
    6.17
  ],
  [
    1521936000000,
    6.054
  ],
  [
    1522882800000,
    3.88
  ],
  [
    1523142000000,
    5.508
  ],
  [
    1523314800000,
    5.538
  ],
  [
    1523660400000,
    3.95
  ],
  [
    1524006000000,
    5.17
  ],
  [
    1524438000000,
    3.915
  ],
  [
    1525734000000,
    5.285
  ],
  [
    1526338800000,
    4.404
  ],
  [
    1526425200000,
    3.68
  ],
  [
    1527462000000,
    4.165
  ],
  [
    1527721200000,
    5
  ],
  [
    1527807600000,
    4.657
  ],
  [
    1528066800000,
    4.397
  ],
  [
    1528153200000,
    4.926
  ],
  [
    1528758000000,
    3.95
  ],
  [
    1529017200000,
    5.369
  ],
  [
    1530313200000,
    4.126
  ],
  [
    1530399600000,
    4.775
  ],
  [
    1530918000000,
    4.947
  ],
  [
    1531263600000,
    4.271
  ],
  [
    1531695600000,
    6.421
  ],
  [
    1531954800000,
    4.308
  ],
  [
    1532991600000,
    5.265
  ],
  [
    1533164400000,
    5.75
  ],
  [
    1536102000000,
    5.704
  ],
  [
    1536879600000,
    6.323
  ],
  [
    1537052400000,
    4.46
  ],
  [
    1537398000000,
    5.775
  ],
  [
    1538089200000,
    4.12
  ],
  [
    1539298800000,
    4.218
  ],
  [
    1539558000000,
    6.251
  ],
  [
    1541203200000,
    6.491
  ],
  [
    1542326400000,
    3.98
  ],
  [
    1542758400000,
    3.993
  ],
  [
    1543017600000,
    5.899
  ],
  [
    1544227200000,
    3.694
  ],
  [
    1544400000000,
    6.03
  ],
  [
    1544659200000,
    3.401
  ],
  [
    1545696000000,
    6.21
  ],
  [
    1546732800000,
    4.255
  ],
  [
    1546819200000,
    4.232
  ],
  [
    1549497600000,
    6.038
  ],
  [
    1549670400000,
    4.25
  ],
  [
    1550534400000,
    4.277
  ],
  [
    1550880000000,
    5.029
  ],
  [
    1551916800000,
    5.899
  ],
  [
    1552348800000,
    4.347
  ],
  [
    1552608000000,
    5.547
  ],
  [
    1553472000000,
    3.13
  ],
  [
    1553731200000,
    5.518
  ],
  [
    1554505200000,
    5.164
  ],
  [
    1554850800000,
    4.3
  ],
  [
    1555023600000,
    5.581
  ],
  [
    1555196400000,
    6.156
  ],
  [
    1555455600000,
    5.999
  ],
  [
    1555801200000,
    5.361
  ],
  [
    1555887600000,
    5.229
  ],
  [
    1555974000000,
    4.799
  ],
  [
    1556060400000,
    3.601
  ],
  [
    1556146800000,
    5.555
  ],
  [
    1556319600000,
    5.775
  ],
  [
    1557788400000,
    6.234
  ],
  [
    1557874800000,
    4.471
  ],
  [
    1558047600000,
    2.866
  ],
  [
    1558134000000,
    2.549
  ],
  [
    1558566000000,
    2.592
  ],
  [
    1558738800000,
    2.595
  ],
  [
    1558825200000,
    3.989
  ],
  [
    1558911600000,
    4.332
  ],
  [
    1559084400000,
    6.03
  ],
  [
    1559170800000,
    5.95
  ],
  [
    1559862000000,
    3.616
  ],
  [
    1559948400000,
    3.81
  ],
  [
    1560553200000,
    2.569
  ],
  [
    1560898800000,
    5.204
  ],
  [
    1561158000000,
    2.7
  ],
  [
    1561676400000,
    2.69
  ],
  [
    1562281200000,
    4.718
  ],
  [
    1563058800000,
    5.66
  ],
  [
    1563404400000,
    5.84
  ],
  [
    1564354800000,
    5.507
  ],
  [
    1564527600000,
    5.864
  ],
  [
    1565305200000,
    3.988
  ],
  [
    1565478000000,
    3.269
  ],
  [
    1566687600000,
    3.42
  ],
  [
    1566946800000,
    4.378
  ],
  [
    1567378800000,
    4.369
  ],
  [
    1567638000000,
    3.901
  ],
  [
    1567810800000,
    7.33
  ],
  [
    1568070000000,
    3.96
  ],
  [
    1569020400000,
    3.861
  ],
  [
    1569970800000,
    3.495
  ],
  [
    1570489200000,
    5.725
  ],
  [
    1571266800000,
    3.29
  ],
  [
    1571353200000,
    4.359
  ],
  [
    1571439600000,
    3.675
  ],
  [
    1571526000000,
    4.45
  ],
  [
    1571698800000,
    3.464
  ],
  [
    1571785200000,
    3.831
  ],
  [
    1571958000000,
    3.42
  ],
  [
    1572044400000,
    4.266
  ],
  [
    1573603200000,
    5.38
  ],
  [
    1574812800000,
    2.95
  ],
  [
    1575936000000,
    5.61
  ],
  [
    1576627200000,
    4.795
  ],
  [
    1576972800000,
    4.253
  ],
  [
    1577145600000,
    4.34
  ],
  [
    1577491200000,
    3.962
  ],
  [
    1577664000000,
    5.4
  ],
  [
    1577836800000,
    3.3
  ],
  [
    1578182400000,
    4.505
  ],
  [
    1578441600000,
    4.435
  ],
  [
    1578614400000,
    4.453
  ],
  [
    1579219200000,
    4.024
  ],
  [
    1579737600000,
    5.485
  ],
  [
    1580860800000,
    5.501
  ],
  [
    1581984000000,
    5.406
  ],
  [
    1583107200000,
    4.237
  ],
  [
    1583452800000,
    5.725
  ],
  [
    1583971200000,
    4.58
  ],
  [
    1584230400000,
    4.577
  ],
  [
    1584576000000,
    4
  ],
  [
    1585008000000,
    3.11
  ],
  [
    1585180800000,
    3.081
  ],
  [
    1585267200000,
    3.764
  ],
  [
    1586127600000,
    2.962
  ],
  [
    1586386800000,
    3.291
  ],
  [
    1586473200000,
    3.139
  ],
  [
    1586646000000,
    4.39
  ],
  [
    1586991600000,
    3.18
  ],
  [
    1587164400000,
    3.507
  ],
  [
    1587337200000,
    2.967
  ],
  [
    1587510000000,
    2.8
  ],
  [
    1588028400000,
    3.534
  ],
  [
    1588374000000,
    3.112
  ],
  [
    1588633200000,
    3.05
  ],
  [
    1588719600000,
    4.282
  ],
  [
    1589151600000,
    4.281
  ],
  [
    1589324400000,
    4.171
  ],
  [
    1589410800000,
    4.6
  ],
  [
    1590274800000,
    5.727
  ],
  [
    1590447600000,
    3.807
  ],
  [
    1590793200000,
    5.882
  ],
  [
    1591052400000,
    3.829
  ],
  [
    1591225200000,
    4.654
  ],
  [
    1591657200000,
    5.25
  ],
  [
    1591743600000,
    3.857
  ],
  [
    1592866800000,
    5.404
  ],
  [
    1593039600000,
    3.873
  ],
  [
    1593212400000,
    5.174
  ],
  [
    1593298800000,
    3.717
  ],
  [
    1593385200000,
    3.593
  ],
  [
    1593471600000,
    3.26
  ],
  [
    1594162800000,
    3.763
  ],
  [
    1594249200000,
    3.741
  ],
  [
    1594594800000,
    4.49
  ],
  [
    1594681200000,
    4.4
  ],
  [
    1594854000000,
    4.153
  ],
  [
    1594940400000,
    4.796
  ],
  [
    1595372400000,
    5.36
  ],
  [
    1595545200000,
    5.209
  ],
  [
    1597186800000,
    4.014
  ],
  [
    1597359600000,
    4.049
  ],
  [
    1597446000000,
    5.13
  ],
  [
    1597791600000,
    3.785
  ],
  [
    1597878000000,
    3.829
  ],
  [
    1599260400000,
    4.096
  ],
  [
    1600556400000,
    4.176
  ],
  [
    1602975600000,
    4.44
  ],
  [
    1603670400000,
    4.595
  ],
  [
    1603843200000,
    4.742
  ],
  [
    1604016000000,
    4.854
  ],
  [
    1604361600000,
    4.422
  ],
  [
    1606089600000,
    4.787
  ],
  [
    1606262400000,
    4.751
  ],
  [
    1606608000000,
    3.57
  ],
  [
    1606780800000,
    3.546
  ],
  [
    1607472000000,
    4.932
  ],
  [
    1607558400000,
    5.104
  ],
  [
    1608422400000,
    5.106
  ],
  [
    1608595200000,
    5.051
  ],
  [
    1610150400000,
    3.785
  ],
  [
    1610496000000,
    3.6
  ],
  [
    1610582400000,
    3.656
  ],
  [
    1610668800000,
    3.749
  ],
  [
    1611273600000,
    3.385
  ],
  [
    1611360000000,
    5.064
  ],
  [
    1611792000000,
    6.091
  ],
  [
    1611964800000,
    3.882
  ],
  [
    1612137600000,
    6.689
  ],
  [
    1612483200000,
    2.45
  ],
  [
    1612742400000,
    3.531
  ],
  [
    1613001600000,
    5.847
  ],
  [
    1613088000000,
    5.956
  ],
  [
    1613260800000,
    5.981
  ],
  [
    1613952000000,
    4.321
  ],
  [
    1614297600000,
    5.143
  ],
  [
    1614643200000,
    3.921
  ],
  [
    1614902400000,
    3.819
  ],
  [
    1615420800000,
    3.22
  ],
  [
    1615593600000,
    3.839
  ],
  [
    1615680000000,
    5.018
  ],
  [
    1616112000000,
    4.317
  ],
  [
    1616198400000,
    5.01
  ],
  [
    1616544000000,
    4.114
  ],
  [
    1616889600000,
    5.75
  ],
  [
    1616972400000,
    3.52
  ],
  [
    1617577200000,
    5.4
  ],
  [
    1617922800000,
    5.973
  ],
  [
    1618009200000,
    2.582
  ],
  [
    1618268400000,
    2.627
  ],
  [
    1618441200000,
    4.061
  ],
  [
    1619046000000,
    5.65
  ],
  [
    1619737200000,
    5.884
  ],
  [
    1619823600000,
    5.972
  ],
  [
    1619910000000,
    5.965
  ],
  [
    1620514800000,
    7.239
  ],
  [
    1620687600000,
    4.058
  ],
  [
    1620774000000,
    5.468
  ],
  [
    1621292400000,
    6.979
  ],
  [
    1622156400000,
    4.08
  ],
  [
    1622242800000,
    5.947
  ],
  [
    1622329200000,
    5.946
  ],
  [
    1622847600000,
    6.743
  ],
  [
    1623279600000,
    5.418
  ],
  [
    1623711600000,
    4.701
  ],
  [
    1623884400000,
    4.219
  ],
  [
    1623970800000,
    6.865
  ],
  [
    1624316400000,
    4.911
  ],
  [
    1624402800000,
    6.79
  ],
  [
    1624575600000,
    4.838
  ],
  [
    1624748400000,
    5.516
  ],
  [
    1624921200000,
    5.508
  ],
  [
    1625180400000,
    4.32
  ],
  [
    1625526000000,
    7.02
  ],
  [
    1625958000000,
    6
  ],
  [
    1626303600000,
    6
  ],
  [
    1627254000000,
    6
  ],
  [
    1627686000000,
    6.021
  ],
  [
    1628031600000,
    5
  ],
  [
    1628204400000,
    4.97
  ],
  [
    1628290800000,
    4.866
  ],
  [
    1628463600000,
    5.495
  ],
  [
    1628895600000,
    4.78
  ],
  [
    1628982000000,
    7.091
  ],
  [
    1629500400000,
    5.881
  ],
  [
    1629932400000,
    5.044
  ],
  [
    1630191600000,
    5.587
  ],
  [
    1630364400000,
    5.924
  ],
  [
    1630623600000,
    4.819
  ],
  [
    1631487600000,
    6.155
  ],
  [
    1631660400000,
    6.16
  ],
  [
    1634425200000,
    11.888
  ],
  [
    1636588800000,
    5.785
  ],
  [
    1636761600000,
    10.452
  ],
  [
    1637020800000,
    5.833
  ],
  [
    1638144000000,
    10.171
  ],
  [
    1638576000000,
    6.018
  ],
  [
    1638748800000,
    9.076
  ],
  [
    1638835200000,
    7.894
  ],
  [
    1639785600000,
    9.01
  ],
  [
    1640304000000,
    7.02
  ],
  [
    1640390400000,
    6.76
  ],
  [
    1640908800000,
    6.7
  ],
  [
    1642032000000,
    6.234
  ],
  [
    1642550400000,
    9.982
  ],
  [
    1642896000000,
    7.797
  ],
  [
    1643241600000,
    6.23
  ],
  [
    1643760000000,
    7.27
  ],
  [
    1644364800000,
    6.33
  ],
  [
    1644451200000,
    6.388
  ],
  [
    1644796800000,
    5.9
  ],
  [
    1645488000000,
    9.416
  ],
  [
    1645660800000,
    5.839
  ],
  [
    1645747200000,
    5.86
  ],
  [
    1646352000000,
    8.65
  ],
  [
    1646438400000,
    5.84
  ],
  [
    1646697600000,
    5.59
  ],
  [
    1647475200000,
    5.66
  ],
  [
    1647561600000,
    5.89
  ],
  [
    1648252800000,
    5.91
  ],
  [
    1648422000000,
    5.508
  ],
  [
    1648508400000,
    6.64
  ],
  [
    1648767600000,
    6.998
  ],
  [
    1649113200000,
    6.75
  ],
  [
    1649372400000,
    7.11
  ],
  [
    1650322800000,
    5.88
  ],
  [
    1650582000000,
    6.531
  ],
  [
    1650754800000,
    8.673
  ],
  [
    1651100400000,
    6.177
  ],
  [
    1654815600000,
    7.705
  ],
  [
    1654902000000,
    6.52
  ],
  [
    1655766000000,
    6.446
  ],
  [
    1655852400000,
    6.453
  ],
  [
    1656370800000,
    8.88
  ],
  [
    1656630000000,
    10.316
  ],
  [
    1662073200000,
    9.511
  ],
  [
    1662246000000,
    11.498
  ],
  [
    1662332400000,
    6.96
  ],
  [
    1662850800000,
    6.84
  ],
  [
    1664578800000,
    6.93
  ],
  [
    1665356400000,
    6.982
  ],
  [
    1665702000000,
    6.87
  ],
  [
    1666738800000,
    6.837
  ],
  [
    1666998000000,
    9.062
  ],
  [
    1667347200000,
    6.605
  ],
  [
    1668470400000,
    7.969
  ],
  [
    1668556800000,
    7.88
  ],
  [
    1669075200000,
    5.94
  ],
  [
    1669420800000,
    5.66
  ],
  [
    1671148800000,
    7.139
  ],
  [
    1671321600000,
    7.123
  ],
  [
    1671667200000,
    6.414
  ],
  [
    1671840000000,
    5.44
  ],
  [
    1672185600000,
    7.806
  ],
  [
    1672272000000,
    7.789
  ],
  [
    1672358400000,
    8.407
  ],
  [
    1672444800000,
    8.89
  ],
  [
    1672531200000,
    5.98
  ],
  [
    1672704000000,
    6.15
  ],
  [
    1672790400000,
    5.45
  ],
  [
    1673308800000,
    5.8
  ],
  [
    1673654400000,
    8.218
  ],
  [
    1673740800000,
    6.44
  ],
  [
    1673913600000,
    6.41
  ],
  [
    1674086400000,
    6.61
  ],
  [
    1674172800000,
    6.44
  ],
  [
    1674518400000,
    7.808
  ],
  [
    1674691200000,
    7.319
  ],
  [
    1674950400000,
    7.904
  ],
  [
    1675987200000,
    6.68
  ],
  [
    1676419200000,
    6.645
  ],
  [
    1677456000000,
    7.49
  ],
  [
    1678233600000,
    8.444
  ],
  [
    1678492800000,
    8.861
  ],
  [
    1680476400000,
    9.015
  ],
  [
    1680562800000,
    7.39
  ],
  [
    1680735600000,
    10.69
  ],
  [
    1680822000000,
    7.4
  ],
  [
    1681254000000,
    9.845
  ],
  [
    1682031600000,
    8.58
  ],
  [
    1682118000000,
    8.6
  ],
  [
    1682377200000,
    8.57
  ],
  [
    1682636400000,
    13.51
  ],
  [
    1682722800000,
    8.384
  ],
  [
    1682895600000,
    7.9
  ],
  [
    1682982000000,
    9.686
  ],
  [
    1683327600000,
    7.99
  ],
  [
    1683500400000,
    10.205
  ],
  [
    1683846000000,
    5.979
  ],
  [
    1683932400000,
    7.351
  ],
  [
    1684450800000,
    9.888
  ],
  [
    1684969200000,
    7.497
  ],
  [
    1685314800000,
    10.338
  ],
  [
    1685487600000,
    10.477
  ],
  [
    1685574000000,
    10.545
  ],
  [
    1685746800000,
    13.11
  ],
  [
    1687388400000,
    13.426
  ],
  [
    1687993200000,
    11.312
  ],
  [
    1688338800000,
    13.6
  ],
  [
    1688857200000,
    12.2
  ],
  [
    1689202800000,
    17.941
  ],
  [
    1691017200000,
    10.95
  ],
  [
    1692226800000,
    19.98
  ],
  [
    1692486000000,
    14.1
  ],
  [
    1692572400000,
    22.584
  ],
  [
    1692745200000,
    14.4
  ],
  [
    1693609200000,
    15.532
  ],
  [
    1694127600000,
    14.09
  ],
  [
    1696719600000,
    14.37
  ],
  [
    1696978800000,
    14.52
  ],
  [
    1697065200000,
    14.52
  ],
  [
    1697238000000,
    17.18
  ],
  [
    1697497200000,
    19.273
  ],
  [
    1698796800000,
    16.53
  ],
  [
    1698969600000,
    17.007
  ],
  [
    1699833600000,
    16.803
  ],
  [
    1700611200000,
    16.44
  ],
  [
    1700784000000,
    15.141
  ],
  [
    1701216000000,
    15.26
  ],
  [
    1704067200000,
    14.14
  ],
  [
    1704585600000,
    24.08
  ],
  [
    1707696000000,
    12.28
  ],
  [
    1708128000000,
    15.027
  ],
  [
    1708560000000,
    17.259
  ],
  [
    1709078400000,
    12.39
  ],
  [
    1709164800000,
    15.781
  ],
  [
    1709337600000,
    14.759
  ],
  [
    1709510400000,
    20.78
  ],
  [
    1709769600000,
    14.22
  ],
  [
    1710201600000,
    14.12
  ],
  [
    1710547200000,
    17.356
  ],
  [
    1710720000000,
    18.2
  ],
  [
    1710806400000,
    17.815
  ],
  [
    1711324800000,
    13.45
  ],
  [
    1711411200000,
    15.131
  ],
  [
    1711584000000,
    17.47
  ],
  [
    1711670400000,
    14.961
  ],
  [
    1711756800000,
    19.869
  ],
  [
    1712185200000,
    16.17
  ],
  [
    1713135600000,
    12.34
  ],
  [
    1713394800000,
    18.768
  ],
  [
    1714258800000,
    14.164
  ],
  [
    1714431600000,
    14.401
  ]
]