[
  [
    1379631600000,
    9.66
  ],
  [
    1379718000000,
    1.848
  ],
  [
    1379804400000,
    1.478
  ],
  [
    1379890800000,
    1.079
  ],
  [
    1379977200000,
    1.25
  ],
  [
    1380063600000,
    1.284
  ],
  [
    1380150000000,
    2.075
  ],
  [
    1380236400000,
    1.452
  ],
  [
    1380322800000,
    1.587
  ],
  [
    1380409200000,
    0.739
  ],
  [
    1380495600000,
    0.851
  ],
  [
    1380582000000,
    0.839
  ],
  [
    1380668400000,
    1.201
  ],
  [
    1380754800000,
    0.985
  ],
  [
    1380841200000,
    1.075
  ],
  [
    1380927600000,
    0.905
  ],
  [
    1381014000000,
    0.789
  ],
  [
    1381100400000,
    0.882
  ],
  [
    1381186800000,
    0.696
  ],
  [
    1381273200000,
    0.751
  ],
  [
    1381359600000,
    0.889
  ],
  [
    1381446000000,
    0.948
  ],
  [
    1381532400000,
    0.876
  ],
  [
    1381618800000,
    0.976
  ],
  [
    1381705200000,
    0.671
  ],
  [
    1381791600000,
    0.573
  ],
  [
    1381878000000,
    0.716
  ],
  [
    1381964400000,
    0.732
  ],
  [
    1382050800000,
    0.793
  ],
  [
    1382137200000,
    0.498
  ],
  [
    1382223600000,
    0.672
  ],
  [
    1382310000000,
    0.695
  ],
  [
    1382396400000,
    0.697
  ],
  [
    1382482800000,
    0.725
  ],
  [
    1382569200000,
    0.863
  ],
  [
    1382655600000,
    0.795
  ],
  [
    1382742000000,
    0.771
  ],
  [
    1382828400000,
    0.692
  ],
  [
    1382918400000,
    0.82
  ],
  [
    1383004800000,
    0.427
  ],
  [
    1383091200000,
    0.604
  ],
  [
    1383177600000,
    0.682
  ],
  [
    1383264000000,
    0.534
  ],
  [
    1383350400000,
    0.624
  ],
  [
    1383436800000,
    0.624
  ],
  [
    1383523200000,
    0.654
  ],
  [
    1383609600000,
    0.509
  ],
  [
    1383696000000,
    0.648
  ],
  [
    1383782400000,
    0.653
  ],
  [
    1383868800000,
    0.564
  ],
  [
    1383955200000,
    0.423
  ],
  [
    1384041600000,
    0.331
  ],
  [
    1384128000000,
    0.439
  ],
  [
    1384214400000,
    0.594
  ],
  [
    1384300800000,
    0.459
  ],
  [
    1384387200000,
    0.349
  ],
  [
    1384473600000,
    0.305
  ],
  [
    1384560000000,
    0.42
  ],
  [
    1384646400000,
    0.328
  ],
  [
    1384732800000,
    0.343
  ],
  [
    1384819200000,
    0.319
  ],
  [
    1384905600000,
    0.427
  ],
  [
    1384992000000,
    0.416
  ],
  [
    1385078400000,
    0.385
  ],
  [
    1385164800000,
    0.273
  ],
  [
    1385251200000,
    0.4
  ],
  [
    1385337600000,
    0.413
  ],
  [
    1385424000000,
    0.383
  ],
  [
    1385510400000,
    0.419
  ],
  [
    1385596800000,
    0.369
  ],
  [
    1385683200000,
    0.288
  ],
  [
    1385769600000,
    0.351
  ],
  [
    1385856000000,
    0.214
  ],
  [
    1385942400000,
    0.268
  ],
  [
    1386028800000,
    0.283
  ],
  [
    1386115200000,
    0.304
  ],
  [
    1386201600000,
    0.282
  ],
  [
    1386288000000,
    0.292
  ],
  [
    1386374400000,
    0.26
  ],
  [
    1386460800000,
    0.276
  ],
  [
    1386547200000,
    0.249
  ],
  [
    1386633600000,
    0.323
  ],
  [
    1386720000000,
    0.271
  ],
  [
    1386806400000,
    0.203
  ],
  [
    1386892800000,
    0.235
  ],
  [
    1386979200000,
    0.277
  ],
  [
    1387065600000,
    0.251
  ],
  [
    1387152000000,
    0.265
  ],
  [
    1387238400000,
    0.209
  ],
  [
    1387324800000,
    0.268
  ],
  [
    1387411200000,
    0.191
  ],
  [
    1387497600000,
    0.211
  ],
  [
    1387584000000,
    0.194
  ],
  [
    1387670400000,
    0.163
  ],
  [
    1387756800000,
    0.207
  ],
  [
    1387843200000,
    0.227
  ],
  [
    1387929600000,
    0.141
  ],
  [
    1388016000000,
    0.152
  ],
  [
    1388102400000,
    0.191
  ],
  [
    1388188800000,
    0.161
  ],
  [
    1388275200000,
    0.136
  ],
  [
    1388361600000,
    0.174
  ],
  [
    1388448000000,
    0.187
  ],
  [
    1388534400000,
    0.165
  ],
  [
    1388620800000,
    0.151
  ],
  [
    1388707200000,
    0.473
  ],
  [
    1388793600000,
    0.163
  ],
  [
    1388880000000,
    0.159
  ],
  [
    1388966400000,
    0.166
  ],
  [
    1389052800000,
    0.198
  ],
  [
    1389139200000,
    0.209
  ],
  [
    1389225600000,
    0.202
  ],
  [
    1389312000000,
    0.251
  ],
  [
    1389398400000,
    0.194
  ],
  [
    1389484800000,
    0.196
  ],
  [
    1389571200000,
    0.178
  ],
  [
    1389657600000,
    0.179
  ],
  [
    1389744000000,
    0.249
  ],
  [
    1389830400000,
    0.194
  ],
  [
    1389916800000,
    0.192
  ],
  [
    1390003200000,
    0.196
  ],
  [
    1390089600000,
    0.197
  ],
  [
    1390176000000,
    0.212
  ],
  [
    1390262400000,
    0.218
  ],
  [
    1390348800000,
    0.18
  ],
  [
    1390435200000,
    0.175
  ],
  [
    1390521600000,
    0.144
  ],
  [
    1390608000000,
    0.177
  ],
  [
    1390694400000,
    0.128
  ],
  [
    1390780800000,
    0.16
  ],
  [
    1390867200000,
    0.188
  ],
  [
    1390953600000,
    0.174
  ],
  [
    1391040000000,
    0.163
  ],
  [
    1391126400000,
    0.175
  ],
  [
    1391212800000,
    0.153
  ],
  [
    1391299200000,
    0.159
  ],
  [
    1391385600000,
    0.182
  ],
  [
    1391472000000,
    0.181
  ],
  [
    1391558400000,
    0.161
  ],
  [
    1391644800000,
    0.146
  ],
  [
    1391731200000,
    0.177
  ],
  [
    1391817600000,
    0.196
  ],
  [
    1391904000000,
    0.135
  ],
  [
    1391990400000,
    0.128
  ],
  [
    1392076800000,
    0.165
  ],
  [
    1392163200000,
    0.19
  ],
  [
    1392249600000,
    0.185
  ],
  [
    1392336000000,
    0.174
  ],
  [
    1392422400000,
    0.174
  ],
  [
    1392508800000,
    0.219
  ],
  [
    1392595200000,
    0.194
  ],
  [
    1392681600000,
    0.171
  ],
  [
    1392768000000,
    0.165
  ],
  [
    1392854400000,
    0.193
  ],
  [
    1392940800000,
    0.122
  ],
  [
    1393027200000,
    0.198
  ],
  [
    1393113600000,
    0.166
  ],
  [
    1393200000000,
    0.156
  ],
  [
    1393286400000,
    0.161
  ],
  [
    1393372800000,
    0.194
  ],
  [
    1393459200000,
    0.217
  ],
  [
    1393545600000,
    0.198
  ],
  [
    1393632000000,
    0.212
  ],
  [
    1393718400000,
    0.262
  ],
  [
    1393804800000,
    0.224
  ],
  [
    1393891200000,
    0.216
  ],
  [
    1393977600000,
    0.322
  ],
  [
    1394064000000,
    0.368
  ],
  [
    1394150400000,
    0.307
  ],
  [
    1394236800000,
    0.312
  ],
  [
    1394323200000,
    0.235
  ],
  [
    1394409600000,
    0.201
  ],
  [
    1394496000000,
    0.206
  ],
  [
    1394582400000,
    0.242
  ],
  [
    1394668800000,
    0.285
  ],
  [
    1394755200000,
    0.228
  ],
  [
    1394841600000,
    0.32
  ],
  [
    1394928000000,
    0.174
  ],
  [
    1395014400000,
    0.192
  ],
  [
    1395100800000,
    0.297
  ],
  [
    1395187200000,
    0.27
  ],
  [
    1395273600000,
    0.24
  ],
  [
    1395360000000,
    0.221
  ],
  [
    1395446400000,
    0.295
  ],
  [
    1395532800000,
    0.225
  ],
  [
    1395619200000,
    0.262
  ],
  [
    1395705600000,
    0.341
  ],
  [
    1395792000000,
    0.36
  ],
  [
    1395878400000,
    0.318
  ],
  [
    1395964800000,
    0.435
  ],
  [
    1396051200000,
    0.379
  ],
  [
    1396137600000,
    0.424
  ],
  [
    1396220400000,
    0.337
  ],
  [
    1396306800000,
    0.317
  ],
  [
    1396393200000,
    0.196
  ],
  [
    1396479600000,
    0.393
  ],
  [
    1396566000000,
    0.265
  ],
  [
    1396652400000,
    0.333
  ],
  [
    1396738800000,
    0.346
  ],
  [
    1396825200000,
    0.284
  ],
  [
    1396911600000,
    0.311
  ],
  [
    1396998000000,
    0.346
  ],
  [
    1397084400000,
    0.347
  ],
  [
    1397170800000,
    0.518
  ],
  [
    1397257200000,
    0.572
  ],
  [
    1397343600000,
    0.471
  ],
  [
    1397430000000,
    0.465
  ],
  [
    1397516400000,
    0.448
  ],
  [
    1397602800000,
    0.316
  ],
  [
    1397689200000,
    0.466
  ],
  [
    1397775600000,
    0.449
  ],
  [
    1397862000000,
    0.393
  ],
  [
    1397948400000,
    0.446
  ],
  [
    1398034800000,
    0.402
  ],
  [
    1398121200000,
    0.521
  ],
  [
    1398207600000,
    0.409
  ],
  [
    1398294000000,
    0.557
  ],
  [
    1398380400000,
    0.576
  ],
  [
    1398466800000,
    0.667
  ],
  [
    1398553200000,
    0.618
  ],
  [
    1398639600000,
    0.698
  ],
  [
    1398726000000,
    0.644
  ],
  [
    1398812400000,
    0.805
  ],
  [
    1398898800000,
    0.593
  ],
  [
    1398985200000,
    0.597
  ],
  [
    1399071600000,
    0.424
  ],
  [
    1399158000000,
    0.402
  ],
  [
    1399244400000,
    0.285
  ],
  [
    1399330800000,
    0.393
  ],
  [
    1399417200000,
    0.362
  ],
  [
    1399503600000,
    0.252
  ],
  [
    1399590000000,
    0.403
  ],
  [
    1399676400000,
    0.374
  ],
  [
    1399762800000,
    0.446
  ],
  [
    1399849200000,
    0.707
  ],
  [
    1399935600000,
    0.522
  ],
  [
    1400022000000,
    0.466
  ],
  [
    1400108400000,
    0.581
  ],
  [
    1400194800000,
    0.471
  ],
  [
    1400281200000,
    0.426
  ],
  [
    1400367600000,
    0.466
  ],
  [
    1400454000000,
    0.534
  ],
  [
    1400540400000,
    0.512
  ],
  [
    1400626800000,
    0.374
  ],
  [
    1400713200000,
    0.366
  ],
  [
    1400799600000,
    0.396
  ],
  [
    1400886000000,
    0.407
  ],
  [
    1400972400000,
    0.429
  ],
  [
    1401058800000,
    0.308
  ],
  [
    1401145200000,
    0.426
  ],
  [
    1401231600000,
    0.409
  ],
  [
    1401318000000,
    0.625
  ],
  [
    1401404400000,
    0.497
  ],
  [
    1401490800000,
    0.395
  ],
  [
    1401577200000,
    0.629
  ],
  [
    1401663600000,
    0.264
  ],
  [
    1401750000000,
    0.338
  ],
  [
    1401836400000,
    0.264
  ],
  [
    1401922800000,
    0.469
  ],
  [
    1402009200000,
    0.47
  ],
  [
    1402095600000,
    0.452
  ],
  [
    1402182000000,
    0.499
  ],
  [
    1402268400000,
    0.748
  ],
  [
    1402441200000,
    0.458
  ],
  [
    1402527600000,
    0.37
  ],
  [
    1402614000000,
    0.626
  ],
  [
    1402700400000,
    0.483
  ],
  [
    1402786800000,
    0.428
  ],
  [
    1402873200000,
    0.458
  ],
  [
    1402959600000,
    0.369
  ],
  [
    1403046000000,
    0.444
  ],
  [
    1403132400000,
    0.786
  ],
  [
    1403218800000,
    0.49
  ],
  [
    1403305200000,
    0.527
  ],
  [
    1403391600000,
    0.415
  ],
  [
    1403478000000,
    0.323
  ],
  [
    1403564400000,
    0.215
  ],
  [
    1403650800000,
    0.314
  ],
  [
    1403737200000,
    0.389
  ],
  [
    1403910000000,
    0.491
  ],
  [
    1403996400000,
    0.307
  ],
  [
    1404082800000,
    0.305
  ],
  [
    1404169200000,
    0.372
  ],
  [
    1404255600000,
    0.309
  ],
  [
    1404342000000,
    0.278
  ],
  [
    1404428400000,
    0.324
  ],
  [
    1404514800000,
    0.374
  ],
  [
    1404601200000,
    0.35
  ],
  [
    1404687600000,
    0.335
  ],
  [
    1404774000000,
    0.441
  ],
  [
    1404860400000,
    0.383
  ],
  [
    1404946800000,
    0.367
  ],
  [
    1405033200000,
    0.298
  ],
  [
    1405119600000,
    0.355
  ],
  [
    1405206000000,
    0.348
  ],
  [
    1405292400000,
    0.46
  ],
  [
    1405378800000,
    0.294
  ],
  [
    1405465200000,
    0.394
  ],
  [
    1405551600000,
    0.468
  ],
  [
    1405638000000,
    0.47
  ],
  [
    1405724400000,
    0.516
  ],
  [
    1405810800000,
    0.561
  ],
  [
    1405983600000,
    0.46
  ],
  [
    1406070000000,
    0.626
  ],
  [
    1406156400000,
    0.654
  ],
  [
    1406242800000,
    0.664
  ],
  [
    1406415600000,
    0.403
  ],
  [
    1406502000000,
    0.597
  ],
  [
    1406588400000,
    0.569
  ],
  [
    1406674800000,
    0.637
  ],
  [
    1406847600000,
    0.559
  ],
  [
    1406934000000,
    0.632
  ],
  [
    1407020400000,
    0.599
  ],
  [
    1407106800000,
    0.442
  ],
  [
    1407193200000,
    0.432
  ],
  [
    1407279600000,
    0.522
  ],
  [
    1407366000000,
    0.552
  ],
  [
    1407452400000,
    0.427
  ],
  [
    1407538800000,
    0.376
  ],
  [
    1407625200000,
    0.517
  ],
  [
    1407711600000,
    0.677
  ],
  [
    1407798000000,
    0.983
  ],
  [
    1407884400000,
    0.92
  ],
  [
    1407970800000,
    0.925
  ],
  [
    1408057200000,
    0.345
  ],
  [
    1408143600000,
    0.613
  ],
  [
    1408230000000,
    0.423
  ],
  [
    1408316400000,
    0.372
  ],
  [
    1408402800000,
    0.68
  ],
  [
    1408489200000,
    0.73
  ],
  [
    1408575600000,
    0.645
  ],
  [
    1408662000000,
    0.82
  ],
  [
    1408748400000,
    0.575
  ],
  [
    1408834800000,
    0.753
  ],
  [
    1408921200000,
    0.664
  ],
  [
    1409007600000,
    0.778
  ],
  [
    1409094000000,
    0.86
  ],
  [
    1409266800000,
    0.316
  ],
  [
    1409353200000,
    0.768
  ],
  [
    1409439600000,
    0.717
  ],
  [
    1409526000000,
    0.965
  ],
  [
    1409612400000,
    0.705
  ],
  [
    1409698800000,
    0.896
  ],
  [
    1409871600000,
    0.747
  ],
  [
    1409958000000,
    0.665
  ],
  [
    1410044400000,
    0.669
  ],
  [
    1410130800000,
    0.747
  ],
  [
    1410217200000,
    0.74
  ],
  [
    1410303600000,
    0.813
  ],
  [
    1410390000000,
    0.83
  ],
  [
    1410476400000,
    0.663
  ],
  [
    1410562800000,
    1.23
  ],
  [
    1410735600000,
    0.856
  ],
  [
    1410822000000,
    0.77
  ],
  [
    1410908400000,
    0.784
  ],
  [
    1410994800000,
    14.793
  ],
  [
    1411081200000,
    3.064
  ],
  [
    1411167600000,
    1.8
  ],
  [
    1411254000000,
    1.763
  ],
  [
    1411340400000,
    1.863
  ],
  [
    1411426800000,
    2.166
  ],
  [
    1411513200000,
    1.757
  ],
  [
    1411599600000,
    2.175
  ],
  [
    1411686000000,
    1.71
  ],
  [
    1411772400000,
    1.367
  ],
  [
    1411858800000,
    1.493
  ],
  [
    1411945200000,
    1.473
  ],
  [
    1412031600000,
    1.475
  ],
  [
    1412118000000,
    1.248
  ],
  [
    1412204400000,
    1.111
  ],
  [
    1412290800000,
    1.28
  ],
  [
    1412377200000,
    1.21
  ],
  [
    1412463600000,
    1.111
  ],
  [
    1412550000000,
    1.217
  ],
  [
    1412636400000,
    1.252
  ],
  [
    1412722800000,
    1.305
  ],
  [
    1412809200000,
    1.283
  ],
  [
    1412895600000,
    1.059
  ],
  [
    1412982000000,
    0.995
  ],
  [
    1413068400000,
    1.251
  ],
  [
    1413154800000,
    1.109
  ],
  [
    1413241200000,
    1.085
  ],
  [
    1413327600000,
    0.72
  ],
  [
    1413414000000,
    1.011
  ],
  [
    1413500400000,
    0.785
  ],
  [
    1413586800000,
    0.844
  ],
  [
    1413673200000,
    0.874
  ],
  [
    1413759600000,
    0.876
  ],
  [
    1413846000000,
    0.891
  ],
  [
    1413932400000,
    0.923
  ],
  [
    1414018800000,
    0.985
  ],
  [
    1414105200000,
    1.067
  ],
  [
    1414191600000,
    1.038
  ],
  [
    1414278000000,
    0.904
  ],
  [
    1414368000000,
    0.702
  ],
  [
    1414454400000,
    0.807
  ],
  [
    1414540800000,
    0.87
  ],
  [
    1414627200000,
    0.946
  ],
  [
    1414713600000,
    0.776
  ],
  [
    1414800000000,
    0.825
  ],
  [
    1414886400000,
    0.832
  ],
  [
    1414972800000,
    0.778
  ],
  [
    1415059200000,
    0.941
  ],
  [
    1415145600000,
    0.962
  ],
  [
    1415232000000,
    0.785
  ],
  [
    1415318400000,
    0.8
  ],
  [
    1415404800000,
    0.868
  ],
  [
    1415491200000,
    0.781
  ],
  [
    1415577600000,
    0.818
  ],
  [
    1415664000000,
    0.88
  ],
  [
    1415750400000,
    0.877
  ],
  [
    1415836800000,
    0.782
  ],
  [
    1415923200000,
    0.499
  ],
  [
    1416009600000,
    0.653
  ],
  [
    1416096000000,
    0.606
  ],
  [
    1416182400000,
    0.665
  ],
  [
    1416355200000,
    0.701
  ],
  [
    1416441600000,
    0.424
  ],
  [
    1416528000000,
    0.468
  ],
  [
    1416614400000,
    0.487
  ],
  [
    1416700800000,
    0.548
  ],
  [
    1416787200000,
    0.534
  ],
  [
    1416873600000,
    0.558
  ],
  [
    1416960000000,
    0.654
  ],
  [
    1417046400000,
    0.54
  ],
  [
    1417132800000,
    0.27
  ],
  [
    1417219200000,
    0.742
  ],
  [
    1417305600000,
    0.302
  ],
  [
    1417392000000,
    0.437
  ],
  [
    1417478400000,
    0.493
  ],
  [
    1417564800000,
    0.38
  ],
  [
    1417651200000,
    0.71
  ],
  [
    1417737600000,
    0.65
  ],
  [
    1417824000000,
    0.77
  ],
  [
    1418083200000,
    0.708
  ],
  [
    1418169600000,
    0.671
  ],
  [
    1418256000000,
    0.666
  ],
  [
    1418342400000,
    0.691
  ],
  [
    1418428800000,
    0.695
  ],
  [
    1418515200000,
    0.72
  ],
  [
    1418601600000,
    0.568
  ],
  [
    1418688000000,
    0.584
  ],
  [
    1418774400000,
    0.483
  ],
  [
    1418860800000,
    0.62
  ],
  [
    1418947200000,
    0.743
  ],
  [
    1419033600000,
    0.81
  ],
  [
    1419120000000,
    0.632
  ],
  [
    1419292800000,
    0.779
  ],
  [
    1419379200000,
    0.755
  ],
  [
    1419465600000,
    0.495
  ],
  [
    1419552000000,
    0.759
  ],
  [
    1419638400000,
    0.852
  ],
  [
    1419724800000,
    0.933
  ],
  [
    1419811200000,
    0.903
  ],
  [
    1419897600000,
    0.923
  ],
  [
    1419984000000,
    0.756
  ],
  [
    1420070400000,
    0.775
  ],
  [
    1420156800000,
    0.974
  ],
  [
    1420243200000,
    0.904
  ],
  [
    1420416000000,
    1.255
  ],
  [
    1420502400000,
    1.144
  ],
  [
    1420761600000,
    1.381
  ],
  [
    1421020800000,
    1.242
  ],
  [
    1421107200000,
    1.203
  ],
  [
    1421193600000,
    1.691
  ],
  [
    1421280000000,
    1.038
  ],
  [
    1421366400000,
    1.244
  ],
  [
    1421452800000,
    1.175
  ],
  [
    1421539200000,
    1.361
  ],
  [
    1421625600000,
    1.212
  ],
  [
    1421712000000,
    1.169
  ],
  [
    1421798400000,
    1.283
  ],
  [
    1421884800000,
    1.292
  ],
  [
    1421971200000,
    1.266
  ],
  [
    1422057600000,
    1.16
  ],
  [
    1422144000000,
    1.195
  ],
  [
    1422230400000,
    1.018
  ],
  [
    1422316800000,
    1.243
  ],
  [
    1422403200000,
    1.156
  ],
  [
    1422489600000,
    1.096
  ],
  [
    1422576000000,
    1.101
  ],
  [
    1422662400000,
    1.171
  ],
  [
    1422748800000,
    1.258
  ],
  [
    1422835200000,
    0.92
  ],
  [
    1423008000000,
    1.266
  ],
  [
    1423094400000,
    1.311
  ],
  [
    1423180800000,
    1.186
  ],
  [
    1423267200000,
    1.387
  ],
  [
    1423353600000,
    1.304
  ],
  [
    1423440000000,
    1.293
  ],
  [
    1423526400000,
    1.118
  ],
  [
    1423699200000,
    1.135
  ],
  [
    1423785600000,
    1.031
  ],
  [
    1423872000000,
    1.24
  ],
  [
    1423958400000,
    1.515
  ],
  [
    1424044800000,
    1.284
  ],
  [
    1424217600000,
    1.174
  ],
  [
    1424304000000,
    1.054
  ],
  [
    1424390400000,
    1.107
  ],
  [
    1424476800000,
    1.093
  ],
  [
    1424563200000,
    1.18
  ],
  [
    1424649600000,
    1.181
  ],
  [
    1424822400000,
    1.19
  ],
  [
    1424908800000,
    1.143
  ],
  [
    1425081600000,
    1.27
  ],
  [
    1425168000000,
    0.97
  ],
  [
    1425254400000,
    1.221
  ],
  [
    1425513600000,
    2.281
  ],
  [
    1425600000000,
    2.15
  ],
  [
    1425859200000,
    1.914
  ],
  [
    1425945600000,
    1.99
  ],
  [
    1426118400000,
    1.964
  ],
  [
    1426550400000,
    1.173
  ],
  [
    1426636800000,
    1.576
  ],
  [
    1426723200000,
    1.77
  ],
  [
    1426809600000,
    1.393
  ],
  [
    1426896000000,
    1.241
  ],
  [
    1426982400000,
    1.266
  ],
  [
    1427068800000,
    1.443
  ],
  [
    1427241600000,
    1.479
  ],
  [
    1427328000000,
    1.599
  ],
  [
    1427500800000,
    1.912
  ],
  [
    1427587200000,
    2.049
  ],
  [
    1427756400000,
    1.091
  ],
  [
    1427842800000,
    1.475
  ],
  [
    1428015600000,
    1.499
  ],
  [
    1428102000000,
    1.343
  ],
  [
    1428188400000,
    1.416
  ],
  [
    1428274800000,
    1.426
  ],
  [
    1428361200000,
    1.429
  ],
  [
    1428447600000,
    1.548
  ],
  [
    1428620400000,
    1.621
  ],
  [
    1428706800000,
    1.478
  ],
  [
    1428793200000,
    1.806
  ],
  [
    1428879600000,
    1.669
  ],
  [
    1428966000000,
    1.759
  ],
  [
    1429052400000,
    1.663
  ],
  [
    1429138800000,
    2.042
  ],
  [
    1429311600000,
    1.504
  ],
  [
    1429398000000,
    1.837
  ],
  [
    1429484400000,
    3.079
  ],
  [
    1429570800000,
    4.604
  ],
  [
    1429657200000,
    2.148
  ],
  [
    1429743600000,
    2.732
  ],
  [
    1429830000000,
    3.343
  ],
  [
    1429916400000,
    2.669
  ],
  [
    1430002800000,
    2.7
  ],
  [
    1430089200000,
    2.41
  ],
  [
    1430175600000,
    3.056
  ],
  [
    1430262000000,
    3.064
  ],
  [
    1430348400000,
    3.054
  ],
  [
    1430521200000,
    3.105
  ],
  [
    1430607600000,
    2.847
  ],
  [
    1430780400000,
    2.8
  ],
  [
    1430866800000,
    2.899
  ],
  [
    1430953200000,
    67.718
  ],
  [
    1431039600000,
    2.29
  ],
  [
    1431126000000,
    2.26
  ],
  [
    1431212400000,
    2.379
  ],
  [
    1431385200000,
    2.645
  ],
  [
    1431471600000,
    2.896
  ],
  [
    1431730800000,
    2.098
  ],
  [
    1431817200000,
    1.782
  ],
  [
    1431903600000,
    2.205
  ],
  [
    1431990000000,
    2.342
  ],
  [
    1432076400000,
    2.566
  ],
  [
    1432162800000,
    2.599
  ],
  [
    1432335600000,
    2.489
  ],
  [
    1432594800000,
    2.124
  ],
  [
    1432681200000,
    2.112
  ],
  [
    1432854000000,
    1.671
  ],
  [
    1432940400000,
    1.7
  ],
  [
    1433026800000,
    1.469
  ],
  [
    1433113200000,
    1.507
  ],
  [
    1433286000000,
    1.428
  ],
  [
    1433372400000,
    1.678
  ],
  [
    1433458800000,
    1.701
  ],
  [
    1433545200000,
    1.684
  ],
  [
    1433718000000,
    1.202
  ],
  [
    1434063600000,
    1.345
  ],
  [
    1434236400000,
    1.284
  ],
  [
    1434322800000,
    1.11
  ],
  [
    1434409200000,
    1.067
  ],
  [
    1434495600000,
    1.069
  ],
  [
    1434582000000,
    1.123
  ],
  [
    1434668400000,
    1.029
  ],
  [
    1434754800000,
    1.101
  ],
  [
    1434841200000,
    1.093
  ],
  [
    1434927600000,
    0.87
  ],
  [
    1435014000000,
    1.113
  ],
  [
    1435100400000,
    1.341
  ],
  [
    1435186800000,
    1.455
  ],
  [
    1435273200000,
    1.213
  ],
  [
    1435359600000,
    1.243
  ],
  [
    1435446000000,
    1.061
  ],
  [
    1435532400000,
    1.154
  ],
  [
    1435618800000,
    1.342
  ],
  [
    1435705200000,
    1.438
  ],
  [
    1435878000000,
    1.414
  ],
  [
    1435964400000,
    1.441
  ],
  [
    1436050800000,
    1.38
  ],
  [
    1436137200000,
    1.106
  ],
  [
    1436223600000,
    1.09
  ],
  [
    1436396400000,
    1.273
  ],
  [
    1436482800000,
    1.175
  ],
  [
    1436569200000,
    1.328
  ],
  [
    1436655600000,
    1.497
  ],
  [
    1436828400000,
    1.184
  ],
  [
    1436914800000,
    1.412
  ],
  [
    1437001200000,
    1.364
  ],
  [
    1437087600000,
    1.401
  ],
  [
    1437174000000,
    1.503
  ],
  [
    1437260400000,
    1.639
  ],
  [
    1437346800000,
    1.451
  ],
  [
    1437433200000,
    1.24
  ],
  [
    1437519600000,
    1.63
  ],
  [
    1437606000000,
    1.705
  ],
  [
    1437951600000,
    1.832
  ],
  [
    1438038000000,
    1.309
  ],
  [
    1438124400000,
    1.687
  ],
  [
    1438210800000,
    1.473
  ],
  [
    1438297200000,
    1.99
  ],
  [
    1438642800000,
    3.001
  ],
  [
    1438988400000,
    3.19
  ],
  [
    1439161200000,
    1.86
  ],
  [
    1439247600000,
    2.135
  ],
  [
    1439334000000,
    2.483
  ],
  [
    1439593200000,
    2.884
  ],
  [
    1439679600000,
    1.442
  ],
  [
    1439852400000,
    1.447
  ],
  [
    1440025200000,
    2.566
  ],
  [
    1440111600000,
    1.197
  ],
  [
    1440284400000,
    1.895
  ],
  [
    1440370800000,
    1.99
  ],
  [
    1440457200000,
    1.833
  ],
  [
    1440543600000,
    2.071
  ],
  [
    1440630000000,
    2.049
  ],
  [
    1440716400000,
    2.169
  ],
  [
    1440802800000,
    1.91
  ],
  [
    1440889200000,
    2.338
  ],
  [
    1440975600000,
    2.324
  ],
  [
    1441148400000,
    2.179
  ],
  [
    1441234800000,
    2.32
  ],
  [
    1441407600000,
    2.102
  ],
  [
    1441666800000,
    1.909
  ],
  [
    1441839600000,
    2.267
  ],
  [
    1441926000000,
    2.221
  ],
  [
    1442012400000,
    1.928
  ],
  [
    1442098800000,
    1.297
  ],
  [
    1442185200000,
    1.638
  ],
  [
    1442271600000,
    2.025
  ],
  [
    1442358000000,
    1.9
  ],
  [
    1442444400000,
    1.99
  ],
  [
    1442530800000,
    1.937
  ],
  [
    1442703600000,
    1.712
  ],
  [
    1442876400000,
    1.89
  ],
  [
    1442962800000,
    1.721
  ],
  [
    1443049200000,
    1.852
  ],
  [
    1443135600000,
    1.62
  ],
  [
    1443222000000,
    1.68
  ],
  [
    1443394800000,
    1.851
  ],
  [
    1443654000000,
    1.677
  ],
  [
    1443740400000,
    1.651
  ],
  [
    1443826800000,
    1.526
  ],
  [
    1443913200000,
    1.7
  ],
  [
    1443999600000,
    1.76
  ],
  [
    1444086000000,
    1.675
  ],
  [
    1444172400000,
    1.8
  ],
  [
    1444258800000,
    1.595
  ],
  [
    1444345200000,
    1.553
  ],
  [
    1444431600000,
    1.748
  ],
  [
    1444518000000,
    1.931
  ],
  [
    1444604400000,
    2.239
  ],
  [
    1444777200000,
    2.095
  ],
  [
    1444863600000,
    2.325
  ],
  [
    1444950000000,
    1.273
  ],
  [
    1445036400000,
    1.942
  ],
  [
    1445122800000,
    1.987
  ],
  [
    1445904000000,
    1.608
  ],
  [
    1446163200000,
    1.424
  ],
  [
    1446249600000,
    1.499
  ],
  [
    1446336000000,
    1.671
  ],
  [
    1446422400000,
    1.275
  ],
  [
    1446508800000,
    1.635
  ],
  [
    1446595200000,
    1.582
  ],
  [
    1446768000000,
    1.729
  ],
  [
    1447027200000,
    1.619
  ],
  [
    1447200000000,
    1.55
  ],
  [
    1447286400000,
    1.416
  ],
  [
    1447372800000,
    1.373
  ],
  [
    1447459200000,
    1.589
  ],
  [
    1447545600000,
    1.625
  ],
  [
    1447632000000,
    1.742
  ],
  [
    1447718400000,
    1.78
  ],
  [
    1447804800000,
    1.885
  ],
  [
    1448236800000,
    1.557
  ],
  [
    1448323200000,
    1.51
  ],
  [
    1448409600000,
    1.364
  ],
  [
    1448582400000,
    1.46
  ],
  [
    1448668800000,
    1.564
  ],
  [
    1448755200000,
    1.63
  ],
  [
    1448841600000,
    1.351
  ],
  [
    1448928000000,
    43.874
  ],
  [
    1449360000000,
    2.624
  ],
  [
    1449446400000,
    2.582
  ],
  [
    1449532800000,
    2.204
  ],
  [
    1449619200000,
    1.45
  ],
  [
    1449964800000,
    2.093
  ],
  [
    1450051200000,
    1.701
  ],
  [
    1450137600000,
    3.985
  ],
  [
    1450224000000,
    2.51
  ],
  [
    1450396800000,
    4.123
  ],
  [
    1450483200000,
    4.125
  ],
  [
    1450656000000,
    4.604
  ],
  [
    1450742400000,
    4.472
  ],
  [
    1450915200000,
    5.448
  ],
  [
    1451001600000,
    10.928
  ],
  [
    1451692800000,
    6
  ],
  [
    1451779200000,
    6.171
  ],
  [
    1452297600000,
    5.616
  ],
  [
    1452470400000,
    2.272
  ],
  [
    1452556800000,
    3.087
  ],
  [
    1452643200000,
    2.489
  ],
  [
    1452729600000,
    1.784
  ],
  [
    1452902400000,
    2.391
  ],
  [
    1452988800000,
    2.174
  ],
  [
    1453075200000,
    2.208
  ],
  [
    1453248000000,
    2.794
  ],
  [
    1453334400000,
    2.648
  ],
  [
    1453420800000,
    2.474
  ],
  [
    1453507200000,
    2.82
  ],
  [
    1454025600000,
    2.588
  ],
  [
    1454371200000,
    3.945
  ],
  [
    1454630400000,
    2.665
  ],
  [
    1454716800000,
    3.01
  ],
  [
    1454803200000,
    3
  ],
  [
    1454889600000,
    3.33
  ],
  [
    1455062400000,
    3.01
  ],
  [
    1455321600000,
    2.058
  ],
  [
    1455494400000,
    2.3
  ],
  [
    1455580800000,
    2.576
  ],
  [
    1455667200000,
    2.948
  ],
  [
    1456012800000,
    2.811
  ],
  [
    1456099200000,
    1.124
  ],
  [
    1456185600000,
    1.058
  ],
  [
    1456272000000,
    1.519
  ],
  [
    1456358400000,
    1.974
  ],
  [
    1456531200000,
    2.1
  ],
  [
    1456617600000,
    1.602
  ],
  [
    1456790400000,
    2.033
  ],
  [
    1456963200000,
    1.709
  ],
  [
    1457049600000,
    2.167
  ],
  [
    1457136000000,
    1.884
  ],
  [
    1457308800000,
    1.573
  ],
  [
    1457481600000,
    1.755
  ],
  [
    1457568000000,
    1.404
  ],
  [
    1457654400000,
    2.021
  ],
  [
    1457740800000,
    1.945
  ],
  [
    1457913600000,
    2.423
  ],
  [
    1458000000000,
    2.352
  ],
  [
    1458086400000,
    2.945
  ],
  [
    1458604800000,
    2.205
  ],
  [
    1458777600000,
    2.968
  ],
  [
    1458864000000,
    3.222
  ],
  [
    1459119600000,
    2.91
  ],
  [
    1459206000000,
    2.91
  ],
  [
    1459292400000,
    1.266
  ],
  [
    1459465200000,
    3.266
  ],
  [
    1459638000000,
    1.95
  ],
  [
    1459724400000,
    2.133
  ],
  [
    1459810800000,
    2.766
  ],
  [
    1460070000000,
    1.932
  ],
  [
    1460156400000,
    2.793
  ],
  [
    1460242800000,
    1.948
  ],
  [
    1460329200000,
    3.37
  ],
  [
    1460415600000,
    5.709
  ],
  [
    1460847600000,
    2.93
  ],
  [
    1460934000000,
    4.1
  ],
  [
    1461106800000,
    4.96
  ],
  [
    1461193200000,
    5.19
  ],
  [
    1461711600000,
    3.37
  ],
  [
    1461798000000,
    4.927
  ],
  [
    1461884400000,
    2.895
  ],
  [
    1461970800000,
    3.329
  ],
  [
    1462489200000,
    4.23
  ],
  [
    1462575600000,
    6.142
  ],
  [
    1462662000000,
    8.62
  ],
  [
    1462748400000,
    5.298
  ],
  [
    1462921200000,
    8.681
  ],
  [
    1463266800000,
    10.362
  ],
  [
    1463353200000,
    37.995
  ],
  [
    1463439600000,
    11.324
  ],
  [
    1463526000000,
    4.193
  ],
  [
    1463698800000,
    9.699
  ],
  [
    1463785200000,
    6.812
  ],
  [
    1463871600000,
    7.056
  ],
  [
    1463958000000,
    5.345
  ],
  [
    1464044400000,
    7.479
  ],
  [
    1464130800000,
    6.742
  ],
  [
    1464303600000,
    7.462
  ],
  [
    1464562800000,
    7.203
  ],
  [
    1464649200000,
    7.62
  ],
  [
    1464994800000,
    6.56
  ],
  [
    1465167600000,
    4.703
  ],
  [
    1465254000000,
    4.342
  ],
  [
    1465340400000,
    6.829
  ],
  [
    1465426800000,
    7.22
  ],
  [
    1465686000000,
    5
  ],
  [
    1465772400000,
    6.8
  ],
  [
    1465945200000,
    4.256
  ],
  [
    1466118000000,
    4.261
  ],
  [
    1466204400000,
    3.302
  ],
  [
    1466290800000,
    5.615
  ],
  [
    1466550000000,
    4.173
  ],
  [
    1466809200000,
    3.784
  ],
  [
    1466895600000,
    2.6
  ],
  [
    1467154800000,
    3.52
  ],
  [
    1467500400000,
    2.403
  ],
  [
    1467586800000,
    2.519
  ],
  [
    1467759600000,
    2.503
  ],
  [
    1467846000000,
    3.107
  ],
  [
    1467932400000,
    2.99
  ],
  [
    1468018800000,
    2.968
  ],
  [
    1468191600000,
    3.56
  ],
  [
    1468278000000,
    3.584
  ],
  [
    1468364400000,
    2.52
  ],
  [
    1468710000000,
    2.39
  ],
  [
    1468796400000,
    2.3
  ],
  [
    1468969200000,
    2.853
  ],
  [
    1469228400000,
    2.18
  ],
  [
    1469314800000,
    2.15
  ],
  [
    1469401200000,
    2.754
  ],
  [
    1469574000000,
    2.1
  ],
  [
    1469746800000,
    2.213
  ],
  [
    1470006000000,
    2.23
  ],
  [
    1470092400000,
    2.08
  ],
  [
    1470697200000,
    2.224
  ],
  [
    1471042800000,
    2.374
  ],
  [
    1471388400000,
    1.706
  ],
  [
    1471561200000,
    1.22
  ],
  [
    1471993200000,
    1.955
  ],
  [
    1472252400000,
    1.75
  ],
  [
    1472425200000,
    1.3
  ],
  [
    1472511600000,
    1.452
  ],
  [
    1472598000000,
    1.72
  ],
  [
    1472857200000,
    1.4
  ],
  [
    1472943600000,
    1.288
  ],
  [
    1473030000000,
    1.545
  ],
  [
    1473289200000,
    1.55
  ],
  [
    1473375600000,
    1.508
  ],
  [
    1473462000000,
    1.267
  ],
  [
    1473548400000,
    1.376
  ],
  [
    1473634800000,
    1.575
  ],
  [
    1474153200000,
    1.173
  ],
  [
    1474239600000,
    1.372
  ],
  [
    1474326000000,
    1.053
  ],
  [
    1474412400000,
    1.51
  ],
  [
    1474498800000,
    1.072
  ],
  [
    1474671600000,
    1.428
  ],
  [
    1474758000000,
    1.38
  ],
  [
    1474844400000,
    1.412
  ],
  [
    1474930800000,
    1.463
  ],
  [
    1475103600000,
    1.491
  ],
  [
    1475190000000,
    1.51
  ],
  [
    1475276400000,
    1.347
  ],
  [
    1475449200000,
    1.53
  ],
  [
    1475622000000,
    1.862
  ],
  [
    1475708400000,
    0.993
  ],
  [
    1475794800000,
    1.942
  ],
  [
    1475881200000,
    1.712
  ],
  [
    1475967600000,
    1.742
  ],
  [
    1476399600000,
    1.821
  ],
  [
    1476486000000,
    1.65
  ],
  [
    1476658800000,
    1.576
  ],
  [
    1476745200000,
    1.89
  ],
  [
    1477609200000,
    1.359
  ],
  [
    1477872000000,
    2.008
  ],
  [
    1477958400000,
    1.51
  ],
  [
    1478217600000,
    1.436
  ],
  [
    1478390400000,
    0.72
  ],
  [
    1478563200000,
    1.392
  ],
  [
    1478649600000,
    1.03
  ],
  [
    1478822400000,
    1.04
  ],
  [
    1478908800000,
    1.425
  ],
  [
    1478995200000,
    1.512
  ],
  [
    1479081600000,
    1.523
  ],
  [
    1479340800000,
    1.4
  ],
  [
    1479427200000,
    1.228
  ],
  [
    1479513600000,
    1.287
  ],
  [
    1479686400000,
    1.494
  ],
  [
    1479772800000,
    1.5
  ],
  [
    1479859200000,
    1.507
  ],
  [
    1479945600000,
    1.09
  ],
  [
    1480118400000,
    1.105
  ],
  [
    1480204800000,
    1.367
  ],
  [
    1480291200000,
    1.414
  ],
  [
    1480550400000,
    1.41
  ],
  [
    1480723200000,
    1.473
  ],
  [
    1480896000000,
    1.593
  ],
  [
    1481068800000,
    1.813
  ],
  [
    1481155200000,
    1.5
  ],
  [
    1481241600000,
    1.425
  ],
  [
    1481414400000,
    1.417
  ],
  [
    1481500800000,
    1.563
  ],
  [
    1481587200000,
    1.56
  ],
  [
    1481673600000,
    1.519
  ],
  [
    1482105600000,
    1.277
  ],
  [
    1482278400000,
    1.356
  ],
  [
    1482624000000,
    1.536
  ],
  [
    1482883200000,
    1.23
  ],
  [
    1483056000000,
    1.327
  ],
  [
    1483142400000,
    1.53
  ],
  [
    1483228800000,
    1.548
  ],
  [
    1483315200000,
    0.74
  ],
  [
    1483488000000,
    1.432
  ],
  [
    1483660800000,
    1.563
  ],
  [
    1483747200000,
    1.531
  ],
  [
    1484179200000,
    1.317
  ],
  [
    1484265600000,
    1.622
  ],
  [
    1484438400000,
    1.787
  ],
  [
    1484697600000,
    1.876
  ],
  [
    1484956800000,
    1.874
  ],
  [
    1485302400000,
    1.729
  ],
  [
    1485475200000,
    1.765
  ],
  [
    1485561600000,
    1.765
  ],
  [
    1485734400000,
    2.008
  ],
  [
    1485907200000,
    2.131
  ],
  [
    1485993600000,
    2.396
  ],
  [
    1486080000000,
    1.96
  ],
  [
    1486166400000,
    2.72
  ],
  [
    1486512000000,
    1.749
  ],
  [
    1486684800000,
    2.944
  ],
  [
    1487116800000,
    1.89
  ],
  [
    1487289600000,
    5.4
  ],
  [
    1487376000000,
    4.368
  ],
  [
    1487462400000,
    4.548
  ],
  [
    1487548800000,
    7.522
  ],
  [
    1487635200000,
    4.465
  ],
  [
    1487721600000,
    2.353
  ],
  [
    1487808000000,
    2.534
  ],
  [
    1487894400000,
    2.865
  ],
  [
    1487980800000,
    1.84
  ],
  [
    1488153600000,
    3.743
  ],
  [
    1488326400000,
    4.205
  ],
  [
    1488412800000,
    4.45
  ],
  [
    1488844800000,
    3.075
  ],
  [
    1488931200000,
    1.5
  ],
  [
    1489017600000,
    2.13
  ],
  [
    1489190400000,
    2.309
  ],
  [
    1489363200000,
    2.733
  ],
  [
    1489536000000,
    1.697
  ],
  [
    1489708800000,
    2.358
  ],
  [
    1489795200000,
    2.317
  ],
  [
    1489881600000,
    2.288
  ],
  [
    1490140800000,
    2.41
  ],
  [
    1490227200000,
    1.5
  ],
  [
    1490313600000,
    1.864
  ],
  [
    1490400000000,
    2.485
  ],
  [
    1490486400000,
    1.927
  ],
  [
    1491001200000,
    2.399
  ],
  [
    1491174000000,
    2.43
  ],
  [
    1491260400000,
    2.45
  ],
  [
    1491519600000,
    2.659
  ],
  [
    1492210800000,
    1.959
  ],
  [
    1492297200000,
    2.036
  ],
  [
    1492729200000,
    1.889
  ],
  [
    1492815600000,
    1.861
  ],
  [
    1492902000000,
    1.554
  ],
  [
    1493074800000,
    1.876
  ],
  [
    1493420400000,
    1.76
  ],
  [
    1493593200000,
    1.713
  ],
  [
    1494111600000,
    1.765
  ],
  [
    1494457200000,
    1.78
  ],
  [
    1494543600000,
    1.93
  ],
  [
    1494802800000,
    1.715
  ],
  [
    1494975600000,
    2.042
  ],
  [
    1495062000000,
    2.404
  ],
  [
    1495234800000,
    2.571
  ],
  [
    1495321200000,
    2.559
  ],
  [
    1495407600000,
    2.581
  ],
  [
    1495494000000,
    4.035
  ],
  [
    1495580400000,
    5.628
  ],
  [
    1495666800000,
    5.915
  ],
  [
    1495753200000,
    2.519
  ],
  [
    1495926000000,
    4.499
  ],
  [
    1496185200000,
    41.032
  ],
  [
    1496358000000,
    34.867
  ],
  [
    1496530800000,
    30.554
  ],
  [
    1496617200000,
    5.655
  ],
  [
    1496790000000,
    5.07
  ],
  [
    1496876400000,
    18.701
  ],
  [
    1496962800000,
    4.505
  ],
  [
    1497308400000,
    13.618
  ],
  [
    1497654000000,
    2.93
  ],
  [
    1498431600000,
    2.495
  ],
  [
    1498518000000,
    3.175
  ],
  [
    1498950000000,
    2.344
  ],
  [
    1499382000000,
    4.25
  ],
  [
    1500418800000,
    6.058
  ],
  [
    1500850800000,
    5.084
  ],
  [
    1502146800000,
    2.87
  ],
  [
    1502319600000,
    3.429
  ],
  [
    1502838000000,
    3.975
  ],
  [
    1503183600000,
    4.52
  ],
  [
    1503615600000,
    6
  ],
  [
    1505257200000,
    3.673
  ],
  [
    1505775600000,
    3.453
  ],
  [
    1505862000000,
    3.61
  ],
  [
    1506294000000,
    5
  ],
  [
    1506380400000,
    5
  ],
  [
    1506553200000,
    5
  ],
  [
    1506639600000,
    4.95
  ],
  [
    1507158000000,
    2.299
  ],
  [
    1507330800000,
    1.61
  ],
  [
    1507590000000,
    4.508
  ],
  [
    1507762800000,
    4.531
  ],
  [
    1508194800000,
    1.672
  ],
  [
    1508626800000,
    3.572
  ],
  [
    1508713200000,
    4.058
  ],
  [
    1509231600000,
    4.26
  ],
  [
    1509321600000,
    4.4
  ],
  [
    1510012800000,
    4.445
  ],
  [
    1510185600000,
    4.99
  ],
  [
    1510444800000,
    5.03
  ],
  [
    1510531200000,
    5.1
  ],
  [
    1513987200000,
    2.726
  ],
  [
    1515369600000,
    3.896
  ],
  [
    1515456000000,
    3.886
  ],
  [
    1515628800000,
    6.806
  ],
  [
    1515888000000,
    20.08
  ],
  [
    1516147200000,
    3.208
  ],
  [
    1516233600000,
    19.599
  ],
  [
    1516492800000,
    4.456
  ],
  [
    1517529600000,
    4.23
  ],
  [
    1517788800000,
    4.246
  ],
  [
    1519171200000,
    2.675
  ],
  [
    1519516800000,
    2.661
  ],
  [
    1519689600000,
    2.53
  ],
  [
    1520121600000,
    2.83
  ],
  [
    1520208000000,
    2.829
  ],
  [
    1520294400000,
    2.83
  ],
  [
    1520553600000,
    3.112
  ],
  [
    1520726400000,
    3.109
  ],
  [
    1521072000000,
    2.953
  ],
  [
    1521158400000,
    3.056
  ],
  [
    1521244800000,
    2.906
  ],
  [
    1522364400000,
    2.447
  ],
  [
    1523314800000,
    2.349
  ],
  [
    1523487600000,
    2.72
  ],
  [
    1523919600000,
    2.35
  ],
  [
    1524092400000,
    2.358
  ],
  [
    1524178800000,
    2.417
  ],
  [
    1524265200000,
    2.473
  ],
  [
    1524870000000,
    2.303
  ],
  [
    1525647600000,
    2.545
  ],
  [
    1525993200000,
    2.472
  ],
  [
    1526252400000,
    1.702
  ],
  [
    1526598000000,
    2.103
  ],
  [
    1527289200000,
    2.11
  ],
  [
    1527462000000,
    2.11
  ],
  [
    1527721200000,
    2.09
  ],
  [
    1528066800000,
    2.088
  ],
  [
    1528758000000,
    2.005
  ],
  [
    1528844400000,
    2.003
  ],
  [
    1528930800000,
    1.984
  ],
  [
    1529622000000,
    1.415
  ],
  [
    1529708400000,
    1.684
  ],
  [
    1529967600000,
    1.698
  ],
  [
    1531004400000,
    1.69
  ],
  [
    1531090800000,
    1.72
  ],
  [
    1531263600000,
    1.966
  ],
  [
    1531436400000,
    2.1
  ],
  [
    1531609200000,
    2.373
  ],
  [
    1532214000000,
    1.8
  ],
  [
    1533596400000,
    1.725
  ],
  [
    1534806000000,
    1.603
  ],
  [
    1535842800000,
    2.289
  ],
  [
    1536188400000,
    1.72
  ],
  [
    1537138800000,
    2.277
  ],
  [
    1537225200000,
    2.3
  ],
  [
    1537570800000,
    2.336
  ],
  [
    1538002800000,
    1.75
  ],
  [
    1538348400000,
    1.725
  ],
  [
    1538434800000,
    1.73
  ],
  [
    1538694000000,
    1.99
  ],
  [
    1538780400000,
    2.03
  ],
  [
    1538866800000,
    1.683
  ],
  [
    1539558000000,
    1.445
  ],
  [
    1539903600000,
    2.273
  ],
  [
    1540162800000,
    1.81
  ],
  [
    1540249200000,
    1.519
  ],
  [
    1540594800000,
    1.366
  ],
  [
    1540857600000,
    1.442
  ],
  [
    1541635200000,
    2.249
  ],
  [
    1542067200000,
    2.27
  ],
  [
    1542412800000,
    2.271
  ],
  [
    1542499200000,
    1.857
  ],
  [
    1542758400000,
    2.12
  ],
  [
    1543536000000,
    2.264
  ],
  [
    1544140800000,
    2.236
  ],
  [
    1544227200000,
    1.657
  ],
  [
    1544659200000,
    2.03
  ],
  [
    1544745600000,
    2.34
  ],
  [
    1544832000000,
    1.724
  ],
  [
    1546387200000,
    1.315
  ],
  [
    1546473600000,
    1.684
  ],
  [
    1547251200000,
    1.61
  ],
  [
    1547596800000,
    1.617
  ],
  [
    1547683200000,
    1.7
  ],
  [
    1548374400000,
    2.387
  ],
  [
    1550188800000,
    1.391
  ],
  [
    1551139200000,
    1.401
  ],
  [
    1551398400000,
    2.137
  ],
  [
    1551657600000,
    2.275
  ],
  [
    1551830400000,
    1.369
  ],
  [
    1552003200000,
    1.67
  ],
  [
    1552089600000,
    1.725
  ],
  [
    1552435200000,
    1.633
  ],
  [
    1552521600000,
    1.598
  ],
  [
    1552608000000,
    1.887
  ],
  [
    1552953600000,
    1.78
  ],
  [
    1553040000000,
    1.135
  ],
  [
    1553385600000,
    1.07
  ],
  [
    1553472000000,
    1.378
  ],
  [
    1553558400000,
    2.357
  ],
  [
    1553817600000,
    1.326
  ],
  [
    1554678000000,
    1.368
  ],
  [
    1554764400000,
    2.483
  ],
  [
    1556751600000,
    1.3
  ],
  [
    1557183600000,
    2.435
  ],
  [
    1557615600000,
    2.559
  ],
  [
    1558134000000,
    1.371
  ],
  [
    1558825200000,
    2.215
  ],
  [
    1558911600000,
    2.211
  ],
  [
    1558998000000,
    2.215
  ],
  [
    1559084400000,
    1.349
  ],
  [
    1559170800000,
    2.23
  ],
  [
    1559602800000,
    2.373
  ],
  [
    1560466800000,
    3.032
  ],
  [
    1560898800000,
    4.15
  ],
  [
    1561849200000,
    1.765
  ],
  [
    1562367600000,
    1.138
  ],
  [
    1563836400000,
    1.656
  ],
  [
    1564182000000,
    1.28
  ],
  [
    1564268400000,
    1.825
  ],
  [
    1564354800000,
    1.856
  ],
  [
    1564441200000,
    2.518
  ],
  [
    1565132400000,
    1.52
  ],
  [
    1565391600000,
    1.56
  ],
  [
    1565737200000,
    1.55
  ],
  [
    1565823600000,
    1.86
  ],
  [
    1566342000000,
    3.42
  ],
  [
    1566601200000,
    2.435
  ],
  [
    1567638000000,
    3.24
  ],
  [
    1568242800000,
    3.4
  ],
  [
    1569279600000,
    4
  ],
  [
    1569884400000,
    1.88
  ],
  [
    1570402800000,
    4.007
  ],
  [
    1571871600000,
    3.86
  ],
  [
    1572220800000,
    3.94
  ],
  [
    1572739200000,
    2.422
  ],
  [
    1573516800000,
    5.125
  ],
  [
    1575072000000,
    2.496
  ],
  [
    1575158400000,
    2.501
  ],
  [
    1576281600000,
    3.002
  ],
  [
    1576454400000,
    1.828
  ],
  [
    1576886400000,
    2.143
  ],
  [
    1576972800000,
    1.817
  ],
  [
    1577059200000,
    1.805
  ],
  [
    1577232000000,
    1.824
  ],
  [
    1577836800000,
    2.93
  ],
  [
    1578441600000,
    1.83
  ],
  [
    1578960000000,
    1.922
  ],
  [
    1579824000000,
    1.952
  ],
  [
    1580342400000,
    1.939
  ],
  [
    1581379200000,
    2.809
  ],
  [
    1581465600000,
    2.712
  ],
  [
    1581984000000,
    1.802
  ],
  [
    1582675200000,
    4.215
  ],
  [
    1583452800000,
    4.417
  ],
  [
    1584403200000,
    2.121
  ],
  [
    1584576000000,
    1.734
  ],
  [
    1584921600000,
    3.725
  ],
  [
    1585440000000,
    3.416
  ],
  [
    1586732400000,
    2.326
  ],
  [
    1586818800000,
    3.12
  ],
  [
    1587337200000,
    3.3
  ],
  [
    1588028400000,
    2.915
  ],
  [
    1588806000000,
    3.507
  ],
  [
    1589410800000,
    3.401
  ],
  [
    1590188400000,
    3.404
  ],
  [
    1590534000000,
    3.317
  ],
  [
    1590793200000,
    3.316
  ],
  [
    1591052400000,
    3.471
  ],
  [
    1592002800000,
    3.687
  ],
  [
    1592953200000,
    3.624
  ],
  [
    1593039600000,
    3.625
  ],
  [
    1593644400000,
    2.394
  ],
  [
    1594076400000,
    3.866
  ],
  [
    1595372400000,
    3.412
  ],
  [
    1596063600000,
    3.001
  ],
  [
    1596322800000,
    2.844
  ],
  [
    1596754800000,
    2.315
  ],
  [
    1597014000000,
    2.305
  ],
  [
    1597100400000,
    2.736
  ],
  [
    1597273200000,
    3.261
  ],
  [
    1597446000000,
    2.868
  ],
  [
    1597705200000,
    2.301
  ],
  [
    1597878000000,
    2.374
  ],
  [
    1598137200000,
    2.27
  ],
  [
    1598742000000,
    3.951
  ],
  [
    1598828400000,
    2.679
  ],
  [
    1599606000000,
    3.19
  ],
  [
    1599951600000,
    3.223
  ],
  [
    1600038000000,
    2.132
  ],
  [
    1600556400000,
    2.647
  ],
  [
    1601074800000,
    3.236
  ],
  [
    1601420400000,
    3.19
  ],
  [
    1601506800000,
    3.194
  ],
  [
    1601852400000,
    3.483
  ],
  [
    1601938800000,
    2.889
  ],
  [
    1602111600000,
    3.335
  ],
  [
    1603148400000,
    3.315
  ],
  [
    1604448000000,
    3.291
  ],
  [
    1604620800000,
    3.308
  ],
  [
    1604707200000,
    3.702
  ],
  [
    1604793600000,
    3.864
  ],
  [
    1604880000000,
    3.211
  ],
  [
    1604966400000,
    4.013
  ],
  [
    1605225600000,
    3.996
  ],
  [
    1605657600000,
    2.366
  ],
  [
    1607299200000,
    2.495
  ],
  [
    1607904000000,
    3.912
  ],
  [
    1608076800000,
    3.962
  ],
  [
    1608508800000,
    2.583
  ],
  [
    1609372800000,
    2.595
  ],
  [
    1609545600000,
    2.675
  ],
  [
    1610150400000,
    3.133
  ],
  [
    1610323200000,
    3.77
  ],
  [
    1610409600000,
    2.603
  ],
  [
    1610496000000,
    2.484
  ],
  [
    1610582400000,
    4.14
  ],
  [
    1610841600000,
    3.88
  ],
  [
    1610928000000,
    3.864
  ],
  [
    1611014400000,
    2.21
  ],
  [
    1611187200000,
    2.427
  ],
  [
    1611446400000,
    3.85
  ],
  [
    1611792000000,
    3.125
  ],
  [
    1611878400000,
    3.928
  ],
  [
    1612310400000,
    3.672
  ],
  [
    1612656000000,
    3.71
  ],
  [
    1613088000000,
    3.203
  ],
  [
    1613520000000,
    3.715
  ],
  [
    1613779200000,
    3.553
  ],
  [
    1613865600000,
    3.941
  ],
  [
    1614124800000,
    4.006
  ],
  [
    1614211200000,
    4.231
  ],
  [
    1614729600000,
    3.979
  ],
  [
    1614902400000,
    3.043
  ],
  [
    1615161600000,
    2.88
  ],
  [
    1615680000000,
    4.071
  ],
  [
    1616112000000,
    4.03
  ],
  [
    1616198400000,
    3.437
  ],
  [
    1616457600000,
    2.84
  ],
  [
    1616889600000,
    5.93
  ],
  [
    1617318000000,
    2.94
  ],
  [
    1617404400000,
    5.761
  ],
  [
    1617663600000,
    5.812
  ],
  [
    1618095600000,
    5.701
  ],
  [
    1619478000000,
    6.09
  ],
  [
    1620428400000,
    7.004
  ],
  [
    1621119600000,
    4.197
  ],
  [
    1621206000000,
    6.971
  ],
  [
    1623452400000,
    5.862
  ],
  [
    1625785200000,
    4.69
  ],
  [
    1626130800000,
    4.691
  ],
  [
    1626217200000,
    5.381
  ],
  [
    1626476400000,
    4.062
  ],
  [
    1626562800000,
    4.035
  ],
  [
    1628636400000,
    5.432
  ],
  [
    1629414000000,
    5.391
  ],
  [
    1629673200000,
    5.596
  ],
  [
    1630278000000,
    5.399
  ],
  [
    1630796400000,
    5.945
  ],
  [
    1631142000000,
    5.45
  ],
  [
    1631919600000,
    4.38
  ],
  [
    1632265200000,
    4.37
  ],
  [
    1632438000000,
    5.796
  ],
  [
    1632783600000,
    4.369
  ],
  [
    1632870000000,
    3.673
  ],
  [
    1633820400000,
    3.882
  ],
  [
    1634338800000,
    3.439
  ],
  [
    1634425200000,
    3.435
  ],
  [
    1634598000000,
    2.987
  ],
  [
    1634684400000,
    4.925
  ],
  [
    1635634800000,
    3.41
  ],
  [
    1636502400000,
    6.022
  ],
  [
    1637366400000,
    3.507
  ],
  [
    1638144000000,
    3.718
  ],
  [
    1638403200000,
    3.582
  ],
  [
    1639180800000,
    3.405
  ],
  [
    1639440000000,
    3.045
  ],
  [
    1640044800000,
    4.643
  ],
  [
    1640908800000,
    5.206
  ],
  [
    1641859200000,
    5.014
  ],
  [
    1641945600000,
    2.001
  ],
  [
    1642809600000,
    5.172
  ],
  [
    1643328000000,
    4.457
  ],
  [
    1643846400000,
    5.244
  ],
  [
    1644451200000,
    3.011
  ],
  [
    1644796800000,
    3.03
  ],
  [
    1645056000000,
    2.974
  ],
  [
    1645228800000,
    2.87
  ],
  [
    1645401600000,
    3.952
  ],
  [
    1645488000000,
    4.447
  ],
  [
    1645660800000,
    4.506
  ],
  [
    1646006400000,
    3.36
  ],
  [
    1646438400000,
    3.46
  ],
  [
    1646524800000,
    3.45
  ],
  [
    1646611200000,
    2.943
  ],
  [
    1646784000000,
    3.456
  ],
  [
    1646870400000,
    4.11
  ],
  [
    1646956800000,
    4.11
  ],
  [
    1647043200000,
    4.372
  ],
  [
    1647388800000,
    3.15
  ],
  [
    1648339200000,
    5.223
  ],
  [
    1648854000000,
    3.313
  ],
  [
    1649286000000,
    3.77
  ],
  [
    1649631600000,
    3.77
  ],
  [
    1650754800000,
    4.497
  ],
  [
    1652569200000,
    4.11
  ],
  [
    1652828400000,
    4.5
  ],
  [
    1653778800000,
    3.96
  ],
  [
    1654038000000,
    3.99
  ],
  [
    1654297200000,
    4.09
  ],
  [
    1654988400000,
    5.474
  ],
  [
    1655247600000,
    4.45
  ],
  [
    1655593200000,
    1.058
  ],
  [
    1655679600000,
    4.11
  ],
  [
    1657234800000,
    56.861
  ],
  [
    1658012400000,
    7.374
  ],
  [
    1658358000000,
    5.507
  ],
  [
    1658703600000,
    5.752
  ],
  [
    1659394800000,
    5.65
  ],
  [
    1659913200000,
    4.37
  ],
  [
    1659999600000,
    4.646
  ],
  [
    1660950000000,
    5.001
  ],
  [
    1661209200000,
    4.944
  ],
  [
    1661295600000,
    5.621
  ],
  [
    1661382000000,
    4.11
  ],
  [
    1662073200000,
    5.669
  ],
  [
    1662764400000,
    5.655
  ],
  [
    1662850800000,
    5.625
  ],
  [
    1663023600000,
    6.049
  ],
  [
    1663196400000,
    5.995
  ],
  [
    1663369200000,
    4.592
  ],
  [
    1663542000000,
    4.39
  ],
  [
    1663714800000,
    3.823
  ],
  [
    1664060400000,
    5.129
  ],
  [
    1664146800000,
    5.44
  ],
  [
    1665356400000,
    3.89
  ],
  [
    1665442800000,
    4.836
  ],
  [
    1666738800000,
    6.255
  ],
  [
    1666911600000,
    6.192
  ],
  [
    1668297600000,
    3.544
  ],
  [
    1669161600000,
    3.448
  ],
  [
    1669507200000,
    5.75
  ],
  [
    1670025600000,
    6.621
  ],
  [
    1670976000000,
    3.24
  ],
  [
    1671148800000,
    5.088
  ],
  [
    1671235200000,
    3.518
  ],
  [
    1671408000000,
    3.39
  ],
  [
    1671753600000,
    3.31
  ],
  [
    1672531200000,
    6.765
  ],
  [
    1672876800000,
    3.659
  ],
  [
    1673222400000,
    6.696
  ],
  [
    1673913600000,
    7.55
  ],
  [
    1674432000000,
    4.53
  ],
  [
    1675036800000,
    7.179
  ],
  [
    1675468800000,
    8.12
  ],
  [
    1675555200000,
    4.624
  ],
  [
    1675814400000,
    7.762
  ],
  [
    1676419200000,
    6.99
  ],
  [
    1676505600000,
    5.13
  ],
  [
    1677283200000,
    4.747
  ],
  [
    1677801600000,
    6.627
  ],
  [
    1677974400000,
    6.725
  ],
  [
    1678233600000,
    5.54
  ],
  [
    1678579200000,
    6.67
  ],
  [
    1679184000000,
    6.839
  ],
  [
    1679356800000,
    5.624
  ],
  [
    1679788800000,
    7.65
  ],
  [
    1680390000000,
    6.807
  ],
  [
    1680476400000,
    4.902
  ],
  [
    1680649200000,
    6.576
  ],
  [
    1680735600000,
    6.61
  ],
  [
    1680822000000,
    7.005
  ],
  [
    1680994800000,
    7.65
  ],
  [
    1681081200000,
    7.699
  ],
  [
    1681167600000,
    9.582
  ],
  [
    1681254000000,
    6.55
  ],
  [
    1681513200000,
    7.944
  ],
  [
    1681599600000,
    7.691
  ],
  [
    1681772400000,
    8.636
  ],
  [
    1682377200000,
    8.415
  ],
  [
    1682809200000,
    8.8
  ],
  [
    1683068400000,
    8.344
  ],
  [
    1683241200000,
    8.02
  ],
  [
    1683327600000,
    8.348
  ],
  [
    1683759600000,
    8.015
  ],
  [
    1683932400000,
    9
  ],
  [
    1684278000000,
    8.32
  ],
  [
    1684450800000,
    8.79
  ],
  [
    1684623600000,
    9.5
  ],
  [
    1685401200000,
    9.57
  ],
  [
    1685833200000,
    8.54
  ],
  [
    1685919600000,
    9.417
  ],
  [
    1686178800000,
    9.481
  ],
  [
    1686265200000,
    9.681
  ],
  [
    1686351600000,
    10
  ],
  [
    1686783600000,
    9.346
  ],
  [
    1687215600000,
    10.327
  ],
  [
    1687474800000,
    10.551
  ],
  [
    1687734000000,
    9.947
  ],
  [
    1688079600000,
    10.058
  ],
  [
    1688252400000,
    10.43
  ],
  [
    1688338800000,
    11.5
  ],
  [
    1688511600000,
    10.032
  ],
  [
    1690153200000,
    11.5
  ],
  [
    1690412400000,
    11.652
  ],
  [
    1690498800000,
    10.5
  ],
  [
    1690844400000,
    12.005
  ],
  [
    1691535600000,
    10.46
  ],
  [
    1691708400000,
    10.35
  ],
  [
    1691794800000,
    9.94
  ],
  [
    1692658800000,
    10.13
  ],
  [
    1692918000000,
    10.15
  ],
  [
    1694127600000,
    9.36
  ],
  [
    1694300400000,
    9.827
  ],
  [
    1694646000000,
    10.741
  ],
  [
    1694905200000,
    9.4
  ],
  [
    1695337200000,
    11.532
  ],
  [
    1695423600000,
    10.4
  ],
  [
    1695596400000,
    10.5
  ],
  [
    1696028400000,
    12.16
  ],
  [
    1696546800000,
    10.565
  ],
  [
    1696633200000,
    10.19
  ],
  [
    1697065200000,
    11.77
  ],
  [
    1697497200000,
    14.087
  ],
  [
    1697583600000,
    12.27
  ],
  [
    1698447600000,
    9.49
  ],
  [
    1698796800000,
    9.86
  ],
  [
    1699056000000,
    9.852
  ],
  [
    1699142400000,
    10.86
  ],
  [
    1700092800000,
    12.67
  ],
  [
    1700179200000,
    12.9
  ],
  [
    1700524800000,
    11.21
  ],
  [
    1700870400000,
    10.3
  ],
  [
    1701648000000,
    11.79
  ],
  [
    1701734400000,
    11.35
  ],
  [
    1701820800000,
    11.16
  ],
  [
    1702080000000,
    11.62
  ],
  [
    1702857600000,
    10.92
  ],
  [
    1703376000000,
    10.81
  ],
  [
    1704585600000,
    10.755
  ],
  [
    1704931200000,
    12.46
  ],
  [
    1705881600000,
    10.005
  ],
  [
    1706400000000,
    9.98
  ],
  [
    1707004800000,
    13.562
  ],
  [
    1707177600000,
    10.38
  ],
  [
    1707696000000,
    9.4
  ],
  [
    1707868800000,
    8.902
  ],
  [
    1708473600000,
    9.54
  ],
  [
    1710374400000,
    11.505
  ],
  [
    1710979200000,
    10.02
  ],
  [
    1711670400000,
    10.5
  ],
  [
    1711843200000,
    10.84
  ],
  [
    1712358000000,
    10.806
  ],
  [
    1712530800000,
    10.46
  ],
  [
    1712703600000,
    10.734
  ],
  [
    1713135600000,
    10.85
  ],
  [
    1713394800000,
    12.93
  ],
  [
    1713826800000,
    13.5
  ],
  [
    1715468400000,
    14.71
  ],
  [
    1715986800000,
    12.16
  ],
  [
    1716494400000,
    12.31
  ],
  [
    1717502400000,
    12.427
  ],
  [
    1717621200000,
    12
  ],
  [
    1718110800000,
    11.258
  ],
  [
    1718298000000,
    11.58
  ],
  [
    1718654400000,
    10.31
  ]
]