[
  [
    1656630000000,
    18.725
  ],
  [
    1656716400000,
    9.067
  ],
  [
    1656802800000,
    6.088
  ],
  [
    1656889200000,
    4.924
  ],
  [
    1656975600000,
    4.465
  ],
  [
    1657062000000,
    4.118
  ],
  [
    1657148400000,
    3.85
  ],
  [
    1657234800000,
    4.008
  ],
  [
    1657321200000,
    3.856
  ],
  [
    1657407600000,
    3.634
  ],
  [
    1657494000000,
    3.154
  ],
  [
    1657580400000,
    2.844
  ],
  [
    1657666800000,
    3.604
  ],
  [
    1657753200000,
    2.668
  ],
  [
    1657839600000,
    2.945
  ],
  [
    1657926000000,
    2.926
  ],
  [
    1658012400000,
    2.72
  ],
  [
    1658098800000,
    2.514
  ],
  [
    1658185200000,
    2.536
  ],
  [
    1658271600000,
    3.195
  ],
  [
    1658358000000,
    2.412
  ],
  [
    1658444400000,
    2.437
  ],
  [
    1658530800000,
    2.404
  ],
  [
    1658617200000,
    2.253
  ],
  [
    1658703600000,
    2.141
  ],
  [
    1658790000000,
    2.045
  ],
  [
    1658876400000,
    1.94
  ],
  [
    1658962800000,
    1.914
  ],
  [
    1659049200000,
    2.014
  ],
  [
    1659135600000,
    2.104
  ],
  [
    1659222000000,
    2.063
  ],
  [
    1659308400000,
    2.039
  ],
  [
    1659394800000,
    2.01
  ],
  [
    1659481200000,
    1.986
  ],
  [
    1659567600000,
    1.978
  ],
  [
    1659654000000,
    2.006
  ],
  [
    1659740400000,
    2.033
  ],
  [
    1659826800000,
    2.012
  ],
  [
    1659913200000,
    1.961
  ],
  [
    1659999600000,
    1.916
  ],
  [
    1660086000000,
    1.883
  ],
  [
    1660172400000,
    1.842
  ],
  [
    1660258800000,
    1.805
  ],
  [
    1660345200000,
    1.802
  ],
  [
    1660431600000,
    1.758
  ],
  [
    1660518000000,
    1.691
  ],
  [
    1660604400000,
    1.672
  ],
  [
    1660690800000,
    1.584
  ],
  [
    1660777200000,
    1.512
  ],
  [
    1660863600000,
    1.507
  ],
  [
    1660950000000,
    1.565
  ],
  [
    1661036400000,
    1.584
  ],
  [
    1661122800000,
    1.538
  ],
  [
    1661209200000,
    1.548
  ],
  [
    1661295600000,
    1.535
  ],
  [
    1661382000000,
    1.512
  ],
  [
    1661468400000,
    1.536
  ],
  [
    1661554800000,
    1.593
  ],
  [
    1661641200000,
    1.609
  ],
  [
    1661727600000,
    1.609
  ],
  [
    1661814000000,
    1.562
  ],
  [
    1661900400000,
    1.581
  ],
  [
    1661986800000,
    1.608
  ],
  [
    1662073200000,
    1.627
  ],
  [
    1662159600000,
    1.656
  ],
  [
    1662246000000,
    1.653
  ],
  [
    1662332400000,
    1.656
  ],
  [
    1662418800000,
    1.657
  ],
  [
    1662505200000,
    1.625
  ],
  [
    1662591600000,
    1.625
  ],
  [
    1662678000000,
    1.617
  ],
  [
    1662764400000,
    1.625
  ],
  [
    1662850800000,
    1.612
  ],
  [
    1662937200000,
    1.583
  ],
  [
    1663023600000,
    1.565
  ],
  [
    1663110000000,
    1.549
  ],
  [
    1663196400000,
    1.528
  ],
  [
    1663282800000,
    1.511
  ],
  [
    1663369200000,
    1.472
  ],
  [
    1663455600000,
    1.403
  ],
  [
    1663542000000,
    1.34
  ],
  [
    1663628400000,
    1.312
  ],
  [
    1663714800000,
    1.266
  ],
  [
    1663801200000,
    1.185
  ],
  [
    1663887600000,
    1.176
  ],
  [
    1663974000000,
    1.233
  ],
  [
    1664060400000,
    1.255
  ],
  [
    1664146800000,
    1.249
  ],
  [
    1664233200000,
    1.256
  ],
  [
    1664319600000,
    1.232
  ],
  [
    1664406000000,
    1.188
  ],
  [
    1664492400000,
    1.215
  ],
  [
    1664578800000,
    1.275
  ],
  [
    1664665200000,
    1.267
  ],
  [
    1664751600000,
    1.276
  ],
  [
    1664838000000,
    1.246
  ],
  [
    1664924400000,
    1.186
  ],
  [
    1665010800000,
    1.183
  ],
  [
    1665097200000,
    1.195
  ],
  [
    1665183600000,
    1.222
  ],
  [
    1665270000000,
    1.227
  ],
  [
    1665356400000,
    1.21
  ],
  [
    1665442800000,
    1.207
  ],
  [
    1665529200000,
    1.206
  ],
  [
    1665615600000,
    1.187
  ],
  [
    1665702000000,
    1.159
  ],
  [
    1665788400000,
    1.185
  ],
  [
    1665874800000,
    1.205
  ],
  [
    1665961200000,
    1.167
  ],
  [
    1666047600000,
    1.15
  ],
  [
    1666134000000,
    1.165
  ],
  [
    1666220400000,
    1.134
  ],
  [
    1666306800000,
    1.113
  ],
  [
    1666393200000,
    1.074
  ],
  [
    1666479600000,
    1.042
  ],
  [
    1666566000000,
    1.034
  ],
  [
    1666652400000,
    1.004
  ],
  [
    1666738800000,
    1
  ],
  [
    1666825200000,
    0.998
  ],
  [
    1666911600000,
    0.973
  ],
  [
    1666998000000,
    0.957
  ],
  [
    1667084400000,
    0.908
  ],
  [
    1667174400000,
    0.844
  ],
  [
    1667260800000,
    0.852
  ],
  [
    1667347200000,
    0.898
  ],
  [
    1667433600000,
    0.941
  ],
  [
    1667520000000,
    0.966
  ],
  [
    1667606400000,
    0.958
  ],
  [
    1667692800000,
    0.951
  ],
  [
    1667779200000,
    0.949
  ],
  [
    1667865600000,
    0.941
  ],
  [
    1667952000000,
    0.95
  ],
  [
    1668038400000,
    0.948
  ],
  [
    1668124800000,
    0.959
  ],
  [
    1668211200000,
    0.954
  ],
  [
    1668297600000,
    0.92
  ],
  [
    1668384000000,
    0.888
  ],
  [
    1668470400000,
    0.882
  ],
  [
    1668556800000,
    0.879
  ],
  [
    1668643200000,
    0.887
  ],
  [
    1668729600000,
    0.899
  ],
  [
    1668816000000,
    0.877
  ],
  [
    1668902400000,
    0.818
  ],
  [
    1668988800000,
    0.791
  ],
  [
    1669075200000,
    0.751
  ],
  [
    1669161600000,
    0.712
  ],
  [
    1669248000000,
    0.699
  ],
  [
    1669334400000,
    0.687
  ],
  [
    1669420800000,
    0.673
  ],
  [
    1669507200000,
    0.665
  ],
  [
    1669593600000,
    0.63
  ],
  [
    1669680000000,
    0.624
  ],
  [
    1669766400000,
    0.659
  ],
  [
    1669852800000,
    0.683
  ],
  [
    1669939200000,
    0.724
  ],
  [
    1670025600000,
    0.732
  ],
  [
    1670112000000,
    0.698
  ],
  [
    1670198400000,
    0.686
  ],
  [
    1670284800000,
    0.66
  ],
  [
    1670371200000,
    0.657
  ],
  [
    1670457600000,
    0.637
  ],
  [
    1670544000000,
    0.642
  ],
  [
    1670630400000,
    0.639
  ],
  [
    1670716800000,
    0.63
  ],
  [
    1670803200000,
    0.634
  ],
  [
    1670889600000,
    0.628
  ],
  [
    1670976000000,
    0.625
  ],
  [
    1671062400000,
    0.63
  ],
  [
    1671148800000,
    0.634
  ],
  [
    1671235200000,
    0.644
  ],
  [
    1671321600000,
    0.641
  ],
  [
    1671408000000,
    0.649
  ],
  [
    1671494400000,
    0.636
  ],
  [
    1671580800000,
    0.655
  ],
  [
    1671667200000,
    0.653
  ],
  [
    1671753600000,
    0.646
  ],
  [
    1671840000000,
    0.663
  ],
  [
    1671926400000,
    0.663
  ],
  [
    1672012800000,
    0.649
  ],
  [
    1672099200000,
    0.599
  ],
  [
    1672185600000,
    0.563
  ],
  [
    1672272000000,
    0.572
  ],
  [
    1672358400000,
    0.591
  ],
  [
    1672444800000,
    0.619
  ],
  [
    1672531200000,
    0.631
  ],
  [
    1672617600000,
    0.594
  ],
  [
    1672704000000,
    0.598
  ],
  [
    1672790400000,
    0.592
  ],
  [
    1672876800000,
    0.594
  ],
  [
    1672963200000,
    0.588
  ],
  [
    1673049600000,
    0.585
  ],
  [
    1673136000000,
    0.567
  ],
  [
    1673222400000,
    0.553
  ],
  [
    1673308800000,
    0.545
  ],
  [
    1673395200000,
    0.563
  ],
  [
    1673481600000,
    0.567
  ],
  [
    1673568000000,
    0.58
  ],
  [
    1673654400000,
    0.598
  ],
  [
    1673740800000,
    0.609
  ],
  [
    1673827200000,
    0.603
  ],
  [
    1673913600000,
    0.609
  ],
  [
    1674000000000,
    0.615
  ],
  [
    1674086400000,
    0.613
  ],
  [
    1674172800000,
    0.625
  ],
  [
    1674259200000,
    0.653
  ],
  [
    1674345600000,
    0.68
  ],
  [
    1674432000000,
    0.671
  ],
  [
    1674518400000,
    0.67
  ],
  [
    1674604800000,
    0.671
  ],
  [
    1674691200000,
    0.685
  ],
  [
    1674777600000,
    0.699
  ],
  [
    1674864000000,
    0.704
  ],
  [
    1674950400000,
    0.705
  ],
  [
    1675036800000,
    0.698
  ],
  [
    1675123200000,
    0.7
  ],
  [
    1675209600000,
    0.701
  ],
  [
    1675296000000,
    0.703
  ],
  [
    1675382400000,
    0.706
  ],
  [
    1675468800000,
    0.714
  ],
  [
    1675555200000,
    0.711
  ],
  [
    1675641600000,
    0.704
  ],
  [
    1675728000000,
    0.697
  ],
  [
    1675814400000,
    0.707
  ],
  [
    1675900800000,
    0.693
  ],
  [
    1675987200000,
    0.669
  ],
  [
    1676073600000,
    0.624
  ],
  [
    1676160000000,
    0.618
  ],
  [
    1676246400000,
    0.639
  ],
  [
    1676332800000,
    0.655
  ],
  [
    1676419200000,
    0.683
  ],
  [
    1676505600000,
    0.699
  ],
  [
    1676592000000,
    0.707
  ],
  [
    1676678400000,
    0.692
  ],
  [
    1676764800000,
    0.676
  ],
  [
    1676851200000,
    0.647
  ],
  [
    1676937600000,
    0.642
  ],
  [
    1677024000000,
    0.653
  ],
  [
    1677110400000,
    0.679
  ],
  [
    1677196800000,
    0.709
  ],
  [
    1677283200000,
    0.714
  ],
  [
    1677369600000,
    0.71
  ],
  [
    1677456000000,
    0.715
  ],
  [
    1677542400000,
    0.717
  ],
  [
    1677628800000,
    0.734
  ],
  [
    1677715200000,
    0.729
  ],
  [
    1677801600000,
    0.731
  ],
  [
    1677888000000,
    0.737
  ],
  [
    1677974400000,
    0.742
  ],
  [
    1678060800000,
    0.748
  ],
  [
    1678147200000,
    0.756
  ],
  [
    1678233600000,
    0.738
  ],
  [
    1678320000000,
    0.752
  ],
  [
    1678406400000,
    0.791
  ],
  [
    1678492800000,
    0.82
  ],
  [
    1678579200000,
    0.82
  ],
  [
    1678665600000,
    0.796
  ],
  [
    1678752000000,
    0.785
  ],
  [
    1678838400000,
    0.802
  ],
  [
    1678924800000,
    0.84
  ],
  [
    1679011200000,
    0.83
  ],
  [
    1679097600000,
    0.826
  ],
  [
    1679184000000,
    0.809
  ],
  [
    1679270400000,
    0.789
  ],
  [
    1679356800000,
    0.781
  ],
  [
    1679443200000,
    0.78
  ],
  [
    1679529600000,
    0.823
  ],
  [
    1679616000000,
    0.85
  ],
  [
    1679702400000,
    0.89
  ],
  [
    1679788800000,
    0.885
  ],
  [
    1679871600000,
    0.923
  ],
  [
    1679958000000,
    0.947
  ],
  [
    1680044400000,
    0.939
  ],
  [
    1680130800000,
    0.969
  ],
  [
    1680217200000,
    1.044
  ],
  [
    1680303600000,
    1.122
  ],
  [
    1680390000000,
    1.094
  ],
  [
    1680476400000,
    1.048
  ],
  [
    1680562800000,
    1.069
  ],
  [
    1680649200000,
    1.127
  ],
  [
    1680735600000,
    1.137
  ],
  [
    1680822000000,
    1.26
  ],
  [
    1680908400000,
    1.381
  ],
  [
    1680994800000,
    1.351
  ],
  [
    1681081200000,
    1.305
  ],
  [
    1681167600000,
    1.256
  ],
  [
    1681254000000,
    1.258
  ],
  [
    1681340400000,
    1.278
  ],
  [
    1681426800000,
    1.342
  ],
  [
    1681513200000,
    1.41
  ],
  [
    1681599600000,
    1.504
  ],
  [
    1681686000000,
    1.559
  ],
  [
    1681772400000,
    1.711
  ],
  [
    1681858800000,
    1.596
  ],
  [
    1681945200000,
    1.401
  ],
  [
    1682031600000,
    1.316
  ],
  [
    1682118000000,
    1.295
  ],
  [
    1682204400000,
    1.174
  ],
  [
    1682290800000,
    1.073
  ],
  [
    1682377200000,
    1.01
  ],
  [
    1682463600000,
    0.896
  ],
  [
    1682550000000,
    0.987
  ],
  [
    1682636400000,
    1.094
  ],
  [
    1682722800000,
    1.12
  ],
  [
    1682809200000,
    1.101
  ],
  [
    1682895600000,
    1.02
  ],
  [
    1682982000000,
    0.976
  ],
  [
    1683068400000,
    0.993
  ],
  [
    1683154800000,
    0.992
  ],
  [
    1683241200000,
    0.9
  ],
  [
    1683327600000,
    0.868
  ],
  [
    1683414000000,
    0.82
  ],
  [
    1683500400000,
    0.762
  ],
  [
    1683586800000,
    0.774
  ],
  [
    1683673200000,
    0.85
  ],
  [
    1683759600000,
    0.866
  ],
  [
    1683846000000,
    0.881
  ],
  [
    1683932400000,
    0.888
  ],
  [
    1684018800000,
    0.872
  ],
  [
    1684105200000,
    0.868
  ],
  [
    1684191600000,
    0.838
  ],
  [
    1684278000000,
    0.835
  ],
  [
    1684364400000,
    0.826
  ],
  [
    1684450800000,
    0.828
  ],
  [
    1684537200000,
    0.815
  ],
  [
    1684623600000,
    0.789
  ],
  [
    1684710000000,
    0.765
  ],
  [
    1684796400000,
    0.754
  ],
  [
    1684882800000,
    0.748
  ],
  [
    1684969200000,
    0.753
  ],
  [
    1685055600000,
    0.778
  ],
  [
    1685142000000,
    0.799
  ],
  [
    1685228400000,
    0.795
  ],
  [
    1685314800000,
    0.793
  ],
  [
    1685401200000,
    0.783
  ],
  [
    1685487600000,
    0.798
  ],
  [
    1685574000000,
    0.819
  ],
  [
    1685660400000,
    0.825
  ],
  [
    1685746800000,
    0.828
  ],
  [
    1685833200000,
    0.823
  ],
  [
    1685919600000,
    0.813
  ],
  [
    1686006000000,
    0.808
  ],
  [
    1686092400000,
    0.801
  ],
  [
    1686178800000,
    0.799
  ],
  [
    1686265200000,
    0.814
  ],
  [
    1686351600000,
    0.949
  ],
  [
    1686438000000,
    0.941
  ],
  [
    1686524400000,
    0.936
  ],
  [
    1686610800000,
    0.973
  ],
  [
    1686697200000,
    0.907
  ],
  [
    1686783600000,
    0.881
  ],
  [
    1686870000000,
    0.884
  ],
  [
    1686956400000,
    0.904
  ],
  [
    1687042800000,
    0.905
  ],
  [
    1687129200000,
    0.897
  ],
  [
    1687215600000,
    0.892
  ],
  [
    1687302000000,
    0.829
  ],
  [
    1687388400000,
    0.798
  ],
  [
    1687474800000,
    0.763
  ],
  [
    1687561200000,
    0.763
  ],
  [
    1687647600000,
    0.775
  ],
  [
    1687734000000,
    0.767
  ],
  [
    1687820400000,
    0.755
  ],
  [
    1687906800000,
    0.724
  ],
  [
    1687993200000,
    0.654
  ],
  [
    1688079600000,
    0.599
  ],
  [
    1688166000000,
    0.604
  ],
  [
    1688252400000,
    0.607
  ],
  [
    1688338800000,
    0.639
  ],
  [
    1688425200000,
    0.665
  ],
  [
    1688511600000,
    0.636
  ],
  [
    1688598000000,
    0.593
  ],
  [
    1688684400000,
    0.59
  ],
  [
    1688770800000,
    0.603
  ],
  [
    1688857200000,
    0.602
  ],
  [
    1688943600000,
    0.601
  ],
  [
    1689030000000,
    0.618
  ],
  [
    1689116400000,
    0.582
  ],
  [
    1689202800000,
    0.554
  ],
  [
    1689289200000,
    0.585
  ],
  [
    1689375600000,
    0.619
  ],
  [
    1689462000000,
    0.636
  ],
  [
    1689548400000,
    0.649
  ],
  [
    1689634800000,
    0.651
  ],
  [
    1689721200000,
    0.603
  ],
  [
    1689807600000,
    0.576
  ],
  [
    1689894000000,
    0.6
  ],
  [
    1689980400000,
    0.625
  ],
  [
    1690066800000,
    0.626
  ],
  [
    1690153200000,
    0.624
  ],
  [
    1690239600000,
    0.627
  ],
  [
    1690326000000,
    0.584
  ],
  [
    1690412400000,
    0.579
  ],
  [
    1690498800000,
    0.59
  ],
  [
    1690585200000,
    0.606
  ],
  [
    1690671600000,
    0.608
  ],
  [
    1690758000000,
    0.627
  ],
  [
    1690844400000,
    0.633
  ],
  [
    1690930800000,
    0.577
  ],
  [
    1691017200000,
    0.57
  ],
  [
    1691103600000,
    0.581
  ],
  [
    1691190000000,
    0.585
  ],
  [
    1691276400000,
    0.575
  ],
  [
    1691362800000,
    0.572
  ],
  [
    1691449200000,
    0.561
  ],
  [
    1691535600000,
    0.524
  ],
  [
    1691622000000,
    0.511
  ],
  [
    1691708400000,
    0.523
  ],
  [
    1691794800000,
    0.541
  ],
  [
    1691881200000,
    0.551
  ],
  [
    1691967600000,
    0.544
  ],
  [
    1692054000000,
    0.545
  ],
  [
    1692140400000,
    0.5
  ],
  [
    1692226800000,
    0.492
  ],
  [
    1692313200000,
    0.506
  ],
  [
    1692399600000,
    0.519
  ],
  [
    1692486000000,
    0.519
  ],
  [
    1692572400000,
    0.514
  ],
  [
    1692658800000,
    0.516
  ],
  [
    1692745200000,
    0.473
  ],
  [
    1692831600000,
    0.466
  ],
  [
    1692918000000,
    0.49
  ],
  [
    1693004400000,
    0.501
  ],
  [
    1693090800000,
    0.506
  ],
  [
    1693177200000,
    0.51
  ],
  [
    1693263600000,
    0.513
  ],
  [
    1693350000000,
    0.472
  ],
  [
    1693436400000,
    0.465
  ],
  [
    1693522800000,
    0.491
  ],
  [
    1693609200000,
    0.511
  ],
  [
    1693695600000,
    0.529
  ],
  [
    1693782000000,
    0.528
  ],
  [
    1693868400000,
    0.526
  ],
  [
    1693954800000,
    0.496
  ],
  [
    1694041200000,
    0.485
  ],
  [
    1694127600000,
    0.498
  ],
  [
    1694214000000,
    0.502
  ],
  [
    1694300400000,
    0.502
  ],
  [
    1694386800000,
    0.51
  ],
  [
    1694473200000,
    0.518
  ],
  [
    1694559600000,
    0.494
  ],
  [
    1694646000000,
    0.489
  ],
  [
    1694732400000,
    0.507
  ],
  [
    1694818800000,
    0.517
  ],
  [
    1694905200000,
    0.523
  ],
  [
    1694991600000,
    0.53
  ],
  [
    1695078000000,
    0.537
  ],
  [
    1695164400000,
    0.509
  ],
  [
    1695250800000,
    0.503
  ],
  [
    1695337200000,
    0.517
  ],
  [
    1695423600000,
    0.519
  ],
  [
    1695510000000,
    0.52
  ],
  [
    1695596400000,
    0.53
  ],
  [
    1695682800000,
    0.531
  ],
  [
    1695769200000,
    0.521
  ],
  [
    1695855600000,
    0.56
  ],
  [
    1695942000000,
    0.587
  ],
  [
    1696028400000,
    0.595
  ],
  [
    1696114800000,
    0.618
  ],
  [
    1696201200000,
    0.642
  ],
  [
    1696287600000,
    0.658
  ],
  [
    1696374000000,
    0.588
  ],
  [
    1696460400000,
    0.578
  ],
  [
    1696546800000,
    0.609
  ],
  [
    1696633200000,
    0.629
  ],
  [
    1696719600000,
    0.637
  ],
  [
    1696806000000,
    0.647
  ],
  [
    1696892400000,
    0.65
  ],
  [
    1696978800000,
    0.591
  ],
  [
    1697065200000,
    0.596
  ],
  [
    1697151600000,
    0.622
  ],
  [
    1697238000000,
    0.635
  ],
  [
    1697324400000,
    0.639
  ],
  [
    1697410800000,
    0.65
  ],
  [
    1697497200000,
    0.65
  ],
  [
    1697583600000,
    0.604
  ],
  [
    1697670000000,
    0.597
  ],
  [
    1697756400000,
    0.62
  ],
  [
    1697842800000,
    0.622
  ],
  [
    1697929200000,
    0.628
  ],
  [
    1698015600000,
    0.628
  ],
  [
    1698102000000,
    0.627
  ],
  [
    1698188400000,
    0.574
  ],
  [
    1698274800000,
    0.562
  ],
  [
    1698361200000,
    0.558
  ],
  [
    1698447600000,
    0.558
  ],
  [
    1698534000000,
    0.545
  ],
  [
    1698624000000,
    0.528
  ],
  [
    1698710400000,
    0.533
  ],
  [
    1698796800000,
    0.497
  ],
  [
    1698883200000,
    0.466
  ],
  [
    1698969600000,
    0.487
  ],
  [
    1699056000000,
    0.495
  ],
  [
    1699142400000,
    0.496
  ],
  [
    1699228800000,
    0.496
  ],
  [
    1699315200000,
    0.506
  ],
  [
    1699401600000,
    0.475
  ],
  [
    1699488000000,
    0.464
  ],
  [
    1699574400000,
    0.468
  ],
  [
    1699660800000,
    0.46
  ],
  [
    1699747200000,
    0.441
  ],
  [
    1699833600000,
    0.419
  ],
  [
    1699920000000,
    0.402
  ],
  [
    1700006400000,
    0.365
  ],
  [
    1700092800000,
    0.349
  ],
  [
    1700179200000,
    0.371
  ],
  [
    1700265600000,
    0.378
  ],
  [
    1700352000000,
    0.37
  ],
  [
    1700438400000,
    0.357
  ],
  [
    1700524800000,
    0.353
  ],
  [
    1700611200000,
    0.319
  ],
  [
    1700697600000,
    0.307
  ],
  [
    1700784000000,
    0.304
  ],
  [
    1700870400000,
    0.305
  ],
  [
    1700956800000,
    0.307
  ],
  [
    1701043200000,
    0.302
  ],
  [
    1701129600000,
    0.306
  ],
  [
    1701216000000,
    0.304
  ],
  [
    1701302400000,
    0.312
  ],
  [
    1701388800000,
    0.326
  ],
  [
    1701475200000,
    0.353
  ],
  [
    1701561600000,
    0.365
  ],
  [
    1701648000000,
    0.379
  ],
  [
    1701734400000,
    0.395
  ],
  [
    1701820800000,
    0.377
  ],
  [
    1701907200000,
    0.364
  ],
  [
    1701993600000,
    0.356
  ],
  [
    1702080000000,
    0.352
  ],
  [
    1702166400000,
    0.35
  ],
  [
    1702252800000,
    0.351
  ],
  [
    1702339200000,
    0.352
  ],
  [
    1702425600000,
    0.34
  ],
  [
    1702512000000,
    0.334
  ],
  [
    1702598400000,
    0.318
  ],
  [
    1702684800000,
    0.319
  ],
  [
    1702771200000,
    0.322
  ],
  [
    1702857600000,
    0.321
  ],
  [
    1702944000000,
    0.322
  ],
  [
    1703030400000,
    0.313
  ],
  [
    1703116800000,
    0.308
  ],
  [
    1703203200000,
    0.299
  ],
  [
    1703289600000,
    0.299
  ],
  [
    1703376000000,
    0.301
  ],
  [
    1703462400000,
    0.303
  ],
  [
    1703548800000,
    0.305
  ],
  [
    1703635200000,
    0.292
  ],
  [
    1703721600000,
    0.288
  ],
  [
    1703808000000,
    0.289
  ],
  [
    1703894400000,
    0.297
  ],
  [
    1703980800000,
    0.301
  ],
  [
    1704067200000,
    0.304
  ],
  [
    1704153600000,
    0.291
  ],
  [
    1704240000000,
    0.274
  ],
  [
    1704326400000,
    0.271
  ],
  [
    1704412800000,
    0.276
  ],
  [
    1704499200000,
    0.272
  ],
  [
    1704585600000,
    0.273
  ],
  [
    1704672000000,
    0.276
  ],
  [
    1704758400000,
    0.275
  ],
  [
    1704844800000,
    0.263
  ],
  [
    1704931200000,
    0.257
  ],
  [
    1705017600000,
    0.254
  ],
  [
    1705104000000,
    0.248
  ],
  [
    1705190400000,
    0.249
  ],
  [
    1705276800000,
    0.248
  ],
  [
    1705363200000,
    0.242
  ],
  [
    1705449600000,
    0.223
  ],
  [
    1705536000000,
    0.214
  ],
  [
    1705622400000,
    0.217
  ],
  [
    1705708800000,
    0.214
  ],
  [
    1705795200000,
    0.212
  ],
  [
    1705881600000,
    0.205
  ],
  [
    1705968000000,
    0.198
  ],
  [
    1706054400000,
    0.187
  ],
  [
    1706140800000,
    0.185
  ],
  [
    1706227200000,
    0.193
  ],
  [
    1706313600000,
    0.196
  ],
  [
    1706400000000,
    0.193
  ],
  [
    1706486400000,
    0.187
  ],
  [
    1706572800000,
    0.185
  ],
  [
    1706659200000,
    0.178
  ],
  [
    1706745600000,
    0.176
  ],
  [
    1706832000000,
    0.176
  ],
  [
    1706918400000,
    0.183
  ],
  [
    1707004800000,
    0.202
  ],
  [
    1707091200000,
    0.213
  ],
  [
    1707177600000,
    0.204
  ],
  [
    1707264000000,
    0.191
  ],
  [
    1707350400000,
    0.185
  ],
  [
    1707436800000,
    0.194
  ],
  [
    1707523200000,
    0.204
  ],
  [
    1707609600000,
    0.207
  ],
  [
    1707696000000,
    0.21
  ],
  [
    1707782400000,
    0.21
  ],
  [
    1707868800000,
    0.197
  ],
  [
    1707955200000,
    0.194
  ],
  [
    1708041600000,
    0.196
  ],
  [
    1708128000000,
    0.196
  ],
  [
    1708214400000,
    0.195
  ],
  [
    1708300800000,
    0.193
  ],
  [
    1708387200000,
    0.192
  ],
  [
    1708473600000,
    0.186
  ],
  [
    1708560000000,
    0.182
  ],
  [
    1708646400000,
    0.181
  ],
  [
    1708732800000,
    0.186
  ],
  [
    1708819200000,
    0.186
  ],
  [
    1708905600000,
    0.188
  ],
  [
    1708992000000,
    0.19
  ],
  [
    1709078400000,
    0.182
  ],
  [
    1709164800000,
    0.194
  ],
  [
    1709251200000,
    0.207
  ],
  [
    1709337600000,
    0.213
  ],
  [
    1709424000000,
    0.222
  ],
  [
    1709510400000,
    0.227
  ],
  [
    1709596800000,
    0.219
  ],
  [
    1709683200000,
    0.203
  ],
  [
    1709769600000,
    0.203
  ],
  [
    1709856000000,
    0.21
  ],
  [
    1709942400000,
    0.21
  ],
  [
    1710028800000,
    0.209
  ],
  [
    1710115200000,
    0.207
  ],
  [
    1710201600000,
    0.203
  ],
  [
    1710288000000,
    0.196
  ],
  [
    1710374400000,
    0.187
  ],
  [
    1710460800000,
    0.186
  ],
  [
    1710547200000,
    0.188
  ],
  [
    1710633600000,
    0.187
  ],
  [
    1710720000000,
    0.186
  ],
  [
    1710806400000,
    0.191
  ],
  [
    1710892800000,
    0.183
  ],
  [
    1710979200000,
    0.18
  ],
  [
    1711065600000,
    0.186
  ],
  [
    1711152000000,
    0.188
  ],
  [
    1711238400000,
    0.19
  ],
  [
    1711324800000,
    0.194
  ],
  [
    1711411200000,
    0.195
  ],
  [
    1711497600000,
    0.184
  ],
  [
    1711584000000,
    0.189
  ],
  [
    1711670400000,
    0.193
  ],
  [
    1711756800000,
    0.196
  ],
  [
    1711843200000,
    0.199
  ],
  [
    1711926000000,
    0.201
  ],
  [
    1712012400000,
    0.199
  ],
  [
    1712098800000,
    0.19
  ],
  [
    1712185200000,
    0.193
  ],
  [
    1712271600000,
    0.197
  ],
  [
    1712358000000,
    0.198
  ],
  [
    1712444400000,
    0.194
  ],
  [
    1712530800000,
    0.199
  ],
  [
    1712617200000,
    0.198
  ],
  [
    1712703600000,
    0.187
  ],
  [
    1712790000000,
    0.19
  ],
  [
    1712876400000,
    0.19
  ],
  [
    1712962800000,
    0.189
  ],
  [
    1713049200000,
    0.192
  ],
  [
    1713135600000,
    0.193
  ],
  [
    1713222000000,
    0.192
  ],
  [
    1713308400000,
    0.189
  ],
  [
    1713394800000,
    0.188
  ],
  [
    1713481200000,
    0.182
  ],
  [
    1713567600000,
    0.183
  ],
  [
    1713654000000,
    0.18
  ],
  [
    1713740400000,
    0.181
  ],
  [
    1713826800000,
    0.179
  ],
  [
    1713913200000,
    0.171
  ],
  [
    1713999600000,
    0.172
  ],
  [
    1714086000000,
    0.167
  ],
  [
    1714172400000,
    0.174
  ],
  [
    1714258800000,
    0.178
  ],
  [
    1714345200000,
    0.177
  ],
  [
    1714431600000,
    0.175
  ],
  [
    1714518000000,
    0.166
  ],
  [
    1714604400000,
    0.163
  ],
  [
    1714690800000,
    0.169
  ],
  [
    1714777200000,
    0.17
  ],
  [
    1714863600000,
    0.171
  ],
  [
    1714950000000,
    0.171
  ],
  [
    1715036400000,
    0.17
  ],
  [
    1715122800000,
    0.164
  ],
  [
    1715209200000,
    0.162
  ],
  [
    1715295600000,
    0.166
  ],
  [
    1715382000000,
    0.167
  ],
  [
    1715468400000,
    0.17
  ],
  [
    1715554800000,
    0.172
  ],
  [
    1715641200000,
    0.173
  ],
  [
    1715727600000,
    0.17
  ],
  [
    1715814000000,
    0.169
  ],
  [
    1715900400000,
    0.167
  ],
  [
    1715986800000,
    0.165
  ],
  [
    1716073200000,
    0.165
  ],
  [
    1716159600000,
    0.16
  ],
  [
    1716246000000,
    0.153
  ],
  [
    1716332400000,
    0.145
  ],
  [
    1716418800000,
    0.142
  ],
  [
    1716505200000,
    0.149
  ],
  [
    1716591600000,
    0.155
  ],
  [
    1716678000000,
    0.153
  ],
  [
    1716764400000,
    0.153
  ],
  [
    1716850800000,
    0.149
  ],
  [
    1716937200000,
    0.149
  ],
  [
    1717023600000,
    0.158
  ],
  [
    1717110000000,
    0.162
  ],
  [
    1717196400000,
    0.163
  ],
  [
    1717282800000,
    0.163
  ],
  [
    1717369200000,
    0.166
  ],
  [
    1717455600000,
    0.17
  ],
  [
    1717542000000,
    0.165
  ],
  [
    1717628400000,
    0.161
  ],
  [
    1717714800000,
    0.161
  ],
  [
    1717801200000,
    0.152
  ],
  [
    1717887600000,
    0.152
  ],
  [
    1717974000000,
    0.155
  ],
  [
    1718060400000,
    0.157
  ],
  [
    1718146800000,
    0.153
  ],
  [
    1718233200000,
    0.152
  ],
  [
    1718319600000,
    0.154
  ],
  [
    1718406000000,
    0.148
  ],
  [
    1718492400000,
    0.149
  ],
  [
    1718578800000,
    0.15
  ],
  [
    1718665200000,
    0.153
  ],
  [
    1718751600000,
    0.148
  ],
  [
    1718838000000,
    0.147
  ],
  [
    1718924400000,
    0.148
  ],
  [
    1719010800000,
    0.149
  ],
  [
    1719097200000,
    0.149
  ],
  [
    1719183600000,
    0.15
  ],
  [
    1719270000000,
    0.146
  ],
  [
    1719356400000,
    0.143
  ],
  [
    1719442800000,
    0.143
  ],
  [
    1719529200000,
    0.14
  ],
  [
    1719615600000,
    0.141
  ],
  [
    1719702000000,
    0.137
  ],
  [
    1719788400000,
    0.141
  ],
  [
    1719874800000,
    0.143
  ],
  [
    1719961200000,
    0.14
  ],
  [
    1720047600000,
    0.142
  ],
  [
    1720134000000,
    0.146
  ],
  [
    1720220400000,
    0.145
  ],
  [
    1720306800000,
    0.148
  ],
  [
    1720393200000,
    0.148
  ],
  [
    1720479600000,
    0.145
  ],
  [
    1720566000000,
    0.14
  ],
  [
    1720652400000,
    0.136
  ],
  [
    1720738800000,
    0.14
  ],
  [
    1720825200000,
    0.141
  ],
  [
    1720911600000,
    0.141
  ],
  [
    1720998000000,
    0.143
  ],
  [
    1721084400000,
    0.14
  ],
  [
    1721170800000,
    0.136
  ],
  [
    1721257200000,
    0.135
  ],
  [
    1721343600000,
    0.135
  ],
  [
    1721430000000,
    0.137
  ],
  [
    1721516400000,
    0.135
  ],
  [
    1721602800000,
    0.134
  ],
  [
    1721689200000,
    0.135
  ],
  [
    1721775600000,
    0.131
  ],
  [
    1721862000000,
    0.131
  ],
  [
    1721948400000,
    0.135
  ],
  [
    1722034800000,
    0.137
  ],
  [
    1722121200000,
    0.137
  ],
  [
    1722207600000,
    0.14
  ],
  [
    1722294000000,
    0.138
  ],
  [
    1722380400000,
    0.138
  ],
  [
    1722466800000,
    0.145
  ],
  [
    1722553200000,
    0.145
  ],
  [
    1722639600000,
    0.148
  ],
  [
    1722726000000,
    0.149
  ],
  [
    1722812400000,
    0.152
  ],
  [
    1722898800000,
    0.154
  ],
  [
    1722985200000,
    0.15
  ],
  [
    1723071600000,
    0.147
  ],
  [
    1723158000000,
    0.144
  ],
  [
    1723244400000,
    0.145
  ],
  [
    1723330800000,
    0.147
  ],
  [
    1723417200000,
    0.149
  ],
  [
    1723503600000,
    0.152
  ],
  [
    1723554000000,
    0.149
  ],
  [
    1723557600000,
    0.153
  ],
  [
    1723561200000,
    0.151
  ],
  [
    1723564800000,
    0.152
  ],
  [
    1723568400000,
    0.15
  ],
  [
    1723572000000,
    0.153
  ],
  [
    1723575600000,
    0.153
  ],
  [
    1723579200000,
    0.156
  ],
  [
    1723582800000,
    0.154
  ],
  [
    1723586400000,
    0.153
  ],
  [
    1723590000000,
    0.156
  ],
  [
    1723593600000,
    0.156
  ],
  [
    1723597200000,
    0.157
  ],
  [
    1723600800000,
    0.151
  ],
  [
    1723604400000,
    0.149
  ],
  [
    1723608000000,
    0.152
  ],
  [
    1723611600000,
    0.153
  ],
  [
    1723615200000,
    0.156
  ],
  [
    1723618800000,
    0.153
  ],
  [
    1723622400000,
    0.15
  ],
  [
    1723626000000,
    0.153
  ],
  [
    1723629600000,
    0.152
  ],
  [
    1723633200000,
    0.152
  ],
  [
    1723636800000,
    0.145
  ],
  [
    1723640400000,
    0.143
  ],
  [
    1723644000000,
    0.151
  ],
  [
    1723647600000,
    0.142
  ],
  [
    1723651200000,
    0.142
  ],
  [
    1723654800000,
    0.143
  ],
  [
    1723658400000,
    0.15
  ],
  [
    1723662000000,
    0.15
  ],
  [
    1723665600000,
    0.15
  ],
  [
    1723669200000,
    0.152
  ],
  [
    1723672800000,
    0.15
  ],
  [
    1723676400000,
    0.159
  ],
  [
    1723680000000,
    0.152
  ],
  [
    1723683600000,
    0.15
  ],
  [
    1723687200000,
    0.15
  ],
  [
    1723690800000,
    0.143
  ],
  [
    1723694400000,
    0.153
  ],
  [
    1723698000000,
    0.15
  ],
  [
    1723701600000,
    0.15
  ],
  [
    1723705200000,
    0.151
  ],
  [
    1723708800000,
    0.153
  ],
  [
    1723712400000,
    0.149
  ],
  [
    1723716000000,
    0.146
  ],
  [
    1723719600000,
    0.147
  ],
  [
    1723723200000,
    0.148
  ],
  [
    1723726800000,
    0.146
  ],
  [
    1723730400000,
    0.151
  ],
  [
    1723734000000,
    0.154
  ],
  [
    1723737600000,
    0.156
  ],
  [
    1723741200000,
    0.154
  ],
  [
    1723744800000,
    0.158
  ],
  [
    1723748400000,
    0.15
  ],
  [
    1723752000000,
    0.159
  ],
  [
    1723755600000,
    0.16
  ],
  [
    1723759200000,
    0.153
  ],
  [
    1723762800000,
    0.15
  ],
  [
    1723766400000,
    0.15
  ],
  [
    1723770000000,
    0.15
  ],
  [
    1723773600000,
    0.15
  ],
  [
    1723777200000,
    0.16
  ],
  [
    1723780800000,
    0.16
  ],
  [
    1723784400000,
    0.152
  ],
  [
    1723788000000,
    0.154
  ],
  [
    1723791600000,
    0.153
  ],
  [
    1723795200000,
    0.152
  ],
  [
    1723798800000,
    0.151
  ],
  [
    1723802400000,
    0.15
  ],
  [
    1723806000000,
    0.149
  ],
  [
    1723809600000,
    0.152
  ],
  [
    1723813200000,
    0.153
  ],
  [
    1723816800000,
    0.152
  ],
  [
    1723820400000,
    0.15
  ],
  [
    1723824000000,
    0.153
  ],
  [
    1723827600000,
    0.153
  ],
  [
    1723831200000,
    0.153
  ],
  [
    1723834800000,
    0.153
  ],
  [
    1723838400000,
    0.154
  ],
  [
    1723842000000,
    0.152
  ],
  [
    1723845600000,
    0.159
  ],
  [
    1723849200000,
    0.16
  ],
  [
    1723852800000,
    0.151
  ],
  [
    1723856400000,
    0.152
  ],
  [
    1723860000000,
    0.16
  ],
  [
    1723863600000,
    0.15
  ],
  [
    1723867200000,
    0.15
  ],
  [
    1723870800000,
    0.145
  ],
  [
    1723874400000,
    0.149
  ],
  [
    1723878000000,
    0.145
  ],
  [
    1723881600000,
    0.148
  ],
  [
    1723885200000,
    0.145
  ],
  [
    1723888800000,
    0.144
  ],
  [
    1723892400000,
    0.148
  ],
  [
    1723896000000,
    0.148
  ],
  [
    1723899600000,
    0.146
  ],
  [
    1723903200000,
    0.145
  ],
  [
    1723906800000,
    0.148
  ],
  [
    1723910400000,
    0.144
  ],
  [
    1723914000000,
    0.15
  ],
  [
    1723917600000,
    0.149
  ],
  [
    1723921200000,
    0.149
  ],
  [
    1723924800000,
    0.15
  ],
  [
    1723928400000,
    0.15
  ],
  [
    1723932000000,
    0.154
  ],
  [
    1723935600000,
    0.152
  ],
  [
    1723939200000,
    0.154
  ],
  [
    1723942800000,
    0.154
  ],
  [
    1723946400000,
    0.156
  ],
  [
    1723950000000,
    0.15
  ],
  [
    1723953600000,
    0.15
  ],
  [
    1723957200000,
    0.15
  ],
  [
    1723960800000,
    0.146
  ],
  [
    1723964400000,
    0.143
  ],
  [
    1723968000000,
    0.14
  ],
  [
    1723971600000,
    0.143
  ],
  [
    1723975200000,
    0.15
  ],
  [
    1723978800000,
    0.155
  ],
  [
    1723982400000,
    0.15
  ],
  [
    1723986000000,
    0.154
  ],
  [
    1723989600000,
    0.154
  ],
  [
    1723993200000,
    0.15
  ],
  [
    1723996800000,
    0.148
  ],
  [
    1724000400000,
    0.15
  ],
  [
    1724004000000,
    0.154
  ],
  [
    1724007600000,
    0.154
  ],
  [
    1724011200000,
    0.154
  ],
  [
    1724014800000,
    0.159
  ],
  [
    1724018400000,
    0.16
  ],
  [
    1724022000000,
    0.16
  ],
  [
    1724025600000,
    0.16
  ],
  [
    1724029200000,
    0.16
  ],
  [
    1724032800000,
    0.152
  ],
  [
    1724036400000,
    0.15
  ],
  [
    1724040000000,
    0.152
  ],
  [
    1724043600000,
    0.15
  ],
  [
    1724047200000,
    0.154
  ],
  [
    1724050800000,
    0.157
  ],
  [
    1724054400000,
    0.154
  ],
  [
    1724058000000,
    0.146
  ],
  [
    1724061600000,
    0.15
  ],
  [
    1724065200000,
    0.146
  ],
  [
    1724068800000,
    0.144
  ],
  [
    1724072400000,
    0.142
  ],
  [
    1724076000000,
    0.142
  ],
  [
    1724079600000,
    0.146
  ],
  [
    1724083200000,
    0.154
  ],
  [
    1724086800000,
    0.154
  ],
  [
    1724090400000,
    0.159
  ],
  [
    1724094000000,
    0.162
  ],
  [
    1724097600000,
    0.16
  ],
  [
    1724101200000,
    0.154
  ],
  [
    1724104800000,
    0.16
  ],
  [
    1724108400000,
    0.162
  ],
  [
    1724112000000,
    0.16
  ],
  [
    1724115600000,
    0.158
  ],
  [
    1724119200000,
    0.15
  ],
  [
    1724122800000,
    0.156
  ],
  [
    1724126400000,
    0.146
  ],
  [
    1724130000000,
    0.144
  ],
  [
    1724133600000,
    0.144
  ],
  [
    1724137200000,
    0.143
  ],
  [
    1724140800000,
    0.154
  ],
  [
    1724144400000,
    0.154
  ],
  [
    1724148000000,
    0.145
  ],
  [
    1724151600000,
    0.141
  ],
  [
    1724155200000,
    0.141
  ],
  [
    1724158800000,
    0.148
  ],
  [
    1724162400000,
    0.154
  ],
  [
    1724166000000,
    0.154
  ],
  [
    1724169600000,
    0.154
  ],
  [
    1724173200000,
    0.156
  ],
  [
    1724176800000,
    0.161
  ],
  [
    1724180400000,
    0.164
  ],
  [
    1724184000000,
    0.163
  ],
  [
    1724187600000,
    0.16
  ],
  [
    1724191200000,
    0.155
  ],
  [
    1724194800000,
    0.16
  ],
  [
    1724198400000,
    0.152
  ],
  [
    1724202000000,
    0.156
  ],
  [
    1724205600000,
    0.15
  ],
  [
    1724209200000,
    0.155
  ],
  [
    1724212800000,
    0.144
  ],
  [
    1724216400000,
    0.141
  ],
  [
    1724220000000,
    0.155
  ],
  [
    1724223600000,
    0.143
  ],
  [
    1724227200000,
    0.153
  ],
  [
    1724230800000,
    0.141
  ],
  [
    1724234400000,
    0.151
  ],
  [
    1724238000000,
    0.155
  ],
  [
    1724241600000,
    0.15
  ],
  [
    1724245200000,
    0.153
  ],
  [
    1724248800000,
    0.142
  ],
  [
    1724252400000,
    0.144
  ],
  [
    1724256000000,
    0.142
  ],
  [
    1724259600000,
    0.153
  ],
  [
    1724263200000,
    0.142
  ],
  [
    1724266800000,
    0.141
  ],
  [
    1724270400000,
    0.15
  ],
  [
    1724274000000,
    0.156
  ],
  [
    1724277600000,
    0.149
  ],
  [
    1724281200000,
    0.159
  ],
  [
    1724284800000,
    0.157
  ],
  [
    1724288400000,
    0.15
  ],
  [
    1724292000000,
    0.15
  ],
  [
    1724295600000,
    0.15
  ],
  [
    1724299200000,
    0.145
  ],
  [
    1724302800000,
    0.142
  ],
  [
    1724306400000,
    0.145
  ],
  [
    1724310000000,
    0.142
  ],
  [
    1724313600000,
    0.141
  ],
  [
    1724317200000,
    0.153
  ],
  [
    1724320800000,
    0.156
  ],
  [
    1724324400000,
    0.148
  ],
  [
    1724328000000,
    0.15
  ],
  [
    1724331600000,
    0.142
  ],
  [
    1724335200000,
    0.14
  ],
  [
    1724338800000,
    0.14
  ],
  [
    1724342400000,
    0.151
  ],
  [
    1724346000000,
    0.151
  ],
  [
    1724349600000,
    0.15
  ],
  [
    1724353200000,
    0.15
  ],
  [
    1724356800000,
    0.15
  ],
  [
    1724360400000,
    0.15
  ],
  [
    1724364000000,
    0.156
  ],
  [
    1724367600000,
    0.148
  ],
  [
    1724371200000,
    0.15
  ],
  [
    1724374800000,
    0.15
  ],
  [
    1724378400000,
    0.15
  ],
  [
    1724382000000,
    0.144
  ],
  [
    1724385600000,
    0.144
  ],
  [
    1724389200000,
    0.151
  ],
  [
    1724392800000,
    0.147
  ],
  [
    1724396400000,
    0.141
  ],
  [
    1724400000000,
    0.142
  ],
  [
    1724403600000,
    0.148
  ],
  [
    1724407200000,
    0.153
  ],
  [
    1724410800000,
    0.156
  ],
  [
    1724414400000,
    0.148
  ],
  [
    1724418000000,
    0.14
  ],
  [
    1724421600000,
    0.142
  ],
  [
    1724425200000,
    0.141
  ],
  [
    1724428800000,
    0.152
  ],
  [
    1724432400000,
    0.15
  ],
  [
    1724436000000,
    0.142
  ],
  [
    1724439600000,
    0.15
  ],
  [
    1724443200000,
    0.15
  ],
  [
    1724446800000,
    0.156
  ],
  [
    1724450400000,
    0.159
  ],
  [
    1724454000000,
    0.155
  ],
  [
    1724457600000,
    0.15
  ],
  [
    1724461200000,
    0.158
  ],
  [
    1724464800000,
    0.159
  ],
  [
    1724468400000,
    0.159
  ],
  [
    1724472000000,
    0.161
  ],
  [
    1724475600000,
    0.159
  ],
  [
    1724479200000,
    0.161
  ],
  [
    1724482800000,
    0.156
  ],
  [
    1724486400000,
    0.155
  ],
  [
    1724490000000,
    0.144
  ],
  [
    1724493600000,
    0.144
  ],
  [
    1724497200000,
    0.143
  ],
  [
    1724500800000,
    0.144
  ],
  [
    1724504400000,
    0.153
  ],
  [
    1724508000000,
    0.15
  ],
  [
    1724511600000,
    0.15
  ],
  [
    1724515200000,
    0.15
  ],
  [
    1724518800000,
    0.155
  ],
  [
    1724522400000,
    0.15
  ],
  [
    1724526000000,
    0.15
  ],
  [
    1724529600000,
    0.154
  ],
  [
    1724533200000,
    0.154
  ],
  [
    1724536800000,
    0.157
  ],
  [
    1724540400000,
    0.159
  ],
  [
    1724544000000,
    0.16
  ],
  [
    1724547600000,
    0.161
  ],
  [
    1724551200000,
    0.161
  ],
  [
    1724554800000,
    0.163
  ],
  [
    1724558400000,
    0.162
  ],
  [
    1724562000000,
    0.163
  ],
  [
    1724565600000,
    0.165
  ],
  [
    1724569200000,
    0.163
  ],
  [
    1724572800000,
    0.162
  ],
  [
    1724576400000,
    0.157
  ],
  [
    1724580000000,
    0.154
  ],
  [
    1724583600000,
    0.155
  ],
  [
    1724587200000,
    0.155
  ],
  [
    1724590800000,
    0.155
  ],
  [
    1724594400000,
    0.155
  ],
  [
    1724598000000,
    0.155
  ],
  [
    1724601600000,
    0.154
  ],
  [
    1724605200000,
    0.146
  ],
  [
    1724608800000,
    0.144
  ],
  [
    1724612400000,
    0.144
  ],
  [
    1724616000000,
    0.14
  ],
  [
    1724619600000,
    0.15
  ],
  [
    1724623200000,
    0.153
  ],
  [
    1724626800000,
    0.15
  ],
  [
    1724630400000,
    0.153
  ],
  [
    1724634000000,
    0.155
  ],
  [
    1724637600000,
    0.157
  ],
  [
    1724641200000,
    0.158
  ],
  [
    1724644800000,
    0.163
  ],
  [
    1724648400000,
    0.16
  ],
  [
    1724652000000,
    0.157
  ],
  [
    1724655600000,
    0.157
  ],
  [
    1724659200000,
    0.156
  ],
  [
    1724662800000,
    0.155
  ],
  [
    1724666400000,
    0.155
  ],
  [
    1724670000000,
    0.156
  ],
  [
    1724673600000,
    0.157
  ],
  [
    1724677200000,
    0.155
  ],
  [
    1724680800000,
    0.155
  ],
  [
    1724684400000,
    0.154
  ],
  [
    1724688000000,
    0.155
  ],
  [
    1724691600000,
    0.154
  ],
  [
    1724695200000,
    0.144
  ],
  [
    1724698800000,
    0.148
  ],
  [
    1724702400000,
    0.145
  ],
  [
    1724706000000,
    0.142
  ],
  [
    1724709600000,
    0.15
  ],
  [
    1724713200000,
    0.151
  ],
  [
    1724716800000,
    0.158
  ],
  [
    1724720400000,
    0.158
  ],
  [
    1724724000000,
    0.158
  ],
  [
    1724727600000,
    0.158
  ],
  [
    1724731200000,
    0.158
  ],
  [
    1724734800000,
    0.156
  ],
  [
    1724738400000,
    0.16
  ],
  [
    1724742000000,
    0.156
  ],
  [
    1724745600000,
    0.156
  ],
  [
    1724749200000,
    0.156
  ],
  [
    1724752800000,
    0.154
  ],
  [
    1724756400000,
    0.155
  ],
  [
    1724760000000,
    0.153
  ],
  [
    1724763600000,
    0.152
  ],
  [
    1724767200000,
    0.151
  ],
  [
    1724770800000,
    0.154
  ],
  [
    1724774400000,
    0.154
  ],
  [
    1724778000000,
    0.15
  ],
  [
    1724781600000,
    0.154
  ],
  [
    1724785200000,
    0.155
  ],
  [
    1724788800000,
    0.156
  ],
  [
    1724792400000,
    0.152
  ],
  [
    1724796000000,
    0.15
  ],
  [
    1724799600000,
    0.156
  ],
  [
    1724803200000,
    0.15
  ],
  [
    1724806800000,
    0.152
  ],
  [
    1724810400000,
    0.16
  ],
  [
    1724814000000,
    0.16
  ],
  [
    1724817600000,
    0.16
  ],
  [
    1724821200000,
    0.153
  ],
  [
    1724824800000,
    0.145
  ],
  [
    1724828400000,
    0.143
  ],
  [
    1724832000000,
    0.144
  ],
  [
    1724835600000,
    0.144
  ],
  [
    1724839200000,
    0.142
  ],
  [
    1724842800000,
    0.142
  ],
  [
    1724846400000,
    0.142
  ],
  [
    1724850000000,
    0.142
  ],
  [
    1724853600000,
    0.148
  ],
  [
    1724857200000,
    0.156
  ],
  [
    1724860800000,
    0.156
  ],
  [
    1724864400000,
    0.159
  ],
  [
    1724868000000,
    0.146
  ],
  [
    1724871600000,
    0.156
  ],
  [
    1724875200000,
    0.153
  ],
  [
    1724878800000,
    0.156
  ],
  [
    1724882400000,
    0.156
  ],
  [
    1724886000000,
    0.158
  ],
  [
    1724889600000,
    0.159
  ],
  [
    1724893200000,
    0.158
  ],
  [
    1724896800000,
    0.155
  ],
  [
    1724900400000,
    0.158
  ],
  [
    1724904000000,
    0.158
  ],
  [
    1724907600000,
    0.153
  ],
  [
    1724911200000,
    0.156
  ],
  [
    1724914800000,
    0.156
  ],
  [
    1724918400000,
    0.156
  ],
  [
    1724922000000,
    0.156
  ],
  [
    1724925600000,
    0.156
  ],
  [
    1724929200000,
    0.144
  ],
  [
    1724932800000,
    0.15
  ],
  [
    1724936400000,
    0.153
  ],
  [
    1724940000000,
    0.155
  ],
  [
    1724943600000,
    0.158
  ],
  [
    1724947200000,
    0.153
  ],
  [
    1724950800000,
    0.152
  ],
  [
    1724954400000,
    0.147
  ],
  [
    1724958000000,
    0.15
  ],
  [
    1724961600000,
    0.15
  ],
  [
    1724965200000,
    0.155
  ],
  [
    1724968800000,
    0.155
  ],
  [
    1724972400000,
    0.155
  ],
  [
    1724976000000,
    0.16
  ],
  [
    1724979600000,
    0.16
  ],
  [
    1724983200000,
    0.16
  ],
  [
    1724986800000,
    0.151
  ],
  [
    1724990400000,
    0.154
  ],
  [
    1724994000000,
    0.157
  ],
  [
    1724997600000,
    0.151
  ],
  [
    1725001200000,
    0.155
  ],
  [
    1725004800000,
    0.153
  ],
  [
    1725008400000,
    0.149
  ],
  [
    1725012000000,
    0.145
  ],
  [
    1725015600000,
    0.144
  ],
  [
    1725019200000,
    0.152
  ],
  [
    1725022800000,
    0.15
  ],
  [
    1725026400000,
    0.153
  ],
  [
    1725030000000,
    0.15
  ],
  [
    1725033600000,
    0.151
  ],
  [
    1725037200000,
    0.15
  ],
  [
    1725040800000,
    0.155
  ],
  [
    1725044400000,
    0.15
  ],
  [
    1725048000000,
    0.151
  ],
  [
    1725051600000,
    0.155
  ],
  [
    1725055200000,
    0.155
  ],
  [
    1725058800000,
    0.16
  ],
  [
    1725062400000,
    0.155
  ],
  [
    1725066000000,
    0.155
  ],
  [
    1725069600000,
    0.155
  ],
  [
    1725073200000,
    0.156
  ],
  [
    1725076800000,
    0.155
  ],
  [
    1725080400000,
    0.15
  ],
  [
    1725084000000,
    0.15
  ],
  [
    1725087600000,
    0.15
  ],
  [
    1725091200000,
    0.154
  ],
  [
    1725094800000,
    0.154
  ],
  [
    1725098400000,
    0.149
  ],
  [
    1725102000000,
    0.154
  ],
  [
    1725105600000,
    0.156
  ],
  [
    1725109200000,
    0.152
  ],
  [
    1725112800000,
    0.152
  ],
  [
    1725116400000,
    0.15
  ],
  [
    1725120000000,
    0.151
  ],
  [
    1725123600000,
    0.147
  ],
  [
    1725127200000,
    0.152
  ],
  [
    1725130800000,
    0.15
  ],
  [
    1725134400000,
    0.15
  ],
  [
    1725138000000,
    0.155
  ],
  [
    1725141600000,
    0.155
  ],
  [
    1725145200000,
    0.155
  ],
  [
    1725148800000,
    0.154
  ],
  [
    1725152400000,
    0.155
  ],
  [
    1725156000000,
    0.154
  ],
  [
    1725159600000,
    0.155
  ],
  [
    1725163200000,
    0.156
  ],
  [
    1725166800000,
    0.155
  ],
  [
    1725170400000,
    0.154
  ],
  [
    1725174000000,
    0.155
  ],
  [
    1725177600000,
    0.155
  ],
  [
    1725181200000,
    0.155
  ],
  [
    1725184800000,
    0.155
  ],
  [
    1725188400000,
    0.155
  ],
  [
    1725192000000,
    0.155
  ],
  [
    1725195600000,
    0.155
  ],
  [
    1725199200000,
    0.155
  ],
  [
    1725202800000,
    0.155
  ],
  [
    1725206400000,
    0.155
  ],
  [
    1725210000000,
    0.155
  ],
  [
    1725213600000,
    0.155
  ],
  [
    1725217200000,
    0.154
  ],
  [
    1725220800000,
    0.155
  ],
  [
    1725224400000,
    0.155
  ],
  [
    1725228000000,
    0.159
  ],
  [
    1725231600000,
    0.16
  ],
  [
    1725235200000,
    0.16
  ],
  [
    1725238800000,
    0.156
  ],
  [
    1725242400000,
    0.159
  ],
  [
    1725246000000,
    0.16
  ],
  [
    1725249600000,
    0.156
  ],
  [
    1725253200000,
    0.16
  ],
  [
    1725256800000,
    0.16
  ],
  [
    1725260400000,
    0.159
  ],
  [
    1725264000000,
    0.156
  ],
  [
    1725267600000,
    0.155
  ],
  [
    1725271200000,
    0.155
  ],
  [
    1725274800000,
    0.155
  ],
  [
    1725278400000,
    0.159
  ],
  [
    1725282000000,
    0.16
  ],
  [
    1725285600000,
    0.16
  ],
  [
    1725289200000,
    0.162
  ],
  [
    1725292800000,
    0.161
  ],
  [
    1725296400000,
    0.16
  ],
  [
    1725300000000,
    0.16
  ],
  [
    1725303600000,
    0.162
  ],
  [
    1725307200000,
    0.156
  ],
  [
    1725310800000,
    0.16
  ],
  [
    1725314400000,
    0.162
  ],
  [
    1725318000000,
    0.164
  ],
  [
    1725321600000,
    0.164
  ],
  [
    1725325200000,
    0.162
  ],
  [
    1725328800000,
    0.16
  ],
  [
    1725332400000,
    0.159
  ],
  [
    1725336000000,
    0.16
  ],
  [
    1725339600000,
    0.16
  ],
  [
    1725343200000,
    0.16
  ],
  [
    1725346800000,
    0.16
  ],
  [
    1725350400000,
    0.162
  ],
  [
    1725354000000,
    0.165
  ],
  [
    1725357600000,
    0.167
  ],
  [
    1725361200000,
    0.166
  ],
  [
    1725364800000,
    0.165
  ],
  [
    1725368400000,
    0.165
  ],
  [
    1725372000000,
    0.166
  ],
  [
    1725375600000,
    0.169
  ],
  [
    1725379200000,
    0.169
  ],
  [
    1725382800000,
    0.168
  ],
  [
    1725386400000,
    0.166
  ],
  [
    1725390000000,
    0.17
  ],
  [
    1725393600000,
    0.169
  ],
  [
    1725397200000,
    0.163
  ],
  [
    1725400800000,
    0.161
  ],
  [
    1725404400000,
    0.168
  ],
  [
    1725408000000,
    0.166
  ],
  [
    1725411600000,
    0.16
  ],
  [
    1725415200000,
    0.165
  ],
  [
    1725418800000,
    0.166
  ],
  [
    1725422400000,
    0.166
  ],
  [
    1725426000000,
    0.166
  ],
  [
    1725429600000,
    0.161
  ],
  [
    1725433200000,
    0.161
  ],
  [
    1725436800000,
    0.166
  ],
  [
    1725440400000,
    0.166
  ],
  [
    1725444000000,
    0.161
  ],
  [
    1725447600000,
    0.158
  ],
  [
    1725451200000,
    0.166
  ],
  [
    1725454800000,
    0.163
  ],
  [
    1725458400000,
    0.166
  ],
  [
    1725462000000,
    0.156
  ],
  [
    1725465600000,
    0.155
  ],
  [
    1725469200000,
    0.16
  ],
  [
    1725472800000,
    0.16
  ],
  [
    1725476400000,
    0.157
  ],
  [
    1725480000000,
    0.155
  ],
  [
    1725483600000,
    0.161
  ],
  [
    1725487200000,
    0.165
  ],
  [
    1725490800000,
    0.168
  ],
  [
    1725494400000,
    0.166
  ],
  [
    1725498000000,
    0.166
  ],
  [
    1725501600000,
    0.161
  ],
  [
    1725505200000,
    0.16
  ],
  [
    1725508800000,
    0.16
  ],
  [
    1725512400000,
    0.156
  ],
  [
    1725516000000,
    0.157
  ],
  [
    1725519600000,
    0.156
  ],
  [
    1725523200000,
    0.156
  ],
  [
    1725526800000,
    0.155
  ],
  [
    1725530400000,
    0.155
  ],
  [
    1725534000000,
    0.154
  ],
  [
    1725537600000,
    0.153
  ],
  [
    1725541200000,
    0.155
  ],
  [
    1725544800000,
    0.153
  ],
  [
    1725548400000,
    0.155
  ],
  [
    1725552000000,
    0.155
  ],
  [
    1725555600000,
    0.157
  ],
  [
    1725559200000,
    0.158
  ],
  [
    1725562800000,
    0.155
  ],
  [
    1725566400000,
    0.161
  ],
  [
    1725570000000,
    0.166
  ],
  [
    1725573600000,
    0.161
  ],
  [
    1725577200000,
    0.16
  ],
  [
    1725580800000,
    0.17
  ],
  [
    1725584400000,
    0.161
  ],
  [
    1725588000000,
    0.165
  ],
  [
    1725591600000,
    0.162
  ],
  [
    1725595200000,
    0.166
  ],
  [
    1725598800000,
    0.16
  ],
  [
    1725602400000,
    0.16
  ],
  [
    1725606000000,
    0.156
  ],
  [
    1725609600000,
    0.158
  ],
  [
    1725613200000,
    0.165
  ],
  [
    1725616800000,
    0.167
  ],
  [
    1725620400000,
    0.167
  ],
  [
    1725624000000,
    0.167
  ],
  [
    1725627600000,
    0.16
  ],
  [
    1725631200000,
    0.168
  ],
  [
    1725634800000,
    0.17
  ],
  [
    1725638400000,
    0.166
  ],
  [
    1725642000000,
    0.17
  ],
  [
    1725645600000,
    0.166
  ],
  [
    1725649200000,
    0.166
  ],
  [
    1725652800000,
    0.166
  ],
  [
    1725656400000,
    0.166
  ],
  [
    1725660000000,
    0.166
  ],
  [
    1725663600000,
    0.17
  ],
  [
    1725667200000,
    0.17
  ],
  [
    1725670800000,
    0.17
  ],
  [
    1725674400000,
    0.166
  ],
  [
    1725678000000,
    0.17
  ],
  [
    1725681600000,
    0.166
  ],
  [
    1725685200000,
    0.16
  ],
  [
    1725688800000,
    0.161
  ],
  [
    1725692400000,
    0.16
  ],
  [
    1725696000000,
    0.162
  ],
  [
    1725699600000,
    0.166
  ],
  [
    1725703200000,
    0.166
  ],
  [
    1725706800000,
    0.166
  ],
  [
    1725710400000,
    0.162
  ],
  [
    1725714000000,
    0.166
  ],
  [
    1725717600000,
    0.166
  ],
  [
    1725721200000,
    0.166
  ],
  [
    1725724800000,
    0.166
  ],
  [
    1725728400000,
    0.166
  ],
  [
    1725732000000,
    0.166
  ],
  [
    1725735600000,
    0.166
  ],
  [
    1725739200000,
    0.17
  ],
  [
    1725742800000,
    0.166
  ],
  [
    1725746400000,
    0.166
  ],
  [
    1725750000000,
    0.166
  ],
  [
    1725753600000,
    0.17
  ],
  [
    1725757200000,
    0.167
  ],
  [
    1725760800000,
    0.168
  ],
  [
    1725764400000,
    0.167
  ],
  [
    1725768000000,
    0.166
  ],
  [
    1725771600000,
    0.166
  ],
  [
    1725775200000,
    0.166
  ],
  [
    1725778800000,
    0.166
  ],
  [
    1725782400000,
    0.166
  ],
  [
    1725786000000,
    0.166
  ],
  [
    1725789600000,
    0.168
  ],
  [
    1725793200000,
    0.167
  ],
  [
    1725796800000,
    0.17
  ],
  [
    1725800400000,
    0.167
  ],
  [
    1725804000000,
    0.166
  ],
  [
    1725807600000,
    0.166
  ],
  [
    1725811200000,
    0.166
  ],
  [
    1725814800000,
    0.166
  ],
  [
    1725818400000,
    0.167
  ],
  [
    1725822000000,
    0.167
  ],
  [
    1725825600000,
    0.166
  ],
  [
    1725829200000,
    0.17
  ],
  [
    1725832800000,
    0.166
  ],
  [
    1725836400000,
    0.17
  ],
  [
    1725840000000,
    0.17
  ],
  [
    1725843600000,
    0.17
  ],
  [
    1725847200000,
    0.168
  ],
  [
    1725850800000,
    0.163
  ],
  [
    1725854400000,
    0.17
  ],
  [
    1725858000000,
    0.168
  ],
  [
    1725861600000,
    0.17
  ],
  [
    1725865200000,
    0.168
  ],
  [
    1725868800000,
    0.168
  ],
  [
    1725872400000,
    0.167
  ],
  [
    1725876000000,
    0.172
  ],
  [
    1725879600000,
    0.173
  ],
  [
    1725883200000,
    0.177
  ],
  [
    1725886800000,
    0.177
  ],
  [
    1725890400000,
    0.173
  ],
  [
    1725894000000,
    0.168
  ],
  [
    1725897600000,
    0.17
  ],
  [
    1725901200000,
    0.166
  ],
  [
    1725904800000,
    0.166
  ],
  [
    1725908400000,
    0.168
  ],
  [
    1725912000000,
    0.166
  ],
  [
    1725915600000,
    0.17
  ],
  [
    1725919200000,
    0.17
  ],
  [
    1725922800000,
    0.17
  ],
  [
    1725926400000,
    0.17
  ],
  [
    1725930000000,
    0.169
  ],
  [
    1725933600000,
    0.17
  ],
  [
    1725937200000,
    0.173
  ],
  [
    1725940800000,
    0.178
  ],
  [
    1725944400000,
    0.178
  ],
  [
    1725948000000,
    0.176
  ],
  [
    1725951600000,
    0.176
  ],
  [
    1725955200000,
    0.177
  ],
  [
    1725958800000,
    0.174
  ],
  [
    1725962400000,
    0.173
  ],
  [
    1725966000000,
    0.173
  ],
  [
    1725969600000,
    0.176
  ],
  [
    1725973200000,
    0.174
  ],
  [
    1725976800000,
    0.176
  ],
  [
    1725980400000,
    0.173
  ],
  [
    1725984000000,
    0.171
  ],
  [
    1725987600000,
    0.168
  ],
  [
    1725991200000,
    0.168
  ],
  [
    1725994800000,
    0.166
  ],
  [
    1725998400000,
    0.168
  ],
  [
    1726002000000,
    0.17
  ],
  [
    1726005600000,
    0.176
  ],
  [
    1726009200000,
    0.178
  ],
  [
    1726012800000,
    0.174
  ],
  [
    1726016400000,
    0.17
  ],
  [
    1726020000000,
    0.17
  ],
  [
    1726023600000,
    0.17
  ],
  [
    1726027200000,
    0.167
  ],
  [
    1726030800000,
    0.169
  ],
  [
    1726034400000,
    0.165
  ],
  [
    1726038000000,
    0.166
  ],
  [
    1726041600000,
    0.166
  ],
  [
    1726045200000,
    0.166
  ],
  [
    1726048800000,
    0.166
  ],
  [
    1726052400000,
    0.166
  ],
  [
    1726056000000,
    0.165
  ],
  [
    1726059600000,
    0.165
  ],
  [
    1726063200000,
    0.165
  ],
  [
    1726066800000,
    0.165
  ],
  [
    1726070400000,
    0.165
  ],
  [
    1726074000000,
    0.157
  ],
  [
    1726077600000,
    0.162
  ],
  [
    1726081200000,
    0.165
  ],
  [
    1726084800000,
    0.165
  ],
  [
    1726088400000,
    0.165
  ],
  [
    1726092000000,
    0.165
  ],
  [
    1726095600000,
    0.169
  ],
  [
    1726099200000,
    0.17
  ],
  [
    1726102800000,
    0.167
  ],
  [
    1726106400000,
    0.169
  ],
  [
    1726110000000,
    0.164
  ],
  [
    1726113600000,
    0.164
  ],
  [
    1726117200000,
    0.169
  ],
  [
    1726120800000,
    0.166
  ],
  [
    1726124400000,
    0.171
  ],
  [
    1726128000000,
    0.17
  ],
  [
    1726131600000,
    0.168
  ],
  [
    1726135200000,
    0.168
  ],
  [
    1726138800000,
    0.174
  ],
  [
    1726142400000,
    0.176
  ],
  [
    1726146000000,
    0.166
  ],
  [
    1726149600000,
    0.163
  ],
  [
    1726153200000,
    0.162
  ],
  [
    1726156800000,
    0.165
  ],
  [
    1726160400000,
    0.165
  ],
  [
    1726164000000,
    0.165
  ],
  [
    1726167600000,
    0.166
  ],
  [
    1726171200000,
    0.166
  ],
  [
    1726174800000,
    0.167
  ],
  [
    1726178400000,
    0.17
  ],
  [
    1726182000000,
    0.17
  ],
  [
    1726185600000,
    0.17
  ],
  [
    1726189200000,
    0.161
  ],
  [
    1726192800000,
    0.163
  ],
  [
    1726196400000,
    0.166
  ],
  [
    1726200000000,
    0.17
  ],
  [
    1726203600000,
    0.17
  ],
  [
    1726207200000,
    0.166
  ],
  [
    1726210800000,
    0.176
  ],
  [
    1726214400000,
    0.168
  ],
  [
    1726218000000,
    0.168
  ],
  [
    1726221600000,
    0.166
  ],
  [
    1726225200000,
    0.164
  ]
]