[
  [
    1675987200000,
    13.462
  ],
  [
    1676073600000,
    8.041
  ],
  [
    1676160000000,
    6.889
  ],
  [
    1676246400000,
    6.96
  ],
  [
    1676332800000,
    5.986
  ],
  [
    1676419200000,
    5.549
  ],
  [
    1676505600000,
    5.544
  ],
  [
    1676592000000,
    4.744
  ],
  [
    1676678400000,
    4.303
  ],
  [
    1676764800000,
    3.502
  ],
  [
    1676851200000,
    3.131
  ],
  [
    1676937600000,
    3.021
  ],
  [
    1677024000000,
    3.034
  ],
  [
    1677110400000,
    3.005
  ],
  [
    1677196800000,
    3.046
  ],
  [
    1677283200000,
    2.902
  ],
  [
    1677369600000,
    2.654
  ],
  [
    1677456000000,
    2.595
  ],
  [
    1677542400000,
    2.657
  ],
  [
    1677628800000,
    2.735
  ],
  [
    1677715200000,
    2.75
  ],
  [
    1677801600000,
    2.801
  ],
  [
    1677888000000,
    2.726
  ],
  [
    1677974400000,
    2.632
  ],
  [
    1678060800000,
    2.52
  ],
  [
    1678147200000,
    2.502
  ],
  [
    1678233600000,
    2.512
  ],
  [
    1678320000000,
    2.597
  ],
  [
    1678406400000,
    2.721
  ],
  [
    1678492800000,
    2.709
  ],
  [
    1678579200000,
    2.629
  ],
  [
    1678665600000,
    2.527
  ],
  [
    1678752000000,
    2.499
  ],
  [
    1678838400000,
    2.545
  ],
  [
    1678924800000,
    2.549
  ],
  [
    1679011200000,
    2.562
  ],
  [
    1679097600000,
    2.552
  ],
  [
    1679184000000,
    2.463
  ],
  [
    1679270400000,
    2.357
  ],
  [
    1679356800000,
    2.306
  ],
  [
    1679443200000,
    2.316
  ],
  [
    1679529600000,
    2.575
  ],
  [
    1679616000000,
    2.761
  ],
  [
    1679702400000,
    2.801
  ],
  [
    1679788800000,
    2.815
  ],
  [
    1679871600000,
    2.82
  ],
  [
    1679958000000,
    2.827
  ],
  [
    1680044400000,
    2.901
  ],
  [
    1680130800000,
    2.98
  ],
  [
    1680217200000,
    3.145
  ],
  [
    1680303600000,
    3.195
  ],
  [
    1680390000000,
    2.948
  ],
  [
    1680476400000,
    2.933
  ],
  [
    1680562800000,
    3.026
  ],
  [
    1680649200000,
    3.103
  ],
  [
    1680735600000,
    3.226
  ],
  [
    1680822000000,
    3.39
  ],
  [
    1680908400000,
    3.462
  ],
  [
    1680994800000,
    3.345
  ],
  [
    1681081200000,
    3.344
  ],
  [
    1681167600000,
    3.287
  ],
  [
    1681254000000,
    3.276
  ],
  [
    1681340400000,
    3.366
  ],
  [
    1681426800000,
    3.531
  ],
  [
    1681513200000,
    3.623
  ],
  [
    1681599600000,
    3.566
  ],
  [
    1681686000000,
    3.523
  ],
  [
    1681772400000,
    3.522
  ],
  [
    1681858800000,
    3.555
  ],
  [
    1681945200000,
    3.511
  ],
  [
    1682031600000,
    3.511
  ],
  [
    1682118000000,
    3.471
  ],
  [
    1682204400000,
    3.32
  ],
  [
    1682290800000,
    3.169
  ],
  [
    1682377200000,
    2.945
  ],
  [
    1682463600000,
    2.724
  ],
  [
    1682550000000,
    2.726
  ],
  [
    1682636400000,
    2.842
  ],
  [
    1682722800000,
    2.839
  ],
  [
    1682809200000,
    2.771
  ],
  [
    1682895600000,
    2.604
  ],
  [
    1682982000000,
    2.532
  ],
  [
    1683068400000,
    2.566
  ],
  [
    1683154800000,
    2.545
  ],
  [
    1683241200000,
    2.448
  ],
  [
    1683327600000,
    2.437
  ],
  [
    1683414000000,
    2.304
  ],
  [
    1683500400000,
    2.182
  ],
  [
    1683586800000,
    2.151
  ],
  [
    1683673200000,
    2.274
  ],
  [
    1683759600000,
    2.261
  ],
  [
    1683846000000,
    2.242
  ],
  [
    1683932400000,
    2.218
  ],
  [
    1684018800000,
    2.116
  ],
  [
    1684105200000,
    2.056
  ],
  [
    1684191600000,
    2.04
  ],
  [
    1684278000000,
    2.036
  ],
  [
    1684364400000,
    2.023
  ],
  [
    1684450800000,
    1.995
  ],
  [
    1684537200000,
    1.967
  ],
  [
    1684623600000,
    1.933
  ],
  [
    1684710000000,
    1.908
  ],
  [
    1684796400000,
    1.887
  ],
  [
    1684882800000,
    1.89
  ],
  [
    1684969200000,
    1.909
  ],
  [
    1685055600000,
    1.931
  ],
  [
    1685142000000,
    1.955
  ],
  [
    1685228400000,
    1.944
  ],
  [
    1685314800000,
    1.953
  ],
  [
    1685401200000,
    1.949
  ],
  [
    1685487600000,
    1.958
  ],
  [
    1685574000000,
    2
  ],
  [
    1685660400000,
    2.013
  ],
  [
    1685746800000,
    2.004
  ],
  [
    1685833200000,
    1.998
  ],
  [
    1685919600000,
    1.956
  ],
  [
    1686006000000,
    1.926
  ],
  [
    1686092400000,
    1.91
  ],
  [
    1686178800000,
    1.923
  ],
  [
    1686265200000,
    1.965
  ],
  [
    1686351600000,
    2.142
  ],
  [
    1686438000000,
    2.144
  ],
  [
    1686524400000,
    2.146
  ],
  [
    1686610800000,
    2.172
  ],
  [
    1686697200000,
    2.041
  ],
  [
    1686783600000,
    1.967
  ],
  [
    1686870000000,
    2.022
  ],
  [
    1686956400000,
    2.106
  ],
  [
    1687042800000,
    2.114
  ],
  [
    1687129200000,
    2.083
  ],
  [
    1687215600000,
    2.019
  ],
  [
    1687302000000,
    1.947
  ],
  [
    1687388400000,
    1.886
  ],
  [
    1687474800000,
    1.846
  ],
  [
    1687561200000,
    1.828
  ],
  [
    1687647600000,
    1.839
  ],
  [
    1687734000000,
    1.808
  ],
  [
    1687820400000,
    1.785
  ],
  [
    1687906800000,
    1.635
  ],
  [
    1687993200000,
    1.461
  ],
  [
    1688079600000,
    1.427
  ],
  [
    1688166000000,
    1.459
  ],
  [
    1688252400000,
    1.44
  ],
  [
    1688338800000,
    1.413
  ],
  [
    1688425200000,
    1.455
  ],
  [
    1688511600000,
    1.363
  ],
  [
    1688598000000,
    1.266
  ],
  [
    1688684400000,
    1.299
  ],
  [
    1688770800000,
    1.363
  ],
  [
    1688857200000,
    1.405
  ],
  [
    1688943600000,
    1.442
  ],
  [
    1689030000000,
    1.501
  ],
  [
    1689116400000,
    1.409
  ],
  [
    1689202800000,
    1.341
  ],
  [
    1689289200000,
    1.407
  ],
  [
    1689375600000,
    1.456
  ],
  [
    1689462000000,
    1.47
  ],
  [
    1689548400000,
    1.483
  ],
  [
    1689634800000,
    1.497
  ],
  [
    1689721200000,
    1.394
  ],
  [
    1689807600000,
    1.364
  ],
  [
    1689894000000,
    1.41
  ],
  [
    1689980400000,
    1.448
  ],
  [
    1690066800000,
    1.46
  ],
  [
    1690153200000,
    1.463
  ],
  [
    1690239600000,
    1.478
  ],
  [
    1690326000000,
    1.363
  ],
  [
    1690412400000,
    1.328
  ],
  [
    1690498800000,
    1.336
  ],
  [
    1690585200000,
    1.376
  ],
  [
    1690671600000,
    1.362
  ],
  [
    1690758000000,
    1.379
  ],
  [
    1690844400000,
    1.389
  ],
  [
    1690930800000,
    1.275
  ],
  [
    1691017200000,
    1.248
  ],
  [
    1691103600000,
    1.263
  ],
  [
    1691190000000,
    1.279
  ],
  [
    1691276400000,
    1.263
  ],
  [
    1691362800000,
    1.254
  ],
  [
    1691449200000,
    1.245
  ],
  [
    1691535600000,
    1.171
  ],
  [
    1691622000000,
    1.121
  ],
  [
    1691708400000,
    1.143
  ],
  [
    1691794800000,
    1.189
  ],
  [
    1691881200000,
    1.212
  ],
  [
    1691967600000,
    1.229
  ],
  [
    1692054000000,
    1.244
  ],
  [
    1692140400000,
    1.122
  ],
  [
    1692226800000,
    1.084
  ],
  [
    1692313200000,
    1.101
  ],
  [
    1692399600000,
    1.156
  ],
  [
    1692486000000,
    1.156
  ],
  [
    1692572400000,
    1.15
  ],
  [
    1692658800000,
    1.169
  ],
  [
    1692745200000,
    1.084
  ],
  [
    1692831600000,
    1.058
  ],
  [
    1692918000000,
    1.13
  ],
  [
    1693004400000,
    1.157
  ],
  [
    1693090800000,
    1.153
  ],
  [
    1693177200000,
    1.175
  ],
  [
    1693263600000,
    1.18
  ],
  [
    1693350000000,
    1.082
  ],
  [
    1693436400000,
    1.074
  ],
  [
    1693522800000,
    1.119
  ],
  [
    1693609200000,
    1.106
  ],
  [
    1693695600000,
    1.114
  ],
  [
    1693782000000,
    1.114
  ],
  [
    1693868400000,
    1.152
  ],
  [
    1693954800000,
    1.089
  ],
  [
    1694041200000,
    1.066
  ],
  [
    1694127600000,
    1.099
  ],
  [
    1694214000000,
    1.117
  ],
  [
    1694300400000,
    1.132
  ],
  [
    1694386800000,
    1.174
  ],
  [
    1694473200000,
    1.187
  ],
  [
    1694559600000,
    1.118
  ],
  [
    1694646000000,
    1.108
  ],
  [
    1694732400000,
    1.149
  ],
  [
    1694818800000,
    1.183
  ],
  [
    1694905200000,
    1.181
  ],
  [
    1694991600000,
    1.203
  ],
  [
    1695078000000,
    1.219
  ],
  [
    1695164400000,
    1.149
  ],
  [
    1695250800000,
    1.17
  ],
  [
    1695337200000,
    1.203
  ],
  [
    1695423600000,
    1.212
  ],
  [
    1695510000000,
    1.22
  ],
  [
    1695596400000,
    1.256
  ],
  [
    1695682800000,
    1.269
  ],
  [
    1695769200000,
    1.233
  ],
  [
    1695855600000,
    1.325
  ],
  [
    1695942000000,
    1.366
  ],
  [
    1696028400000,
    1.418
  ],
  [
    1696114800000,
    1.441
  ],
  [
    1696201200000,
    1.508
  ],
  [
    1696287600000,
    1.54
  ],
  [
    1696374000000,
    1.391
  ],
  [
    1696460400000,
    1.32
  ],
  [
    1696546800000,
    1.402
  ],
  [
    1696633200000,
    1.466
  ],
  [
    1696719600000,
    1.486
  ],
  [
    1696806000000,
    1.495
  ],
  [
    1696892400000,
    1.472
  ],
  [
    1696978800000,
    1.376
  ],
  [
    1697065200000,
    1.404
  ],
  [
    1697151600000,
    1.429
  ],
  [
    1697238000000,
    1.455
  ],
  [
    1697324400000,
    1.481
  ],
  [
    1697410800000,
    1.502
  ],
  [
    1697497200000,
    1.52
  ],
  [
    1697583600000,
    1.454
  ],
  [
    1697670000000,
    1.426
  ],
  [
    1697756400000,
    1.423
  ],
  [
    1697842800000,
    1.435
  ],
  [
    1697929200000,
    1.437
  ],
  [
    1698015600000,
    1.439
  ],
  [
    1698102000000,
    1.451
  ],
  [
    1698188400000,
    1.388
  ],
  [
    1698274800000,
    1.342
  ],
  [
    1698361200000,
    1.317
  ],
  [
    1698447600000,
    1.305
  ],
  [
    1698534000000,
    1.256
  ],
  [
    1698624000000,
    1.227
  ],
  [
    1698710400000,
    1.219
  ],
  [
    1698796800000,
    1.159
  ],
  [
    1698883200000,
    1.118
  ],
  [
    1698969600000,
    1.135
  ],
  [
    1699056000000,
    1.168
  ],
  [
    1699142400000,
    1.18
  ],
  [
    1699228800000,
    1.207
  ],
  [
    1699315200000,
    1.248
  ],
  [
    1699401600000,
    1.187
  ],
  [
    1699488000000,
    1.138
  ],
  [
    1699574400000,
    1.136
  ],
  [
    1699660800000,
    1.13
  ],
  [
    1699747200000,
    1.074
  ],
  [
    1699833600000,
    1.023
  ],
  [
    1699920000000,
    0.987
  ],
  [
    1700006400000,
    0.874
  ],
  [
    1700092800000,
    0.793
  ],
  [
    1700179200000,
    0.801
  ],
  [
    1700265600000,
    0.82
  ],
  [
    1700352000000,
    0.823
  ],
  [
    1700438400000,
    0.824
  ],
  [
    1700524800000,
    0.82
  ],
  [
    1700611200000,
    0.721
  ],
  [
    1700697600000,
    0.666
  ],
  [
    1700784000000,
    0.675
  ],
  [
    1700870400000,
    0.682
  ],
  [
    1700956800000,
    0.671
  ],
  [
    1701043200000,
    0.666
  ],
  [
    1701129600000,
    0.668
  ],
  [
    1701216000000,
    0.645
  ],
  [
    1701302400000,
    0.657
  ],
  [
    1701388800000,
    0.695
  ],
  [
    1701475200000,
    0.727
  ],
  [
    1701561600000,
    0.741
  ],
  [
    1701648000000,
    0.768
  ],
  [
    1701734400000,
    0.821
  ],
  [
    1701820800000,
    0.778
  ],
  [
    1701907200000,
    0.739
  ],
  [
    1701993600000,
    0.744
  ],
  [
    1702080000000,
    0.747
  ],
  [
    1702166400000,
    0.749
  ],
  [
    1702252800000,
    0.748
  ],
  [
    1702339200000,
    0.752
  ],
  [
    1702425600000,
    0.699
  ],
  [
    1702512000000,
    0.699
  ],
  [
    1702598400000,
    0.702
  ],
  [
    1702684800000,
    0.71
  ],
  [
    1702771200000,
    0.702
  ],
  [
    1702857600000,
    0.712
  ],
  [
    1702944000000,
    0.709
  ],
  [
    1703030400000,
    0.671
  ],
  [
    1703116800000,
    0.654
  ],
  [
    1703203200000,
    0.645
  ],
  [
    1703289600000,
    0.648
  ],
  [
    1703376000000,
    0.645
  ],
  [
    1703462400000,
    0.648
  ],
  [
    1703548800000,
    0.647
  ],
  [
    1703635200000,
    0.587
  ],
  [
    1703721600000,
    0.553
  ],
  [
    1703808000000,
    0.556
  ],
  [
    1703894400000,
    0.565
  ],
  [
    1703980800000,
    0.594
  ],
  [
    1704067200000,
    0.598
  ],
  [
    1704153600000,
    0.577
  ],
  [
    1704240000000,
    0.526
  ],
  [
    1704326400000,
    0.501
  ],
  [
    1704412800000,
    0.535
  ],
  [
    1704499200000,
    0.537
  ],
  [
    1704585600000,
    0.535
  ],
  [
    1704672000000,
    0.539
  ],
  [
    1704758400000,
    0.533
  ],
  [
    1704844800000,
    0.499
  ],
  [
    1704931200000,
    0.479
  ],
  [
    1705017600000,
    0.496
  ],
  [
    1705104000000,
    0.498
  ],
  [
    1705190400000,
    0.492
  ],
  [
    1705276800000,
    0.489
  ],
  [
    1705363200000,
    0.486
  ],
  [
    1705449600000,
    0.437
  ],
  [
    1705536000000,
    0.407
  ],
  [
    1705622400000,
    0.418
  ],
  [
    1705708800000,
    0.399
  ],
  [
    1705795200000,
    0.38
  ],
  [
    1705881600000,
    0.368
  ],
  [
    1705968000000,
    0.355
  ],
  [
    1706054400000,
    0.318
  ],
  [
    1706140800000,
    0.299
  ],
  [
    1706227200000,
    0.307
  ],
  [
    1706313600000,
    0.32
  ],
  [
    1706400000000,
    0.334
  ],
  [
    1706486400000,
    0.325
  ],
  [
    1706572800000,
    0.321
  ],
  [
    1706659200000,
    0.3
  ],
  [
    1706745600000,
    0.296
  ],
  [
    1706832000000,
    0.302
  ],
  [
    1706918400000,
    0.324
  ],
  [
    1707004800000,
    0.347
  ],
  [
    1707091200000,
    0.364
  ],
  [
    1707177600000,
    0.357
  ],
  [
    1707264000000,
    0.288
  ],
  [
    1707350400000,
    0.291
  ],
  [
    1707436800000,
    0.343
  ],
  [
    1707523200000,
    0.369
  ],
  [
    1707609600000,
    0.377
  ],
  [
    1707696000000,
    0.388
  ],
  [
    1707782400000,
    0.394
  ],
  [
    1707868800000,
    0.354
  ],
  [
    1707955200000,
    0.33
  ],
  [
    1708041600000,
    0.329
  ],
  [
    1708128000000,
    0.333
  ],
  [
    1708214400000,
    0.332
  ],
  [
    1708300800000,
    0.343
  ],
  [
    1708387200000,
    0.348
  ],
  [
    1708473600000,
    0.307
  ],
  [
    1708560000000,
    0.31
  ],
  [
    1708646400000,
    0.319
  ],
  [
    1708732800000,
    0.333
  ],
  [
    1708819200000,
    0.347
  ],
  [
    1708905600000,
    0.355
  ],
  [
    1708992000000,
    0.372
  ],
  [
    1709078400000,
    0.344
  ],
  [
    1709164800000,
    0.38
  ],
  [
    1709251200000,
    0.423
  ],
  [
    1709337600000,
    0.477
  ],
  [
    1709424000000,
    0.488
  ],
  [
    1709510400000,
    0.481
  ],
  [
    1709596800000,
    0.457
  ],
  [
    1709683200000,
    0.405
  ],
  [
    1709769600000,
    0.406
  ],
  [
    1709856000000,
    0.419
  ],
  [
    1709942400000,
    0.425
  ],
  [
    1710028800000,
    0.413
  ],
  [
    1710115200000,
    0.404
  ],
  [
    1710201600000,
    0.405
  ],
  [
    1710288000000,
    0.378
  ],
  [
    1710374400000,
    0.379
  ],
  [
    1710460800000,
    0.385
  ],
  [
    1710547200000,
    0.403
  ],
  [
    1710633600000,
    0.414
  ],
  [
    1710720000000,
    0.414
  ],
  [
    1710806400000,
    0.422
  ],
  [
    1710892800000,
    0.402
  ],
  [
    1710979200000,
    0.401
  ],
  [
    1711065600000,
    0.432
  ],
  [
    1711152000000,
    0.435
  ],
  [
    1711238400000,
    0.436
  ],
  [
    1711324800000,
    0.443
  ],
  [
    1711411200000,
    0.445
  ],
  [
    1711497600000,
    0.414
  ],
  [
    1711584000000,
    0.421
  ],
  [
    1711670400000,
    0.433
  ],
  [
    1711756800000,
    0.437
  ],
  [
    1711843200000,
    0.438
  ],
  [
    1711926000000,
    0.437
  ],
  [
    1712012400000,
    0.42
  ],
  [
    1712098800000,
    0.4
  ],
  [
    1712185200000,
    0.407
  ],
  [
    1712271600000,
    0.42
  ],
  [
    1712358000000,
    0.421
  ],
  [
    1712444400000,
    0.417
  ],
  [
    1712530800000,
    0.411
  ],
  [
    1712617200000,
    0.399
  ],
  [
    1712703600000,
    0.373
  ],
  [
    1712790000000,
    0.378
  ],
  [
    1712876400000,
    0.384
  ],
  [
    1712962800000,
    0.393
  ],
  [
    1713049200000,
    0.399
  ],
  [
    1713135600000,
    0.407
  ],
  [
    1713222000000,
    0.402
  ],
  [
    1713308400000,
    0.376
  ],
  [
    1713394800000,
    0.378
  ],
  [
    1713481200000,
    0.385
  ],
  [
    1713567600000,
    0.388
  ],
  [
    1713654000000,
    0.383
  ],
  [
    1713740400000,
    0.378
  ],
  [
    1713826800000,
    0.377
  ],
  [
    1713913200000,
    0.365
  ],
  [
    1713999600000,
    0.364
  ],
  [
    1714086000000,
    0.341
  ],
  [
    1714172400000,
    0.341
  ],
  [
    1714258800000,
    0.353
  ],
  [
    1714345200000,
    0.353
  ],
  [
    1714431600000,
    0.355
  ],
  [
    1714518000000,
    0.328
  ],
  [
    1714604400000,
    0.336
  ],
  [
    1714690800000,
    0.346
  ],
  [
    1714777200000,
    0.345
  ],
  [
    1714863600000,
    0.349
  ],
  [
    1714950000000,
    0.35
  ],
  [
    1715036400000,
    0.345
  ],
  [
    1715122800000,
    0.33
  ],
  [
    1715209200000,
    0.334
  ],
  [
    1715295600000,
    0.34
  ],
  [
    1715382000000,
    0.352
  ],
  [
    1715468400000,
    0.359
  ],
  [
    1715554800000,
    0.365
  ],
  [
    1715641200000,
    0.37
  ],
  [
    1715727600000,
    0.348
  ],
  [
    1715814000000,
    0.343
  ],
  [
    1715900400000,
    0.341
  ],
  [
    1715986800000,
    0.331
  ],
  [
    1716073200000,
    0.318
  ],
  [
    1716159600000,
    0.291
  ],
  [
    1716246000000,
    0.25
  ],
  [
    1716332400000,
    0.213
  ],
  [
    1716418800000,
    0.224
  ],
  [
    1716505200000,
    0.257
  ],
  [
    1716591600000,
    0.292
  ],
  [
    1716678000000,
    0.294
  ],
  [
    1716764400000,
    0.267
  ],
  [
    1716850800000,
    0.254
  ],
  [
    1716937200000,
    0.24
  ],
  [
    1717023600000,
    0.297
  ],
  [
    1717110000000,
    0.31
  ],
  [
    1717196400000,
    0.33
  ],
  [
    1717282800000,
    0.335
  ],
  [
    1717369200000,
    0.352
  ],
  [
    1717455600000,
    0.356
  ],
  [
    1717542000000,
    0.332
  ],
  [
    1717628400000,
    0.323
  ],
  [
    1717714800000,
    0.334
  ],
  [
    1717801200000,
    0.319
  ],
  [
    1717887600000,
    0.321
  ],
  [
    1717974000000,
    0.323
  ],
  [
    1718060400000,
    0.319
  ],
  [
    1718146800000,
    0.299
  ],
  [
    1718233200000,
    0.293
  ],
  [
    1718319600000,
    0.302
  ],
  [
    1718406000000,
    0.311
  ],
  [
    1718492400000,
    0.313
  ],
  [
    1718578800000,
    0.313
  ],
  [
    1718665200000,
    0.313
  ],
  [
    1718751600000,
    0.302
  ],
  [
    1718838000000,
    0.297
  ],
  [
    1718924400000,
    0.302
  ],
  [
    1719010800000,
    0.301
  ],
  [
    1719097200000,
    0.304
  ],
  [
    1719183600000,
    0.304
  ],
  [
    1719270000000,
    0.309
  ],
  [
    1719356400000,
    0.294
  ],
  [
    1719442800000,
    0.292
  ],
  [
    1719529200000,
    0.289
  ],
  [
    1719615600000,
    0.295
  ],
  [
    1719702000000,
    0.292
  ],
  [
    1719788400000,
    0.293
  ],
  [
    1719874800000,
    0.293
  ],
  [
    1719961200000,
    0.283
  ],
  [
    1720047600000,
    0.283
  ],
  [
    1720134000000,
    0.291
  ],
  [
    1720220400000,
    0.293
  ],
  [
    1720306800000,
    0.291
  ],
  [
    1720393200000,
    0.289
  ],
  [
    1720479600000,
    0.292
  ],
  [
    1720566000000,
    0.275
  ],
  [
    1720652400000,
    0.271
  ],
  [
    1720738800000,
    0.282
  ],
  [
    1720825200000,
    0.287
  ],
  [
    1720911600000,
    0.289
  ],
  [
    1720998000000,
    0.295
  ],
  [
    1721084400000,
    0.292
  ],
  [
    1721170800000,
    0.281
  ],
  [
    1721257200000,
    0.281
  ],
  [
    1721343600000,
    0.288
  ],
  [
    1721430000000,
    0.289
  ],
  [
    1721516400000,
    0.291
  ],
  [
    1721602800000,
    0.291
  ],
  [
    1721689200000,
    0.288
  ],
  [
    1721775600000,
    0.271
  ],
  [
    1721862000000,
    0.274
  ],
  [
    1721948400000,
    0.281
  ],
  [
    1722034800000,
    0.286
  ],
  [
    1722121200000,
    0.286
  ],
  [
    1722207600000,
    0.289
  ],
  [
    1722294000000,
    0.286
  ],
  [
    1722380400000,
    0.277
  ],
  [
    1722466800000,
    0.285
  ],
  [
    1722553200000,
    0.291
  ],
  [
    1722639600000,
    0.299
  ],
  [
    1722726000000,
    0.302
  ],
  [
    1722812400000,
    0.305
  ],
  [
    1722898800000,
    0.308
  ],
  [
    1722985200000,
    0.293
  ],
  [
    1723071600000,
    0.29
  ],
  [
    1723158000000,
    0.296
  ],
  [
    1723244400000,
    0.293
  ],
  [
    1723330800000,
    0.294
  ],
  [
    1723417200000,
    0.3
  ],
  [
    1723503600000,
    0.296
  ],
  [
    1723554000000,
    0.29
  ],
  [
    1723557600000,
    0.295
  ],
  [
    1723561200000,
    0.296
  ],
  [
    1723564800000,
    0.295
  ],
  [
    1723568400000,
    0.29
  ],
  [
    1723572000000,
    0.29
  ],
  [
    1723575600000,
    0.28
  ],
  [
    1723579200000,
    0.3
  ],
  [
    1723582800000,
    0.29
  ],
  [
    1723586400000,
    0.3
  ],
  [
    1723590000000,
    0.3
  ],
  [
    1723593600000,
    0.29
  ],
  [
    1723597200000,
    0.29
  ],
  [
    1723600800000,
    0.28
  ],
  [
    1723604400000,
    0.29
  ],
  [
    1723608000000,
    0.29
  ],
  [
    1723611600000,
    0.29
  ],
  [
    1723615200000,
    0.299
  ],
  [
    1723618800000,
    0.287
  ],
  [
    1723622400000,
    0.29
  ],
  [
    1723626000000,
    0.284
  ],
  [
    1723629600000,
    0.285
  ],
  [
    1723633200000,
    0.28
  ],
  [
    1723636800000,
    0.28
  ],
  [
    1723640400000,
    0.285
  ],
  [
    1723644000000,
    0.279
  ],
  [
    1723647600000,
    0.28
  ],
  [
    1723651200000,
    0.28
  ],
  [
    1723654800000,
    0.28
  ],
  [
    1723658400000,
    0.278
  ],
  [
    1723662000000,
    0.277
  ],
  [
    1723665600000,
    0.277
  ],
  [
    1723669200000,
    0.279
  ],
  [
    1723672800000,
    0.285
  ],
  [
    1723676400000,
    0.29
  ],
  [
    1723680000000,
    0.287
  ],
  [
    1723683600000,
    0.29
  ],
  [
    1723687200000,
    0.29
  ],
  [
    1723690800000,
    0.29
  ],
  [
    1723694400000,
    0.295
  ],
  [
    1723698000000,
    0.3
  ],
  [
    1723701600000,
    0.29
  ],
  [
    1723705200000,
    0.295
  ],
  [
    1723708800000,
    0.298
  ],
  [
    1723712400000,
    0.288
  ],
  [
    1723716000000,
    0.287
  ],
  [
    1723719600000,
    0.284
  ],
  [
    1723723200000,
    0.284
  ],
  [
    1723726800000,
    0.279
  ],
  [
    1723730400000,
    0.28
  ],
  [
    1723734000000,
    0.281
  ],
  [
    1723737600000,
    0.289
  ],
  [
    1723741200000,
    0.28
  ],
  [
    1723744800000,
    0.277
  ],
  [
    1723748400000,
    0.274
  ],
  [
    1723752000000,
    0.285
  ],
  [
    1723755600000,
    0.284
  ],
  [
    1723759200000,
    0.287
  ],
  [
    1723762800000,
    0.287
  ],
  [
    1723766400000,
    0.3
  ],
  [
    1723770000000,
    0.3
  ],
  [
    1723773600000,
    0.3
  ],
  [
    1723777200000,
    0.3
  ],
  [
    1723780800000,
    0.3
  ],
  [
    1723784400000,
    0.3
  ],
  [
    1723788000000,
    0.296
  ],
  [
    1723791600000,
    0.296
  ],
  [
    1723795200000,
    0.29
  ],
  [
    1723798800000,
    0.29
  ],
  [
    1723802400000,
    0.29
  ],
  [
    1723806000000,
    0.286
  ],
  [
    1723809600000,
    0.286
  ],
  [
    1723813200000,
    0.286
  ],
  [
    1723816800000,
    0.28
  ],
  [
    1723820400000,
    0.285
  ],
  [
    1723824000000,
    0.288
  ],
  [
    1723827600000,
    0.288
  ],
  [
    1723831200000,
    0.285
  ],
  [
    1723834800000,
    0.286
  ],
  [
    1723838400000,
    0.29
  ],
  [
    1723842000000,
    0.297
  ],
  [
    1723845600000,
    0.3
  ],
  [
    1723849200000,
    0.306
  ],
  [
    1723852800000,
    0.3
  ],
  [
    1723856400000,
    0.3
  ],
  [
    1723860000000,
    0.3
  ],
  [
    1723863600000,
    0.3
  ],
  [
    1723867200000,
    0.293
  ],
  [
    1723870800000,
    0.297
  ],
  [
    1723874400000,
    0.3
  ],
  [
    1723878000000,
    0.3
  ],
  [
    1723881600000,
    0.3
  ],
  [
    1723885200000,
    0.297
  ],
  [
    1723888800000,
    0.297
  ],
  [
    1723892400000,
    0.29
  ],
  [
    1723896000000,
    0.297
  ],
  [
    1723899600000,
    0.291
  ],
  [
    1723903200000,
    0.289
  ],
  [
    1723906800000,
    0.286
  ],
  [
    1723910400000,
    0.296
  ],
  [
    1723914000000,
    0.3
  ],
  [
    1723917600000,
    0.293
  ],
  [
    1723921200000,
    0.29
  ],
  [
    1723924800000,
    0.29
  ],
  [
    1723928400000,
    0.286
  ],
  [
    1723932000000,
    0.29
  ],
  [
    1723935600000,
    0.297
  ],
  [
    1723939200000,
    0.29
  ],
  [
    1723942800000,
    0.3
  ],
  [
    1723946400000,
    0.31
  ],
  [
    1723950000000,
    0.31
  ],
  [
    1723953600000,
    0.31
  ],
  [
    1723957200000,
    0.3
  ],
  [
    1723960800000,
    0.3
  ],
  [
    1723964400000,
    0.292
  ],
  [
    1723968000000,
    0.3
  ],
  [
    1723971600000,
    0.289
  ],
  [
    1723975200000,
    0.283
  ],
  [
    1723978800000,
    0.29
  ],
  [
    1723982400000,
    0.289
  ],
  [
    1723986000000,
    0.3
  ],
  [
    1723989600000,
    0.29
  ],
  [
    1723993200000,
    0.292
  ],
  [
    1723996800000,
    0.297
  ],
  [
    1724000400000,
    0.291
  ],
  [
    1724004000000,
    0.29
  ],
  [
    1724007600000,
    0.29
  ],
  [
    1724011200000,
    0.299
  ],
  [
    1724014800000,
    0.3
  ],
  [
    1724018400000,
    0.308
  ],
  [
    1724022000000,
    0.3
  ],
  [
    1724025600000,
    0.3
  ],
  [
    1724029200000,
    0.3
  ],
  [
    1724032800000,
    0.297
  ],
  [
    1724036400000,
    0.3
  ],
  [
    1724040000000,
    0.3
  ],
  [
    1724043600000,
    0.29
  ],
  [
    1724047200000,
    0.3
  ],
  [
    1724050800000,
    0.288
  ],
  [
    1724054400000,
    0.286
  ],
  [
    1724058000000,
    0.288
  ],
  [
    1724061600000,
    0.29
  ],
  [
    1724065200000,
    0.28
  ],
  [
    1724068800000,
    0.289
  ],
  [
    1724072400000,
    0.289
  ],
  [
    1724076000000,
    0.289
  ],
  [
    1724079600000,
    0.286
  ],
  [
    1724083200000,
    0.29
  ],
  [
    1724086800000,
    0.297
  ],
  [
    1724090400000,
    0.297
  ],
  [
    1724094000000,
    0.29
  ],
  [
    1724097600000,
    0.288
  ],
  [
    1724101200000,
    0.29
  ],
  [
    1724104800000,
    0.29
  ],
  [
    1724108400000,
    0.29
  ],
  [
    1724112000000,
    0.292
  ],
  [
    1724115600000,
    0.298
  ],
  [
    1724119200000,
    0.294
  ],
  [
    1724122800000,
    0.292
  ],
  [
    1724126400000,
    0.29
  ],
  [
    1724130000000,
    0.288
  ],
  [
    1724133600000,
    0.288
  ],
  [
    1724137200000,
    0.29
  ],
  [
    1724140800000,
    0.288
  ],
  [
    1724144400000,
    0.29
  ],
  [
    1724148000000,
    0.28
  ],
  [
    1724151600000,
    0.281
  ],
  [
    1724155200000,
    0.281
  ],
  [
    1724158800000,
    0.287
  ],
  [
    1724162400000,
    0.285
  ],
  [
    1724166000000,
    0.29
  ],
  [
    1724169600000,
    0.298
  ],
  [
    1724173200000,
    0.298
  ],
  [
    1724176800000,
    0.287
  ],
  [
    1724180400000,
    0.291
  ],
  [
    1724184000000,
    0.298
  ],
  [
    1724187600000,
    0.29
  ],
  [
    1724191200000,
    0.295
  ],
  [
    1724194800000,
    0.3
  ],
  [
    1724198400000,
    0.29
  ],
  [
    1724202000000,
    0.29
  ],
  [
    1724205600000,
    0.29
  ],
  [
    1724209200000,
    0.29
  ],
  [
    1724212800000,
    0.29
  ],
  [
    1724216400000,
    0.29
  ],
  [
    1724220000000,
    0.286
  ],
  [
    1724223600000,
    0.288
  ],
  [
    1724227200000,
    0.283
  ],
  [
    1724230800000,
    0.287
  ],
  [
    1724234400000,
    0.286
  ],
  [
    1724238000000,
    0.28
  ],
  [
    1724241600000,
    0.28
  ],
  [
    1724245200000,
    0.28
  ],
  [
    1724248800000,
    0.28
  ],
  [
    1724252400000,
    0.28
  ],
  [
    1724256000000,
    0.28
  ],
  [
    1724259600000,
    0.28
  ],
  [
    1724263200000,
    0.28
  ],
  [
    1724266800000,
    0.27
  ],
  [
    1724270400000,
    0.27
  ],
  [
    1724274000000,
    0.27
  ],
  [
    1724277600000,
    0.27
  ],
  [
    1724281200000,
    0.28
  ],
  [
    1724284800000,
    0.28
  ],
  [
    1724288400000,
    0.29
  ],
  [
    1724292000000,
    0.298
  ],
  [
    1724295600000,
    0.281
  ],
  [
    1724299200000,
    0.29
  ],
  [
    1724302800000,
    0.289
  ],
  [
    1724306400000,
    0.28
  ],
  [
    1724310000000,
    0.28
  ],
  [
    1724313600000,
    0.28
  ],
  [
    1724317200000,
    0.279
  ],
  [
    1724320800000,
    0.274
  ],
  [
    1724324400000,
    0.276
  ],
  [
    1724328000000,
    0.276
  ],
  [
    1724331600000,
    0.276
  ],
  [
    1724335200000,
    0.277
  ],
  [
    1724338800000,
    0.278
  ],
  [
    1724342400000,
    0.273
  ],
  [
    1724346000000,
    0.27
  ],
  [
    1724349600000,
    0.27
  ],
  [
    1724353200000,
    0.275
  ],
  [
    1724356800000,
    0.276
  ],
  [
    1724360400000,
    0.277
  ],
  [
    1724364000000,
    0.281
  ],
  [
    1724367600000,
    0.288
  ],
  [
    1724371200000,
    0.29
  ],
  [
    1724374800000,
    0.298
  ],
  [
    1724378400000,
    0.298
  ],
  [
    1724382000000,
    0.29
  ],
  [
    1724385600000,
    0.29
  ],
  [
    1724389200000,
    0.29
  ],
  [
    1724392800000,
    0.29
  ],
  [
    1724396400000,
    0.28
  ],
  [
    1724400000000,
    0.28
  ],
  [
    1724403600000,
    0.277
  ],
  [
    1724407200000,
    0.278
  ],
  [
    1724410800000,
    0.278
  ],
  [
    1724414400000,
    0.28
  ],
  [
    1724418000000,
    0.278
  ],
  [
    1724421600000,
    0.278
  ],
  [
    1724425200000,
    0.28
  ],
  [
    1724428800000,
    0.282
  ],
  [
    1724432400000,
    0.278
  ],
  [
    1724436000000,
    0.28
  ],
  [
    1724439600000,
    0.282
  ],
  [
    1724443200000,
    0.289
  ],
  [
    1724446800000,
    0.28
  ],
  [
    1724450400000,
    0.29
  ],
  [
    1724454000000,
    0.3
  ],
  [
    1724457600000,
    0.29
  ],
  [
    1724461200000,
    0.3
  ],
  [
    1724464800000,
    0.299
  ],
  [
    1724468400000,
    0.3
  ],
  [
    1724472000000,
    0.3
  ],
  [
    1724475600000,
    0.3
  ],
  [
    1724479200000,
    0.3
  ],
  [
    1724482800000,
    0.29
  ],
  [
    1724486400000,
    0.281
  ],
  [
    1724490000000,
    0.28
  ],
  [
    1724493600000,
    0.283
  ],
  [
    1724497200000,
    0.282
  ],
  [
    1724500800000,
    0.28
  ],
  [
    1724504400000,
    0.283
  ],
  [
    1724508000000,
    0.28
  ],
  [
    1724511600000,
    0.29
  ],
  [
    1724515200000,
    0.289
  ],
  [
    1724518800000,
    0.289
  ],
  [
    1724522400000,
    0.289
  ],
  [
    1724526000000,
    0.287
  ],
  [
    1724529600000,
    0.29
  ],
  [
    1724533200000,
    0.3
  ],
  [
    1724536800000,
    0.3
  ],
  [
    1724540400000,
    0.3
  ],
  [
    1724544000000,
    0.3
  ],
  [
    1724547600000,
    0.3
  ],
  [
    1724551200000,
    0.3
  ],
  [
    1724554800000,
    0.3
  ],
  [
    1724558400000,
    0.3
  ],
  [
    1724562000000,
    0.3
  ],
  [
    1724565600000,
    0.3
  ],
  [
    1724569200000,
    0.29
  ],
  [
    1724572800000,
    0.29
  ],
  [
    1724576400000,
    0.287
  ],
  [
    1724580000000,
    0.29
  ],
  [
    1724583600000,
    0.284
  ],
  [
    1724587200000,
    0.289
  ],
  [
    1724590800000,
    0.28
  ],
  [
    1724594400000,
    0.281
  ],
  [
    1724598000000,
    0.289
  ],
  [
    1724601600000,
    0.29
  ],
  [
    1724605200000,
    0.281
  ],
  [
    1724608800000,
    0.282
  ],
  [
    1724612400000,
    0.286
  ],
  [
    1724616000000,
    0.289
  ],
  [
    1724619600000,
    0.287
  ],
  [
    1724623200000,
    0.28
  ],
  [
    1724626800000,
    0.29
  ],
  [
    1724630400000,
    0.3
  ],
  [
    1724634000000,
    0.3
  ],
  [
    1724637600000,
    0.308
  ],
  [
    1724641200000,
    0.3
  ],
  [
    1724644800000,
    0.3
  ],
  [
    1724648400000,
    0.3
  ],
  [
    1724652000000,
    0.3
  ],
  [
    1724655600000,
    0.3
  ],
  [
    1724659200000,
    0.289
  ],
  [
    1724662800000,
    0.294
  ],
  [
    1724666400000,
    0.289
  ],
  [
    1724670000000,
    0.283
  ],
  [
    1724673600000,
    0.289
  ],
  [
    1724677200000,
    0.289
  ],
  [
    1724680800000,
    0.29
  ],
  [
    1724684400000,
    0.295
  ],
  [
    1724688000000,
    0.29
  ],
  [
    1724691600000,
    0.29
  ],
  [
    1724695200000,
    0.292
  ],
  [
    1724698800000,
    0.3
  ],
  [
    1724702400000,
    0.29
  ],
  [
    1724706000000,
    0.29
  ],
  [
    1724709600000,
    0.285
  ],
  [
    1724713200000,
    0.29
  ],
  [
    1724716800000,
    0.3
  ],
  [
    1724720400000,
    0.3
  ],
  [
    1724724000000,
    0.3
  ],
  [
    1724727600000,
    0.3
  ],
  [
    1724731200000,
    0.3
  ],
  [
    1724734800000,
    0.3
  ],
  [
    1724738400000,
    0.3
  ],
  [
    1724742000000,
    0.3
  ],
  [
    1724745600000,
    0.295
  ],
  [
    1724749200000,
    0.29
  ],
  [
    1724752800000,
    0.299
  ],
  [
    1724756400000,
    0.29
  ],
  [
    1724760000000,
    0.29
  ],
  [
    1724763600000,
    0.28
  ],
  [
    1724767200000,
    0.29
  ],
  [
    1724770800000,
    0.298
  ],
  [
    1724774400000,
    0.3
  ],
  [
    1724778000000,
    0.3
  ],
  [
    1724781600000,
    0.3
  ],
  [
    1724785200000,
    0.296
  ],
  [
    1724788800000,
    0.3
  ],
  [
    1724792400000,
    0.301
  ],
  [
    1724796000000,
    0.295
  ],
  [
    1724799600000,
    0.3
  ],
  [
    1724803200000,
    0.29
  ],
  [
    1724806800000,
    0.282
  ],
  [
    1724810400000,
    0.29
  ],
  [
    1724814000000,
    0.29
  ],
  [
    1724817600000,
    0.286
  ],
  [
    1724821200000,
    0.28
  ],
  [
    1724824800000,
    0.28
  ],
  [
    1724828400000,
    0.282
  ],
  [
    1724832000000,
    0.279
  ],
  [
    1724835600000,
    0.278
  ],
  [
    1724839200000,
    0.275
  ],
  [
    1724842800000,
    0.279
  ],
  [
    1724846400000,
    0.28
  ],
  [
    1724850000000,
    0.279
  ],
  [
    1724853600000,
    0.278
  ],
  [
    1724857200000,
    0.279
  ],
  [
    1724860800000,
    0.279
  ],
  [
    1724864400000,
    0.279
  ],
  [
    1724868000000,
    0.279
  ],
  [
    1724871600000,
    0.275
  ],
  [
    1724875200000,
    0.27
  ],
  [
    1724878800000,
    0.278
  ],
  [
    1724882400000,
    0.279
  ],
  [
    1724886000000,
    0.28
  ],
  [
    1724889600000,
    0.29
  ],
  [
    1724893200000,
    0.29
  ],
  [
    1724896800000,
    0.291
  ],
  [
    1724900400000,
    0.298
  ],
  [
    1724904000000,
    0.299
  ],
  [
    1724907600000,
    0.298
  ],
  [
    1724911200000,
    0.294
  ],
  [
    1724914800000,
    0.289
  ],
  [
    1724918400000,
    0.284
  ],
  [
    1724922000000,
    0.28
  ],
  [
    1724925600000,
    0.285
  ],
  [
    1724929200000,
    0.28
  ],
  [
    1724932800000,
    0.283
  ],
  [
    1724936400000,
    0.284
  ],
  [
    1724940000000,
    0.28
  ],
  [
    1724943600000,
    0.287
  ],
  [
    1724947200000,
    0.284
  ],
  [
    1724950800000,
    0.28
  ],
  [
    1724954400000,
    0.279
  ],
  [
    1724958000000,
    0.277
  ],
  [
    1724961600000,
    0.28
  ],
  [
    1724965200000,
    0.277
  ],
  [
    1724968800000,
    0.28
  ],
  [
    1724972400000,
    0.281
  ],
  [
    1724976000000,
    0.295
  ],
  [
    1724979600000,
    0.3
  ],
  [
    1724983200000,
    0.3
  ],
  [
    1724986800000,
    0.3
  ],
  [
    1724990400000,
    0.3
  ],
  [
    1724994000000,
    0.308
  ],
  [
    1724997600000,
    0.3
  ],
  [
    1725001200000,
    0.3
  ],
  [
    1725004800000,
    0.293
  ],
  [
    1725008400000,
    0.288
  ],
  [
    1725012000000,
    0.29
  ],
  [
    1725015600000,
    0.29
  ],
  [
    1725019200000,
    0.293
  ],
  [
    1725022800000,
    0.288
  ],
  [
    1725026400000,
    0.288
  ],
  [
    1725030000000,
    0.299
  ],
  [
    1725033600000,
    0.291
  ],
  [
    1725037200000,
    0.29
  ],
  [
    1725040800000,
    0.296
  ],
  [
    1725044400000,
    0.29
  ],
  [
    1725048000000,
    0.292
  ],
  [
    1725051600000,
    0.3
  ],
  [
    1725055200000,
    0.3
  ],
  [
    1725058800000,
    0.3
  ],
  [
    1725062400000,
    0.3
  ],
  [
    1725066000000,
    0.304
  ],
  [
    1725069600000,
    0.308
  ],
  [
    1725073200000,
    0.3
  ],
  [
    1725076800000,
    0.304
  ],
  [
    1725080400000,
    0.31
  ],
  [
    1725084000000,
    0.31
  ],
  [
    1725087600000,
    0.31
  ],
  [
    1725091200000,
    0.305
  ],
  [
    1725094800000,
    0.31
  ],
  [
    1725098400000,
    0.298
  ],
  [
    1725102000000,
    0.29
  ],
  [
    1725105600000,
    0.29
  ],
  [
    1725109200000,
    0.288
  ],
  [
    1725112800000,
    0.29
  ],
  [
    1725116400000,
    0.288
  ],
  [
    1725120000000,
    0.288
  ],
  [
    1725123600000,
    0.282
  ],
  [
    1725127200000,
    0.292
  ],
  [
    1725130800000,
    0.299
  ],
  [
    1725134400000,
    0.29
  ],
  [
    1725138000000,
    0.29
  ],
  [
    1725141600000,
    0.304
  ],
  [
    1725145200000,
    0.31
  ],
  [
    1725148800000,
    0.31
  ],
  [
    1725152400000,
    0.31
  ],
  [
    1725156000000,
    0.31
  ],
  [
    1725159600000,
    0.31
  ],
  [
    1725163200000,
    0.31
  ],
  [
    1725166800000,
    0.31
  ],
  [
    1725170400000,
    0.303
  ],
  [
    1725174000000,
    0.302
  ],
  [
    1725177600000,
    0.299
  ],
  [
    1725181200000,
    0.297
  ],
  [
    1725184800000,
    0.299
  ],
  [
    1725188400000,
    0.288
  ],
  [
    1725192000000,
    0.296
  ],
  [
    1725195600000,
    0.29
  ],
  [
    1725199200000,
    0.288
  ],
  [
    1725202800000,
    0.288
  ],
  [
    1725206400000,
    0.29
  ],
  [
    1725210000000,
    0.299
  ],
  [
    1725213600000,
    0.299
  ],
  [
    1725217200000,
    0.288
  ],
  [
    1725220800000,
    0.29
  ],
  [
    1725224400000,
    0.289
  ],
  [
    1725228000000,
    0.3
  ],
  [
    1725231600000,
    0.3
  ],
  [
    1725235200000,
    0.31
  ],
  [
    1725238800000,
    0.31
  ],
  [
    1725242400000,
    0.311
  ],
  [
    1725246000000,
    0.31
  ],
  [
    1725249600000,
    0.31
  ],
  [
    1725253200000,
    0.32
  ],
  [
    1725256800000,
    0.32
  ],
  [
    1725260400000,
    0.31
  ],
  [
    1725264000000,
    0.309
  ],
  [
    1725267600000,
    0.31
  ],
  [
    1725271200000,
    0.304
  ],
  [
    1725274800000,
    0.309
  ],
  [
    1725278400000,
    0.308
  ],
  [
    1725282000000,
    0.299
  ],
  [
    1725285600000,
    0.3
  ],
  [
    1725289200000,
    0.31
  ],
  [
    1725292800000,
    0.305
  ],
  [
    1725296400000,
    0.309
  ],
  [
    1725300000000,
    0.309
  ],
  [
    1725303600000,
    0.302
  ],
  [
    1725307200000,
    0.3
  ],
  [
    1725310800000,
    0.299
  ],
  [
    1725314400000,
    0.315
  ],
  [
    1725318000000,
    0.31
  ],
  [
    1725321600000,
    0.317
  ],
  [
    1725325200000,
    0.311
  ],
  [
    1725328800000,
    0.31
  ],
  [
    1725332400000,
    0.311
  ],
  [
    1725336000000,
    0.32
  ],
  [
    1725339600000,
    0.32
  ],
  [
    1725343200000,
    0.32
  ],
  [
    1725346800000,
    0.32
  ],
  [
    1725350400000,
    0.32
  ],
  [
    1725354000000,
    0.32
  ],
  [
    1725357600000,
    0.32
  ],
  [
    1725361200000,
    0.31
  ],
  [
    1725364800000,
    0.31
  ],
  [
    1725368400000,
    0.314
  ],
  [
    1725372000000,
    0.31
  ],
  [
    1725375600000,
    0.31
  ],
  [
    1725379200000,
    0.31
  ],
  [
    1725382800000,
    0.309
  ],
  [
    1725386400000,
    0.309
  ],
  [
    1725390000000,
    0.31
  ],
  [
    1725393600000,
    0.31
  ],
  [
    1725397200000,
    0.31
  ],
  [
    1725400800000,
    0.299
  ],
  [
    1725404400000,
    0.31
  ],
  [
    1725408000000,
    0.3
  ],
  [
    1725411600000,
    0.3
  ],
  [
    1725415200000,
    0.3
  ],
  [
    1725418800000,
    0.3
  ],
  [
    1725422400000,
    0.3
  ],
  [
    1725426000000,
    0.297
  ],
  [
    1725429600000,
    0.296
  ],
  [
    1725433200000,
    0.295
  ],
  [
    1725436800000,
    0.289
  ],
  [
    1725440400000,
    0.28
  ],
  [
    1725444000000,
    0.279
  ],
  [
    1725447600000,
    0.276
  ],
  [
    1725451200000,
    0.287
  ],
  [
    1725454800000,
    0.28
  ],
  [
    1725458400000,
    0.28
  ],
  [
    1725462000000,
    0.28
  ],
  [
    1725465600000,
    0.28
  ],
  [
    1725469200000,
    0.285
  ],
  [
    1725472800000,
    0.28
  ],
  [
    1725476400000,
    0.28
  ],
  [
    1725480000000,
    0.281
  ],
  [
    1725483600000,
    0.28
  ],
  [
    1725487200000,
    0.287
  ],
  [
    1725490800000,
    0.295
  ],
  [
    1725494400000,
    0.3
  ],
  [
    1725498000000,
    0.3
  ],
  [
    1725501600000,
    0.292
  ],
  [
    1725505200000,
    0.303
  ],
  [
    1725508800000,
    0.3
  ],
  [
    1725512400000,
    0.31
  ],
  [
    1725516000000,
    0.31
  ],
  [
    1725519600000,
    0.3
  ],
  [
    1725523200000,
    0.291
  ],
  [
    1725526800000,
    0.295
  ],
  [
    1725530400000,
    0.291
  ],
  [
    1725534000000,
    0.298
  ],
  [
    1725537600000,
    0.298
  ],
  [
    1725541200000,
    0.287
  ],
  [
    1725544800000,
    0.291
  ],
  [
    1725548400000,
    0.291
  ],
  [
    1725552000000,
    0.287
  ],
  [
    1725555600000,
    0.288
  ],
  [
    1725559200000,
    0.287
  ],
  [
    1725562800000,
    0.29
  ],
  [
    1725566400000,
    0.296
  ],
  [
    1725570000000,
    0.3
  ],
  [
    1725573600000,
    0.3
  ],
  [
    1725577200000,
    0.303
  ],
  [
    1725580800000,
    0.31
  ],
  [
    1725584400000,
    0.31
  ],
  [
    1725588000000,
    0.31
  ],
  [
    1725591600000,
    0.31
  ],
  [
    1725595200000,
    0.31
  ],
  [
    1725598800000,
    0.32
  ],
  [
    1725602400000,
    0.31
  ],
  [
    1725606000000,
    0.31
  ],
  [
    1725609600000,
    0.299
  ],
  [
    1725613200000,
    0.3
  ],
  [
    1725616800000,
    0.293
  ],
  [
    1725620400000,
    0.292
  ],
  [
    1725624000000,
    0.291
  ],
  [
    1725627600000,
    0.29
  ],
  [
    1725631200000,
    0.291
  ],
  [
    1725634800000,
    0.299
  ],
  [
    1725638400000,
    0.299
  ],
  [
    1725642000000,
    0.294
  ],
  [
    1725645600000,
    0.29
  ],
  [
    1725649200000,
    0.299
  ],
  [
    1725652800000,
    0.299
  ],
  [
    1725656400000,
    0.29
  ],
  [
    1725660000000,
    0.299
  ],
  [
    1725663600000,
    0.31
  ],
  [
    1725667200000,
    0.32
  ],
  [
    1725670800000,
    0.31
  ],
  [
    1725674400000,
    0.31
  ],
  [
    1725678000000,
    0.318
  ],
  [
    1725681600000,
    0.314
  ],
  [
    1725685200000,
    0.319
  ],
  [
    1725688800000,
    0.317
  ],
  [
    1725692400000,
    0.311
  ],
  [
    1725696000000,
    0.314
  ],
  [
    1725699600000,
    0.3
  ],
  [
    1725703200000,
    0.299
  ],
  [
    1725706800000,
    0.3
  ],
  [
    1725710400000,
    0.299
  ],
  [
    1725714000000,
    0.299
  ],
  [
    1725717600000,
    0.31
  ],
  [
    1725721200000,
    0.31
  ],
  [
    1725724800000,
    0.307
  ],
  [
    1725728400000,
    0.304
  ],
  [
    1725732000000,
    0.303
  ],
  [
    1725735600000,
    0.3
  ],
  [
    1725739200000,
    0.299
  ],
  [
    1725742800000,
    0.31
  ],
  [
    1725746400000,
    0.31
  ],
  [
    1725750000000,
    0.32
  ],
  [
    1725753600000,
    0.32
  ],
  [
    1725757200000,
    0.32
  ],
  [
    1725760800000,
    0.32
  ],
  [
    1725764400000,
    0.32
  ],
  [
    1725768000000,
    0.32
  ],
  [
    1725771600000,
    0.32
  ],
  [
    1725775200000,
    0.32
  ],
  [
    1725778800000,
    0.317
  ],
  [
    1725782400000,
    0.31
  ],
  [
    1725786000000,
    0.31
  ],
  [
    1725789600000,
    0.31
  ],
  [
    1725793200000,
    0.309
  ],
  [
    1725796800000,
    0.31
  ],
  [
    1725800400000,
    0.31
  ],
  [
    1725804000000,
    0.306
  ],
  [
    1725807600000,
    0.31
  ],
  [
    1725811200000,
    0.32
  ],
  [
    1725814800000,
    0.31
  ],
  [
    1725818400000,
    0.31
  ],
  [
    1725822000000,
    0.3
  ],
  [
    1725825600000,
    0.306
  ],
  [
    1725829200000,
    0.31
  ],
  [
    1725832800000,
    0.31
  ],
  [
    1725836400000,
    0.32
  ],
  [
    1725840000000,
    0.34
  ],
  [
    1725843600000,
    0.33
  ],
  [
    1725847200000,
    0.32
  ],
  [
    1725850800000,
    0.32
  ],
  [
    1725854400000,
    0.34
  ],
  [
    1725858000000,
    0.331
  ],
  [
    1725861600000,
    0.321
  ],
  [
    1725865200000,
    0.318
  ],
  [
    1725868800000,
    0.32
  ],
  [
    1725872400000,
    0.32
  ],
  [
    1725876000000,
    0.32
  ],
  [
    1725879600000,
    0.31
  ],
  [
    1725883200000,
    0.31
  ],
  [
    1725886800000,
    0.318
  ],
  [
    1725890400000,
    0.321
  ],
  [
    1725894000000,
    0.32
  ],
  [
    1725897600000,
    0.321
  ],
  [
    1725901200000,
    0.321
  ],
  [
    1725904800000,
    0.31
  ],
  [
    1725908400000,
    0.309
  ],
  [
    1725912000000,
    0.3
  ],
  [
    1725915600000,
    0.31
  ],
  [
    1725919200000,
    0.314
  ],
  [
    1725922800000,
    0.32
  ],
  [
    1725926400000,
    0.32
  ],
  [
    1725930000000,
    0.31
  ],
  [
    1725933600000,
    0.32
  ],
  [
    1725937200000,
    0.323
  ],
  [
    1725940800000,
    0.323
  ],
  [
    1725944400000,
    0.32
  ],
  [
    1725948000000,
    0.323
  ],
  [
    1725951600000,
    0.32
  ],
  [
    1725955200000,
    0.327
  ],
  [
    1725958800000,
    0.32
  ],
  [
    1725962400000,
    0.32
  ],
  [
    1725966000000,
    0.318
  ],
  [
    1725969600000,
    0.32
  ],
  [
    1725973200000,
    0.315
  ],
  [
    1725976800000,
    0.315
  ],
  [
    1725980400000,
    0.31
  ],
  [
    1725984000000,
    0.306
  ],
  [
    1725987600000,
    0.3
  ],
  [
    1725991200000,
    0.298
  ],
  [
    1725994800000,
    0.298
  ],
  [
    1725998400000,
    0.298
  ],
  [
    1726002000000,
    0.3
  ],
  [
    1726005600000,
    0.299
  ],
  [
    1726009200000,
    0.32
  ],
  [
    1726012800000,
    0.31
  ],
  [
    1726016400000,
    0.318
  ],
  [
    1726020000000,
    0.31
  ],
  [
    1726023600000,
    0.31
  ],
  [
    1726027200000,
    0.31
  ],
  [
    1726030800000,
    0.32
  ],
  [
    1726034400000,
    0.3
  ],
  [
    1726038000000,
    0.295
  ],
  [
    1726041600000,
    0.292
  ],
  [
    1726045200000,
    0.293
  ],
  [
    1726048800000,
    0.286
  ],
  [
    1726052400000,
    0.286
  ],
  [
    1726056000000,
    0.292
  ],
  [
    1726059600000,
    0.292
  ],
  [
    1726063200000,
    0.293
  ],
  [
    1726066800000,
    0.292
  ],
  [
    1726070400000,
    0.292
  ],
  [
    1726074000000,
    0.292
  ],
  [
    1726077600000,
    0.29
  ],
  [
    1726081200000,
    0.29
  ],
  [
    1726084800000,
    0.287
  ],
  [
    1726088400000,
    0.287
  ],
  [
    1726092000000,
    0.29
  ],
  [
    1726095600000,
    0.3
  ],
  [
    1726099200000,
    0.32
  ],
  [
    1726102800000,
    0.306
  ],
  [
    1726106400000,
    0.32
  ],
  [
    1726110000000,
    0.31
  ],
  [
    1726113600000,
    0.32
  ],
  [
    1726117200000,
    0.32
  ],
  [
    1726120800000,
    0.318
  ],
  [
    1726124400000,
    0.31
  ],
  [
    1726128000000,
    0.31
  ],
  [
    1726131600000,
    0.305
  ],
  [
    1726135200000,
    0.303
  ],
  [
    1726138800000,
    0.308
  ],
  [
    1726142400000,
    0.297
  ],
  [
    1726146000000,
    0.297
  ],
  [
    1726149600000,
    0.295
  ],
  [
    1726153200000,
    0.294
  ],
  [
    1726156800000,
    0.292
  ],
  [
    1726160400000,
    0.29
  ],
  [
    1726164000000,
    0.286
  ],
  [
    1726167600000,
    0.291
  ],
  [
    1726171200000,
    0.29
  ],
  [
    1726174800000,
    0.29
  ],
  [
    1726178400000,
    0.295
  ],
  [
    1726182000000,
    0.31
  ],
  [
    1726185600000,
    0.32
  ],
  [
    1726189200000,
    0.319
  ],
  [
    1726192800000,
    0.32
  ],
  [
    1726196400000,
    0.32
  ],
  [
    1726200000000,
    0.32
  ],
  [
    1726203600000,
    0.32
  ],
  [
    1726207200000,
    0.32
  ],
  [
    1726210800000,
    0.32
  ],
  [
    1726214400000,
    0.31
  ],
  [
    1726218000000,
    0.32
  ],
  [
    1726221600000,
    0.32
  ],
  [
    1726225200000,
    0.316
  ]
]