[
  [
    1574121600000,
    0.043
  ],
  [
    1574208000000,
    0.042
  ],
  [
    1574294400000,
    0.061
  ],
  [
    1574380800000,
    0.051
  ],
  [
    1574467200000,
    0.05
  ],
  [
    1574553600000,
    0.045
  ],
  [
    1574640000000,
    0.053
  ],
  [
    1574726400000,
    0.051
  ],
  [
    1574812800000,
    3.756
  ],
  [
    1574899200000,
    0.055
  ],
  [
    1574985600000,
    0.054
  ],
  [
    1575072000000,
    0.058
  ],
  [
    1575158400000,
    0.057
  ],
  [
    1575244800000,
    0.054
  ],
  [
    1575331200000,
    0.056
  ],
  [
    1575417600000,
    0.053
  ],
  [
    1575504000000,
    0.05
  ],
  [
    1575590400000,
    0.045
  ],
  [
    1575676800000,
    0.048
  ],
  [
    1575763200000,
    0.048
  ],
  [
    1575849600000,
    0.047
  ],
  [
    1575936000000,
    0.048
  ],
  [
    1576022400000,
    0.049
  ],
  [
    1576108800000,
    0.046
  ],
  [
    1576195200000,
    0.043
  ],
  [
    1576281600000,
    0.048
  ],
  [
    1576368000000,
    0.052
  ],
  [
    1576454400000,
    0.097
  ],
  [
    1576540800000,
    0.079
  ],
  [
    1576627200000,
    0.055
  ],
  [
    1576713600000,
    0.05
  ],
  [
    1576800000000,
    0.043
  ],
  [
    1576886400000,
    2.386
  ],
  [
    1576972800000,
    0.046
  ],
  [
    1577059200000,
    0.043
  ],
  [
    1577145600000,
    0.054
  ],
  [
    1577232000000,
    0.046
  ],
  [
    1577318400000,
    0.045
  ],
  [
    1577404800000,
    0.045
  ],
  [
    1577491200000,
    0.046
  ],
  [
    1577577600000,
    0.042
  ],
  [
    1577664000000,
    0.861
  ],
  [
    1577750400000,
    0.042
  ],
  [
    1577836800000,
    0.038
  ],
  [
    1577923200000,
    0.038
  ],
  [
    1578009600000,
    0.043
  ],
  [
    1578096000000,
    2.715
  ],
  [
    1578182400000,
    0.038
  ],
  [
    1578268800000,
    0.042
  ],
  [
    1578355200000,
    0.043
  ],
  [
    1578441600000,
    0.039
  ],
  [
    1578528000000,
    0.039
  ],
  [
    1578614400000,
    0.042
  ],
  [
    1578700800000,
    0.04
  ],
  [
    1578787200000,
    0.04
  ],
  [
    1578873600000,
    0.048
  ],
  [
    1578960000000,
    0.051
  ],
  [
    1579046400000,
    0.046
  ],
  [
    1579132800000,
    0.049
  ],
  [
    1579219200000,
    0.675
  ],
  [
    1579305600000,
    0.045
  ],
  [
    1579392000000,
    0.044
  ],
  [
    1579478400000,
    0.042
  ],
  [
    1579564800000,
    0.047
  ],
  [
    1579651200000,
    0.048
  ],
  [
    1579737600000,
    0.044
  ],
  [
    1579824000000,
    0.046
  ],
  [
    1579910400000,
    0.046
  ],
  [
    1579996800000,
    0.045
  ],
  [
    1580083200000,
    0.04
  ],
  [
    1580169600000,
    5.979
  ],
  [
    1580256000000,
    0.046
  ],
  [
    1580342400000,
    0.048
  ],
  [
    1580428800000,
    0.048
  ],
  [
    1580515200000,
    0.052
  ],
  [
    1580601600000,
    0.054
  ],
  [
    1580688000000,
    0.058
  ],
  [
    1580774400000,
    0.102
  ],
  [
    1580860800000,
    0.086
  ],
  [
    1580947200000,
    0.082
  ],
  [
    1581033600000,
    0.076
  ],
  [
    1581120000000,
    0.064
  ],
  [
    1581206400000,
    0.052
  ],
  [
    1581292800000,
    0.055
  ],
  [
    1581379200000,
    0.056
  ],
  [
    1581465600000,
    0.054
  ],
  [
    1581552000000,
    0.056
  ],
  [
    1581638400000,
    0.061
  ],
  [
    1581724800000,
    0.058
  ],
  [
    1581811200000,
    0.057
  ],
  [
    1581897600000,
    0.057
  ],
  [
    1581984000000,
    0.055
  ],
  [
    1582070400000,
    0.055
  ],
  [
    1582156800000,
    0.055
  ],
  [
    1582243200000,
    0.057
  ],
  [
    1582329600000,
    0.057
  ],
  [
    1582416000000,
    0.062
  ],
  [
    1582502400000,
    0.094
  ],
  [
    1582588800000,
    0.083
  ],
  [
    1582675200000,
    0.074
  ],
  [
    1582761600000,
    0.073
  ],
  [
    1582848000000,
    0.074
  ],
  [
    1582934400000,
    0.076
  ],
  [
    1583020800000,
    0.074
  ],
  [
    1583107200000,
    0.072
  ],
  [
    1583193600000,
    0.071
  ],
  [
    1583280000000,
    0.073
  ],
  [
    1583366400000,
    0.07
  ],
  [
    1583452800000,
    0.064
  ],
  [
    1583539200000,
    0.063
  ],
  [
    1583625600000,
    0.056
  ],
  [
    1583712000000,
    0.059
  ],
  [
    1583798400000,
    0.055
  ],
  [
    1583884800000,
    0.058
  ],
  [
    1583971200000,
    0.056
  ],
  [
    1584057600000,
    0.05
  ],
  [
    1584144000000,
    0.057
  ],
  [
    1584230400000,
    0.057
  ],
  [
    1584316800000,
    0.055
  ],
  [
    1584403200000,
    0.059
  ],
  [
    1584489600000,
    0.057
  ],
  [
    1584576000000,
    0.053
  ],
  [
    1584662400000,
    0.058
  ],
  [
    1584748800000,
    0.061
  ],
  [
    1584835200000,
    0.056
  ],
  [
    1584921600000,
    0.054
  ],
  [
    1585008000000,
    0.053
  ],
  [
    1585094400000,
    0.056
  ],
  [
    1585180800000,
    0.055
  ],
  [
    1585267200000,
    0.06
  ],
  [
    1585353600000,
    0.063
  ],
  [
    1585440000000,
    0.068
  ],
  [
    1585522800000,
    0.072
  ],
  [
    1585609200000,
    0.059
  ],
  [
    1585695600000,
    0.059
  ],
  [
    1585782000000,
    0.058
  ],
  [
    1585868400000,
    0.057
  ],
  [
    1585954800000,
    0.057
  ],
  [
    1586041200000,
    0.058
  ],
  [
    1586127600000,
    0.058
  ],
  [
    1586214000000,
    0.056
  ],
  [
    1586300400000,
    0.059
  ],
  [
    1586386800000,
    0.059
  ],
  [
    1586473200000,
    0.058
  ],
  [
    1586559600000,
    0.061
  ],
  [
    1586646000000,
    0.056
  ],
  [
    1586732400000,
    0.056
  ],
  [
    1586818800000,
    0.055
  ],
  [
    1586905200000,
    0.059
  ],
  [
    1586991600000,
    0.06
  ],
  [
    1587078000000,
    0.059
  ],
  [
    1587164400000,
    0.059
  ],
  [
    1587250800000,
    0.062
  ],
  [
    1587337200000,
    0.068
  ],
  [
    1587423600000,
    0.063
  ],
  [
    1587510000000,
    0.064
  ],
  [
    1587596400000,
    0.057
  ],
  [
    1587682800000,
    0.059
  ],
  [
    1587769200000,
    0.064
  ],
  [
    1587855600000,
    0.065
  ],
  [
    1587942000000,
    0.063
  ],
  [
    1588028400000,
    0.066
  ],
  [
    1588114800000,
    0.07
  ],
  [
    1588201200000,
    0.067
  ],
  [
    1588287600000,
    0.071
  ],
  [
    1588374000000,
    0.069
  ],
  [
    1588460400000,
    0.073
  ],
  [
    1588546800000,
    0.078
  ],
  [
    1588633200000,
    0.081
  ],
  [
    1588719600000,
    0.096
  ],
  [
    1588806000000,
    0.091
  ],
  [
    1588892400000,
    0.097
  ],
  [
    1588978800000,
    0.102
  ],
  [
    1589065200000,
    0.098
  ],
  [
    1589151600000,
    0.095
  ],
  [
    1589238000000,
    0.094
  ],
  [
    1589324400000,
    0.091
  ],
  [
    1589410800000,
    0.095
  ],
  [
    1589497200000,
    0.096
  ],
  [
    1589583600000,
    0.097
  ],
  [
    1589670000000,
    0.107
  ],
  [
    1589756400000,
    0.108
  ],
  [
    1589842800000,
    0.109
  ],
  [
    1589929200000,
    0.113
  ],
  [
    1590015600000,
    0.175
  ],
  [
    1590102000000,
    0.122
  ],
  [
    1590188400000,
    0.123
  ],
  [
    1590274800000,
    0.118
  ],
  [
    1590361200000,
    0.121
  ],
  [
    1590447600000,
    0.109
  ],
  [
    1590534000000,
    0.107
  ],
  [
    1590620400000,
    0.105
  ],
  [
    1590706800000,
    0.103
  ],
  [
    1590793200000,
    0.102
  ],
  [
    1590879600000,
    0.102
  ],
  [
    1590966000000,
    0.1
  ],
  [
    1591052400000,
    0.103
  ],
  [
    1591138800000,
    0.106
  ],
  [
    1591225200000,
    0.113
  ],
  [
    1591311600000,
    0.113
  ],
  [
    1591398000000,
    0.112
  ],
  [
    1591484400000,
    0.109
  ],
  [
    1591570800000,
    0.109
  ],
  [
    1591657200000,
    0.11
  ],
  [
    1591743600000,
    0.103
  ],
  [
    1591830000000,
    0.107
  ],
  [
    1591916400000,
    0.104
  ],
  [
    1592002800000,
    0.106
  ],
  [
    1592089200000,
    0.106
  ],
  [
    1592175600000,
    0.104
  ],
  [
    1592262000000,
    0.091
  ],
  [
    1592348400000,
    0.094
  ],
  [
    1592434800000,
    0.099
  ],
  [
    1592521200000,
    0.091
  ],
  [
    1592607600000,
    0.097
  ],
  [
    1592694000000,
    0.182
  ],
  [
    1592780400000,
    0.094
  ],
  [
    1592866800000,
    0.093
  ],
  [
    1592953200000,
    0.097
  ],
  [
    1593039600000,
    0.088
  ],
  [
    1593126000000,
    0.088
  ],
  [
    1593212400000,
    0.082
  ],
  [
    1593298800000,
    0.084
  ],
  [
    1593385200000,
    0.084
  ],
  [
    1593471600000,
    0.087
  ],
  [
    1593558000000,
    0.084
  ],
  [
    1593644400000,
    0.088
  ],
  [
    1593730800000,
    0.083
  ],
  [
    1593817200000,
    0.094
  ],
  [
    1593903600000,
    0.091
  ],
  [
    1593990000000,
    0.098
  ],
  [
    1594076400000,
    0.096
  ],
  [
    1594162800000,
    0.099
  ],
  [
    1594249200000,
    0.094
  ],
  [
    1594335600000,
    0.092
  ],
  [
    1594422000000,
    0.105
  ],
  [
    1594508400000,
    0.237
  ],
  [
    1594594800000,
    0.499
  ],
  [
    1594681200000,
    0.112
  ],
  [
    1594767600000,
    0.106
  ],
  [
    1594854000000,
    0.113
  ],
  [
    1594940400000,
    0.111
  ],
  [
    1595026800000,
    0.111
  ],
  [
    1595113200000,
    0.11
  ],
  [
    1595199600000,
    0.112
  ],
  [
    1595286000000,
    0.111
  ],
  [
    1595372400000,
    0.108
  ],
  [
    1595458800000,
    0.114
  ],
  [
    1595545200000,
    0.114
  ],
  [
    1595631600000,
    0.117
  ],
  [
    1595718000000,
    0.121
  ],
  [
    1595804400000,
    0.118
  ],
  [
    1595890800000,
    0.125
  ],
  [
    1595977200000,
    0.131
  ],
  [
    1596063600000,
    0.127
  ],
  [
    1596150000000,
    0.129
  ],
  [
    1596236400000,
    0.124
  ],
  [
    1596322800000,
    0.129
  ],
  [
    1596409200000,
    0.108
  ],
  [
    1596495600000,
    0.117
  ],
  [
    1596582000000,
    0.128
  ],
  [
    1596668400000,
    0.123
  ],
  [
    1596754800000,
    0.123
  ],
  [
    1596841200000,
    0.125
  ],
  [
    1596927600000,
    0.128
  ],
  [
    1597014000000,
    0.128
  ],
  [
    1597100400000,
    0.122
  ],
  [
    1597186800000,
    0.121
  ],
  [
    1597273200000,
    0.124
  ],
  [
    1597359600000,
    0.12
  ],
  [
    1597446000000,
    0.119
  ],
  [
    1597532400000,
    0.118
  ],
  [
    1597618800000,
    0.119
  ],
  [
    1597705200000,
    0.188
  ],
  [
    1597791600000,
    0.124
  ],
  [
    1597878000000,
    0.123
  ],
  [
    1597964400000,
    0.115
  ],
  [
    1598050800000,
    0.118
  ],
  [
    1598137200000,
    0.127
  ],
  [
    1598223600000,
    0.11
  ],
  [
    1598310000000,
    0.113
  ],
  [
    1598396400000,
    0.112
  ],
  [
    1598482800000,
    0.264
  ],
  [
    1598569200000,
    0.118
  ],
  [
    1598655600000,
    0.106
  ],
  [
    1598742000000,
    0.112
  ],
  [
    1598828400000,
    0.438
  ],
  [
    1598914800000,
    0.114
  ],
  [
    1599001200000,
    0.109
  ],
  [
    1599087600000,
    0.114
  ],
  [
    1599174000000,
    0.114
  ],
  [
    1599260400000,
    0.114
  ],
  [
    1599346800000,
    0.118
  ],
  [
    1599433200000,
    0.12
  ],
  [
    1599519600000,
    0.117
  ],
  [
    1599606000000,
    0.111
  ],
  [
    1599692400000,
    0.109
  ],
  [
    1599778800000,
    0.112
  ],
  [
    1599865200000,
    0.111
  ],
  [
    1599951600000,
    0.111
  ],
  [
    1600038000000,
    0.104
  ],
  [
    1600124400000,
    0.109
  ],
  [
    1600210800000,
    0.113
  ],
  [
    1600297200000,
    0.109
  ],
  [
    1600383600000,
    0.272
  ],
  [
    1600470000000,
    0.191
  ],
  [
    1600556400000,
    0.12
  ],
  [
    1600642800000,
    0.115
  ],
  [
    1600729200000,
    0.108
  ],
  [
    1600815600000,
    0.105
  ],
  [
    1600902000000,
    0.213
  ],
  [
    1600988400000,
    0.112
  ],
  [
    1601074800000,
    0.292
  ],
  [
    1601161200000,
    0.111
  ],
  [
    1601247600000,
    0.121
  ],
  [
    1601334000000,
    0.116
  ],
  [
    1601420400000,
    0.125
  ],
  [
    1601506800000,
    0.126
  ],
  [
    1601593200000,
    0.132
  ],
  [
    1601679600000,
    9.562
  ],
  [
    1601766000000,
    0.128
  ],
  [
    1601852400000,
    0.132
  ],
  [
    1601938800000,
    0.138
  ],
  [
    1602025200000,
    0.123
  ],
  [
    1602111600000,
    0.126
  ],
  [
    1602198000000,
    0.136
  ],
  [
    1602284400000,
    0.133
  ],
  [
    1602370800000,
    0.141
  ],
  [
    1602457200000,
    0.135
  ],
  [
    1602543600000,
    0.136
  ],
  [
    1602630000000,
    0.599
  ],
  [
    1602716400000,
    0.143
  ],
  [
    1602802800000,
    0.134
  ],
  [
    1602889200000,
    0.155
  ],
  [
    1602975600000,
    0.152
  ],
  [
    1603062000000,
    0.145
  ],
  [
    1603148400000,
    0.15
  ],
  [
    1603234800000,
    0.145
  ],
  [
    1603321200000,
    0.148
  ],
  [
    1603407600000,
    0.15
  ],
  [
    1603494000000,
    0.148
  ],
  [
    1603580400000,
    0.15
  ],
  [
    1603670400000,
    0.14
  ],
  [
    1603756800000,
    0.145
  ],
  [
    1603843200000,
    0.136
  ],
  [
    1603929600000,
    0.143
  ],
  [
    1604016000000,
    0.138
  ],
  [
    1604102400000,
    0.135
  ],
  [
    1604188800000,
    0.142
  ],
  [
    1604275200000,
    0.141
  ],
  [
    1604361600000,
    0.192
  ],
  [
    1604448000000,
    0.186
  ],
  [
    1604534400000,
    0.142
  ],
  [
    1604620800000,
    0.195
  ],
  [
    1604707200000,
    0.137
  ],
  [
    1604793600000,
    0.13
  ],
  [
    1604880000000,
    0.132
  ],
  [
    1604966400000,
    2.603
  ],
  [
    1605052800000,
    0.12
  ],
  [
    1605139200000,
    0.127
  ],
  [
    1605225600000,
    0.137
  ],
  [
    1605312000000,
    0.714
  ],
  [
    1605398400000,
    0.134
  ],
  [
    1605484800000,
    0.124
  ],
  [
    1605571200000,
    0.126
  ],
  [
    1605657600000,
    0.126
  ],
  [
    1605744000000,
    0.127
  ],
  [
    1605830400000,
    0.127
  ],
  [
    1605916800000,
    0.136
  ],
  [
    1606003200000,
    0.137
  ],
  [
    1606089600000,
    0.13
  ],
  [
    1606176000000,
    4.414
  ],
  [
    1606262400000,
    0.126
  ],
  [
    1606348800000,
    0.284
  ],
  [
    1606435200000,
    0.125
  ],
  [
    1606521600000,
    0.124
  ],
  [
    1606608000000,
    0.135
  ],
  [
    1606694400000,
    0.167
  ],
  [
    1606780800000,
    0.158
  ],
  [
    1606867200000,
    0.183
  ],
  [
    1606953600000,
    0.128
  ],
  [
    1607040000000,
    0.609
  ],
  [
    1607126400000,
    0.113
  ],
  [
    1607212800000,
    0.108
  ],
  [
    1607299200000,
    0.11
  ],
  [
    1607385600000,
    0.106
  ],
  [
    1607472000000,
    0.117
  ],
  [
    1607558400000,
    0.104
  ],
  [
    1607644800000,
    0.109
  ],
  [
    1607731200000,
    0.118
  ],
  [
    1607817600000,
    0.108
  ],
  [
    1607904000000,
    0.106
  ],
  [
    1607990400000,
    0.107
  ],
  [
    1608076800000,
    0.109
  ],
  [
    1608163200000,
    0.112
  ],
  [
    1608249600000,
    0.125
  ],
  [
    1608336000000,
    0.111
  ],
  [
    1608422400000,
    0.118
  ],
  [
    1608508800000,
    0.119
  ],
  [
    1608595200000,
    0.163
  ],
  [
    1608681600000,
    0.102
  ],
  [
    1608768000000,
    0.109
  ],
  [
    1608854400000,
    0.117
  ],
  [
    1608940800000,
    0.113
  ],
  [
    1609027200000,
    0.122
  ],
  [
    1609113600000,
    0.122
  ],
  [
    1609200000000,
    0.122
  ],
  [
    1609286400000,
    0.117
  ],
  [
    1609372800000,
    0.208
  ],
  [
    1609459200000,
    0.211
  ],
  [
    1609545600000,
    0.155
  ],
  [
    1609632000000,
    0.163
  ],
  [
    1609718400000,
    0.164
  ],
  [
    1609804800000,
    0.153
  ],
  [
    1609891200000,
    0.181
  ],
  [
    1609977600000,
    0.184
  ],
  [
    1610064000000,
    0.187
  ],
  [
    1610150400000,
    0.19
  ],
  [
    1610236800000,
    0.198
  ],
  [
    1610323200000,
    0.188
  ],
  [
    1610409600000,
    0.184
  ],
  [
    1610496000000,
    0.2
  ],
  [
    1610582400000,
    0.196
  ],
  [
    1610668800000,
    0.185
  ],
  [
    1610755200000,
    0.183
  ],
  [
    1610841600000,
    0.261
  ],
  [
    1610928000000,
    0.184
  ],
  [
    1611014400000,
    0.18
  ],
  [
    1611100800000,
    0.193
  ],
  [
    1611187200000,
    0.197
  ],
  [
    1611273600000,
    0.186
  ],
  [
    1611360000000,
    0.181
  ],
  [
    1611446400000,
    0.183
  ],
  [
    1611532800000,
    0.186
  ],
  [
    1611619200000,
    0.185
  ],
  [
    1611705600000,
    0.207
  ],
  [
    1611792000000,
    0.181
  ],
  [
    1611878400000,
    0.222
  ],
  [
    1611964800000,
    0.181
  ],
  [
    1612051200000,
    0.185
  ],
  [
    1612137600000,
    0.199
  ],
  [
    1612224000000,
    0.217
  ],
  [
    1612310400000,
    0.215
  ],
  [
    1612396800000,
    0.305
  ],
  [
    1612483200000,
    0.227
  ],
  [
    1612569600000,
    0.238
  ],
  [
    1612656000000,
    0.246
  ],
  [
    1612742400000,
    0.256
  ],
  [
    1612828800000,
    0.243
  ],
  [
    1612915200000,
    0.27
  ],
  [
    1613001600000,
    0.233
  ],
  [
    1613088000000,
    0.221
  ],
  [
    1613174400000,
    0.211
  ],
  [
    1613260800000,
    0.214
  ],
  [
    1613347200000,
    0.216
  ],
  [
    1613433600000,
    0.484
  ],
  [
    1613520000000,
    0.208
  ],
  [
    1613606400000,
    0.281
  ],
  [
    1613692800000,
    0.207
  ],
  [
    1613779200000,
    0.207
  ],
  [
    1613865600000,
    0.215
  ],
  [
    1613952000000,
    0.219
  ],
  [
    1614038400000,
    0.212
  ],
  [
    1614124800000,
    0.232
  ],
  [
    1614211200000,
    0.229
  ],
  [
    1614297600000,
    0.225
  ],
  [
    1614384000000,
    0.233
  ],
  [
    1614470400000,
    0.245
  ],
  [
    1614556800000,
    0.226
  ],
  [
    1614643200000,
    0.246
  ],
  [
    1614729600000,
    0.25
  ],
  [
    1614816000000,
    0.266
  ],
  [
    1614902400000,
    0.266
  ],
  [
    1614988800000,
    0.265
  ],
  [
    1615075200000,
    0.27
  ],
  [
    1615161600000,
    0.255
  ],
  [
    1615248000000,
    0.271
  ],
  [
    1615334400000,
    0.254
  ],
  [
    1615420800000,
    0.271
  ],
  [
    1615507200000,
    0.269
  ],
  [
    1615593600000,
    0.248
  ],
  [
    1615680000000,
    0.261
  ],
  [
    1615766400000,
    0.261
  ],
  [
    1615852800000,
    14.521
  ],
  [
    1615939200000,
    0.261
  ],
  [
    1616025600000,
    0.273
  ],
  [
    1616112000000,
    0.276
  ],
  [
    1616198400000,
    0.294
  ],
  [
    1616284800000,
    0.278
  ],
  [
    1616371200000,
    0.31
  ],
  [
    1616457600000,
    0.358
  ],
  [
    1616544000000,
    0.376
  ],
  [
    1616630400000,
    0.385
  ],
  [
    1616716800000,
    0.534
  ],
  [
    1616803200000,
    0.486
  ],
  [
    1616889600000,
    0.438
  ],
  [
    1616972400000,
    0.449
  ],
  [
    1617058800000,
    0.419
  ],
  [
    1617145200000,
    0.42
  ],
  [
    1617231600000,
    0.425
  ],
  [
    1617318000000,
    0.409
  ],
  [
    1617404400000,
    0.387
  ],
  [
    1617490800000,
    0.388
  ],
  [
    1617577200000,
    0.406
  ],
  [
    1617663600000,
    0.376
  ],
  [
    1617750000000,
    0.347
  ],
  [
    1617836400000,
    0.344
  ],
  [
    1617922800000,
    0.329
  ],
  [
    1618009200000,
    0.311
  ],
  [
    1618095600000,
    0.319
  ],
  [
    1618182000000,
    0.315
  ],
  [
    1618268400000,
    0.313
  ],
  [
    1618354800000,
    0.314
  ],
  [
    1618441200000,
    0.333
  ],
  [
    1618527600000,
    0.365
  ],
  [
    1618614000000,
    0.363
  ],
  [
    1618700400000,
    0.469
  ],
  [
    1618786800000,
    0.405
  ],
  [
    1618873200000,
    0.417
  ],
  [
    1618959600000,
    0.405
  ],
  [
    1619046000000,
    0.39
  ],
  [
    1619132400000,
    0.396
  ],
  [
    1619218800000,
    0.506
  ],
  [
    1619305200000,
    0.404
  ],
  [
    1619391600000,
    0.398
  ],
  [
    1619478000000,
    0.378
  ],
  [
    1619564400000,
    0.396
  ],
  [
    1619650800000,
    0.384
  ],
  [
    1619737200000,
    0.406
  ],
  [
    1619823600000,
    0.433
  ],
  [
    1619910000000,
    0.449
  ],
  [
    1619996400000,
    0.445
  ],
  [
    1620082800000,
    0.45
  ],
  [
    1620169200000,
    0.447
  ],
  [
    1620255600000,
    0.447
  ],
  [
    1620342000000,
    0.481
  ],
  [
    1620428400000,
    0.496
  ],
  [
    1620514800000,
    0.499
  ],
  [
    1620601200000,
    0.539
  ],
  [
    1620687600000,
    0.564
  ],
  [
    1620774000000,
    0.557
  ],
  [
    1620860400000,
    0.551
  ],
  [
    1620946800000,
    0.563
  ],
  [
    1621033200000,
    0.536
  ],
  [
    1621119600000,
    0.538
  ],
  [
    1621206000000,
    0.544
  ],
  [
    1621292400000,
    1.25
  ],
  [
    1621378800000,
    0.552
  ],
  [
    1621465200000,
    0.68
  ],
  [
    1621551600000,
    0.541
  ],
  [
    1621638000000,
    0.637
  ],
  [
    1621724400000,
    0.813
  ],
  [
    1621810800000,
    0.894
  ],
  [
    1621897200000,
    0.915
  ],
  [
    1621983600000,
    1.184
  ],
  [
    1622070000000,
    1.218
  ],
  [
    1622156400000,
    1.245
  ],
  [
    1622242800000,
    1.115
  ],
  [
    1622329200000,
    2.062
  ],
  [
    1622415600000,
    1.523
  ],
  [
    1622502000000,
    4.358
  ],
  [
    1622588400000,
    1.114
  ],
  [
    1622674800000,
    1.135
  ],
  [
    1622761200000,
    1.263
  ],
  [
    1622847600000,
    1.382
  ],
  [
    1622934000000,
    1.367
  ],
  [
    1623020400000,
    1.311
  ],
  [
    1623106800000,
    1.243
  ],
  [
    1623193200000,
    1.264
  ],
  [
    1623279600000,
    1.244
  ],
  [
    1623366000000,
    1.259
  ],
  [
    1623452400000,
    1.289
  ],
  [
    1623538800000,
    1.249
  ],
  [
    1623625200000,
    1.159
  ],
  [
    1623711600000,
    1.223
  ],
  [
    1623798000000,
    1.223
  ],
  [
    1623884400000,
    1.243
  ],
  [
    1623970800000,
    1.244
  ],
  [
    1624057200000,
    1.203
  ],
  [
    1624143600000,
    1.221
  ],
  [
    1624230000000,
    1.279
  ],
  [
    1624316400000,
    1.211
  ],
  [
    1624402800000,
    1.198
  ],
  [
    1624489200000,
    1.167
  ],
  [
    1624575600000,
    1.025
  ],
  [
    1624662000000,
    1.015
  ],
  [
    1624748400000,
    1.005
  ],
  [
    1624834800000,
    1.003
  ],
  [
    1624921200000,
    0.977
  ],
  [
    1625007600000,
    0.928
  ],
  [
    1625094000000,
    0.935
  ],
  [
    1625180400000,
    0.955
  ],
  [
    1625266800000,
    0.957
  ],
  [
    1625353200000,
    3.603
  ],
  [
    1625439600000,
    0.976
  ],
  [
    1625526000000,
    0.965
  ],
  [
    1625612400000,
    0.942
  ],
  [
    1625698800000,
    0.847
  ],
  [
    1625785200000,
    0.856
  ],
  [
    1625871600000,
    0.858
  ],
  [
    1625958000000,
    7.852
  ],
  [
    1626044400000,
    0.813
  ],
  [
    1626130800000,
    0.83
  ],
  [
    1626217200000,
    0.805
  ],
  [
    1626303600000,
    0.802
  ],
  [
    1626390000000,
    0.776
  ],
  [
    1626476400000,
    10.034
  ],
  [
    1626562800000,
    0.791
  ],
  [
    1626649200000,
    0.842
  ],
  [
    1626735600000,
    4.241
  ],
  [
    1626822000000,
    0.786
  ],
  [
    1626908400000,
    0.762
  ],
  [
    1626994800000,
    0.796
  ],
  [
    1627081200000,
    0.738
  ],
  [
    1627167600000,
    0.814
  ],
  [
    1627254000000,
    0.826
  ],
  [
    1627340400000,
    0.817
  ],
  [
    1627426800000,
    0.814
  ],
  [
    1627513200000,
    0.823
  ],
  [
    1627599600000,
    0.834
  ],
  [
    1627686000000,
    0.84
  ],
  [
    1627772400000,
    0.823
  ],
  [
    1627858800000,
    0.868
  ],
  [
    1627945200000,
    0.863
  ],
  [
    1628031600000,
    0.7
  ],
  [
    1628118000000,
    0.837
  ],
  [
    1628204400000,
    5.522
  ],
  [
    1628290800000,
    0.791
  ],
  [
    1628377200000,
    0.806
  ],
  [
    1628463600000,
    0.777
  ],
  [
    1628550000000,
    0.786
  ],
  [
    1628636400000,
    0.77
  ],
  [
    1628722800000,
    0.816
  ],
  [
    1628809200000,
    0.824
  ],
  [
    1628895600000,
    0.758
  ],
  [
    1628982000000,
    0.74
  ],
  [
    1629068400000,
    0.638
  ],
  [
    1629154800000,
    0.754
  ],
  [
    1629241200000,
    0.76
  ],
  [
    1629327600000,
    0.816
  ],
  [
    1629414000000,
    0.722
  ],
  [
    1629500400000,
    0.682
  ],
  [
    1629586800000,
    0.725
  ],
  [
    1629673200000,
    0.76
  ],
  [
    1629759600000,
    0.765
  ],
  [
    1629846000000,
    0.761
  ],
  [
    1629932400000,
    0.762
  ],
  [
    1630018800000,
    0.766
  ],
  [
    1630105200000,
    0.719
  ],
  [
    1630191600000,
    0.819
  ],
  [
    1630278000000,
    0.748
  ],
  [
    1630364400000,
    0.75
  ],
  [
    1630450800000,
    0.772
  ],
  [
    1630537200000,
    0.782
  ],
  [
    1630623600000,
    0.804
  ],
  [
    1630710000000,
    0.721
  ],
  [
    1630796400000,
    0.806
  ],
  [
    1630882800000,
    0.721
  ],
  [
    1630969200000,
    0.697
  ],
  [
    1631055600000,
    0.775
  ],
  [
    1631142000000,
    0.847
  ],
  [
    1631228400000,
    0.767
  ],
  [
    1631314800000,
    0.704
  ],
  [
    1631401200000,
    2.327
  ],
  [
    1631487600000,
    0.773
  ],
  [
    1631574000000,
    0.79
  ],
  [
    1631660400000,
    0.78
  ],
  [
    1631746800000,
    0.749
  ],
  [
    1631833200000,
    1.445
  ],
  [
    1631919600000,
    0.741
  ],
  [
    1632006000000,
    0.754
  ],
  [
    1632092400000,
    0.741
  ],
  [
    1632178800000,
    1.527
  ],
  [
    1632265200000,
    0.623
  ],
  [
    1632351600000,
    0.557
  ],
  [
    1632438000000,
    0.608
  ],
  [
    1632524400000,
    0.598
  ],
  [
    1632610800000,
    1.642
  ],
  [
    1632697200000,
    0.595
  ],
  [
    1632783600000,
    0.572
  ],
  [
    1632870000000,
    0.577
  ],
  [
    1632956400000,
    0.559
  ],
  [
    1633042800000,
    0.578
  ],
  [
    1633129200000,
    0.587
  ],
  [
    1633215600000,
    0.578
  ],
  [
    1633302000000,
    0.556
  ],
  [
    1633388400000,
    0.568
  ],
  [
    1633474800000,
    0.556
  ],
  [
    1633561200000,
    0.577
  ],
  [
    1633647600000,
    1.488
  ],
  [
    1633734000000,
    0.569
  ],
  [
    1633820400000,
    0.549
  ],
  [
    1633906800000,
    6.75
  ],
  [
    1633993200000,
    0.594
  ],
  [
    1634079600000,
    0.614
  ],
  [
    1634166000000,
    0.536
  ],
  [
    1634252400000,
    0.594
  ],
  [
    1634338800000,
    0.913
  ],
  [
    1634425200000,
    0.538
  ],
  [
    1634511600000,
    0.566
  ],
  [
    1634598000000,
    0.522
  ],
  [
    1634684400000,
    0.542
  ],
  [
    1634770800000,
    2.025
  ],
  [
    1634857200000,
    0.555
  ],
  [
    1634943600000,
    0.532
  ],
  [
    1635030000000,
    0.523
  ],
  [
    1635116400000,
    0.5
  ],
  [
    1635202800000,
    0.488
  ],
  [
    1635289200000,
    0.505
  ],
  [
    1635375600000,
    0.516
  ],
  [
    1635462000000,
    0.521
  ],
  [
    1635548400000,
    0.531
  ],
  [
    1635634800000,
    0.533
  ],
  [
    1635724800000,
    0.528
  ],
  [
    1635811200000,
    0.532
  ],
  [
    1635897600000,
    0.534
  ],
  [
    1635984000000,
    0.507
  ],
  [
    1636070400000,
    0.577
  ],
  [
    1636156800000,
    0.586
  ],
  [
    1636243200000,
    0.607
  ],
  [
    1636329600000,
    0.563
  ],
  [
    1636416000000,
    0.582
  ],
  [
    1636502400000,
    0.546
  ],
  [
    1636588800000,
    0.556
  ],
  [
    1636675200000,
    0.576
  ],
  [
    1636761600000,
    0.588
  ],
  [
    1636848000000,
    0.621
  ],
  [
    1636934400000,
    0.583
  ],
  [
    1637020800000,
    0.558
  ],
  [
    1637107200000,
    0.572
  ],
  [
    1637193600000,
    0.668
  ],
  [
    1637280000000,
    0.601
  ],
  [
    1637366400000,
    0.629
  ],
  [
    1637452800000,
    0.622
  ],
  [
    1637539200000,
    28.304
  ],
  [
    1637625600000,
    0.669
  ],
  [
    1637712000000,
    0.636
  ],
  [
    1637798400000,
    0.632
  ],
  [
    1637884800000,
    0.648
  ],
  [
    1637971200000,
    0.662
  ],
  [
    1638057600000,
    0.639
  ],
  [
    1638144000000,
    0.663
  ],
  [
    1638230400000,
    0.656
  ],
  [
    1638316800000,
    0.62
  ],
  [
    1638403200000,
    0.638
  ],
  [
    1638489600000,
    0.679
  ],
  [
    1638576000000,
    0.732
  ],
  [
    1638662400000,
    0.693
  ],
  [
    1638748800000,
    0.712
  ],
  [
    1638835200000,
    0.781
  ],
  [
    1638921600000,
    0.736
  ],
  [
    1639008000000,
    0.795
  ],
  [
    1639094400000,
    0.736
  ],
  [
    1639180800000,
    0.8
  ],
  [
    1639267200000,
    0.837
  ],
  [
    1639353600000,
    0.806
  ],
  [
    1639440000000,
    0.9
  ],
  [
    1639526400000,
    23.801
  ],
  [
    1639612800000,
    0.796
  ],
  [
    1639699200000,
    0.826
  ],
  [
    1639785600000,
    0.886
  ],
  [
    1639872000000,
    0.913
  ],
  [
    1639958400000,
    0.897
  ],
  [
    1640044800000,
    0.913
  ],
  [
    1640131200000,
    0.842
  ],
  [
    1640217600000,
    0.873
  ],
  [
    1640304000000,
    0.871
  ],
  [
    1640390400000,
    0.888
  ],
  [
    1640476800000,
    0.873
  ],
  [
    1640563200000,
    0.855
  ],
  [
    1640649600000,
    0.759
  ],
  [
    1640736000000,
    0.847
  ],
  [
    1640822400000,
    0.858
  ],
  [
    1640908800000,
    0.892
  ],
  [
    1640995200000,
    0.866
  ],
  [
    1641081600000,
    0.963
  ],
  [
    1641168000000,
    0.876
  ],
  [
    1641254400000,
    0.861
  ],
  [
    1641340800000,
    0.872
  ],
  [
    1641427200000,
    0.902
  ],
  [
    1641513600000,
    0.919
  ],
  [
    1641600000000,
    0.898
  ],
  [
    1641686400000,
    0.899
  ],
  [
    1641772800000,
    0.924
  ],
  [
    1641859200000,
    0.957
  ],
  [
    1641945600000,
    0.933
  ],
  [
    1642032000000,
    0.908
  ],
  [
    1642118400000,
    0.894
  ],
  [
    1642204800000,
    0.871
  ],
  [
    1642291200000,
    1.009
  ],
  [
    1642377600000,
    0.957
  ],
  [
    1642464000000,
    0.998
  ],
  [
    1642550400000,
    0.999
  ],
  [
    1642636800000,
    0.993
  ],
  [
    1642723200000,
    0.98
  ],
  [
    1642809600000,
    0.957
  ],
  [
    1642896000000,
    0.879
  ],
  [
    1642982400000,
    0.935
  ],
  [
    1643068800000,
    0.943
  ],
  [
    1643155200000,
    0.91
  ],
  [
    1643241600000,
    0.838
  ],
  [
    1643328000000,
    0.924
  ],
  [
    1643414400000,
    0.882
  ],
  [
    1643500800000,
    0.839
  ],
  [
    1643587200000,
    0.884
  ],
  [
    1643673600000,
    0.868
  ],
  [
    1643760000000,
    0.905
  ],
  [
    1643846400000,
    0.857
  ],
  [
    1643932800000,
    0.898
  ],
  [
    1644019200000,
    0.926
  ],
  [
    1644105600000,
    0.867
  ],
  [
    1644192000000,
    0.908
  ],
  [
    1644278400000,
    0.937
  ],
  [
    1644364800000,
    0.83
  ],
  [
    1644451200000,
    0.929
  ],
  [
    1644537600000,
    0.888
  ],
  [
    1644624000000,
    0.918
  ],
  [
    1644710400000,
    0.897
  ],
  [
    1644796800000,
    0.946
  ],
  [
    1644883200000,
    0.89
  ],
  [
    1644969600000,
    0.859
  ],
  [
    1645056000000,
    0.888
  ],
  [
    1645142400000,
    0.93
  ],
  [
    1645228800000,
    0.921
  ],
  [
    1645315200000,
    0.814
  ],
  [
    1645401600000,
    0.917
  ],
  [
    1645488000000,
    0.916
  ],
  [
    1645574400000,
    0.926
  ],
  [
    1645660800000,
    0.948
  ],
  [
    1645747200000,
    0.86
  ],
  [
    1645833600000,
    0.868
  ],
  [
    1645920000000,
    0.975
  ],
  [
    1646006400000,
    0.925
  ],
  [
    1646092800000,
    0.973
  ],
  [
    1646179200000,
    0.905
  ],
  [
    1646265600000,
    0.939
  ],
  [
    1646352000000,
    0.937
  ],
  [
    1646438400000,
    0.907
  ],
  [
    1646524800000,
    0.881
  ],
  [
    1646611200000,
    0.91
  ],
  [
    1646697600000,
    0.919
  ],
  [
    1646784000000,
    0.88
  ],
  [
    1646870400000,
    0.985
  ],
  [
    1646956800000,
    0.947
  ],
  [
    1647043200000,
    0.929
  ],
  [
    1647129600000,
    0.873
  ],
  [
    1647216000000,
    0.912
  ],
  [
    1647302400000,
    1.013
  ],
  [
    1647388800000,
    1.02
  ],
  [
    1647475200000,
    1.002
  ],
  [
    1647561600000,
    0.907
  ],
  [
    1647648000000,
    0.941
  ],
  [
    1647734400000,
    0.998
  ],
  [
    1647820800000,
    0.889
  ],
  [
    1647907200000,
    1.046
  ],
  [
    1647993600000,
    1.004
  ],
  [
    1648080000000,
    1.039
  ],
  [
    1648166400000,
    1.069
  ],
  [
    1648252800000,
    1.1
  ],
  [
    1648339200000,
    1.058
  ],
  [
    1648422000000,
    1.071
  ],
  [
    1648508400000,
    1.125
  ],
  [
    1648594800000,
    1.124
  ],
  [
    1648681200000,
    1.157
  ],
  [
    1648767600000,
    1.166
  ],
  [
    1648854000000,
    1.184
  ],
  [
    1648940400000,
    1.138
  ],
  [
    1649026800000,
    1.174
  ],
  [
    1649113200000,
    1.105
  ],
  [
    1649199600000,
    1.198
  ],
  [
    1649286000000,
    1.222
  ],
  [
    1649372400000,
    1.269
  ],
  [
    1649458800000,
    1.159
  ],
  [
    1649545200000,
    1.254
  ],
  [
    1649631600000,
    1.302
  ],
  [
    1649718000000,
    1.176
  ],
  [
    1649804400000,
    1.37
  ],
  [
    1649890800000,
    1.265
  ],
  [
    1649977200000,
    1.378
  ],
  [
    1650063600000,
    1.303
  ],
  [
    1650150000000,
    1.414
  ],
  [
    1650236400000,
    1.423
  ],
  [
    1650322800000,
    1.258
  ],
  [
    1650409200000,
    1.282
  ],
  [
    1650495600000,
    1.372
  ],
  [
    1650582000000,
    1.331
  ],
  [
    1650668400000,
    1.367
  ],
  [
    1650754800000,
    1.49
  ],
  [
    1650841200000,
    1.484
  ],
  [
    1650927600000,
    1.655
  ],
  [
    1651014000000,
    1.336
  ],
  [
    1651100400000,
    1.379
  ],
  [
    1651186800000,
    1.366
  ],
  [
    1651359600000,
    1.274
  ],
  [
    1651446000000,
    1.394
  ],
  [
    1651532400000,
    1.376
  ],
  [
    1651618800000,
    1.18
  ],
  [
    1651705200000,
    1.227
  ],
  [
    1651791600000,
    1.322
  ],
  [
    1651878000000,
    1.197
  ],
  [
    1651964400000,
    1.183
  ],
  [
    1652050800000,
    1.12
  ],
  [
    1652137200000,
    1.207
  ],
  [
    1652223600000,
    1.244
  ],
  [
    1652310000000,
    1.26
  ],
  [
    1652396400000,
    1.303
  ],
  [
    1652482800000,
    1.181
  ],
  [
    1652569200000,
    1.208
  ],
  [
    1652655600000,
    1.281
  ],
  [
    1652742000000,
    1.181
  ],
  [
    1652828400000,
    1.263
  ],
  [
    1652914800000,
    1.246
  ],
  [
    1653001200000,
    1.272
  ],
  [
    1653087600000,
    1.276
  ],
  [
    1653174000000,
    1.237
  ],
  [
    1653260400000,
    1.248
  ],
  [
    1653346800000,
    1.238
  ],
  [
    1653433200000,
    1.23
  ],
  [
    1653519600000,
    1.206
  ],
  [
    1653606000000,
    1.185
  ],
  [
    1653692400000,
    1.176
  ],
  [
    1653778800000,
    1.178
  ],
  [
    1653865200000,
    1.187
  ],
  [
    1653951600000,
    1.161
  ],
  [
    1654038000000,
    1.158
  ],
  [
    1654124400000,
    1.18
  ],
  [
    1654210800000,
    1.211
  ],
  [
    1654297200000,
    1.147
  ],
  [
    1654383600000,
    1.063
  ],
  [
    1654470000000,
    1.19
  ],
  [
    1654556400000,
    1.179
  ],
  [
    1654642800000,
    1.097
  ],
  [
    1654729200000,
    1.081
  ],
  [
    1654815600000,
    1.128
  ],
  [
    1654902000000,
    1.163
  ],
  [
    1654988400000,
    1.119
  ],
  [
    1655074800000,
    1.071
  ],
  [
    1655161200000,
    1.065
  ],
  [
    1655247600000,
    1.09
  ],
  [
    1655334000000,
    1.034
  ],
  [
    1655420400000,
    1.086
  ],
  [
    1655506800000,
    1.068
  ],
  [
    1655593200000,
    1.05
  ],
  [
    1655679600000,
    1.083
  ],
  [
    1655766000000,
    1.117
  ],
  [
    1655852400000,
    1.026
  ],
  [
    1655938800000,
    0.999
  ],
  [
    1656025200000,
    0.993
  ],
  [
    1656111600000,
    0.977
  ],
  [
    1656198000000,
    1.002
  ],
  [
    1656284400000,
    1.033
  ],
  [
    1656370800000,
    1.04
  ],
  [
    1656457200000,
    1.007
  ],
  [
    1656543600000,
    0.932
  ],
  [
    1656630000000,
    0.978
  ],
  [
    1656716400000,
    1.004
  ],
  [
    1656802800000,
    0.983
  ],
  [
    1656889200000,
    1.025
  ],
  [
    1656975600000,
    1.044
  ],
  [
    1657062000000,
    1.011
  ],
  [
    1657148400000,
    1.015
  ],
  [
    1657234800000,
    1.013
  ],
  [
    1657321200000,
    0.998
  ],
  [
    1657407600000,
    1.003
  ],
  [
    1657494000000,
    1.149
  ],
  [
    1657580400000,
    0.969
  ],
  [
    1657666800000,
    1.026
  ],
  [
    1657753200000,
    1.017
  ],
  [
    1657839600000,
    0.954
  ],
  [
    1657926000000,
    0.952
  ],
  [
    1658012400000,
    0.898
  ],
  [
    1658098800000,
    0.962
  ],
  [
    1658185200000,
    0.929
  ],
  [
    1658271600000,
    0.943
  ],
  [
    1658358000000,
    0.904
  ],
  [
    1658444400000,
    0.939
  ],
  [
    1658530800000,
    0.925
  ],
  [
    1658617200000,
    0.841
  ],
  [
    1658703600000,
    0.837
  ],
  [
    1658790000000,
    0.922
  ],
  [
    1658876400000,
    0.97
  ],
  [
    1658962800000,
    0.992
  ],
  [
    1659049200000,
    1.008
  ],
  [
    1659135600000,
    1.029
  ],
  [
    1659222000000,
    0.998
  ],
  [
    1659308400000,
    0.991
  ],
  [
    1659394800000,
    0.992
  ],
  [
    1659481200000,
    0.985
  ],
  [
    1659567600000,
    1.018
  ],
  [
    1659654000000,
    1.109
  ],
  [
    1659740400000,
    1.006
  ],
  [
    1659826800000,
    1.031
  ],
  [
    1659913200000,
    0.937
  ],
  [
    1659999600000,
    0.935
  ],
  [
    1660086000000,
    1.006
  ],
  [
    1660172400000,
    1.026
  ],
  [
    1660258800000,
    1.043
  ],
  [
    1660345200000,
    1.091
  ],
  [
    1660431600000,
    0.986
  ],
  [
    1660518000000,
    1.06
  ],
  [
    1660604400000,
    1.127
  ],
  [
    1660690800000,
    1.023
  ],
  [
    1660777200000,
    1.08
  ],
  [
    1660863600000,
    0.928
  ],
  [
    1660950000000,
    1.038
  ],
  [
    1661036400000,
    1.039
  ],
  [
    1661122800000,
    1.021
  ],
  [
    1661209200000,
    1.049
  ],
  [
    1661295600000,
    1.082
  ],
  [
    1661382000000,
    1.029
  ],
  [
    1661468400000,
    1.053
  ],
  [
    1661554800000,
    0.994
  ],
  [
    1661641200000,
    1.104
  ],
  [
    1661727600000,
    1.062
  ],
  [
    1661814000000,
    1.145
  ],
  [
    1661900400000,
    1.124
  ],
  [
    1661986800000,
    1.144
  ],
  [
    1662073200000,
    1.16
  ],
  [
    1662159600000,
    1.226
  ],
  [
    1662246000000,
    1.223
  ],
  [
    1662332400000,
    1.171
  ],
  [
    1662418800000,
    1.195
  ],
  [
    1662505200000,
    1.215
  ],
  [
    1662591600000,
    1.195
  ],
  [
    1662678000000,
    1.143
  ],
  [
    1662764400000,
    1.226
  ],
  [
    1662850800000,
    1.212
  ],
  [
    1662937200000,
    1.2
  ],
  [
    1663023600000,
    1.238
  ],
  [
    1663110000000,
    1.197
  ],
  [
    1663196400000,
    1.227
  ],
  [
    1663282800000,
    1.287
  ],
  [
    1663369200000,
    1.32
  ],
  [
    1663455600000,
    1.289
  ],
  [
    1663542000000,
    1.117
  ],
  [
    1663628400000,
    1.208
  ],
  [
    1663714800000,
    1.279
  ],
  [
    1663801200000,
    1.31
  ],
  [
    1663887600000,
    1.1
  ],
  [
    1663974000000,
    1.295
  ],
  [
    1664060400000,
    1.219
  ],
  [
    1664146800000,
    1.289
  ],
  [
    1664233200000,
    1.296
  ],
  [
    1664319600000,
    1.223
  ],
  [
    1664406000000,
    1.145
  ],
  [
    1664492400000,
    1.079
  ],
  [
    1664578800000,
    1.22
  ],
  [
    1664665200000,
    1.183
  ],
  [
    1664751600000,
    1.144
  ],
  [
    1664838000000,
    1.203
  ],
  [
    1664924400000,
    1.167
  ],
  [
    1665010800000,
    1.17
  ],
  [
    1665097200000,
    1.199
  ],
  [
    1665183600000,
    1.216
  ],
  [
    1665270000000,
    1.26
  ],
  [
    1665356400000,
    1.271
  ],
  [
    1665442800000,
    1.217
  ],
  [
    1665529200000,
    1.337
  ],
  [
    1665615600000,
    1.336
  ],
  [
    1665702000000,
    1.319
  ],
  [
    1665788400000,
    1.408
  ],
  [
    1665874800000,
    1.406
  ],
  [
    1665961200000,
    1.511
  ],
  [
    1666047600000,
    1.507
  ],
  [
    1666134000000,
    1.317
  ],
  [
    1666220400000,
    1.486
  ],
  [
    1666306800000,
    1.484
  ],
  [
    1666393200000,
    1.499
  ],
  [
    1666479600000,
    1.412
  ],
  [
    1666566000000,
    1.293
  ],
  [
    1666652400000,
    1.325
  ],
  [
    1666738800000,
    1.27
  ],
  [
    1666825200000,
    1.417
  ],
  [
    1666911600000,
    1.44
  ],
  [
    1666998000000,
    1.37
  ],
  [
    1667084400000,
    1.646
  ],
  [
    1667174400000,
    1.541
  ],
  [
    1667260800000,
    1.471
  ],
  [
    1667347200000,
    1.593
  ],
  [
    1667433600000,
    1.621
  ],
  [
    1667520000000,
    1.694
  ],
  [
    1667606400000,
    1.723
  ],
  [
    1667692800000,
    1.563
  ],
  [
    1667779200000,
    1.734
  ],
  [
    1667865600000,
    1.502
  ],
  [
    1667952000000,
    1.664
  ],
  [
    1668038400000,
    1.5
  ],
  [
    1668124800000,
    1.704
  ],
  [
    1668211200000,
    1.653
  ],
  [
    1668297600000,
    1.668
  ],
  [
    1668384000000,
    1.641
  ],
  [
    1668470400000,
    1.76
  ],
  [
    1668556800000,
    1.671
  ],
  [
    1668643200000,
    1.699
  ],
  [
    1668729600000,
    1.627
  ],
  [
    1668816000000,
    1.639
  ],
  [
    1668902400000,
    1.668
  ],
  [
    1668988800000,
    1.602
  ],
  [
    1669075200000,
    1.616
  ],
  [
    1669161600000,
    1.676
  ],
  [
    1669248000000,
    1.632
  ],
  [
    1669334400000,
    1.744
  ],
  [
    1669420800000,
    1.645
  ],
  [
    1669507200000,
    1.606
  ],
  [
    1669593600000,
    1.697
  ],
  [
    1669680000000,
    1.787
  ],
  [
    1669766400000,
    1.786
  ],
  [
    1669852800000,
    1.695
  ],
  [
    1669939200000,
    1.831
  ],
  [
    1670025600000,
    1.675
  ],
  [
    1670112000000,
    1.782
  ],
  [
    1670198400000,
    1.577
  ],
  [
    1670284800000,
    1.826
  ],
  [
    1670371200000,
    1.897
  ],
  [
    1670457600000,
    1.81
  ],
  [
    1670544000000,
    1.927
  ],
  [
    1670630400000,
    1.85
  ],
  [
    1670716800000,
    1.774
  ],
  [
    1670803200000,
    1.892
  ],
  [
    1670889600000,
    1.803
  ],
  [
    1670976000000,
    1.901
  ],
  [
    1671062400000,
    1.923
  ],
  [
    1671148800000,
    1.76
  ],
  [
    1671235200000,
    1.48
  ],
  [
    1671321600000,
    1.582
  ],
  [
    1671408000000,
    1.55
  ],
  [
    1671494400000,
    1.719
  ],
  [
    1671580800000,
    1.622
  ],
  [
    1671667200000,
    1.644
  ],
  [
    1671753600000,
    1.693
  ],
  [
    1671840000000,
    1.63
  ],
  [
    1671926400000,
    1.576
  ],
  [
    1672012800000,
    1.565
  ],
  [
    1672099200000,
    1.677
  ],
  [
    1672185600000,
    1.51
  ],
  [
    1672272000000,
    1.554
  ],
  [
    1672358400000,
    1.581
  ],
  [
    1672444800000,
    1.54
  ],
  [
    1672531200000,
    1.485
  ],
  [
    1672617600000,
    1.378
  ],
  [
    1672704000000,
    1.582
  ],
  [
    1672790400000,
    1.441
  ],
  [
    1672876800000,
    1.521
  ],
  [
    1672963200000,
    1.425
  ],
  [
    1673049600000,
    1.437
  ],
  [
    1673136000000,
    1.316
  ],
  [
    1673222400000,
    1.476
  ],
  [
    1673308800000,
    1.581
  ],
  [
    1673395200000,
    1.524
  ],
  [
    1673481600000,
    1.56
  ],
  [
    1673568000000,
    1.615
  ],
  [
    1673654400000,
    1.671
  ],
  [
    1673740800000,
    1.592
  ],
  [
    1673827200000,
    1.625
  ],
  [
    1673913600000,
    1.595
  ],
  [
    1674000000000,
    1.722
  ],
  [
    1674086400000,
    1.603
  ],
  [
    1674172800000,
    1.745
  ],
  [
    1674259200000,
    1.717
  ],
  [
    1674345600000,
    1.721
  ],
  [
    1674432000000,
    1.835
  ],
  [
    1674518400000,
    1.53
  ],
  [
    1674604800000,
    1.679
  ],
  [
    1674691200000,
    1.621
  ],
  [
    1674777600000,
    1.721
  ],
  [
    1674864000000,
    1.651
  ],
  [
    1674950400000,
    1.786
  ],
  [
    1675036800000,
    1.91
  ],
  [
    1675123200000,
    2.087
  ],
  [
    1675209600000,
    2.169
  ],
  [
    1675296000000,
    2.149
  ],
  [
    1675382400000,
    1.839
  ],
  [
    1675468800000,
    2.041
  ],
  [
    1675555200000,
    1.651
  ],
  [
    1675641600000,
    2.095
  ],
  [
    1675728000000,
    1.842
  ],
  [
    1675814400000,
    1.911
  ],
  [
    1675900800000,
    2.133
  ],
  [
    1675987200000,
    2.049
  ],
  [
    1676073600000,
    2.123
  ],
  [
    1676160000000,
    1.833
  ],
  [
    1676246400000,
    1.903
  ],
  [
    1676332800000,
    1.702
  ],
  [
    1676419200000,
    1.924
  ],
  [
    1676505600000,
    1.614
  ],
  [
    1676592000000,
    1.816
  ],
  [
    1676678400000,
    1.609
  ],
  [
    1676764800000,
    1.944
  ],
  [
    1676851200000,
    1.907
  ],
  [
    1676937600000,
    1.618
  ],
  [
    1677024000000,
    2.019
  ],
  [
    1677110400000,
    1.948
  ],
  [
    1677196800000,
    1.619
  ],
  [
    1677283200000,
    1.818
  ],
  [
    1677369600000,
    1.776
  ],
  [
    1677456000000,
    1.735
  ],
  [
    1677542400000,
    1.849
  ],
  [
    1677628800000,
    1.728
  ],
  [
    1677715200000,
    2.107
  ],
  [
    1677801600000,
    2.091
  ],
  [
    1677888000000,
    1.932
  ],
  [
    1677974400000,
    1.971
  ],
  [
    1678060800000,
    2.045
  ],
  [
    1678147200000,
    1.864
  ],
  [
    1678233600000,
    1.864
  ],
  [
    1678320000000,
    1.814
  ],
  [
    1678406400000,
    1.912
  ],
  [
    1678492800000,
    1.815
  ],
  [
    1678579200000,
    1.504
  ],
  [
    1678665600000,
    1.78
  ],
  [
    1678752000000,
    1.798
  ],
  [
    1678838400000,
    1.894
  ],
  [
    1678924800000,
    1.794
  ],
  [
    1679011200000,
    1.412
  ],
  [
    1679097600000,
    1.837
  ],
  [
    1679184000000,
    1.634
  ],
  [
    1679270400000,
    1.385
  ],
  [
    1679356800000,
    1.765
  ],
  [
    1679443200000,
    1.698
  ],
  [
    1679529600000,
    1.541
  ],
  [
    1679616000000,
    1.777
  ],
  [
    1679702400000,
    1.727
  ],
  [
    1679788800000,
    1.543
  ],
  [
    1679871600000,
    1.665
  ],
  [
    1679958000000,
    1.63
  ],
  [
    1680044400000,
    1.471
  ],
  [
    1680130800000,
    1.608
  ],
  [
    1680217200000,
    1.59
  ],
  [
    1680303600000,
    1.565
  ],
  [
    1680390000000,
    1.805
  ],
  [
    1680476400000,
    1.729
  ],
  [
    1680562800000,
    1.888
  ],
  [
    1680649200000,
    1.769
  ],
  [
    1680735600000,
    1.88
  ],
  [
    1680822000000,
    1.677
  ],
  [
    1680908400000,
    1.972
  ],
  [
    1680994800000,
    2.058
  ],
  [
    1681081200000,
    2.081
  ],
  [
    1681167600000,
    2.016
  ],
  [
    1681254000000,
    1.715
  ],
  [
    1681340400000,
    1.804
  ],
  [
    1681426800000,
    1.825
  ],
  [
    1681513200000,
    1.85
  ],
  [
    1681599600000,
    1.966
  ],
  [
    1681686000000,
    1.835
  ],
  [
    1681772400000,
    1.792
  ],
  [
    1681858800000,
    1.818
  ],
  [
    1681945200000,
    1.822
  ],
  [
    1682031600000,
    1.905
  ],
  [
    1682118000000,
    2.024
  ],
  [
    1682204400000,
    1.884
  ],
  [
    1682290800000,
    1.925
  ],
  [
    1682377200000,
    2.188
  ],
  [
    1682463600000,
    1.834
  ],
  [
    1682550000000,
    1.676
  ],
  [
    1682636400000,
    1.928
  ],
  [
    1682722800000,
    2.061
  ],
  [
    1682809200000,
    1.899
  ],
  [
    1682895600000,
    1.995
  ],
  [
    1682982000000,
    1.672
  ],
  [
    1683068400000,
    1.899
  ],
  [
    1683154800000,
    1.748
  ],
  [
    1683241200000,
    1.786
  ],
  [
    1683327600000,
    1.689
  ],
  [
    1683414000000,
    1.654
  ],
  [
    1683500400000,
    1.723
  ],
  [
    1683586800000,
    1.72
  ],
  [
    1683673200000,
    1.716
  ],
  [
    1683759600000,
    1.856
  ],
  [
    1683846000000,
    1.756
  ],
  [
    1683932400000,
    1.839
  ],
  [
    1684018800000,
    1.841
  ],
  [
    1684105200000,
    1.232
  ],
  [
    1684191600000,
    1.838
  ],
  [
    1684278000000,
    1.683
  ],
  [
    1684364400000,
    2.035
  ],
  [
    1684450800000,
    2.003
  ],
  [
    1684537200000,
    2.018
  ],
  [
    1684623600000,
    1.807
  ],
  [
    1684710000000,
    1.805
  ],
  [
    1684796400000,
    1.869
  ],
  [
    1684882800000,
    1.811
  ],
  [
    1684969200000,
    1.588
  ],
  [
    1685055600000,
    1.566
  ],
  [
    1685142000000,
    1.392
  ],
  [
    1685228400000,
    2.05
  ],
  [
    1685314800000,
    1.848
  ],
  [
    1685401200000,
    1.993
  ],
  [
    1685487600000,
    1.53
  ],
  [
    1685574000000,
    1.514
  ],
  [
    1685660400000,
    2.102
  ],
  [
    1685746800000,
    2.007
  ],
  [
    1685833200000,
    1.538
  ],
  [
    1685919600000,
    1.676
  ],
  [
    1686006000000,
    1.041
  ],
  [
    1686092400000,
    2.025
  ],
  [
    1686178800000,
    1.951
  ],
  [
    1686265200000,
    2.024
  ],
  [
    1686351600000,
    1.962
  ],
  [
    1686438000000,
    1.681
  ],
  [
    1686524400000,
    2.001
  ],
  [
    1686610800000,
    1.395
  ],
  [
    1686697200000,
    1.563
  ],
  [
    1686783600000,
    1.655
  ],
  [
    1686870000000,
    2.29
  ],
  [
    1686956400000,
    1.91
  ],
  [
    1687042800000,
    2.51
  ],
  [
    1687129200000,
    2.111
  ],
  [
    1687215600000,
    2.002
  ],
  [
    1687302000000,
    2.626
  ],
  [
    1687388400000,
    2.113
  ],
  [
    1687474800000,
    2.089
  ],
  [
    1687561200000,
    1.986
  ],
  [
    1687647600000,
    2.227
  ],
  [
    1687734000000,
    2.286
  ],
  [
    1687820400000,
    2.525
  ],
  [
    1687906800000,
    2.278
  ],
  [
    1687993200000,
    1.677
  ],
  [
    1688079600000,
    1.709
  ],
  [
    1688166000000,
    1.806
  ],
  [
    1688252400000,
    1.822
  ],
  [
    1688338800000,
    1.776
  ],
  [
    1688425200000,
    2.13
  ],
  [
    1688511600000,
    1.908
  ],
  [
    1688598000000,
    1.903
  ],
  [
    1688684400000,
    1.752
  ],
  [
    1688770800000,
    1.589
  ],
  [
    1688857200000,
    2.182
  ],
  [
    1688943600000,
    2.504
  ],
  [
    1689030000000,
    2.098
  ],
  [
    1689116400000,
    2.011
  ],
  [
    1689202800000,
    1.938
  ],
  [
    1689289200000,
    1.881
  ],
  [
    1689375600000,
    1.898
  ],
  [
    1689462000000,
    2.096
  ],
  [
    1689548400000,
    2.091
  ],
  [
    1689634800000,
    1.818
  ],
  [
    1689721200000,
    2.047
  ],
  [
    1689807600000,
    2.008
  ],
  [
    1689894000000,
    2.006
  ],
  [
    1689980400000,
    1.819
  ],
  [
    1690066800000,
    2.26
  ],
  [
    1690153200000,
    2.213
  ],
  [
    1690239600000,
    1.876
  ],
  [
    1690326000000,
    1.915
  ],
  [
    1690412400000,
    1.842
  ],
  [
    1690498800000,
    1.902
  ],
  [
    1690585200000,
    2.573
  ],
  [
    1690671600000,
    2.41
  ],
  [
    1690758000000,
    2.477
  ],
  [
    1690844400000,
    1.607
  ],
  [
    1690930800000,
    2.137
  ],
  [
    1691017200000,
    1.876
  ],
  [
    1691103600000,
    1.742
  ],
  [
    1691190000000,
    1.736
  ],
  [
    1691276400000,
    2.232
  ],
  [
    1691362800000,
    1.887
  ],
  [
    1691449200000,
    1.642
  ],
  [
    1691535600000,
    2.137
  ],
  [
    1691622000000,
    2.26
  ],
  [
    1691708400000,
    1.992
  ],
  [
    1691794800000,
    2.317
  ],
  [
    1691881200000,
    2.21
  ],
  [
    1691967600000,
    1.925
  ],
  [
    1692054000000,
    1.751
  ],
  [
    1692140400000,
    2.018
  ],
  [
    1692226800000,
    1.98
  ],
  [
    1692313200000,
    1.773
  ],
  [
    1692399600000,
    2.017
  ],
  [
    1692486000000,
    1.994
  ],
  [
    1692658800000,
    2.172
  ],
  [
    1692745200000,
    1.135
  ],
  [
    1692831600000,
    1.835
  ],
  [
    1692918000000,
    2.127
  ],
  [
    1693004400000,
    2.304
  ],
  [
    1693090800000,
    1.738
  ],
  [
    1693177200000,
    1.566
  ],
  [
    1693263600000,
    1.978
  ],
  [
    1693350000000,
    1.972
  ],
  [
    1693436400000,
    2.169
  ],
  [
    1693522800000,
    1.689
  ],
  [
    1693609200000,
    2.36
  ],
  [
    1693695600000,
    2.485
  ],
  [
    1693782000000,
    2.54
  ],
  [
    1693868400000,
    2.123
  ],
  [
    1693954800000,
    2.447
  ],
  [
    1694041200000,
    2.68
  ],
  [
    1694127600000,
    2.224
  ],
  [
    1694214000000,
    2.503
  ],
  [
    1694300400000,
    2.204
  ],
  [
    1694386800000,
    1.849
  ],
  [
    1694473200000,
    2.197
  ],
  [
    1694559600000,
    2.194
  ],
  [
    1694646000000,
    2.463
  ],
  [
    1694732400000,
    2.463
  ],
  [
    1694818800000,
    1.796
  ],
  [
    1694905200000,
    2.694
  ],
  [
    1694991600000,
    2.46
  ],
  [
    1695078000000,
    2.761
  ],
  [
    1695164400000,
    2.418
  ],
  [
    1695250800000,
    2.496
  ],
  [
    1695337200000,
    1.95
  ],
  [
    1695423600000,
    1.785
  ],
  [
    1695510000000,
    2.631
  ],
  [
    1695596400000,
    2.632
  ],
  [
    1695682800000,
    2.443
  ],
  [
    1695769200000,
    2.28
  ],
  [
    1695855600000,
    2.254
  ],
  [
    1695942000000,
    2.239
  ],
  [
    1696028400000,
    2.418
  ],
  [
    1696114800000,
    2.333
  ],
  [
    1696201200000,
    2.447
  ],
  [
    1696287600000,
    2.619
  ],
  [
    1696374000000,
    2.573
  ],
  [
    1696460400000,
    2.61
  ],
  [
    1696546800000,
    2.144
  ],
  [
    1696633200000,
    2.541
  ],
  [
    1696719600000,
    2.444
  ],
  [
    1696806000000,
    2.259
  ],
  [
    1696892400000,
    2.498
  ],
  [
    1696978800000,
    2.282
  ],
  [
    1697065200000,
    2.474
  ],
  [
    1697151600000,
    2.141
  ],
  [
    1697238000000,
    2.269
  ],
  [
    1697324400000,
    2.394
  ],
  [
    1697410800000,
    2.362
  ],
  [
    1697497200000,
    2.877
  ],
  [
    1697583600000,
    2.935
  ],
  [
    1697670000000,
    2.666
  ],
  [
    1697756400000,
    2.907
  ],
  [
    1697842800000,
    3.023
  ],
  [
    1697929200000,
    2.806
  ],
  [
    1698015600000,
    2.941
  ],
  [
    1698102000000,
    2.976
  ],
  [
    1698188400000,
    2.133
  ],
  [
    1698274800000,
    2.932
  ],
  [
    1698361200000,
    2.456
  ],
  [
    1698447600000,
    2.92
  ],
  [
    1698534000000,
    1.695
  ],
  [
    1698624000000,
    2.742
  ],
  [
    1698710400000,
    2.119
  ],
  [
    1698796800000,
    2.697
  ],
  [
    1698883200000,
    2.747
  ],
  [
    1698969600000,
    2.915
  ],
  [
    1699056000000,
    2.713
  ],
  [
    1699142400000,
    3.049
  ],
  [
    1699228800000,
    3.037
  ],
  [
    1699315200000,
    2.273
  ],
  [
    1699401600000,
    2.48
  ],
  [
    1699574400000,
    2.606
  ],
  [
    1699660800000,
    2.631
  ],
  [
    1699747200000,
    3.044
  ],
  [
    1699833600000,
    2.818
  ],
  [
    1699920000000,
    1.807
  ],
  [
    1700006400000,
    2.931
  ],
  [
    1700092800000,
    2.485
  ],
  [
    1700179200000,
    2.903
  ],
  [
    1700265600000,
    2.86
  ],
  [
    1700352000000,
    2.872
  ],
  [
    1700438400000,
    2.623
  ],
  [
    1700524800000,
    2.9
  ],
  [
    1700611200000,
    2.309
  ],
  [
    1700697600000,
    1.85
  ],
  [
    1700784000000,
    1.486
  ],
  [
    1700870400000,
    2.617
  ],
  [
    1700956800000,
    2.692
  ],
  [
    1701043200000,
    1.726
  ],
  [
    1701129600000,
    2.781
  ],
  [
    1701216000000,
    2.169
  ],
  [
    1701302400000,
    1.897
  ],
  [
    1701388800000,
    2.379
  ],
  [
    1701475200000,
    2.228
  ],
  [
    1701561600000,
    2.283
  ],
  [
    1701648000000,
    2.226
  ],
  [
    1701734400000,
    2.942
  ],
  [
    1701820800000,
    2.953
  ],
  [
    1701907200000,
    2.954
  ],
  [
    1701993600000,
    2.592
  ],
  [
    1702080000000,
    2.494
  ],
  [
    1702166400000,
    2.553
  ],
  [
    1702252800000,
    2.69
  ],
  [
    1702339200000,
    2.442
  ],
  [
    1702425600000,
    2.87
  ],
  [
    1702512000000,
    3.143
  ],
  [
    1702598400000,
    2.983
  ],
  [
    1702684800000,
    3.135
  ],
  [
    1702771200000,
    3.244
  ],
  [
    1702857600000,
    3.03
  ],
  [
    1702944000000,
    3.287
  ],
  [
    1703030400000,
    1.807
  ],
  [
    1703116800000,
    2.098
  ],
  [
    1703203200000,
    3.137
  ],
  [
    1703289600000,
    3.175
  ],
  [
    1703376000000,
    2.467
  ],
  [
    1703462400000,
    2.232
  ],
  [
    1703548800000,
    1.854
  ],
  [
    1703635200000,
    2.239
  ],
  [
    1703721600000,
    2.8
  ],
  [
    1703808000000,
    2.661
  ],
  [
    1703894400000,
    1.913
  ],
  [
    1703980800000,
    1.542
  ],
  [
    1704067200000,
    2.215
  ],
  [
    1704153600000,
    2.789
  ],
  [
    1704240000000,
    2.773
  ],
  [
    1704326400000,
    2.875
  ],
  [
    1704412800000,
    2.57
  ],
  [
    1704585600000,
    2.421
  ],
  [
    1704672000000,
    3.067
  ],
  [
    1704758400000,
    2.876
  ],
  [
    1704844800000,
    3.095
  ],
  [
    1704931200000,
    3.12
  ],
  [
    1705017600000,
    3.168
  ],
  [
    1705104000000,
    2.825
  ],
  [
    1705190400000,
    3.31
  ],
  [
    1705276800000,
    3.106
  ],
  [
    1705363200000,
    2.284
  ],
  [
    1705449600000,
    1.687
  ],
  [
    1705536000000,
    3.12
  ],
  [
    1705622400000,
    1.08
  ],
  [
    1705708800000,
    2.741
  ],
  [
    1705795200000,
    2.373
  ],
  [
    1705881600000,
    2.98
  ],
  [
    1705968000000,
    2.805
  ],
  [
    1706054400000,
    2.72
  ],
  [
    1706140800000,
    2.109
  ],
  [
    1706227200000,
    2.732
  ],
  [
    1706313600000,
    2.401
  ],
  [
    1706400000000,
    2.88
  ],
  [
    1706486400000,
    1.797
  ],
  [
    1706572800000,
    2.88
  ],
  [
    1706659200000,
    2.407
  ],
  [
    1706745600000,
    2.551
  ],
  [
    1706832000000,
    3.347
  ],
  [
    1706918400000,
    3.4
  ],
  [
    1707004800000,
    1.86
  ],
  [
    1707091200000,
    1.08
  ],
  [
    1707264000000,
    2.625
  ],
  [
    1707350400000,
    2.46
  ],
  [
    1707436800000,
    3.226
  ],
  [
    1707523200000,
    2.84
  ],
  [
    1707609600000,
    2.554
  ],
  [
    1707696000000,
    2.92
  ],
  [
    1707782400000,
    2.602
  ],
  [
    1707868800000,
    3.365
  ],
  [
    1707955200000,
    2.166
  ],
  [
    1708041600000,
    3.321
  ],
  [
    1708128000000,
    3.95
  ],
  [
    1708214400000,
    4.107
  ],
  [
    1708300800000,
    3.76
  ],
  [
    1708387200000,
    2.308
  ],
  [
    1708473600000,
    1.636
  ],
  [
    1708560000000,
    3.207
  ],
  [
    1708646400000,
    4.043
  ],
  [
    1708732800000,
    3.418
  ],
  [
    1708819200000,
    3.565
  ],
  [
    1708905600000,
    2.67
  ],
  [
    1708992000000,
    3.221
  ],
  [
    1709078400000,
    4.008
  ],
  [
    1709164800000,
    3.827
  ],
  [
    1709251200000,
    4.367
  ],
  [
    1709337600000,
    2.621
  ],
  [
    1709510400000,
    3.955
  ],
  [
    1709596800000,
    3.978
  ],
  [
    1709683200000,
    3.167
  ],
  [
    1709769600000,
    4.181
  ],
  [
    1709856000000,
    3.466
  ],
  [
    1709942400000,
    2.947
  ],
  [
    1710028800000,
    4.219
  ],
  [
    1710115200000,
    2.174
  ],
  [
    1710201600000,
    4.364
  ],
  [
    1710288000000,
    3.493
  ],
  [
    1710374400000,
    4.457
  ],
  [
    1710460800000,
    4.204
  ],
  [
    1710547200000,
    2.873
  ],
  [
    1710633600000,
    3.446
  ],
  [
    1710720000000,
    3.764
  ],
  [
    1710806400000,
    2.425
  ],
  [
    1710892800000,
    2.725
  ],
  [
    1710979200000,
    3.762
  ],
  [
    1711065600000,
    3.055
  ],
  [
    1711152000000,
    3.97
  ],
  [
    1711238400000,
    3.749
  ],
  [
    1711324800000,
    4.004
  ],
  [
    1711411200000,
    3.792
  ],
  [
    1711497600000,
    4.215
  ],
  [
    1711584000000,
    3.93
  ],
  [
    1711670400000,
    4.172
  ],
  [
    1711756800000,
    4.018
  ],
  [
    1711843200000,
    3.967
  ],
  [
    1711926000000,
    4.14
  ],
  [
    1712012400000,
    4.245
  ],
  [
    1712098800000,
    4.295
  ],
  [
    1712185200000,
    4.325
  ],
  [
    1712271600000,
    4.21
  ],
  [
    1712358000000,
    4.377
  ],
  [
    1712444400000,
    4.508
  ],
  [
    1712530800000,
    4.44
  ],
  [
    1712790000000,
    4.063
  ],
  [
    1712876400000,
    4.522
  ],
  [
    1712962800000,
    4.54
  ],
  [
    1713049200000,
    4.723
  ],
  [
    1713135600000,
    5.047
  ],
  [
    1713222000000,
    4.14
  ],
  [
    1713308400000,
    4.625
  ],
  [
    1713394800000,
    4.855
  ],
  [
    1713481200000,
    3.506
  ],
  [
    1713567600000,
    4.261
  ],
  [
    1713654000000,
    4.724
  ],
  [
    1713740400000,
    4.197
  ],
  [
    1713913200000,
    4.62
  ],
  [
    1713999600000,
    4.547
  ],
  [
    1714086000000,
    4.492
  ],
  [
    1714172400000,
    4.351
  ],
  [
    1714258800000,
    4.381
  ],
  [
    1714345200000,
    4.646
  ],
  [
    1714431600000,
    3.435
  ],
  [
    1714518000000,
    4.614
  ],
  [
    1714604400000,
    4.067
  ],
  [
    1714690800000,
    4.38
  ],
  [
    1714777200000,
    4.39
  ],
  [
    1714863600000,
    4.37
  ],
  [
    1714950000000,
    4.303
  ],
  [
    1715036400000,
    4.475
  ],
  [
    1715122800000,
    4.324
  ],
  [
    1715209200000,
    4.752
  ],
  [
    1715295600000,
    3.75
  ],
  [
    1715382000000,
    4.578
  ],
  [
    1715468400000,
    4.112
  ],
  [
    1715554800000,
    4.42
  ],
  [
    1715641200000,
    4.21
  ],
  [
    1715727600000,
    4.484
  ],
  [
    1715814000000,
    4.745
  ],
  [
    1715900400000,
    4.282
  ],
  [
    1715986800000,
    4.875
  ],
  [
    1716073200000,
    4.861
  ],
  [
    1716159600000,
    2.526
  ],
  [
    1716246000000,
    4.932
  ],
  [
    1716397200000,
    4.896
  ],
  [
    1716400800000,
    4.92
  ],
  [
    1716411600000,
    4.56
  ],
  [
    1716469200000,
    5.03
  ],
  [
    1716472800000,
    3.744
  ],
  [
    1716487200000,
    5.2
  ],
  [
    1716490800000,
    5.12
  ],
  [
    1716526800000,
    4.97
  ],
  [
    1716534000000,
    5.015
  ],
  [
    1716552000000,
    4.74
  ],
  [
    1716627600000,
    4.6
  ],
  [
    1716670800000,
    5.09
  ],
  [
    1716714000000,
    4.74
  ],
  [
    1716757200000,
    4.62
  ],
  [
    1716811200000,
    4.75
  ],
  [
    1716818400000,
    5.075
  ],
  [
    1716840000000,
    5.151
  ],
  [
    1716843600000,
    4.11
  ],
  [
    1716915600000,
    5.11
  ],
  [
    1716966000000,
    5.18
  ],
  [
    1716991200000,
    4.89
  ],
  [
    1717002000000,
    5.289
  ],
  [
    1717066800000,
    5.08
  ],
  [
    1717070400000,
    5.03
  ],
  [
    1717092000000,
    5.02
  ],
  [
    1717106400000,
    4.384
  ],
  [
    1717300800000,
    5.49
  ],
  [
    1717336800000,
    5.52
  ],
  [
    1717340400000,
    5.617
  ],
  [
    1717354800000,
    5.655
  ],
  [
    1717491600000,
    5.72
  ],
  [
    1717534800000,
    5.49
  ],
  [
    1717606800000,
    5.71
  ],
  [
    1717635600000,
    5.82
  ],
  [
    1717718400000,
    5.81
  ],
  [
    1717729200000,
    5.915
  ],
  [
    1717772400000,
    4.75
  ],
  [
    1717783200000,
    3.75
  ],
  [
    1717797600000,
    5.81
  ],
  [
    1717819200000,
    5.775
  ],
  [
    1717977600000,
    5.24
  ],
  [
    1718071200000,
    4.73
  ],
  [
    1718074800000,
    5.072
  ],
  [
    1718085600000,
    4.6
  ],
  [
    1718096400000,
    4.869
  ],
  [
    1718100000000,
    5.408
  ],
  [
    1718118000000,
    4.46
  ],
  [
    1718125200000,
    4.75
  ],
  [
    1718146800000,
    5.492
  ],
  [
    1718269200000,
    5.376
  ],
  [
    1718326800000,
    4.99
  ],
  [
    1718330400000,
    4.94
  ],
  [
    1718395200000,
    5.01
  ],
  [
    1718409600000,
    5.03
  ],
  [
    1718420400000,
    5.03
  ],
  [
    1718442000000,
    5.01
  ],
  [
    1718452800000,
    5.07
  ],
  [
    1718460000000,
    5.08
  ],
  [
    1718463600000,
    5.127
  ],
  [
    1718478000000,
    5.08
  ],
  [
    1718557200000,
    5.01
  ],
  [
    1718640000000,
    5.02
  ],
  [
    1718733600000,
    5.03
  ],
  [
    1718791200000,
    4.63
  ],
  [
    1718794800000,
    4.65
  ],
  [
    1718877600000,
    4.65
  ],
  [
    1718888400000,
    4.65
  ],
  [
    1718910000000,
    4.54
  ],
  [
    1718913600000,
    4.65
  ],
  [
    1718935200000,
    3
  ]
]