[
  [
    1379631600000,
    3.373
  ],
  [
    1379718000000,
    1.855
  ],
  [
    1379804400000,
    0.718
  ],
  [
    1379890800000,
    0.754
  ],
  [
    1379977200000,
    0.778
  ],
  [
    1380063600000,
    0.814
  ],
  [
    1380150000000,
    1.012
  ],
  [
    1380236400000,
    0.91
  ],
  [
    1380322800000,
    0.705
  ],
  [
    1380409200000,
    0.56
  ],
  [
    1380495600000,
    0.535
  ],
  [
    1380582000000,
    0.664
  ],
  [
    1380668400000,
    0.486
  ],
  [
    1380754800000,
    0.592
  ],
  [
    1380841200000,
    0.685
  ],
  [
    1380927600000,
    0.526
  ],
  [
    1381014000000,
    0.515
  ],
  [
    1381100400000,
    0.536
  ],
  [
    1381186800000,
    0.551
  ],
  [
    1381273200000,
    0.473
  ],
  [
    1381359600000,
    0.469
  ],
  [
    1381446000000,
    0.454
  ],
  [
    1381532400000,
    0.447
  ],
  [
    1381618800000,
    0.456
  ],
  [
    1381705200000,
    0.359
  ],
  [
    1381791600000,
    0.326
  ],
  [
    1381878000000,
    0.314
  ],
  [
    1381964400000,
    0.304
  ],
  [
    1382050800000,
    0.281
  ],
  [
    1382137200000,
    0.362
  ],
  [
    1382223600000,
    0.33
  ],
  [
    1382310000000,
    0.328
  ],
  [
    1382396400000,
    0.303
  ],
  [
    1382482800000,
    0.332
  ],
  [
    1382569200000,
    0.317
  ],
  [
    1382655600000,
    0.349
  ],
  [
    1382742000000,
    0.295
  ],
  [
    1382828400000,
    0.259
  ],
  [
    1382918400000,
    0.307
  ],
  [
    1383004800000,
    0.332
  ],
  [
    1383091200000,
    0.305
  ],
  [
    1383177600000,
    0.338
  ],
  [
    1383264000000,
    0.251
  ],
  [
    1383350400000,
    0.237
  ],
  [
    1383436800000,
    0.244
  ],
  [
    1383523200000,
    0.251
  ],
  [
    1383609600000,
    0.255
  ],
  [
    1383696000000,
    0.273
  ],
  [
    1383782400000,
    0.276
  ],
  [
    1383868800000,
    0.254
  ],
  [
    1383955200000,
    0.231
  ],
  [
    1384041600000,
    0.24
  ],
  [
    1384128000000,
    0.218
  ],
  [
    1384214400000,
    0.23
  ],
  [
    1384300800000,
    0.24
  ],
  [
    1384387200000,
    0.249
  ],
  [
    1384473600000,
    0.216
  ],
  [
    1384560000000,
    0.215
  ],
  [
    1384646400000,
    0.255
  ],
  [
    1384732800000,
    0.252
  ],
  [
    1384819200000,
    0.192
  ],
  [
    1384905600000,
    0.193
  ],
  [
    1384992000000,
    0.178
  ],
  [
    1385078400000,
    0.221
  ],
  [
    1385164800000,
    0.203
  ],
  [
    1385251200000,
    0.222
  ],
  [
    1385337600000,
    0.201
  ],
  [
    1385424000000,
    0.195
  ],
  [
    1385510400000,
    0.223
  ],
  [
    1385596800000,
    0.176
  ],
  [
    1385683200000,
    0.18
  ],
  [
    1385769600000,
    0.145
  ],
  [
    1385856000000,
    0.14
  ],
  [
    1385942400000,
    0.148
  ],
  [
    1386028800000,
    0.131
  ],
  [
    1386115200000,
    0.132
  ],
  [
    1386201600000,
    0.121
  ],
  [
    1386288000000,
    0.141
  ],
  [
    1386374400000,
    0.137
  ],
  [
    1386460800000,
    0.136
  ],
  [
    1386547200000,
    0.13
  ],
  [
    1386633600000,
    0.147
  ],
  [
    1386720000000,
    0.125
  ],
  [
    1386806400000,
    0.251
  ],
  [
    1386892800000,
    0.109
  ],
  [
    1386979200000,
    0.121
  ],
  [
    1387065600000,
    0.102
  ],
  [
    1387152000000,
    0.098
  ],
  [
    1387238400000,
    0.116
  ],
  [
    1387324800000,
    0.105
  ],
  [
    1387411200000,
    0.084
  ],
  [
    1387497600000,
    0.07
  ],
  [
    1387584000000,
    0.078
  ],
  [
    1387670400000,
    0.075
  ],
  [
    1387756800000,
    0.096
  ],
  [
    1387843200000,
    0.103
  ],
  [
    1387929600000,
    0.104
  ],
  [
    1388016000000,
    0.121
  ],
  [
    1388102400000,
    0.112
  ],
  [
    1388188800000,
    0.114
  ],
  [
    1388275200000,
    0.12
  ],
  [
    1388361600000,
    0.119
  ],
  [
    1388448000000,
    0.111
  ],
  [
    1388534400000,
    0.106
  ],
  [
    1388620800000,
    0.102
  ],
  [
    1388707200000,
    0.095
  ],
  [
    1388793600000,
    0.092
  ],
  [
    1388880000000,
    0.122
  ],
  [
    1388966400000,
    0.124
  ],
  [
    1389052800000,
    0.139
  ],
  [
    1389139200000,
    0.123
  ],
  [
    1389225600000,
    0.134
  ],
  [
    1389312000000,
    0.11
  ],
  [
    1389398400000,
    0.108
  ],
  [
    1389484800000,
    0.11
  ],
  [
    1389571200000,
    0.091
  ],
  [
    1389657600000,
    0.097
  ],
  [
    1389744000000,
    0.082
  ],
  [
    1389830400000,
    0.093
  ],
  [
    1389916800000,
    0.091
  ],
  [
    1390003200000,
    0.109
  ],
  [
    1390089600000,
    0.094
  ],
  [
    1390176000000,
    0.1
  ],
  [
    1390262400000,
    0.097
  ],
  [
    1390348800000,
    0.072
  ],
  [
    1390435200000,
    0.081
  ],
  [
    1390521600000,
    0.089
  ],
  [
    1390608000000,
    0.079
  ],
  [
    1390694400000,
    0.086
  ],
  [
    1390780800000,
    0.078
  ],
  [
    1390867200000,
    0.092
  ],
  [
    1390953600000,
    0.109
  ],
  [
    1391040000000,
    0.091
  ],
  [
    1391126400000,
    0.076
  ],
  [
    1391212800000,
    0.072
  ],
  [
    1391299200000,
    0.078
  ],
  [
    1391385600000,
    0.081
  ],
  [
    1391472000000,
    0.078
  ],
  [
    1391558400000,
    0.075
  ],
  [
    1391644800000,
    0.068
  ],
  [
    1391731200000,
    0.087
  ],
  [
    1391817600000,
    0.089
  ],
  [
    1391904000000,
    0.089
  ],
  [
    1391990400000,
    0.08
  ],
  [
    1392076800000,
    0.09
  ],
  [
    1392163200000,
    0.086
  ],
  [
    1392249600000,
    0.088
  ],
  [
    1392336000000,
    0.075
  ],
  [
    1392422400000,
    0.073
  ],
  [
    1392508800000,
    0.084
  ],
  [
    1392595200000,
    0.091
  ],
  [
    1392681600000,
    0.074
  ],
  [
    1392768000000,
    0.078
  ],
  [
    1392854400000,
    0.089
  ],
  [
    1392940800000,
    0.073
  ],
  [
    1393027200000,
    0.074
  ],
  [
    1393113600000,
    0.075
  ],
  [
    1393200000000,
    0.067
  ],
  [
    1393286400000,
    0.084
  ],
  [
    1393372800000,
    0.101
  ],
  [
    1393459200000,
    0.103
  ],
  [
    1393545600000,
    0.08
  ],
  [
    1393632000000,
    0.089
  ],
  [
    1393718400000,
    0.089
  ],
  [
    1393804800000,
    0.097
  ],
  [
    1393891200000,
    0.106
  ],
  [
    1393977600000,
    0.112
  ],
  [
    1394064000000,
    0.114
  ],
  [
    1394150400000,
    0.115
  ],
  [
    1394236800000,
    0.109
  ],
  [
    1394323200000,
    0.107
  ],
  [
    1394409600000,
    0.1
  ],
  [
    1394496000000,
    0.104
  ],
  [
    1394582400000,
    0.103
  ],
  [
    1394668800000,
    0.118
  ],
  [
    1394755200000,
    0.128
  ],
  [
    1394841600000,
    0.099
  ],
  [
    1394928000000,
    0.078
  ],
  [
    1395014400000,
    0.097
  ],
  [
    1395100800000,
    0.111
  ],
  [
    1395187200000,
    0.108
  ],
  [
    1395273600000,
    0.109
  ],
  [
    1395360000000,
    0.101
  ],
  [
    1395446400000,
    0.124
  ],
  [
    1395532800000,
    0.14
  ],
  [
    1395619200000,
    0.126
  ],
  [
    1395705600000,
    0.139
  ],
  [
    1395792000000,
    0.119
  ],
  [
    1395878400000,
    0.119
  ],
  [
    1395964800000,
    0.13
  ],
  [
    1396051200000,
    0.152
  ],
  [
    1396137600000,
    0.142
  ],
  [
    1396220400000,
    0.136
  ],
  [
    1396306800000,
    0.139
  ],
  [
    1396393200000,
    0.14
  ],
  [
    1396479600000,
    0.124
  ],
  [
    1396566000000,
    0.129
  ],
  [
    1396652400000,
    0.132
  ],
  [
    1396738800000,
    0.139
  ],
  [
    1396825200000,
    0.135
  ],
  [
    1396911600000,
    0.146
  ],
  [
    1396998000000,
    0.172
  ],
  [
    1397084400000,
    0.177
  ],
  [
    1397170800000,
    0.182
  ],
  [
    1397257200000,
    0.144
  ],
  [
    1397343600000,
    0.177
  ],
  [
    1397430000000,
    0.187
  ],
  [
    1397516400000,
    0.178
  ],
  [
    1397602800000,
    0.179
  ],
  [
    1397689200000,
    0.162
  ],
  [
    1397775600000,
    0.146
  ],
  [
    1397862000000,
    0.165
  ],
  [
    1397948400000,
    0.144
  ],
  [
    1398034800000,
    0.166
  ],
  [
    1398121200000,
    0.191
  ],
  [
    1398207600000,
    0.221
  ],
  [
    1398294000000,
    0.181
  ],
  [
    1398380400000,
    0.208
  ],
  [
    1398466800000,
    0.241
  ],
  [
    1398553200000,
    0.206
  ],
  [
    1398639600000,
    0.189
  ],
  [
    1398726000000,
    0.188
  ],
  [
    1398812400000,
    0.182
  ],
  [
    1398898800000,
    0.193
  ],
  [
    1398985200000,
    0.197
  ],
  [
    1399071600000,
    0.186
  ],
  [
    1399158000000,
    0.186
  ],
  [
    1399244400000,
    0.176
  ],
  [
    1399330800000,
    0.158
  ],
  [
    1399417200000,
    0.173
  ],
  [
    1399503600000,
    0.177
  ],
  [
    1399590000000,
    0.178
  ],
  [
    1399676400000,
    0.167
  ],
  [
    1399762800000,
    0.146
  ],
  [
    1399849200000,
    0.169
  ],
  [
    1399935600000,
    0.159
  ],
  [
    1400022000000,
    0.151
  ],
  [
    1400108400000,
    0.175
  ],
  [
    1400194800000,
    0.173
  ],
  [
    1400281200000,
    0.164
  ],
  [
    1400367600000,
    0.168
  ],
  [
    1400454000000,
    0.166
  ],
  [
    1400540400000,
    0.171
  ],
  [
    1400626800000,
    0.185
  ],
  [
    1400713200000,
    0.182
  ],
  [
    1400799600000,
    0.174
  ],
  [
    1400886000000,
    0.18
  ],
  [
    1400972400000,
    0.179
  ],
  [
    1401058800000,
    0.179
  ],
  [
    1401145200000,
    0.179
  ],
  [
    1401231600000,
    0.166
  ],
  [
    1401318000000,
    0.156
  ],
  [
    1401404400000,
    0.142
  ],
  [
    1401490800000,
    0.146
  ],
  [
    1401577200000,
    0.139
  ],
  [
    1401663600000,
    0.12
  ],
  [
    1401750000000,
    0.142
  ],
  [
    1401836400000,
    0.108
  ],
  [
    1401922800000,
    0.115
  ],
  [
    1402009200000,
    0.131
  ],
  [
    1402095600000,
    0.134
  ],
  [
    1402182000000,
    0.143
  ],
  [
    1402268400000,
    0.142
  ],
  [
    1402354800000,
    0.14
  ],
  [
    1402441200000,
    0.136
  ],
  [
    1402527600000,
    0.141
  ],
  [
    1402614000000,
    0.142
  ],
  [
    1402700400000,
    0.139
  ],
  [
    1402786800000,
    0.144
  ],
  [
    1402873200000,
    0.143
  ],
  [
    1402959600000,
    0.144
  ],
  [
    1403046000000,
    0.145
  ],
  [
    1403132400000,
    0.123
  ],
  [
    1403218800000,
    0.103
  ],
  [
    1403305200000,
    0.113
  ],
  [
    1403391600000,
    0.117
  ],
  [
    1403478000000,
    0.112
  ],
  [
    1403564400000,
    0.105
  ],
  [
    1403650800000,
    0.1
  ],
  [
    1403737200000,
    0.093
  ],
  [
    1403823600000,
    0.105
  ],
  [
    1403910000000,
    0.106
  ],
  [
    1403996400000,
    0.105
  ],
  [
    1404082800000,
    0.108
  ],
  [
    1404169200000,
    0.137
  ],
  [
    1404255600000,
    0.111
  ],
  [
    1404342000000,
    0.111
  ],
  [
    1404428400000,
    0.123
  ],
  [
    1404514800000,
    0.138
  ],
  [
    1404601200000,
    0.152
  ],
  [
    1404687600000,
    0.153
  ],
  [
    1404774000000,
    0.11
  ],
  [
    1404860400000,
    0.153
  ],
  [
    1404946800000,
    0.142
  ],
  [
    1405033200000,
    0.131
  ],
  [
    1405119600000,
    0.132
  ],
  [
    1405206000000,
    0.15
  ],
  [
    1405292400000,
    0.139
  ],
  [
    1405378800000,
    0.117
  ],
  [
    1405465200000,
    0.104
  ],
  [
    1405551600000,
    0.123
  ],
  [
    1405638000000,
    0.136
  ],
  [
    1405724400000,
    0.128
  ],
  [
    1405810800000,
    0.14
  ],
  [
    1405897200000,
    0.142
  ],
  [
    1405983600000,
    0.134
  ],
  [
    1406070000000,
    0.128
  ],
  [
    1406156400000,
    0.127
  ],
  [
    1406242800000,
    0.132
  ],
  [
    1406329200000,
    0.137
  ],
  [
    1406415600000,
    0.139
  ],
  [
    1406502000000,
    0.143
  ],
  [
    1406588400000,
    0.143
  ],
  [
    1406674800000,
    0.134
  ],
  [
    1406761200000,
    0.139
  ],
  [
    1406847600000,
    0.147
  ],
  [
    1406934000000,
    0.14
  ],
  [
    1407020400000,
    0.145
  ],
  [
    1407106800000,
    0.165
  ],
  [
    1407193200000,
    0.148
  ],
  [
    1407279600000,
    0.137
  ],
  [
    1407366000000,
    0.177
  ],
  [
    1407452400000,
    0.165
  ],
  [
    1407538800000,
    0.163
  ],
  [
    1407625200000,
    0.16
  ],
  [
    1407711600000,
    0.138
  ],
  [
    1407798000000,
    0.155
  ],
  [
    1407884400000,
    0.181
  ],
  [
    1407970800000,
    0.146
  ],
  [
    1408057200000,
    0.158
  ],
  [
    1408143600000,
    0.168
  ],
  [
    1408230000000,
    0.101
  ],
  [
    1408316400000,
    0.118
  ],
  [
    1408402800000,
    0.152
  ],
  [
    1408489200000,
    0.175
  ],
  [
    1408575600000,
    0.188
  ],
  [
    1408662000000,
    0.175
  ],
  [
    1408748400000,
    0.172
  ],
  [
    1408834800000,
    0.185
  ],
  [
    1408921200000,
    0.183
  ],
  [
    1409007600000,
    0.173
  ],
  [
    1409094000000,
    0.167
  ],
  [
    1409180400000,
    0.173
  ],
  [
    1409266800000,
    0.185
  ],
  [
    1409353200000,
    0.217
  ],
  [
    1409439600000,
    0.208
  ],
  [
    1409526000000,
    0.186
  ],
  [
    1409612400000,
    0.212
  ],
  [
    1409698800000,
    0.247
  ],
  [
    1409785200000,
    0.232
  ],
  [
    1409871600000,
    0.186
  ],
  [
    1409958000000,
    0.203
  ],
  [
    1410044400000,
    0.186
  ],
  [
    1410130800000,
    0.17
  ],
  [
    1410217200000,
    0.182
  ],
  [
    1410303600000,
    0.192
  ],
  [
    1410390000000,
    0.184
  ],
  [
    1410476400000,
    0.17
  ],
  [
    1410562800000,
    0.189
  ],
  [
    1410649200000,
    0.205
  ],
  [
    1410735600000,
    0.211
  ],
  [
    1410822000000,
    0.203
  ],
  [
    1410908400000,
    0.206
  ],
  [
    1410994800000,
    0.199
  ],
  [
    1411081200000,
    0.196
  ],
  [
    1411167600000,
    0.165
  ],
  [
    1411254000000,
    0.172
  ],
  [
    1411340400000,
    0.178
  ],
  [
    1411426800000,
    0.183
  ],
  [
    1411513200000,
    0.188
  ],
  [
    1411599600000,
    0.194
  ],
  [
    1411686000000,
    0.172
  ],
  [
    1411772400000,
    0.163
  ],
  [
    1411858800000,
    0.175
  ],
  [
    1411945200000,
    0.167
  ],
  [
    1412031600000,
    0.19
  ],
  [
    1412118000000,
    0.218
  ],
  [
    1412204400000,
    0.298
  ],
  [
    1412290800000,
    0.297
  ],
  [
    1412377200000,
    0.233
  ],
  [
    1412463600000,
    0.244
  ],
  [
    1412550000000,
    0.268
  ],
  [
    1412636400000,
    0.226
  ],
  [
    1412722800000,
    0.209
  ],
  [
    1412809200000,
    0.191
  ],
  [
    1412895600000,
    0.183
  ],
  [
    1412982000000,
    0.202
  ],
  [
    1413068400000,
    0.221
  ],
  [
    1413154800000,
    0.244
  ],
  [
    1413241200000,
    0.251
  ],
  [
    1413327600000,
    0.23
  ],
  [
    1413414000000,
    0.23
  ],
  [
    1413500400000,
    0.201
  ],
  [
    1413586800000,
    0.19
  ],
  [
    1413673200000,
    0.196
  ],
  [
    1413759600000,
    0.186
  ],
  [
    1413846000000,
    0.17
  ],
  [
    1413932400000,
    0.185
  ],
  [
    1414018800000,
    0.206
  ],
  [
    1414105200000,
    0.221
  ],
  [
    1414191600000,
    0.206
  ],
  [
    1414278000000,
    0.2
  ],
  [
    1414368000000,
    0.178
  ],
  [
    1414454400000,
    0.152
  ],
  [
    1414540800000,
    0.215
  ],
  [
    1414627200000,
    0.209
  ],
  [
    1414713600000,
    0.187
  ],
  [
    1414800000000,
    0.167
  ],
  [
    1414886400000,
    0.205
  ],
  [
    1414972800000,
    0.195
  ],
  [
    1415059200000,
    0.213
  ],
  [
    1415145600000,
    0.225
  ],
  [
    1415232000000,
    0.197
  ],
  [
    1415318400000,
    0.216
  ],
  [
    1415404800000,
    0.22
  ],
  [
    1415491200000,
    0.223
  ],
  [
    1415577600000,
    0.232
  ],
  [
    1415664000000,
    0.23
  ],
  [
    1415750400000,
    0.139
  ],
  [
    1415836800000,
    0.141
  ],
  [
    1415923200000,
    0.151
  ],
  [
    1416009600000,
    0.242
  ],
  [
    1416096000000,
    0.17
  ],
  [
    1416182400000,
    0.194
  ],
  [
    1416268800000,
    0.167
  ],
  [
    1416355200000,
    0.253
  ],
  [
    1416441600000,
    0.19
  ],
  [
    1416528000000,
    0.185
  ],
  [
    1416614400000,
    0.142
  ],
  [
    1416700800000,
    0.138
  ],
  [
    1416787200000,
    0.134
  ],
  [
    1416873600000,
    0.158
  ],
  [
    1416960000000,
    0.181
  ],
  [
    1417046400000,
    0.175
  ],
  [
    1417132800000,
    0.155
  ],
  [
    1417219200000,
    0.168
  ],
  [
    1417305600000,
    0.101
  ],
  [
    1417392000000,
    0.12
  ],
  [
    1417478400000,
    0.139
  ],
  [
    1417564800000,
    0.154
  ],
  [
    1417651200000,
    0.175
  ],
  [
    1417737600000,
    0.171
  ],
  [
    1417824000000,
    0.183
  ],
  [
    1417910400000,
    0.154
  ],
  [
    1417996800000,
    0.19
  ],
  [
    1418083200000,
    0.277
  ],
  [
    1418169600000,
    0.224
  ],
  [
    1418256000000,
    0.187
  ],
  [
    1418342400000,
    0.141
  ],
  [
    1418428800000,
    0.144
  ],
  [
    1418515200000,
    0.159
  ],
  [
    1418601600000,
    0.154
  ],
  [
    1418688000000,
    0.147
  ],
  [
    1418774400000,
    0.186
  ],
  [
    1418860800000,
    0.145
  ],
  [
    1418947200000,
    0.159
  ],
  [
    1419033600000,
    0.143
  ],
  [
    1419120000000,
    0.155
  ],
  [
    1419206400000,
    0.148
  ],
  [
    1419292800000,
    0.17
  ],
  [
    1419379200000,
    0.153
  ],
  [
    1419465600000,
    0.186
  ],
  [
    1419552000000,
    0.199
  ],
  [
    1419638400000,
    0.193
  ],
  [
    1419724800000,
    0.193
  ],
  [
    1419811200000,
    0.209
  ],
  [
    1419897600000,
    0.224
  ],
  [
    1419984000000,
    0.212
  ],
  [
    1420070400000,
    0.23
  ],
  [
    1420156800000,
    0.228
  ],
  [
    1420243200000,
    0.228
  ],
  [
    1420329600000,
    0.215
  ],
  [
    1420416000000,
    0.312
  ],
  [
    1420502400000,
    0.237
  ],
  [
    1420588800000,
    0.228
  ],
  [
    1420675200000,
    0.511
  ],
  [
    1420761600000,
    0.221
  ],
  [
    1420848000000,
    0.238
  ],
  [
    1420934400000,
    0.246
  ],
  [
    1421020800000,
    0.211
  ],
  [
    1421107200000,
    0.243
  ],
  [
    1421193600000,
    0.248
  ],
  [
    1421280000000,
    0.244
  ],
  [
    1421366400000,
    0.284
  ],
  [
    1421452800000,
    0.265
  ],
  [
    1421539200000,
    0.246
  ],
  [
    1421625600000,
    0.237
  ],
  [
    1421712000000,
    0.216
  ],
  [
    1421798400000,
    0.239
  ],
  [
    1421884800000,
    0.287
  ],
  [
    1421971200000,
    0.23
  ],
  [
    1422057600000,
    0.276
  ],
  [
    1422144000000,
    0.237
  ],
  [
    1422230400000,
    0.28
  ],
  [
    1422316800000,
    0.243
  ],
  [
    1422403200000,
    0.244
  ],
  [
    1422489600000,
    0.264
  ],
  [
    1422576000000,
    0.242
  ],
  [
    1422662400000,
    0.284
  ],
  [
    1422748800000,
    0.263
  ],
  [
    1422835200000,
    0.277
  ],
  [
    1422921600000,
    0.257
  ],
  [
    1423008000000,
    0.282
  ],
  [
    1423094400000,
    0.257
  ],
  [
    1423180800000,
    0.261
  ],
  [
    1423267200000,
    0.252
  ],
  [
    1423353600000,
    0.276
  ],
  [
    1423440000000,
    0.267
  ],
  [
    1423526400000,
    0.282
  ],
  [
    1423612800000,
    0.273
  ],
  [
    1423699200000,
    0.268
  ],
  [
    1423785600000,
    0.241
  ],
  [
    1423872000000,
    0.286
  ],
  [
    1423958400000,
    0.274
  ],
  [
    1424044800000,
    0.33
  ],
  [
    1424131200000,
    0.271
  ],
  [
    1424217600000,
    0.253
  ],
  [
    1424304000000,
    0.265
  ],
  [
    1424390400000,
    0.274
  ],
  [
    1424476800000,
    0.302
  ],
  [
    1424563200000,
    0.263
  ],
  [
    1424649600000,
    0.28
  ],
  [
    1424736000000,
    0.252
  ],
  [
    1424822400000,
    0.306
  ],
  [
    1424908800000,
    0.362
  ],
  [
    1424995200000,
    0.36
  ],
  [
    1425081600000,
    0.296
  ],
  [
    1425168000000,
    0.292
  ],
  [
    1425254400000,
    0.333
  ],
  [
    1425340800000,
    0.362
  ],
  [
    1425427200000,
    0.313
  ],
  [
    1425513600000,
    0.322
  ],
  [
    1425600000000,
    0.359
  ],
  [
    1425686400000,
    0.351
  ],
  [
    1425772800000,
    0.317
  ],
  [
    1425859200000,
    0.312
  ],
  [
    1425945600000,
    0.342
  ],
  [
    1426032000000,
    0.347
  ],
  [
    1426118400000,
    0.275
  ],
  [
    1426204800000,
    0.261
  ],
  [
    1426291200000,
    0.255
  ],
  [
    1426377600000,
    0.242
  ],
  [
    1426464000000,
    0.203
  ],
  [
    1426550400000,
    0.214
  ],
  [
    1426636800000,
    0.27
  ],
  [
    1426723200000,
    0.238
  ],
  [
    1426809600000,
    0.329
  ],
  [
    1426896000000,
    0.3
  ],
  [
    1426982400000,
    0.264
  ],
  [
    1427068800000,
    0.271
  ],
  [
    1427155200000,
    0.284
  ],
  [
    1427241600000,
    0.296
  ],
  [
    1427328000000,
    0.319
  ],
  [
    1427414400000,
    0.343
  ],
  [
    1427500800000,
    0.305
  ],
  [
    1427587200000,
    0.394
  ],
  [
    1427670000000,
    0.355
  ],
  [
    1427756400000,
    0.33
  ],
  [
    1427842800000,
    0.429
  ],
  [
    1427929200000,
    0.349
  ],
  [
    1428015600000,
    0.366
  ],
  [
    1428102000000,
    0.306
  ],
  [
    1428188400000,
    0.345
  ],
  [
    1428274800000,
    0.43
  ],
  [
    1428361200000,
    0.41
  ],
  [
    1428447600000,
    0.338
  ],
  [
    1428534000000,
    0.361
  ],
  [
    1428620400000,
    0.384
  ],
  [
    1428706800000,
    0.351
  ],
  [
    1428793200000,
    0.332
  ],
  [
    1428879600000,
    0.348
  ],
  [
    1428966000000,
    0.37
  ],
  [
    1429052400000,
    0.4
  ],
  [
    1429138800000,
    0.323
  ],
  [
    1429225200000,
    0.297
  ],
  [
    1429311600000,
    0.328
  ],
  [
    1429398000000,
    0.324
  ],
  [
    1429484400000,
    0.306
  ],
  [
    1429570800000,
    0.292
  ],
  [
    1429657200000,
    0.29
  ],
  [
    1429743600000,
    0.351
  ],
  [
    1429830000000,
    0.411
  ],
  [
    1429916400000,
    0.45
  ],
  [
    1430002800000,
    0.395
  ],
  [
    1430089200000,
    0.293
  ],
  [
    1430175600000,
    0.284
  ],
  [
    1430262000000,
    0.319
  ],
  [
    1430348400000,
    0.329
  ],
  [
    1430434800000,
    0.304
  ],
  [
    1430521200000,
    0.279
  ],
  [
    1430607600000,
    0.363
  ],
  [
    1430694000000,
    0.441
  ],
  [
    1430780400000,
    0.387
  ],
  [
    1430866800000,
    0.41
  ],
  [
    1430953200000,
    0.412
  ],
  [
    1431039600000,
    0.371
  ],
  [
    1431126000000,
    0.368
  ],
  [
    1431212400000,
    0.417
  ],
  [
    1431298800000,
    0.511
  ],
  [
    1431385200000,
    0.398
  ],
  [
    1431471600000,
    0.365
  ],
  [
    1431558000000,
    0.329
  ],
  [
    1431644400000,
    0.437
  ],
  [
    1431730800000,
    0.475
  ],
  [
    1431817200000,
    0.329
  ],
  [
    1431903600000,
    0.329
  ],
  [
    1431990000000,
    0.329
  ],
  [
    1432076400000,
    0.344
  ],
  [
    1432162800000,
    0.447
  ],
  [
    1432249200000,
    0.409
  ],
  [
    1432335600000,
    0.413
  ],
  [
    1432422000000,
    0.446
  ],
  [
    1432508400000,
    0.652
  ],
  [
    1432594800000,
    0.516
  ],
  [
    1432681200000,
    0.299
  ],
  [
    1432767600000,
    0.341
  ],
  [
    1432854000000,
    0.368
  ],
  [
    1432940400000,
    0.417
  ],
  [
    1433026800000,
    0.362
  ],
  [
    1433113200000,
    0.362
  ],
  [
    1433199600000,
    0.359
  ],
  [
    1433286000000,
    0.428
  ],
  [
    1433372400000,
    0.399
  ],
  [
    1433458800000,
    0.359
  ],
  [
    1433545200000,
    0.405
  ],
  [
    1433631600000,
    0.406
  ],
  [
    1433718000000,
    0.346
  ],
  [
    1433804400000,
    0.337
  ],
  [
    1433890800000,
    0.361
  ],
  [
    1433977200000,
    0.345
  ],
  [
    1434063600000,
    0.279
  ],
  [
    1434150000000,
    0.283
  ],
  [
    1434236400000,
    0.327
  ],
  [
    1434322800000,
    0.306
  ],
  [
    1434409200000,
    0.411
  ],
  [
    1434495600000,
    0.4
  ],
  [
    1434582000000,
    0.251
  ],
  [
    1434668400000,
    0.262
  ],
  [
    1434754800000,
    0.34
  ],
  [
    1434841200000,
    0.334
  ],
  [
    1434927600000,
    0.435
  ],
  [
    1435014000000,
    0.465
  ],
  [
    1435100400000,
    0.313
  ],
  [
    1435186800000,
    0.363
  ],
  [
    1435273200000,
    0.36
  ],
  [
    1435359600000,
    0.257
  ],
  [
    1435446000000,
    0.348
  ],
  [
    1435532400000,
    0.338
  ],
  [
    1435618800000,
    0.342
  ],
  [
    1435705200000,
    0.39
  ],
  [
    1435791600000,
    0.445
  ],
  [
    1435878000000,
    0.381
  ],
  [
    1435964400000,
    0.396
  ],
  [
    1436050800000,
    0.434
  ],
  [
    1436137200000,
    0.449
  ],
  [
    1436223600000,
    0.479
  ],
  [
    1436310000000,
    0.446
  ],
  [
    1436396400000,
    0.377
  ],
  [
    1436482800000,
    0.509
  ],
  [
    1436569200000,
    0.544
  ],
  [
    1436655600000,
    0.55
  ],
  [
    1436742000000,
    0.514
  ],
  [
    1436828400000,
    0.455
  ],
  [
    1436914800000,
    0.464
  ],
  [
    1437001200000,
    0.456
  ],
  [
    1437087600000,
    0.538
  ],
  [
    1437174000000,
    0.515
  ],
  [
    1437260400000,
    0.484
  ],
  [
    1437346800000,
    0.589
  ],
  [
    1437433200000,
    0.553
  ],
  [
    1437519600000,
    0.518
  ],
  [
    1437606000000,
    0.407
  ],
  [
    1437692400000,
    0.517
  ],
  [
    1437778800000,
    0.587
  ],
  [
    1437865200000,
    0.461
  ],
  [
    1437951600000,
    0.438
  ],
  [
    1438038000000,
    0.383
  ],
  [
    1438124400000,
    0.448
  ],
  [
    1438210800000,
    0.461
  ],
  [
    1438297200000,
    0.368
  ],
  [
    1438383600000,
    0.38
  ],
  [
    1438470000000,
    0.303
  ],
  [
    1438556400000,
    0.384
  ],
  [
    1438642800000,
    0.486
  ],
  [
    1438729200000,
    0.575
  ],
  [
    1438815600000,
    0.521
  ],
  [
    1438902000000,
    0.39
  ],
  [
    1438988400000,
    0.455
  ],
  [
    1439074800000,
    0.64
  ],
  [
    1439161200000,
    0.443
  ],
  [
    1439247600000,
    0.593
  ],
  [
    1439334000000,
    0.576
  ],
  [
    1439420400000,
    0.433
  ],
  [
    1439506800000,
    0.542
  ],
  [
    1439593200000,
    0.602
  ],
  [
    1439679600000,
    0.627
  ],
  [
    1439766000000,
    2.84
  ],
  [
    1439852400000,
    0.669
  ],
  [
    1439938800000,
    0.504
  ],
  [
    1440025200000,
    0.359
  ],
  [
    1440111600000,
    0.279
  ],
  [
    1440198000000,
    0.266
  ],
  [
    1440284400000,
    0.26
  ],
  [
    1440370800000,
    0.31
  ],
  [
    1440457200000,
    0.39
  ],
  [
    1440543600000,
    0.5
  ],
  [
    1440630000000,
    0.528
  ],
  [
    1440716400000,
    0.4
  ],
  [
    1440802800000,
    0.406
  ],
  [
    1440889200000,
    0.51
  ],
  [
    1440975600000,
    0.392
  ],
  [
    1441062000000,
    0.493
  ],
  [
    1441148400000,
    0.808
  ],
  [
    1441234800000,
    0.787
  ],
  [
    1441321200000,
    0.572
  ],
  [
    1441407600000,
    0.48
  ],
  [
    1441494000000,
    0.509
  ],
  [
    1441580400000,
    0.521
  ],
  [
    1441666800000,
    0.485
  ],
  [
    1441753200000,
    0.36
  ],
  [
    1441839600000,
    0.433
  ],
  [
    1441926000000,
    0.544
  ],
  [
    1442012400000,
    0.443
  ],
  [
    1442098800000,
    0.441
  ],
  [
    1442185200000,
    0.45
  ],
  [
    1442271600000,
    0.57
  ],
  [
    1442358000000,
    0.695
  ],
  [
    1442444400000,
    0.578
  ],
  [
    1442530800000,
    0.549
  ],
  [
    1442617200000,
    0.487
  ],
  [
    1442703600000,
    0.469
  ],
  [
    1442790000000,
    0.522
  ],
  [
    1442876400000,
    0.466
  ],
  [
    1442962800000,
    0.426
  ],
  [
    1443049200000,
    0.473
  ],
  [
    1443135600000,
    0.556
  ],
  [
    1443222000000,
    0.534
  ],
  [
    1443308400000,
    0.533
  ],
  [
    1443394800000,
    0.512
  ],
  [
    1443481200000,
    0.519
  ],
  [
    1443567600000,
    0.473
  ],
  [
    1443654000000,
    0.605
  ],
  [
    1443740400000,
    0.574
  ],
  [
    1443826800000,
    0.558
  ],
  [
    1443913200000,
    0.513
  ],
  [
    1443999600000,
    0.572
  ],
  [
    1444086000000,
    0.736
  ],
  [
    1444172400000,
    0.692
  ],
  [
    1444258800000,
    0.575
  ],
  [
    1444345200000,
    0.553
  ],
  [
    1444431600000,
    0.666
  ],
  [
    1444518000000,
    0.453
  ],
  [
    1444604400000,
    0.695
  ],
  [
    1444690800000,
    0.688
  ],
  [
    1444777200000,
    0.47
  ],
  [
    1444863600000,
    0.516
  ],
  [
    1444950000000,
    0.602
  ],
  [
    1445036400000,
    0.493
  ],
  [
    1445122800000,
    0.47
  ],
  [
    1445209200000,
    0.617
  ],
  [
    1445295600000,
    0.573
  ],
  [
    1445382000000,
    0.477
  ],
  [
    1445468400000,
    0.318
  ],
  [
    1445554800000,
    0.534
  ],
  [
    1445641200000,
    0.542
  ],
  [
    1445727600000,
    0.506
  ],
  [
    1445817600000,
    0.59
  ],
  [
    1445904000000,
    0.57
  ],
  [
    1445990400000,
    0.613
  ],
  [
    1446076800000,
    0.511
  ],
  [
    1446163200000,
    0.661
  ],
  [
    1446249600000,
    0.516
  ],
  [
    1446336000000,
    0.526
  ],
  [
    1446422400000,
    0.686
  ],
  [
    1446508800000,
    0.615
  ],
  [
    1446595200000,
    0.759
  ],
  [
    1446681600000,
    0.666
  ],
  [
    1446768000000,
    0.791
  ],
  [
    1446854400000,
    0.778
  ],
  [
    1446940800000,
    0.718
  ],
  [
    1447027200000,
    0.76
  ],
  [
    1447113600000,
    0.925
  ],
  [
    1447200000000,
    0.951
  ],
  [
    1447286400000,
    0.865
  ],
  [
    1447459200000,
    0.601
  ],
  [
    1447545600000,
    0.601
  ],
  [
    1447632000000,
    0.689
  ],
  [
    1447718400000,
    0.637
  ],
  [
    1447804800000,
    0.631
  ],
  [
    1447891200000,
    0.662
  ],
  [
    1447977600000,
    0.696
  ],
  [
    1448064000000,
    0.763
  ],
  [
    1448150400000,
    0.436
  ],
  [
    1448236800000,
    0.997
  ],
  [
    1448323200000,
    0.987
  ],
  [
    1448409600000,
    1.015
  ],
  [
    1448496000000,
    1.015
  ],
  [
    1448582400000,
    0.739
  ],
  [
    1448668800000,
    0.814
  ],
  [
    1448755200000,
    0.771
  ],
  [
    1448841600000,
    0.737
  ],
  [
    1448928000000,
    0.777
  ],
  [
    1449014400000,
    0.924
  ],
  [
    1449100800000,
    1.292
  ],
  [
    1449187200000,
    0.96
  ],
  [
    1449273600000,
    1.19
  ],
  [
    1449360000000,
    0.972
  ],
  [
    1449446400000,
    0.853
  ],
  [
    1449532800000,
    0.917
  ],
  [
    1449619200000,
    0.879
  ],
  [
    1449792000000,
    0.806
  ],
  [
    1449878400000,
    0.846
  ],
  [
    1449964800000,
    0.843
  ],
  [
    1450051200000,
    1.017
  ],
  [
    1450137600000,
    0.848
  ],
  [
    1450224000000,
    0.928
  ],
  [
    1450310400000,
    1.001
  ],
  [
    1450396800000,
    0.923
  ],
  [
    1450483200000,
    0.875
  ],
  [
    1450569600000,
    0.845
  ],
  [
    1450656000000,
    0.752
  ],
  [
    1450742400000,
    0.81
  ],
  [
    1450828800000,
    0.775
  ],
  [
    1450915200000,
    0.752
  ],
  [
    1451001600000,
    0.724
  ],
  [
    1451088000000,
    1.091
  ],
  [
    1451174400000,
    0.889
  ],
  [
    1451260800000,
    0.867
  ],
  [
    1451347200000,
    0.879
  ],
  [
    1451520000000,
    1.134
  ],
  [
    1451606400000,
    0.612
  ],
  [
    1451692800000,
    0.735
  ],
  [
    1451865600000,
    0.717
  ],
  [
    1451952000000,
    0.777
  ],
  [
    1452124800000,
    0.685
  ],
  [
    1452211200000,
    0.748
  ],
  [
    1452297600000,
    0.686
  ],
  [
    1452384000000,
    0.713
  ],
  [
    1452470400000,
    0.924
  ],
  [
    1452556800000,
    0.955
  ],
  [
    1452643200000,
    0.915
  ],
  [
    1452729600000,
    0.952
  ],
  [
    1452816000000,
    1.009
  ],
  [
    1452988800000,
    0.822
  ],
  [
    1453075200000,
    0.755
  ],
  [
    1453161600000,
    0.949
  ],
  [
    1453248000000,
    1.002
  ],
  [
    1453334400000,
    0.985
  ],
  [
    1453420800000,
    0.934
  ],
  [
    1453507200000,
    0.966
  ],
  [
    1453593600000,
    1.134
  ],
  [
    1453680000000,
    1.035
  ],
  [
    1453766400000,
    0.996
  ],
  [
    1453852800000,
    0.754
  ],
  [
    1454025600000,
    0.82
  ],
  [
    1454112000000,
    0.795
  ],
  [
    1454198400000,
    0.923
  ],
  [
    1454284800000,
    0.848
  ],
  [
    1454371200000,
    0.801
  ],
  [
    1454457600000,
    0.884
  ],
  [
    1454544000000,
    1.008
  ],
  [
    1454630400000,
    0.802
  ],
  [
    1454716800000,
    0.887
  ],
  [
    1454803200000,
    0.908
  ],
  [
    1454889600000,
    0.799
  ],
  [
    1454976000000,
    0.868
  ],
  [
    1455062400000,
    0.767
  ],
  [
    1455148800000,
    0.758
  ],
  [
    1455235200000,
    0.651
  ],
  [
    1455321600000,
    0.649
  ],
  [
    1455408000000,
    0.72
  ],
  [
    1455494400000,
    0.63
  ],
  [
    1455580800000,
    0.651
  ],
  [
    1455667200000,
    0.716
  ],
  [
    1455753600000,
    0.64
  ],
  [
    1455840000000,
    0.605
  ],
  [
    1455926400000,
    0.648
  ],
  [
    1456012800000,
    0.654
  ],
  [
    1456099200000,
    0.561
  ],
  [
    1456185600000,
    0.641
  ],
  [
    1456272000000,
    0.651
  ],
  [
    1456358400000,
    0.697
  ],
  [
    1456444800000,
    0.68
  ],
  [
    1456531200000,
    0.594
  ],
  [
    1456617600000,
    0.756
  ],
  [
    1456790400000,
    0.631
  ],
  [
    1456876800000,
    0.564
  ],
  [
    1456963200000,
    0.747
  ],
  [
    1457049600000,
    0.779
  ],
  [
    1457136000000,
    1.016
  ],
  [
    1457222400000,
    0.985
  ],
  [
    1457308800000,
    0.921
  ],
  [
    1457395200000,
    1.127
  ],
  [
    1457481600000,
    1.024
  ],
  [
    1457568000000,
    1.05
  ],
  [
    1457654400000,
    1.03
  ],
  [
    1457740800000,
    1.234
  ],
  [
    1457827200000,
    1.112
  ],
  [
    1457913600000,
    1.196
  ],
  [
    1458086400000,
    1.17
  ],
  [
    1458172800000,
    1.31
  ],
  [
    1458259200000,
    1.121
  ],
  [
    1458345600000,
    1.35
  ],
  [
    1458518400000,
    1.059
  ],
  [
    1458604800000,
    1.031
  ],
  [
    1458691200000,
    0.998
  ],
  [
    1458777600000,
    1.149
  ],
  [
    1458864000000,
    0.935
  ],
  [
    1458950400000,
    1.039
  ],
  [
    1459036800000,
    1.163
  ],
  [
    1459119600000,
    1.144
  ],
  [
    1459206000000,
    1.61
  ],
  [
    1459292400000,
    0.973
  ],
  [
    1459378800000,
    1.388
  ],
  [
    1459465200000,
    1.244
  ],
  [
    1459551600000,
    1.63
  ],
  [
    1459638000000,
    2.129
  ],
  [
    1459724400000,
    1.512
  ],
  [
    1459810800000,
    1.167
  ],
  [
    1459983600000,
    1.517
  ],
  [
    1460070000000,
    1.575
  ],
  [
    1460156400000,
    1.867
  ],
  [
    1460242800000,
    1.556
  ],
  [
    1460329200000,
    1.354
  ],
  [
    1460415600000,
    0.94
  ],
  [
    1460502000000,
    1.302
  ],
  [
    1460588400000,
    1.176
  ],
  [
    1460674800000,
    1.202
  ],
  [
    1460761200000,
    1.307
  ],
  [
    1460847600000,
    1.688
  ],
  [
    1460934000000,
    1.568
  ],
  [
    1461020400000,
    1.492
  ],
  [
    1461106800000,
    1.344
  ],
  [
    1461193200000,
    1.261
  ],
  [
    1461279600000,
    1.381
  ],
  [
    1461366000000,
    1.253
  ],
  [
    1461452400000,
    1.192
  ],
  [
    1461538800000,
    1.253
  ],
  [
    1461625200000,
    1.392
  ],
  [
    1461711600000,
    1.486
  ],
  [
    1461798000000,
    1.3
  ],
  [
    1461884400000,
    1.318
  ],
  [
    1461970800000,
    1.686
  ],
  [
    1462057200000,
    1.531
  ],
  [
    1462143600000,
    1.423
  ],
  [
    1462230000000,
    1.141
  ],
  [
    1462316400000,
    1.36
  ],
  [
    1462402800000,
    1.02
  ],
  [
    1462489200000,
    1.135
  ],
  [
    1462575600000,
    1.153
  ],
  [
    1462662000000,
    1.422
  ],
  [
    1462834800000,
    1.15
  ],
  [
    1463007600000,
    1.321
  ],
  [
    1463094000000,
    1.258
  ],
  [
    1463180400000,
    1.021
  ],
  [
    1463353200000,
    1.574
  ],
  [
    1463439600000,
    1.454
  ],
  [
    1463526000000,
    1.7
  ],
  [
    1463612400000,
    1.649
  ],
  [
    1463785200000,
    1.6
  ],
  [
    1463871600000,
    1.54
  ],
  [
    1464044400000,
    0.925
  ],
  [
    1464130800000,
    0.656
  ],
  [
    1464217200000,
    0.968
  ],
  [
    1464303600000,
    1.305
  ],
  [
    1464390000000,
    1.128
  ],
  [
    1464476400000,
    1.147
  ],
  [
    1464562800000,
    1.434
  ],
  [
    1464649200000,
    1.224
  ],
  [
    1464735600000,
    1.197
  ],
  [
    1464822000000,
    1.3
  ],
  [
    1464908400000,
    1.285
  ],
  [
    1464994800000,
    1.223
  ],
  [
    1465081200000,
    1.263
  ],
  [
    1465167600000,
    1.314
  ],
  [
    1465254000000,
    1.265
  ],
  [
    1465340400000,
    1.327
  ],
  [
    1465426800000,
    3.755
  ],
  [
    1465513200000,
    1.311
  ],
  [
    1465599600000,
    1.284
  ],
  [
    1465686000000,
    2.983
  ],
  [
    1465772400000,
    4.229
  ],
  [
    1465858800000,
    3.815
  ],
  [
    1465945200000,
    2.918
  ],
  [
    1466031600000,
    2.556
  ],
  [
    1466118000000,
    2.749
  ],
  [
    1466204400000,
    2.987
  ],
  [
    1466290800000,
    2.735
  ],
  [
    1466377200000,
    1.754
  ],
  [
    1466463600000,
    2.067
  ],
  [
    1466550000000,
    1.97
  ],
  [
    1466636400000,
    1.932
  ],
  [
    1466722800000,
    1.591
  ],
  [
    1466809200000,
    1.613
  ],
  [
    1466895600000,
    1.85
  ],
  [
    1466982000000,
    1.756
  ],
  [
    1467068400000,
    1.523
  ],
  [
    1467154800000,
    1.385
  ],
  [
    1467241200000,
    1.482
  ],
  [
    1467327600000,
    1.4
  ],
  [
    1467414000000,
    1.469
  ],
  [
    1467500400000,
    1.35
  ],
  [
    1467586800000,
    1.455
  ],
  [
    1467673200000,
    1.585
  ],
  [
    1467846000000,
    1.448
  ],
  [
    1467932400000,
    1.299
  ],
  [
    1468018800000,
    1.294
  ],
  [
    1468105200000,
    1.393
  ],
  [
    1468191600000,
    1.414
  ],
  [
    1468278000000,
    2.058
  ],
  [
    1468364400000,
    1.709
  ],
  [
    1468450800000,
    1.7
  ],
  [
    1468537200000,
    1.651
  ],
  [
    1468623600000,
    1.27
  ],
  [
    1468710000000,
    1.509
  ],
  [
    1468796400000,
    1.678
  ],
  [
    1468882800000,
    1.821
  ],
  [
    1468969200000,
    1.77
  ],
  [
    1469055600000,
    1.596
  ],
  [
    1469142000000,
    1.714
  ],
  [
    1469228400000,
    1.734
  ],
  [
    1469314800000,
    1.26
  ],
  [
    1469401200000,
    1.597
  ],
  [
    1469487600000,
    1.412
  ],
  [
    1469574000000,
    1.565
  ],
  [
    1469660400000,
    1.854
  ],
  [
    1469746800000,
    1.426
  ],
  [
    1469833200000,
    1.415
  ],
  [
    1469919600000,
    1.611
  ],
  [
    1470006000000,
    1.748
  ],
  [
    1470178800000,
    1.653
  ],
  [
    1470265200000,
    1.543
  ],
  [
    1470351600000,
    1.769
  ],
  [
    1470438000000,
    1.793
  ],
  [
    1470783600000,
    1.683
  ],
  [
    1470870000000,
    1.408
  ],
  [
    1470956400000,
    1.056
  ],
  [
    1471129200000,
    1.257
  ],
  [
    1471215600000,
    1.331
  ],
  [
    1471302000000,
    1.51
  ],
  [
    1471388400000,
    1.734
  ],
  [
    1471474800000,
    1.741
  ],
  [
    1471561200000,
    1.552
  ],
  [
    1471647600000,
    1.759
  ],
  [
    1471734000000,
    1.528
  ],
  [
    1471820400000,
    1.45
  ],
  [
    1471906800000,
    1.335
  ],
  [
    1472079600000,
    1.4
  ],
  [
    1472252400000,
    1.43
  ],
  [
    1472338800000,
    1.396
  ],
  [
    1472425200000,
    1.452
  ],
  [
    1472511600000,
    1.264
  ],
  [
    1472598000000,
    1.427
  ],
  [
    1472857200000,
    1.198
  ],
  [
    1472943600000,
    1.213
  ],
  [
    1473030000000,
    1.225
  ],
  [
    1473116400000,
    1.375
  ],
  [
    1473202800000,
    1.16
  ],
  [
    1473289200000,
    1
  ],
  [
    1473375600000,
    1.145
  ],
  [
    1473462000000,
    1.182
  ],
  [
    1473548400000,
    1.195
  ],
  [
    1473634800000,
    1.122
  ],
  [
    1473721200000,
    1.045
  ],
  [
    1473894000000,
    1.016
  ],
  [
    1473980400000,
    1.113
  ],
  [
    1474066800000,
    1.134
  ],
  [
    1474153200000,
    1.049
  ],
  [
    1474239600000,
    1.138
  ],
  [
    1474326000000,
    1.122
  ],
  [
    1474412400000,
    1.195
  ],
  [
    1474498800000,
    1.148
  ],
  [
    1474585200000,
    1.235
  ],
  [
    1474671600000,
    1.221
  ],
  [
    1474758000000,
    1.28
  ],
  [
    1474844400000,
    1.289
  ],
  [
    1474930800000,
    1.354
  ],
  [
    1475103600000,
    1.455
  ],
  [
    1475276400000,
    1.077
  ],
  [
    1475362800000,
    1.464
  ],
  [
    1475535600000,
    1.313
  ],
  [
    1475622000000,
    1.413
  ],
  [
    1475708400000,
    1.285
  ],
  [
    1475881200000,
    1.473
  ],
  [
    1475967600000,
    1.132
  ],
  [
    1476054000000,
    1.348
  ],
  [
    1476140400000,
    1.35
  ],
  [
    1476226800000,
    3.3
  ],
  [
    1476313200000,
    1.406
  ],
  [
    1476486000000,
    1.148
  ],
  [
    1476572400000,
    1.461
  ],
  [
    1476658800000,
    1.16
  ],
  [
    1476745200000,
    1.196
  ],
  [
    1476831600000,
    1.148
  ],
  [
    1477004400000,
    1.314
  ],
  [
    1477090800000,
    1.203
  ],
  [
    1477263600000,
    1.205
  ],
  [
    1477350000000,
    0.957
  ],
  [
    1477522800000,
    0.928
  ],
  [
    1477609200000,
    4.753
  ],
  [
    1477695600000,
    1.063
  ],
  [
    1477782000000,
    0.968
  ],
  [
    1478131200000,
    1.09
  ],
  [
    1478217600000,
    0.945
  ],
  [
    1478304000000,
    1.02
  ],
  [
    1478390400000,
    0.78
  ],
  [
    1478476800000,
    1.08
  ],
  [
    1478563200000,
    1.081
  ],
  [
    1478649600000,
    1.092
  ],
  [
    1478736000000,
    1.089
  ],
  [
    1478822400000,
    0.99
  ],
  [
    1478908800000,
    1.119
  ],
  [
    1478995200000,
    0.995
  ],
  [
    1479168000000,
    0.845
  ],
  [
    1479340800000,
    1.22
  ],
  [
    1479427200000,
    1.229
  ],
  [
    1479513600000,
    1.16
  ],
  [
    1479600000000,
    1.251
  ],
  [
    1479686400000,
    1.314
  ],
  [
    1479772800000,
    1.27
  ],
  [
    1479859200000,
    1.908
  ],
  [
    1479945600000,
    1.149
  ],
  [
    1480032000000,
    1.154
  ],
  [
    1480118400000,
    1.144
  ],
  [
    1480204800000,
    1.048
  ],
  [
    1480291200000,
    1.074
  ],
  [
    1480377600000,
    1.16
  ],
  [
    1480464000000,
    1.17
  ],
  [
    1480550400000,
    1.136
  ],
  [
    1480636800000,
    1.199
  ],
  [
    1480723200000,
    1.21
  ],
  [
    1480809600000,
    1.207
  ],
  [
    1480896000000,
    1.22
  ],
  [
    1480982400000,
    1.239
  ],
  [
    1481068800000,
    1.08
  ],
  [
    1481155200000,
    1
  ],
  [
    1481241600000,
    1.153
  ],
  [
    1481328000000,
    1.276
  ],
  [
    1481414400000,
    1.11
  ],
  [
    1481587200000,
    1.187
  ],
  [
    1481673600000,
    0.824
  ],
  [
    1481760000000,
    1
  ],
  [
    1481846400000,
    1.162
  ],
  [
    1481932800000,
    1.109
  ],
  [
    1482019200000,
    1.198
  ],
  [
    1482105600000,
    1.148
  ],
  [
    1482278400000,
    1.085
  ],
  [
    1482364800000,
    0.953
  ],
  [
    1482451200000,
    1.019
  ],
  [
    1482537600000,
    1.016
  ],
  [
    1482624000000,
    1.06
  ],
  [
    1482710400000,
    1.084
  ],
  [
    1482796800000,
    0.988
  ],
  [
    1482883200000,
    0.985
  ],
  [
    1482969600000,
    1.422
  ],
  [
    1483056000000,
    0.971
  ],
  [
    1483142400000,
    0.945
  ],
  [
    1483228800000,
    1.069
  ],
  [
    1483315200000,
    0.972
  ],
  [
    1483401600000,
    1.037
  ],
  [
    1483574400000,
    1.138
  ],
  [
    1483660800000,
    1.06
  ],
  [
    1483747200000,
    0.849
  ],
  [
    1483833600000,
    1.015
  ],
  [
    1483920000000,
    0.89
  ],
  [
    1484006400000,
    0.857
  ],
  [
    1484092800000,
    1.012
  ],
  [
    1484179200000,
    1.042
  ],
  [
    1484265600000,
    1.212
  ],
  [
    1484352000000,
    1.044
  ],
  [
    1484438400000,
    0.957
  ],
  [
    1484524800000,
    0.967
  ],
  [
    1484611200000,
    0.904
  ],
  [
    1484697600000,
    1.057
  ],
  [
    1484870400000,
    0.97
  ],
  [
    1484956800000,
    1.064
  ],
  [
    1485043200000,
    0.95
  ],
  [
    1485129600000,
    1.041
  ],
  [
    1485216000000,
    1.047
  ],
  [
    1485475200000,
    0.891
  ],
  [
    1485561600000,
    1.036
  ],
  [
    1485648000000,
    0.821
  ],
  [
    1485734400000,
    1.034
  ],
  [
    1485820800000,
    0.942
  ],
  [
    1485907200000,
    1
  ],
  [
    1486080000000,
    1.05
  ],
  [
    1486166400000,
    0.923
  ],
  [
    1486252800000,
    1.006
  ],
  [
    1486339200000,
    0.942
  ],
  [
    1486425600000,
    1.011
  ],
  [
    1486684800000,
    0.98
  ],
  [
    1486771200000,
    1.019
  ],
  [
    1486944000000,
    0.939
  ],
  [
    1487030400000,
    1.026
  ],
  [
    1487203200000,
    1.079
  ],
  [
    1487289600000,
    1.002
  ],
  [
    1487376000000,
    1.096
  ],
  [
    1487462400000,
    0.969
  ],
  [
    1487548800000,
    0.998
  ],
  [
    1487635200000,
    1.026
  ],
  [
    1487721600000,
    2.01
  ],
  [
    1487808000000,
    1.037
  ],
  [
    1487894400000,
    0.974
  ],
  [
    1487980800000,
    0.933
  ],
  [
    1488067200000,
    0.974
  ],
  [
    1488153600000,
    0.91
  ],
  [
    1488240000000,
    0.905
  ],
  [
    1488326400000,
    1.089
  ],
  [
    1488412800000,
    1.235
  ],
  [
    1488499200000,
    1.206
  ],
  [
    1488672000000,
    1.164
  ],
  [
    1488758400000,
    1.06
  ],
  [
    1488844800000,
    1.477
  ],
  [
    1488931200000,
    1.311
  ],
  [
    1489017600000,
    1.528
  ],
  [
    1489104000000,
    1.755
  ],
  [
    1489276800000,
    1.44
  ],
  [
    1489363200000,
    1.44
  ],
  [
    1489449600000,
    1.619
  ],
  [
    1489536000000,
    1.519
  ],
  [
    1489622400000,
    2
  ],
  [
    1489708800000,
    1.29
  ],
  [
    1489795200000,
    1.029
  ],
  [
    1489881600000,
    1.097
  ],
  [
    1489968000000,
    1.12
  ],
  [
    1490054400000,
    1.166
  ],
  [
    1490140800000,
    1.124
  ],
  [
    1490227200000,
    1.162
  ],
  [
    1490400000000,
    1.155
  ],
  [
    1490569200000,
    1.06
  ],
  [
    1490655600000,
    1.064
  ],
  [
    1490742000000,
    0.979
  ],
  [
    1490914800000,
    0.899
  ],
  [
    1491001200000,
    1.245
  ],
  [
    1491087600000,
    1.189
  ],
  [
    1491174000000,
    1.198
  ],
  [
    1491260400000,
    1.394
  ],
  [
    1491433200000,
    0.89
  ],
  [
    1491519600000,
    0.89
  ],
  [
    1491692400000,
    1.251
  ],
  [
    1491778800000,
    1.22
  ],
  [
    1491951600000,
    0.84
  ],
  [
    1492038000000,
    1.218
  ],
  [
    1492124400000,
    0.72
  ],
  [
    1492210800000,
    0.88
  ],
  [
    1492297200000,
    0.987
  ],
  [
    1492383600000,
    1.24
  ],
  [
    1492470000000,
    2.082
  ],
  [
    1492556400000,
    1.626
  ],
  [
    1492642800000,
    0.992
  ],
  [
    1492729200000,
    1.23
  ],
  [
    1492815600000,
    1.432
  ],
  [
    1492902000000,
    1.73
  ],
  [
    1492988400000,
    1.72
  ],
  [
    1493074800000,
    1.679
  ],
  [
    1493247600000,
    1.458
  ],
  [
    1493334000000,
    1.464
  ],
  [
    1493420400000,
    1.25
  ],
  [
    1493506800000,
    1.31
  ],
  [
    1493593200000,
    1.08
  ],
  [
    1493679600000,
    1.156
  ],
  [
    1493766000000,
    2.207
  ],
  [
    1493852400000,
    2.04
  ],
  [
    1494025200000,
    0.94
  ],
  [
    1494111600000,
    1.528
  ],
  [
    1494198000000,
    1.685
  ],
  [
    1494284400000,
    1.239
  ],
  [
    1494370800000,
    1.141
  ],
  [
    1494457200000,
    1.117
  ],
  [
    1494543600000,
    1.211
  ],
  [
    1494889200000,
    1.557
  ],
  [
    1494975600000,
    1.56
  ],
  [
    1495062000000,
    1.12
  ],
  [
    1495148400000,
    1.675
  ],
  [
    1495234800000,
    1.392
  ],
  [
    1495321200000,
    1.76
  ],
  [
    1495494000000,
    1.568
  ],
  [
    1495666800000,
    1.01
  ],
  [
    1495753200000,
    1.568
  ],
  [
    1495839600000,
    2.44
  ],
  [
    1496012400000,
    1.849
  ],
  [
    1496098800000,
    1.35
  ],
  [
    1496185200000,
    1.222
  ],
  [
    1496271600000,
    1.174
  ],
  [
    1496444400000,
    1.29
  ],
  [
    1496530800000,
    1.427
  ],
  [
    1496617200000,
    1.534
  ],
  [
    1496703600000,
    1.612
  ],
  [
    1496790000000,
    1.725
  ],
  [
    1496876400000,
    1.313
  ],
  [
    1496962800000,
    1.55
  ],
  [
    1497049200000,
    1.407
  ],
  [
    1497135600000,
    1.254
  ],
  [
    1497222000000,
    1.18
  ],
  [
    1497308400000,
    1.245
  ],
  [
    1497481200000,
    1.35
  ],
  [
    1497567600000,
    1.381
  ],
  [
    1497654000000,
    1.3
  ],
  [
    1497740400000,
    1.16
  ],
  [
    1497999600000,
    1.317
  ],
  [
    1498086000000,
    1.125
  ],
  [
    1498172400000,
    0.799
  ],
  [
    1498258800000,
    1.161
  ],
  [
    1498345200000,
    1.16
  ],
  [
    1498431600000,
    1.205
  ],
  [
    1498518000000,
    1
  ],
  [
    1498777200000,
    1.173
  ],
  [
    1498863600000,
    0.66
  ],
  [
    1499036400000,
    0.673
  ],
  [
    1499122800000,
    1.09
  ],
  [
    1499209200000,
    1.77
  ],
  [
    1499295600000,
    0.989
  ],
  [
    1499382000000,
    1.01
  ],
  [
    1499468400000,
    1.069
  ],
  [
    1499641200000,
    1.083
  ],
  [
    1499727600000,
    1.143
  ],
  [
    1499814000000,
    1.15
  ],
  [
    1499900400000,
    1.246
  ],
  [
    1500159600000,
    1.297
  ],
  [
    1500246000000,
    1.12
  ],
  [
    1500332400000,
    1.208
  ],
  [
    1500418800000,
    0.95
  ],
  [
    1500505200000,
    1.175
  ],
  [
    1500591600000,
    1.175
  ],
  [
    1500850800000,
    1.287
  ],
  [
    1500937200000,
    1.287
  ],
  [
    1501023600000,
    1.379
  ],
  [
    1501196400000,
    1.38
  ],
  [
    1501369200000,
    1.628
  ],
  [
    1501455600000,
    3.295
  ],
  [
    1501542000000,
    1.419
  ],
  [
    1501628400000,
    5.919
  ],
  [
    1501714800000,
    1.397
  ],
  [
    1501801200000,
    1.516
  ],
  [
    1501887600000,
    1.196
  ],
  [
    1501974000000,
    1.542
  ],
  [
    1502060400000,
    1.56
  ],
  [
    1502146800000,
    1.654
  ],
  [
    1502319600000,
    1.68
  ],
  [
    1502406000000,
    1.653
  ],
  [
    1502492400000,
    1.38
  ],
  [
    1502578800000,
    1.669
  ],
  [
    1502665200000,
    1.581
  ],
  [
    1503097200000,
    1.65
  ],
  [
    1503183600000,
    1.627
  ],
  [
    1503270000000,
    1.3
  ],
  [
    1503615600000,
    1.777
  ],
  [
    1503702000000,
    1.751
  ],
  [
    1503788400000,
    1.462
  ],
  [
    1503874800000,
    1.651
  ],
  [
    1503961200000,
    4.268
  ],
  [
    1504047600000,
    1.491
  ],
  [
    1504134000000,
    1.43
  ],
  [
    1504306800000,
    1
  ],
  [
    1504393200000,
    1.386
  ],
  [
    1504566000000,
    1.364
  ],
  [
    1504652400000,
    6.836
  ],
  [
    1504738800000,
    1.375
  ],
  [
    1504825200000,
    1.564
  ],
  [
    1504911600000,
    1.503
  ],
  [
    1504998000000,
    1.21
  ],
  [
    1505084400000,
    1.34
  ],
  [
    1505257200000,
    1.3
  ],
  [
    1505516400000,
    1.15
  ],
  [
    1505602800000,
    1.352
  ],
  [
    1505689200000,
    1.321
  ],
  [
    1505775600000,
    1.443
  ],
  [
    1505862000000,
    1.374
  ],
  [
    1506034800000,
    1.03
  ],
  [
    1506121200000,
    2.533
  ],
  [
    1506294000000,
    1.453
  ],
  [
    1506466800000,
    1.3
  ],
  [
    1506553200000,
    3.86
  ],
  [
    1506639600000,
    1.256
  ],
  [
    1506726000000,
    1.309
  ],
  [
    1506898800000,
    3.348
  ],
  [
    1506985200000,
    1.282
  ],
  [
    1507071600000,
    1.134
  ],
  [
    1507158000000,
    1.185
  ],
  [
    1507330800000,
    1.64
  ],
  [
    1507417200000,
    1.33
  ],
  [
    1507590000000,
    1.207
  ],
  [
    1507762800000,
    1.413
  ],
  [
    1507849200000,
    1.468
  ],
  [
    1507935600000,
    1.392
  ],
  [
    1508108400000,
    1.588
  ],
  [
    1508454000000,
    1.53
  ],
  [
    1508540400000,
    1.389
  ],
  [
    1508626800000,
    1.525
  ],
  [
    1508713200000,
    1.64
  ],
  [
    1509058800000,
    1.544
  ],
  [
    1509231600000,
    1.422
  ],
  [
    1509408000000,
    1.467
  ],
  [
    1509494400000,
    1.57
  ],
  [
    1509580800000,
    1.607
  ],
  [
    1509667200000,
    0.66
  ],
  [
    1509840000000,
    1.178
  ],
  [
    1509926400000,
    0.65
  ],
  [
    1510012800000,
    2.165
  ],
  [
    1510099200000,
    1.544
  ],
  [
    1510272000000,
    1.284
  ],
  [
    1510358400000,
    1.282
  ],
  [
    1510444800000,
    1.386
  ],
  [
    1510531200000,
    1.353
  ],
  [
    1510617600000,
    1.465
  ],
  [
    1510704000000,
    1.574
  ],
  [
    1510963200000,
    1
  ],
  [
    1511136000000,
    1.296
  ],
  [
    1511222400000,
    1.42
  ],
  [
    1511308800000,
    1.564
  ],
  [
    1511481600000,
    1.173
  ],
  [
    1511568000000,
    1.04
  ],
  [
    1511654400000,
    1.56
  ],
  [
    1511827200000,
    1.04
  ],
  [
    1511913600000,
    1.175
  ],
  [
    1512000000000,
    1.04
  ],
  [
    1512172800000,
    1.01
  ],
  [
    1512259200000,
    1.135
  ],
  [
    1512518400000,
    1.372
  ],
  [
    1512604800000,
    1.227
  ],
  [
    1512691200000,
    1.26
  ],
  [
    1512950400000,
    1.138
  ],
  [
    1513123200000,
    1
  ],
  [
    1513382400000,
    0.989
  ],
  [
    1513468800000,
    1.061
  ],
  [
    1513814400000,
    1.012
  ],
  [
    1513987200000,
    1.172
  ],
  [
    1514160000000,
    1.085
  ],
  [
    1514419200000,
    1.035
  ],
  [
    1514505600000,
    1.119
  ],
  [
    1514592000000,
    0.877
  ],
  [
    1514937600000,
    1.033
  ],
  [
    1515110400000,
    1.025
  ],
  [
    1515283200000,
    1.095
  ],
  [
    1515369600000,
    1.2
  ],
  [
    1515456000000,
    1.367
  ],
  [
    1515542400000,
    1.275
  ],
  [
    1515715200000,
    1.215
  ],
  [
    1515974400000,
    1.058
  ],
  [
    1516147200000,
    1.136
  ],
  [
    1516233600000,
    1.113
  ],
  [
    1516320000000,
    1.15
  ],
  [
    1516406400000,
    1.051
  ],
  [
    1516492800000,
    1.003
  ],
  [
    1516579200000,
    1.45
  ],
  [
    1516665600000,
    1.374
  ],
  [
    1516752000000,
    1.476
  ],
  [
    1516838400000,
    1.361
  ],
  [
    1516924800000,
    1.577
  ],
  [
    1517011200000,
    1.11
  ],
  [
    1517184000000,
    1.696
  ],
  [
    1517443200000,
    1.266
  ],
  [
    1517529600000,
    1.547
  ],
  [
    1517702400000,
    2.147
  ],
  [
    1517788800000,
    1.559
  ],
  [
    1517875200000,
    1.55
  ],
  [
    1517961600000,
    1.557
  ],
  [
    1518048000000,
    1.55
  ],
  [
    1518220800000,
    5.448
  ],
  [
    1518307200000,
    1.495
  ],
  [
    1518480000000,
    1.381
  ],
  [
    1518566400000,
    1.253
  ],
  [
    1518652800000,
    1.415
  ],
  [
    1518912000000,
    1.768
  ],
  [
    1518998400000,
    1.5
  ],
  [
    1519171200000,
    1.23
  ],
  [
    1519257600000,
    1.12
  ],
  [
    1519344000000,
    1.36
  ],
  [
    1519430400000,
    1.213
  ],
  [
    1519516800000,
    1.143
  ],
  [
    1519603200000,
    1.115
  ],
  [
    1519689600000,
    1.115
  ],
  [
    1519776000000,
    1.284
  ],
  [
    1519862400000,
    1.24
  ],
  [
    1519948800000,
    1.249
  ],
  [
    1520121600000,
    1.266
  ],
  [
    1520208000000,
    1
  ],
  [
    1520294400000,
    1.169
  ],
  [
    1520467200000,
    1.247
  ],
  [
    1520553600000,
    1.266
  ],
  [
    1520640000000,
    1.266
  ],
  [
    1521072000000,
    1.278
  ],
  [
    1521158400000,
    1.322
  ],
  [
    1521331200000,
    1.479
  ],
  [
    1521417600000,
    1.609
  ],
  [
    1521763200000,
    1.633
  ],
  [
    1521849600000,
    1.65
  ],
  [
    1522191600000,
    1.423
  ],
  [
    1522364400000,
    0.874
  ],
  [
    1522450800000,
    1.01
  ],
  [
    1522537200000,
    0.998
  ],
  [
    1522623600000,
    1.032
  ],
  [
    1522710000000,
    0.882
  ],
  [
    1522796400000,
    0.978
  ],
  [
    1522882800000,
    1.016
  ],
  [
    1523228400000,
    0.54
  ],
  [
    1523401200000,
    2.245
  ],
  [
    1523487600000,
    0.66
  ],
  [
    1523574000000,
    0.784
  ],
  [
    1523746800000,
    2.561
  ],
  [
    1523919600000,
    0.851
  ],
  [
    1524006000000,
    0.855
  ],
  [
    1524092400000,
    0.866
  ],
  [
    1524178800000,
    0.895
  ],
  [
    1524265200000,
    0.75
  ],
  [
    1524351600000,
    0.863
  ],
  [
    1524870000000,
    0.882
  ],
  [
    1524956400000,
    0.784
  ],
  [
    1525129200000,
    0.862
  ],
  [
    1525215600000,
    0.886
  ],
  [
    1525647600000,
    0.71
  ],
  [
    1525734000000,
    0.73
  ],
  [
    1525820400000,
    0.74
  ],
  [
    1525906800000,
    0.855
  ],
  [
    1525993200000,
    0.862
  ],
  [
    1526079600000,
    1.004
  ],
  [
    1526252400000,
    0.66
  ],
  [
    1526511600000,
    0.86
  ],
  [
    1526598000000,
    0.755
  ],
  [
    1527030000000,
    0.762
  ],
  [
    1527462000000,
    0.84
  ],
  [
    1527894000000,
    0.73
  ],
  [
    1528326000000,
    0.628
  ],
  [
    1528498800000,
    0.694
  ],
  [
    1528585200000,
    0.652
  ],
  [
    1528671600000,
    0.776
  ],
  [
    1528930800000,
    0.84
  ],
  [
    1529017200000,
    0.58
  ],
  [
    1529103600000,
    0.603
  ],
  [
    1529190000000,
    0.667
  ],
  [
    1529276400000,
    0.806
  ],
  [
    1529622000000,
    0.792
  ],
  [
    1529708400000,
    0.605
  ],
  [
    1529881200000,
    0.614
  ],
  [
    1530313200000,
    0.666
  ],
  [
    1530572400000,
    0.547
  ],
  [
    1530658800000,
    0.54
  ],
  [
    1530831600000,
    0.679
  ],
  [
    1530918000000,
    0.833
  ],
  [
    1531090800000,
    0.862
  ],
  [
    1531177200000,
    0.677
  ],
  [
    1531436400000,
    3.033
  ],
  [
    1531522800000,
    0.563
  ],
  [
    1531609200000,
    0.869
  ],
  [
    1531695600000,
    1.598
  ],
  [
    1531782000000,
    0.893
  ],
  [
    1531954800000,
    0.546
  ],
  [
    1532041200000,
    0.885
  ],
  [
    1532214000000,
    0.901
  ],
  [
    1532300400000,
    0.908
  ],
  [
    1532386800000,
    1.165
  ],
  [
    1532559600000,
    0.772
  ],
  [
    1532646000000,
    1.143
  ],
  [
    1532905200000,
    1.27
  ],
  [
    1533164400000,
    1.26
  ],
  [
    1533510000000,
    1.248
  ],
  [
    1533855600000,
    1.715
  ],
  [
    1534028400000,
    1.275
  ],
  [
    1534201200000,
    1.223
  ],
  [
    1534460400000,
    1.208
  ],
  [
    1534546800000,
    1.311
  ],
  [
    1534806000000,
    1.245
  ],
  [
    1534978800000,
    0.75
  ],
  [
    1535151600000,
    1.265
  ],
  [
    1535238000000,
    1.337
  ],
  [
    1535756400000,
    1
  ],
  [
    1535842800000,
    1.001
  ],
  [
    1535929200000,
    2.409
  ],
  [
    1536447600000,
    1.699
  ],
  [
    1536620400000,
    0.803
  ],
  [
    1537052400000,
    1.737
  ],
  [
    1537311600000,
    1.464
  ],
  [
    1538262000000,
    1.296
  ],
  [
    1538521200000,
    3.511
  ],
  [
    1538607600000,
    1.39
  ],
  [
    1538694000000,
    3.306
  ],
  [
    1538953200000,
    1.208
  ],
  [
    1539039600000,
    2.65
  ],
  [
    1539126000000,
    1.316
  ],
  [
    1539212400000,
    1.07
  ],
  [
    1539471600000,
    0.909
  ],
  [
    1539730800000,
    3.338
  ],
  [
    1539817200000,
    1.274
  ],
  [
    1540335600000,
    1.501
  ],
  [
    1540594800000,
    1.041
  ],
  [
    1540681200000,
    1.104
  ],
  [
    1540944000000,
    1.274
  ],
  [
    1541030400000,
    1.001
  ],
  [
    1541376000000,
    1.508
  ],
  [
    1541462400000,
    0.805
  ],
  [
    1541548800000,
    1.068
  ],
  [
    1541635200000,
    1.15
  ],
  [
    1541721600000,
    1.554
  ],
  [
    1541808000000,
    0.91
  ],
  [
    1541980800000,
    1.02
  ],
  [
    1542240000000,
    0.69
  ],
  [
    1542499200000,
    1.059
  ],
  [
    1542585600000,
    1.254
  ],
  [
    1543017600000,
    1.009
  ],
  [
    1543363200000,
    1.092
  ],
  [
    1543622400000,
    1.022
  ],
  [
    1543708800000,
    1.119
  ],
  [
    1543881600000,
    1.301
  ],
  [
    1543968000000,
    0.854
  ],
  [
    1544054400000,
    1.158
  ],
  [
    1544486400000,
    0.723
  ],
  [
    1544572800000,
    0.909
  ],
  [
    1545091200000,
    1.311
  ],
  [
    1545177600000,
    1
  ],
  [
    1545350400000,
    0.997
  ],
  [
    1545609600000,
    0.935
  ],
  [
    1545696000000,
    0.816
  ],
  [
    1545868800000,
    0.904
  ],
  [
    1545955200000,
    0.996
  ],
  [
    1546041600000,
    0.83
  ],
  [
    1546128000000,
    1.008
  ],
  [
    1546214400000,
    1.03
  ],
  [
    1546300800000,
    1.058
  ],
  [
    1546387200000,
    1.027
  ],
  [
    1546473600000,
    1.09
  ],
  [
    1546732800000,
    0.979
  ],
  [
    1546819200000,
    0.96
  ],
  [
    1546905600000,
    1.044
  ],
  [
    1546992000000,
    1.23
  ],
  [
    1547251200000,
    1.03
  ],
  [
    1548028800000,
    1.114
  ],
  [
    1548374400000,
    1.08
  ],
  [
    1548547200000,
    1.238
  ],
  [
    1548720000000,
    1.18
  ],
  [
    1548806400000,
    1.276
  ],
  [
    1549238400000,
    1.107
  ],
  [
    1549497600000,
    0.975
  ],
  [
    1549584000000,
    1.222
  ],
  [
    1550188800000,
    0.897
  ],
  [
    1550275200000,
    1
  ],
  [
    1550448000000,
    1.06
  ],
  [
    1550534400000,
    1.184
  ],
  [
    1550620800000,
    1.11
  ],
  [
    1550707200000,
    1.49
  ],
  [
    1550966400000,
    1.518
  ],
  [
    1551139200000,
    1.21
  ],
  [
    1551225600000,
    1.54
  ],
  [
    1551484800000,
    1.305
  ],
  [
    1551657600000,
    1.524
  ],
  [
    1551744000000,
    1.26
  ],
  [
    1552003200000,
    1.605
  ],
  [
    1552089600000,
    1.44
  ],
  [
    1552262400000,
    1.614
  ],
  [
    1552521600000,
    1.094
  ],
  [
    1552780800000,
    1.05
  ],
  [
    1552867200000,
    1.473
  ],
  [
    1553299200000,
    1.318
  ],
  [
    1553385600000,
    1.581
  ],
  [
    1553472000000,
    1.41
  ],
  [
    1553817600000,
    4.473
  ],
  [
    1554073200000,
    1.506
  ],
  [
    1554159600000,
    1.37
  ],
  [
    1554246000000,
    1.532
  ],
  [
    1554937200000,
    1.443
  ],
  [
    1555023600000,
    1.492
  ],
  [
    1555282800000,
    5.78
  ],
  [
    1555628400000,
    5.059
  ],
  [
    1555714800000,
    3.898
  ],
  [
    1555801200000,
    1.972
  ],
  [
    1555887600000,
    2
  ],
  [
    1556060400000,
    2.3
  ],
  [
    1556233200000,
    2.18
  ],
  [
    1556319600000,
    3.247
  ],
  [
    1556578800000,
    1.98
  ],
  [
    1556665200000,
    0.045
  ],
  [
    1556838000000,
    1.54
  ],
  [
    1557010800000,
    2.264
  ],
  [
    1557183600000,
    2.289
  ],
  [
    1557270000000,
    2.123
  ],
  [
    1557442800000,
    1.477
  ],
  [
    1557615600000,
    2.19
  ],
  [
    1557702000000,
    2.17
  ],
  [
    1557788400000,
    2.25
  ],
  [
    1558393200000,
    2.259
  ],
  [
    1558652400000,
    2.107
  ],
  [
    1558911600000,
    1.672
  ],
  [
    1559257200000,
    2.93
  ],
  [
    1560034800000,
    1.85
  ],
  [
    1560207600000,
    3.024
  ],
  [
    1560639600000,
    1.572
  ],
  [
    1560812400000,
    1.783
  ],
  [
    1561071600000,
    1.97
  ],
  [
    1561330800000,
    1.864
  ],
  [
    1561762800000,
    1.56
  ],
  [
    1561849200000,
    2.3
  ],
  [
    1562108400000,
    1.6
  ],
  [
    1562194800000,
    1.85
  ],
  [
    1562367600000,
    1.897
  ],
  [
    1562540400000,
    2.737
  ],
  [
    1562626800000,
    3.009
  ],
  [
    1562713200000,
    1.975
  ],
  [
    1562886000000,
    2.767
  ],
  [
    1562972400000,
    1.99
  ],
  [
    1563058800000,
    3.202
  ],
  [
    1563490800000,
    2.53
  ],
  [
    1564009200000,
    2.31
  ],
  [
    1564182000000,
    2.871
  ],
  [
    1564268400000,
    2.875
  ],
  [
    1564614000000,
    2.47
  ],
  [
    1564959600000,
    2.79
  ],
  [
    1565218800000,
    3.129
  ],
  [
    1565305200000,
    2.852
  ],
  [
    1565391600000,
    2.84
  ],
  [
    1565650800000,
    5.052
  ],
  [
    1565823600000,
    2.83
  ],
  [
    1566082800000,
    2.675
  ],
  [
    1566428400000,
    2.27
  ],
  [
    1566514800000,
    2.15
  ],
  [
    1566860400000,
    2.3
  ],
  [
    1567119600000,
    2.26
  ],
  [
    1567378800000,
    2.161
  ],
  [
    1567551600000,
    1.72
  ],
  [
    1567638000000,
    2.366
  ],
  [
    1567810800000,
    2.892
  ],
  [
    1567897200000,
    2.443
  ],
  [
    1568415600000,
    1.725
  ],
  [
    1568761200000,
    2.245
  ],
  [
    1568934000000,
    2.632
  ],
  [
    1569452400000,
    2.1
  ],
  [
    1569711600000,
    2.6
  ],
  [
    1569798000000,
    2.6
  ],
  [
    1570057200000,
    1.72
  ],
  [
    1570230000000,
    2.043
  ],
  [
    1570316400000,
    1.65
  ],
  [
    1570662000000,
    2.369
  ],
  [
    1570748400000,
    2.441
  ],
  [
    1571353200000,
    2.025
  ],
  [
    1571439600000,
    1.9
  ],
  [
    1571785200000,
    2.24
  ],
  [
    1572220800000,
    2.34
  ],
  [
    1572307200000,
    2.284
  ],
  [
    1572393600000,
    0.902
  ],
  [
    1572480000000,
    1.955
  ],
  [
    1572566400000,
    2.179
  ],
  [
    1572912000000,
    1.84
  ],
  [
    1572998400000,
    2.432
  ],
  [
    1573516800000,
    1.84
  ],
  [
    1573689600000,
    6.38
  ],
  [
    1573862400000,
    1.89
  ],
  [
    1573948800000,
    2.204
  ],
  [
    1574121600000,
    1.495
  ],
  [
    1574208000000,
    2.161
  ],
  [
    1574899200000,
    1.1
  ],
  [
    1575158400000,
    1.782
  ],
  [
    1575244800000,
    1.819
  ],
  [
    1575331200000,
    1.782
  ],
  [
    1575417600000,
    1.601
  ],
  [
    1575590400000,
    1.544
  ],
  [
    1576281600000,
    1.697
  ],
  [
    1576454400000,
    1.645
  ],
  [
    1576713600000,
    1.957
  ],
  [
    1576972800000,
    2.23
  ],
  [
    1577491200000,
    2.738
  ],
  [
    1577577600000,
    2.41
  ],
  [
    1577750400000,
    1.96
  ],
  [
    1577836800000,
    1.832
  ],
  [
    1578441600000,
    2.268
  ],
  [
    1578700800000,
    2.38
  ],
  [
    1578787200000,
    2.04
  ],
  [
    1579305600000,
    1.935
  ],
  [
    1579910400000,
    2.077
  ],
  [
    1580169600000,
    2
  ],
  [
    1580342400000,
    1.61
  ],
  [
    1580515200000,
    1.806
  ],
  [
    1580601600000,
    2.235
  ],
  [
    1580947200000,
    2.12
  ],
  [
    1581120000000,
    2.02
  ],
  [
    1581379200000,
    2.052
  ],
  [
    1581638400000,
    2.017
  ],
  [
    1581811200000,
    2.265
  ],
  [
    1582502400000,
    2.162
  ],
  [
    1583020800000,
    2.24
  ],
  [
    1583193600000,
    1.93
  ],
  [
    1583280000000,
    1.709
  ],
  [
    1583366400000,
    1.52
  ],
  [
    1583798400000,
    1.328
  ],
  [
    1583884800000,
    1.888
  ],
  [
    1583971200000,
    2.092
  ],
  [
    1584144000000,
    1.833
  ],
  [
    1584403200000,
    1.72
  ],
  [
    1584489600000,
    1.95
  ],
  [
    1584835200000,
    1.847
  ],
  [
    1584921600000,
    1.818
  ],
  [
    1585267200000,
    2.158
  ],
  [
    1585868400000,
    1.904
  ],
  [
    1586300400000,
    2.037
  ],
  [
    1586386800000,
    2.02
  ],
  [
    1586732400000,
    1.69
  ],
  [
    1586991600000,
    1.699
  ],
  [
    1587078000000,
    1.836
  ],
  [
    1587337200000,
    2.096
  ],
  [
    1587596400000,
    1.147
  ],
  [
    1587682800000,
    1.343
  ],
  [
    1587769200000,
    1.776
  ],
  [
    1587855600000,
    1.592
  ],
  [
    1587942000000,
    2.004
  ],
  [
    1588028400000,
    1.448
  ],
  [
    1588114800000,
    1.696
  ],
  [
    1588201200000,
    1.44
  ],
  [
    1588374000000,
    1.919
  ],
  [
    1588460400000,
    1.7
  ],
  [
    1588546800000,
    1.72
  ],
  [
    1588633200000,
    1.621
  ],
  [
    1588719600000,
    1.661
  ],
  [
    1588892400000,
    1.703
  ],
  [
    1589065200000,
    1.941
  ],
  [
    1589151600000,
    1.578
  ],
  [
    1589497200000,
    1.434
  ],
  [
    1589583600000,
    1.246
  ],
  [
    1589670000000,
    1.59
  ],
  [
    1589929200000,
    1.529
  ],
  [
    1590015600000,
    1.311
  ],
  [
    1590188400000,
    1.012
  ],
  [
    1590274800000,
    1.17
  ],
  [
    1590879600000,
    1.679
  ],
  [
    1590966000000,
    1.737
  ],
  [
    1591052400000,
    1.69
  ],
  [
    1591138800000,
    1.3
  ],
  [
    1591311600000,
    1.485
  ],
  [
    1591398000000,
    1.506
  ],
  [
    1591484400000,
    1.594
  ],
  [
    1591657200000,
    1.706
  ],
  [
    1591743600000,
    1.2
  ],
  [
    1591916400000,
    1.34
  ],
  [
    1592002800000,
    2.18
  ],
  [
    1592175600000,
    2.651
  ],
  [
    1592607600000,
    1.63
  ],
  [
    1592694000000,
    0.547
  ],
  [
    1592780400000,
    1.51
  ],
  [
    1592866800000,
    1.271
  ],
  [
    1592953200000,
    1.377
  ],
  [
    1593212400000,
    1.329
  ],
  [
    1593471600000,
    1.597
  ],
  [
    1593558000000,
    1.403
  ],
  [
    1593644400000,
    1.55
  ],
  [
    1593730800000,
    1.596
  ],
  [
    1593990000000,
    4.492
  ],
  [
    1594249200000,
    2.303
  ],
  [
    1594422000000,
    2.315
  ],
  [
    1594508400000,
    1.975
  ],
  [
    1594681200000,
    1.936
  ],
  [
    1595199600000,
    1.5
  ],
  [
    1595286000000,
    1.94
  ],
  [
    1595372400000,
    1.655
  ],
  [
    1595458800000,
    1.841
  ],
  [
    1595545200000,
    1.617
  ],
  [
    1595718000000,
    1.805
  ],
  [
    1595804400000,
    1.797
  ],
  [
    1595890800000,
    1.873
  ],
  [
    1596236400000,
    1.996
  ],
  [
    1596322800000,
    2.27
  ],
  [
    1596754800000,
    1.845
  ],
  [
    1597014000000,
    1.721
  ],
  [
    1597359600000,
    1.897
  ],
  [
    1597446000000,
    1.981
  ],
  [
    1597532400000,
    1.99
  ],
  [
    1598223600000,
    2.32
  ],
  [
    1598310000000,
    1.702
  ],
  [
    1598482800000,
    1.648
  ],
  [
    1598569200000,
    1.58
  ],
  [
    1598655600000,
    2.119
  ],
  [
    1598914800000,
    2.031
  ],
  [
    1599087600000,
    2.139
  ],
  [
    1599174000000,
    1.753
  ],
  [
    1599346800000,
    2.299
  ],
  [
    1599606000000,
    1.954
  ],
  [
    1599692400000,
    1.948
  ],
  [
    1599865200000,
    1.91
  ],
  [
    1599951600000,
    2.095
  ],
  [
    1600124400000,
    1.893
  ],
  [
    1600210800000,
    2.254
  ],
  [
    1600383600000,
    2.48
  ],
  [
    1600729200000,
    1.99
  ],
  [
    1600815600000,
    2.086
  ],
  [
    1601074800000,
    1.963
  ],
  [
    1601334000000,
    2.289
  ],
  [
    1601938800000,
    1.95
  ],
  [
    1602025200000,
    2.628
  ],
  [
    1602198000000,
    1.86
  ],
  [
    1602630000000,
    1.779
  ],
  [
    1602889200000,
    2.075
  ],
  [
    1602975600000,
    2.064
  ],
  [
    1603148400000,
    1.921
  ],
  [
    1603756800000,
    2.529
  ],
  [
    1603843200000,
    1.886
  ],
  [
    1603929600000,
    1.819
  ],
  [
    1604188800000,
    1.781
  ],
  [
    1604275200000,
    1.775
  ],
  [
    1604361600000,
    5.813
  ],
  [
    1604448000000,
    1.831
  ],
  [
    1604620800000,
    1.733
  ],
  [
    1604707200000,
    1.817
  ],
  [
    1604793600000,
    1.964
  ],
  [
    1604880000000,
    4.4
  ],
  [
    1605225600000,
    1.813
  ],
  [
    1605312000000,
    1.968
  ],
  [
    1606089600000,
    1.86
  ],
  [
    1606176000000,
    2.247
  ],
  [
    1606694400000,
    1.849
  ],
  [
    1606780800000,
    1.976
  ],
  [
    1607040000000,
    2.082
  ],
  [
    1607126400000,
    1.67
  ],
  [
    1607731200000,
    1.56
  ],
  [
    1607904000000,
    1.969
  ],
  [
    1607990400000,
    1.5
  ],
  [
    1608076800000,
    2.267
  ],
  [
    1608249600000,
    1.575
  ],
  [
    1608336000000,
    1.715
  ],
  [
    1608768000000,
    1.55
  ],
  [
    1608854400000,
    1.47
  ],
  [
    1609113600000,
    1.46
  ],
  [
    1609200000000,
    1.698
  ],
  [
    1609977600000,
    2.01
  ],
  [
    1610150400000,
    1.884
  ],
  [
    1610236800000,
    2.723
  ],
  [
    1610409600000,
    1.672
  ],
  [
    1610841600000,
    1.854
  ],
  [
    1611014400000,
    1.655
  ],
  [
    1611187200000,
    1.58
  ],
  [
    1611273600000,
    1.68
  ],
  [
    1611360000000,
    1.644
  ],
  [
    1611446400000,
    1.498
  ],
  [
    1611878400000,
    1.738
  ],
  [
    1612051200000,
    1.732
  ],
  [
    1612569600000,
    1.87
  ],
  [
    1612742400000,
    1.807
  ],
  [
    1612828800000,
    1.841
  ],
  [
    1613001600000,
    1.92
  ],
  [
    1613088000000,
    2.062
  ],
  [
    1613520000000,
    1.536
  ],
  [
    1613692800000,
    2.607
  ],
  [
    1614124800000,
    2.004
  ],
  [
    1614384000000,
    1.377
  ],
  [
    1614470400000,
    1.6
  ],
  [
    1615075200000,
    2.31
  ],
  [
    1615161600000,
    2.004
  ],
  [
    1615248000000,
    1.311
  ],
  [
    1615334400000,
    1.709
  ],
  [
    1615420800000,
    1.756
  ],
  [
    1615593600000,
    2.024
  ],
  [
    1615680000000,
    2.19
  ],
  [
    1616025600000,
    2.35
  ],
  [
    1616112000000,
    2.275
  ],
  [
    1616198400000,
    2.257
  ],
  [
    1616371200000,
    2.364
  ],
  [
    1616457600000,
    1.517
  ],
  [
    1616803200000,
    1.736
  ],
  [
    1616972400000,
    2.202
  ],
  [
    1617058800000,
    2.104
  ],
  [
    1617145200000,
    1.851
  ],
  [
    1617404400000,
    1.824
  ],
  [
    1617750000000,
    1.952
  ],
  [
    1617922800000,
    2.016
  ],
  [
    1618009200000,
    2.625
  ],
  [
    1618700400000,
    2.27
  ],
  [
    1618786800000,
    1.813
  ],
  [
    1618873200000,
    2.04
  ],
  [
    1618959600000,
    2.4
  ],
  [
    1619046000000,
    2
  ],
  [
    1619132400000,
    2
  ],
  [
    1619305200000,
    2.536
  ],
  [
    1620255600000,
    2.397
  ],
  [
    1620514800000,
    2.04
  ],
  [
    1620687600000,
    2.438
  ],
  [
    1620774000000,
    2.26
  ],
  [
    1620860400000,
    1.85
  ],
  [
    1621033200000,
    2.5
  ],
  [
    1621551600000,
    2.976
  ],
  [
    1621897200000,
    2.04
  ],
  [
    1622070000000,
    3.372
  ],
  [
    1622415600000,
    2.657
  ],
  [
    1622502000000,
    3.315
  ],
  [
    1622588400000,
    2.543
  ],
  [
    1622761200000,
    3.001
  ],
  [
    1622847600000,
    2.937
  ],
  [
    1622934000000,
    2.38
  ],
  [
    1623106800000,
    2.5
  ],
  [
    1623193200000,
    2.477
  ],
  [
    1623366000000,
    2.3
  ],
  [
    1623452400000,
    2.851
  ],
  [
    1623711600000,
    2.291
  ],
  [
    1623884400000,
    4.636
  ],
  [
    1624057200000,
    3.04
  ],
  [
    1625266800000,
    2.2
  ],
  [
    1625526000000,
    2.781
  ],
  [
    1625612400000,
    2.507
  ],
  [
    1625698800000,
    1.195
  ],
  [
    1625785200000,
    2.519
  ],
  [
    1626130800000,
    2.848
  ],
  [
    1626303600000,
    1.102
  ],
  [
    1626649200000,
    2.597
  ],
  [
    1626735600000,
    2.27
  ],
  [
    1626908400000,
    2.2
  ],
  [
    1627167600000,
    1.98
  ],
  [
    1627513200000,
    2.185
  ],
  [
    1627686000000,
    2.302
  ],
  [
    1627858800000,
    1.533
  ],
  [
    1627945200000,
    3.009
  ],
  [
    1628031600000,
    2.481
  ],
  [
    1628118000000,
    4.05
  ],
  [
    1628290800000,
    4.207
  ],
  [
    1628982000000,
    2.36
  ],
  [
    1629327600000,
    2.127
  ],
  [
    1629414000000,
    2.3
  ],
  [
    1629759600000,
    2.36
  ],
  [
    1630018800000,
    2.35
  ],
  [
    1630450800000,
    4.479
  ],
  [
    1630537200000,
    2.21
  ],
  [
    1630710000000,
    2.21
  ],
  [
    1630882800000,
    2.759
  ],
  [
    1631401200000,
    3.867
  ],
  [
    1632092400000,
    2.363
  ],
  [
    1632265200000,
    1.76
  ],
  [
    1632610800000,
    1.483
  ],
  [
    1632783600000,
    1.376
  ],
  [
    1632870000000,
    1.103
  ],
  [
    1632956400000,
    1.248
  ],
  [
    1633215600000,
    1.35
  ],
  [
    1633561200000,
    1.78
  ],
  [
    1633647600000,
    1.79
  ],
  [
    1633906800000,
    2.056
  ],
  [
    1633993200000,
    2.105
  ],
  [
    1634166000000,
    2
  ],
  [
    1634338800000,
    1.725
  ],
  [
    1634425200000,
    2.21
  ],
  [
    1634598000000,
    2.06
  ],
  [
    1634684400000,
    2.199
  ],
  [
    1634770800000,
    2.27
  ],
  [
    1635202800000,
    1.93
  ],
  [
    1635375600000,
    1.334
  ],
  [
    1635462000000,
    1.392
  ],
  [
    1635548400000,
    2.013
  ],
  [
    1635634800000,
    2.302
  ],
  [
    1635724800000,
    2.302
  ],
  [
    1635984000000,
    2.297
  ],
  [
    1636243200000,
    2.267
  ],
  [
    1636934400000,
    4.023
  ],
  [
    1637539200000,
    1.944
  ],
  [
    1637625600000,
    2.54
  ],
  [
    1637712000000,
    2.552
  ],
  [
    1637884800000,
    1.84
  ],
  [
    1637971200000,
    2.477
  ],
  [
    1638057600000,
    2.04
  ],
  [
    1638316800000,
    1.89
  ],
  [
    1638403200000,
    2.538
  ],
  [
    1638576000000,
    2.509
  ],
  [
    1638662400000,
    2.586
  ],
  [
    1639440000000,
    2.37
  ],
  [
    1639699200000,
    2.532
  ],
  [
    1640995200000,
    2.22
  ],
  [
    1641513600000,
    3.58
  ],
  [
    1641600000000,
    1.75
  ],
  [
    1641859200000,
    2.223
  ],
  [
    1642204800000,
    2.48
  ],
  [
    1642377600000,
    2.594
  ],
  [
    1642464000000,
    2.61
  ],
  [
    1642723200000,
    2.295
  ],
  [
    1642809600000,
    3.801
  ],
  [
    1643068800000,
    2.66
  ],
  [
    1643155200000,
    2.25
  ],
  [
    1643241600000,
    2.68
  ],
  [
    1643673600000,
    2.261
  ],
  [
    1644105600000,
    2
  ],
  [
    1644192000000,
    2.277
  ],
  [
    1644278400000,
    2.297
  ],
  [
    1644969600000,
    2.03
  ],
  [
    1645056000000,
    2.076
  ],
  [
    1645401600000,
    2.21
  ],
  [
    1645488000000,
    1.69
  ],
  [
    1645660800000,
    2.188
  ],
  [
    1645833600000,
    1.745
  ],
  [
    1645920000000,
    1.47
  ],
  [
    1646006400000,
    1.828
  ],
  [
    1646092800000,
    1.688
  ],
  [
    1646179200000,
    1.709
  ],
  [
    1646438400000,
    2.132
  ],
  [
    1646524800000,
    1.775
  ],
  [
    1646697600000,
    1.22
  ],
  [
    1646784000000,
    1.39
  ],
  [
    1646870400000,
    1.72
  ],
  [
    1646956800000,
    1.708
  ],
  [
    1647043200000,
    2.093
  ],
  [
    1647129600000,
    1.995
  ],
  [
    1647475200000,
    2.266
  ],
  [
    1647561600000,
    2.264
  ],
  [
    1647907200000,
    2.184
  ],
  [
    1647993600000,
    2.182
  ],
  [
    1648422000000,
    2.669
  ],
  [
    1648508400000,
    2.306
  ],
  [
    1648594800000,
    2.786
  ],
  [
    1648767600000,
    2.299
  ],
  [
    1649026800000,
    2.815
  ],
  [
    1649113200000,
    2.778
  ],
  [
    1649545200000,
    2.168
  ],
  [
    1650322800000,
    1.999
  ],
  [
    1650582000000,
    2.135
  ],
  [
    1650927600000,
    2.096
  ],
  [
    1651014000000,
    2.097
  ],
  [
    1651186800000,
    2.11
  ],
  [
    1651446000000,
    1.701
  ],
  [
    1651705200000,
    2.012
  ],
  [
    1651791600000,
    2.03
  ],
  [
    1651878000000,
    2.233
  ],
  [
    1652050800000,
    2.095
  ],
  [
    1652223600000,
    2.36
  ],
  [
    1652569200000,
    2.972
  ],
  [
    1652828400000,
    2.051
  ],
  [
    1653260400000,
    2.01
  ],
  [
    1653346800000,
    2.652
  ],
  [
    1653433200000,
    2.448
  ],
  [
    1653519600000,
    3.352
  ],
  [
    1653692400000,
    1.112
  ],
  [
    1653865200000,
    3.181
  ],
  [
    1653951600000,
    2.615
  ],
  [
    1654038000000,
    2.54
  ],
  [
    1654297200000,
    3.325
  ],
  [
    1654642800000,
    3.111
  ],
  [
    1655074800000,
    2.232
  ],
  [
    1655766000000,
    2.09
  ],
  [
    1656111600000,
    2.965
  ],
  [
    1656370800000,
    2.61
  ],
  [
    1656543600000,
    2.33
  ],
  [
    1656630000000,
    2.953
  ],
  [
    1656802800000,
    2.984
  ],
  [
    1656975600000,
    2.585
  ],
  [
    1657753200000,
    2.83
  ],
  [
    1657839600000,
    2.897
  ],
  [
    1658876400000,
    3.76
  ],
  [
    1659222000000,
    3.429
  ],
  [
    1659913200000,
    2.966
  ],
  [
    1660172400000,
    2.46
  ],
  [
    1660258800000,
    3.556
  ],
  [
    1660345200000,
    2.689
  ],
  [
    1661036400000,
    3.538
  ],
  [
    1661382000000,
    3.648
  ],
  [
    1662073200000,
    2.5
  ],
  [
    1662332400000,
    3.205
  ],
  [
    1662591600000,
    3.012
  ],
  [
    1663282800000,
    2.245
  ],
  [
    1663455600000,
    2.453
  ],
  [
    1663542000000,
    3.523
  ],
  [
    1663628400000,
    3.116
  ],
  [
    1663801200000,
    3.484
  ],
  [
    1664060400000,
    2.76
  ],
  [
    1664146800000,
    2.99
  ],
  [
    1664319600000,
    2.748
  ],
  [
    1664406000000,
    2.73
  ],
  [
    1664578800000,
    3.553
  ],
  [
    1664751600000,
    2.776
  ],
  [
    1665442800000,
    3.304
  ],
  [
    1665874800000,
    3.76
  ],
  [
    1665961200000,
    3.22
  ],
  [
    1666306800000,
    2.62
  ],
  [
    1667433600000,
    2.879
  ],
  [
    1667520000000,
    2.44
  ],
  [
    1667952000000,
    2.969
  ],
  [
    1668038400000,
    2.226
  ],
  [
    1668211200000,
    3.226
  ],
  [
    1668297600000,
    3.429
  ],
  [
    1668556800000,
    2.922
  ],
  [
    1668816000000,
    2.59
  ],
  [
    1669507200000,
    3.4
  ],
  [
    1669680000000,
    2.7
  ],
  [
    1670544000000,
    2.83
  ],
  [
    1670889600000,
    2.93
  ],
  [
    1671235200000,
    3.406
  ],
  [
    1671321600000,
    2.81
  ],
  [
    1671408000000,
    3.45
  ],
  [
    1671580800000,
    3.58
  ],
  [
    1671926400000,
    0.872
  ],
  [
    1672099200000,
    3.17
  ],
  [
    1672358400000,
    3.179
  ],
  [
    1672531200000,
    2.65
  ],
  [
    1672617600000,
    2.66
  ],
  [
    1672790400000,
    3.133
  ],
  [
    1672876800000,
    2.92
  ],
  [
    1672963200000,
    3.195
  ],
  [
    1673222400000,
    2.91
  ],
  [
    1673308800000,
    3.35
  ],
  [
    1673395200000,
    2.95
  ],
  [
    1673654400000,
    3.239
  ],
  [
    1674000000000,
    2.66
  ],
  [
    1674864000000,
    3
  ],
  [
    1674950400000,
    3.196
  ],
  [
    1675209600000,
    2.91
  ],
  [
    1675296000000,
    2.808
  ],
  [
    1675555200000,
    2.909
  ],
  [
    1675641600000,
    2.909
  ],
  [
    1675728000000,
    3.066
  ],
  [
    1675814400000,
    3.179
  ],
  [
    1675900800000,
    3.211
  ],
  [
    1675987200000,
    2.48
  ],
  [
    1676160000000,
    3.433
  ],
  [
    1676592000000,
    2.622
  ],
  [
    1676678400000,
    3.357
  ],
  [
    1676937600000,
    2.96
  ],
  [
    1677542400000,
    2.91
  ],
  [
    1677628800000,
    3.45
  ],
  [
    1677715200000,
    3.38
  ],
  [
    1677974400000,
    3.599
  ],
  [
    1678060800000,
    1.118
  ],
  [
    1678147200000,
    3.68
  ],
  [
    1678406400000,
    3.6
  ],
  [
    1678579200000,
    2.45
  ],
  [
    1678752000000,
    3.776
  ],
  [
    1678838400000,
    3.74
  ],
  [
    1678924800000,
    3.679
  ],
  [
    1679011200000,
    3.591
  ],
  [
    1679184000000,
    3.42
  ],
  [
    1679270400000,
    3.19
  ],
  [
    1679443200000,
    3.479
  ],
  [
    1679702400000,
    3.502
  ],
  [
    1679788800000,
    3.71
  ],
  [
    1679871600000,
    3.1
  ],
  [
    1680044400000,
    6.473
  ],
  [
    1680217200000,
    3.14
  ],
  [
    1680390000000,
    2.9
  ],
  [
    1680476400000,
    3.54
  ],
  [
    1680735600000,
    3.61
  ],
  [
    1680822000000,
    3.231
  ],
  [
    1680994800000,
    3.61
  ],
  [
    1681081200000,
    4.309
  ],
  [
    1681254000000,
    2.698
  ],
  [
    1681426800000,
    6.941
  ],
  [
    1681513200000,
    3.73
  ],
  [
    1681945200000,
    5.298
  ],
  [
    1682031600000,
    3.766
  ],
  [
    1682118000000,
    3.296
  ],
  [
    1682204400000,
    4.152
  ],
  [
    1682377200000,
    4.07
  ],
  [
    1682463600000,
    3.855
  ],
  [
    1682550000000,
    4.498
  ],
  [
    1682809200000,
    3.489
  ],
  [
    1682895600000,
    3
  ],
  [
    1682982000000,
    2.493
  ],
  [
    1683154800000,
    3.884
  ],
  [
    1683241200000,
    3.726
  ],
  [
    1683327600000,
    3.646
  ],
  [
    1683414000000,
    3.802
  ],
  [
    1683586800000,
    3.953
  ],
  [
    1684278000000,
    4.646
  ],
  [
    1684796400000,
    4.34
  ],
  [
    1685055600000,
    4.715
  ],
  [
    1685833200000,
    4.017
  ],
  [
    1685919600000,
    4.528
  ],
  [
    1686006000000,
    4.651
  ],
  [
    1686092400000,
    4.295
  ],
  [
    1686351600000,
    5.018
  ],
  [
    1686524400000,
    3.84
  ],
  [
    1686610800000,
    4.238
  ],
  [
    1686783600000,
    4.235
  ],
  [
    1687042800000,
    4.611
  ],
  [
    1687302000000,
    4.55
  ],
  [
    1687388400000,
    4.911
  ],
  [
    1687474800000,
    4.75
  ],
  [
    1687647600000,
    4.659
  ],
  [
    1687993200000,
    4.579
  ],
  [
    1688079600000,
    4.587
  ],
  [
    1688166000000,
    5.581
  ],
  [
    1688338800000,
    4.883
  ],
  [
    1688425200000,
    4.995
  ],
  [
    1689030000000,
    4.265
  ],
  [
    1689548400000,
    4.19
  ],
  [
    1689721200000,
    3.122
  ],
  [
    1689807600000,
    3.871
  ],
  [
    1690066800000,
    3.95
  ],
  [
    1690585200000,
    4.784
  ],
  [
    1690671600000,
    4.78
  ],
  [
    1690758000000,
    4.644
  ],
  [
    1690844400000,
    5.168
  ],
  [
    1690930800000,
    4.76
  ],
  [
    1691794800000,
    6.61
  ],
  [
    1691881200000,
    4.11
  ],
  [
    1692226800000,
    3.6
  ],
  [
    1692831600000,
    2.495
  ],
  [
    1692918000000,
    3.647
  ],
  [
    1693090800000,
    3.42
  ],
  [
    1693177200000,
    3.894
  ],
  [
    1693350000000,
    4.013
  ],
  [
    1693436400000,
    3.151
  ],
  [
    1693695600000,
    4.29
  ],
  [
    1693954800000,
    3.98
  ],
  [
    1694041200000,
    4.02
  ],
  [
    1694214000000,
    4.105
  ],
  [
    1694300400000,
    4.1
  ],
  [
    1694386800000,
    4.351
  ],
  [
    1694473200000,
    4.18
  ],
  [
    1694559600000,
    4.425
  ],
  [
    1694732400000,
    3
  ],
  [
    1695423600000,
    4.271
  ],
  [
    1695682800000,
    5.146
  ],
  [
    1695855600000,
    4
  ],
  [
    1695942000000,
    4.842
  ],
  [
    1696028400000,
    3.839
  ],
  [
    1696114800000,
    4.405
  ],
  [
    1696201200000,
    4.167
  ],
  [
    1696460400000,
    4.226
  ],
  [
    1696633200000,
    4.221
  ],
  [
    1696719600000,
    4.57
  ],
  [
    1696892400000,
    4.46
  ],
  [
    1697065200000,
    4.872
  ],
  [
    1697238000000,
    5.726
  ],
  [
    1697324400000,
    6.662
  ],
  [
    1697410800000,
    4.905
  ],
  [
    1697583600000,
    6.471
  ],
  [
    1697756400000,
    4.99
  ],
  [
    1697929200000,
    5.807
  ],
  [
    1698015600000,
    6.62
  ],
  [
    1698102000000,
    5.382
  ],
  [
    1698534000000,
    5.63
  ],
  [
    1698883200000,
    5.67
  ],
  [
    1698969600000,
    5.69
  ],
  [
    1699056000000,
    5.76
  ],
  [
    1699142400000,
    5.87
  ],
  [
    1699228800000,
    5.355
  ],
  [
    1699401600000,
    5.92
  ],
  [
    1699747200000,
    5.618
  ],
  [
    1699920000000,
    5.722
  ],
  [
    1700006400000,
    6.495
  ],
  [
    1700438400000,
    5.53
  ],
  [
    1700784000000,
    5.125
  ],
  [
    1701043200000,
    5.26
  ],
  [
    1701648000000,
    5.32
  ],
  [
    1701734400000,
    4.979
  ],
  [
    1702684800000,
    5.06
  ],
  [
    1702857600000,
    5.33
  ],
  [
    1703030400000,
    5.49
  ],
  [
    1703203200000,
    5.38
  ],
  [
    1703289600000,
    5.86
  ],
  [
    1703376000000,
    5.36
  ],
  [
    1703635200000,
    5.38
  ],
  [
    1703721600000,
    5.813
  ],
  [
    1703894400000,
    5.721
  ],
  [
    1704067200000,
    5.31
  ],
  [
    1704931200000,
    5.833
  ],
  [
    1705017600000,
    5.7
  ],
  [
    1705104000000,
    5.65
  ],
  [
    1705190400000,
    5.83
  ],
  [
    1705363200000,
    6.381
  ],
  [
    1705622400000,
    11.666
  ],
  [
    1705708800000,
    5.98
  ],
  [
    1705968000000,
    5.167
  ],
  [
    1706140800000,
    4.821
  ],
  [
    1706227200000,
    5.67
  ],
  [
    1706572800000,
    12.42
  ],
  [
    1707091200000,
    5.26
  ],
  [
    1707350400000,
    5.15
  ],
  [
    1707696000000,
    5.15
  ],
  [
    1708041600000,
    4.925
  ],
  [
    1708300800000,
    6.174
  ],
  [
    1708473600000,
    6.244
  ],
  [
    1708560000000,
    6.267
  ],
  [
    1708646400000,
    6.905
  ],
  [
    1708905600000,
    6.989
  ],
  [
    1709164800000,
    6.465
  ],
  [
    1709251200000,
    6.26
  ],
  [
    1709424000000,
    7.22
  ],
  [
    1709510400000,
    6.49
  ],
  [
    1709596800000,
    6.78
  ],
  [
    1709769600000,
    7.495
  ],
  [
    1710460800000,
    5.544
  ],
  [
    1710979200000,
    6.641
  ],
  [
    1711497600000,
    5.55
  ],
  [
    1711756800000,
    5.76
  ],
  [
    1712530800000,
    5.763
  ],
  [
    1712703600000,
    6.264
  ],
  [
    1712790000000,
    6.45
  ],
  [
    1712962800000,
    6.901
  ],
  [
    1713049200000,
    6.27
  ],
  [
    1713135600000,
    6.26
  ],
  [
    1713222000000,
    7.616
  ],
  [
    1713740400000,
    7.508
  ],
  [
    1714086000000,
    7.487
  ],
  [
    1714431600000,
    7.436
  ],
  [
    1714690800000,
    6.41
  ],
  [
    1715209200000,
    6.5
  ],
  [
    1716073200000,
    7.221
  ],
  [
    1716750000000,
    6.85
  ],
  [
    1717056000000,
    7.465
  ],
  [
    1717362000000,
    13.467
  ],
  [
    1717909200000,
    6.59
  ],
  [
    1718535600000,
    6.99
  ],
  [
    1718629200000,
    6.97
  ],
  [
    1718726400000,
    6.91
  ]
]