[
  [
    1574121600000,
    0.03
  ],
  [
    1574208000000,
    2.43
  ],
  [
    1574294400000,
    0.03
  ],
  [
    1574380800000,
    0.03
  ],
  [
    1574467200000,
    0.033
  ],
  [
    1574553600000,
    0.033
  ],
  [
    1574640000000,
    0.033
  ],
  [
    1574726400000,
    0.079
  ],
  [
    1574812800000,
    0.113
  ],
  [
    1574899200000,
    0.056
  ],
  [
    1574985600000,
    0.398
  ],
  [
    1575072000000,
    0.206
  ],
  [
    1575158400000,
    0.039
  ],
  [
    1575244800000,
    1.174
  ],
  [
    1575331200000,
    0.044
  ],
  [
    1575417600000,
    0.039
  ],
  [
    1575504000000,
    0.032
  ],
  [
    1575590400000,
    0.036
  ],
  [
    1575676800000,
    0.036
  ],
  [
    1575763200000,
    0.037
  ],
  [
    1575849600000,
    0.158
  ],
  [
    1575936000000,
    0.037
  ],
  [
    1576022400000,
    0.053
  ],
  [
    1576108800000,
    0.033
  ],
  [
    1576195200000,
    0.078
  ],
  [
    1576281600000,
    1.057
  ],
  [
    1576368000000,
    0.058
  ],
  [
    1576454400000,
    0.055
  ],
  [
    1576540800000,
    0.131
  ],
  [
    1576627200000,
    0.146
  ],
  [
    1576713600000,
    5.971
  ],
  [
    1576800000000,
    0.112
  ],
  [
    1576886400000,
    0.977
  ],
  [
    1576972800000,
    0.083
  ],
  [
    1577059200000,
    1.081
  ],
  [
    1577145600000,
    0.113
  ],
  [
    1577232000000,
    2.097
  ],
  [
    1577318400000,
    0.153
  ],
  [
    1577404800000,
    0.149
  ],
  [
    1577491200000,
    0.034
  ],
  [
    1577577600000,
    16.812
  ],
  [
    1577664000000,
    1.049
  ],
  [
    1577750400000,
    0.082
  ],
  [
    1577836800000,
    0.031
  ],
  [
    1577923200000,
    0.031
  ],
  [
    1578009600000,
    0.096
  ],
  [
    1578096000000,
    0.031
  ],
  [
    1578182400000,
    0.032
  ],
  [
    1578268800000,
    0.033
  ],
  [
    1578355200000,
    0.054
  ],
  [
    1578441600000,
    0.031
  ],
  [
    1578528000000,
    0.031
  ],
  [
    1578614400000,
    0.03
  ],
  [
    1578700800000,
    0.14
  ],
  [
    1578787200000,
    0.836
  ],
  [
    1578873600000,
    0.074
  ],
  [
    1578960000000,
    4.812
  ],
  [
    1579046400000,
    0.125
  ],
  [
    1579132800000,
    0.03
  ],
  [
    1579219200000,
    0.036
  ],
  [
    1579305600000,
    0.03
  ],
  [
    1579392000000,
    0.071
  ],
  [
    1579478400000,
    0.132
  ],
  [
    1579564800000,
    0.035
  ],
  [
    1579651200000,
    1.898
  ],
  [
    1579737600000,
    0.033
  ],
  [
    1579824000000,
    0.032
  ],
  [
    1579910400000,
    0.638
  ],
  [
    1579996800000,
    0.032
  ],
  [
    1580083200000,
    0.035
  ],
  [
    1580169600000,
    0.034
  ],
  [
    1580256000000,
    0.131
  ],
  [
    1580342400000,
    0.416
  ],
  [
    1580428800000,
    0.075
  ],
  [
    1580515200000,
    0.037
  ],
  [
    1580601600000,
    0.212
  ],
  [
    1580688000000,
    0.046
  ],
  [
    1580774400000,
    0.105
  ],
  [
    1580860800000,
    0.375
  ],
  [
    1580947200000,
    0.083
  ],
  [
    1581033600000,
    0.166
  ],
  [
    1581120000000,
    0.116
  ],
  [
    1581206400000,
    0.043
  ],
  [
    1581292800000,
    0.735
  ],
  [
    1581379200000,
    0.036
  ],
  [
    1581465600000,
    0.042
  ],
  [
    1581552000000,
    0.039
  ],
  [
    1581638400000,
    0.036
  ],
  [
    1581724800000,
    0.042
  ],
  [
    1581811200000,
    0.039
  ],
  [
    1581897600000,
    4.072
  ],
  [
    1581984000000,
    0.038
  ],
  [
    1582070400000,
    0.039
  ],
  [
    1582156800000,
    0.038
  ],
  [
    1582243200000,
    1.08
  ],
  [
    1582329600000,
    0.039
  ],
  [
    1582416000000,
    0.044
  ],
  [
    1582502400000,
    0.056
  ],
  [
    1582588800000,
    0.049
  ],
  [
    1582675200000,
    0.072
  ],
  [
    1582761600000,
    0.071
  ],
  [
    1582848000000,
    0.047
  ],
  [
    1582934400000,
    0.052
  ],
  [
    1583020800000,
    0.12
  ],
  [
    1583107200000,
    0.052
  ],
  [
    1583193600000,
    0.05
  ],
  [
    1583280000000,
    0.664
  ],
  [
    1583366400000,
    0.234
  ],
  [
    1583452800000,
    0.046
  ],
  [
    1583539200000,
    0.047
  ],
  [
    1583625600000,
    0.047
  ],
  [
    1583712000000,
    0.188
  ],
  [
    1583798400000,
    0.041
  ],
  [
    1583884800000,
    0.043
  ],
  [
    1583971200000,
    0.044
  ],
  [
    1584057600000,
    0.229
  ],
  [
    1584144000000,
    0.044
  ],
  [
    1584230400000,
    0.042
  ],
  [
    1584316800000,
    0.04
  ],
  [
    1584403200000,
    0.042
  ],
  [
    1584489600000,
    0.099
  ],
  [
    1584576000000,
    0.089
  ],
  [
    1584662400000,
    0.051
  ],
  [
    1584748800000,
    0.076
  ],
  [
    1584835200000,
    0.058
  ],
  [
    1584921600000,
    0.041
  ],
  [
    1585008000000,
    0.135
  ],
  [
    1585094400000,
    0.046
  ],
  [
    1585180800000,
    0.045
  ],
  [
    1585267200000,
    0.048
  ],
  [
    1585353600000,
    0.066
  ],
  [
    1585440000000,
    0.046
  ],
  [
    1585522800000,
    0.052
  ],
  [
    1585609200000,
    0.041
  ],
  [
    1585695600000,
    0.044
  ],
  [
    1585782000000,
    0.046
  ],
  [
    1585868400000,
    0.045
  ],
  [
    1585954800000,
    0.042
  ],
  [
    1586041200000,
    0.042
  ],
  [
    1586127600000,
    0.043
  ],
  [
    1586214000000,
    0.044
  ],
  [
    1586300400000,
    0.044
  ],
  [
    1586386800000,
    0.05
  ],
  [
    1586473200000,
    0.046
  ],
  [
    1586559600000,
    0.252
  ],
  [
    1586646000000,
    0.044
  ],
  [
    1586732400000,
    0.043
  ],
  [
    1586818800000,
    0.045
  ],
  [
    1586905200000,
    0.046
  ],
  [
    1586991600000,
    0.048
  ],
  [
    1587078000000,
    0.043
  ],
  [
    1587164400000,
    0.044
  ],
  [
    1587250800000,
    0.047
  ],
  [
    1587337200000,
    0.049
  ],
  [
    1587423600000,
    0.103
  ],
  [
    1587510000000,
    0.053
  ],
  [
    1587596400000,
    0.048
  ],
  [
    1587682800000,
    0.049
  ],
  [
    1587769200000,
    0.052
  ],
  [
    1587855600000,
    0.052
  ],
  [
    1587942000000,
    0.051
  ],
  [
    1588028400000,
    0.05
  ],
  [
    1588114800000,
    0.354
  ],
  [
    1588201200000,
    0.054
  ],
  [
    1588287600000,
    0.06
  ],
  [
    1588374000000,
    0.061
  ],
  [
    1588460400000,
    0.061
  ],
  [
    1588546800000,
    0.067
  ],
  [
    1588633200000,
    0.068
  ],
  [
    1588719600000,
    0.077
  ],
  [
    1588806000000,
    0.079
  ],
  [
    1588892400000,
    0.068
  ],
  [
    1588978800000,
    0.078
  ],
  [
    1589065200000,
    0.07
  ],
  [
    1589151600000,
    0.074
  ],
  [
    1589238000000,
    0.074
  ],
  [
    1589324400000,
    0.08
  ],
  [
    1589410800000,
    0.078
  ],
  [
    1589497200000,
    0.079
  ],
  [
    1589583600000,
    0.087
  ],
  [
    1589670000000,
    0.179
  ],
  [
    1589756400000,
    0.084
  ],
  [
    1589842800000,
    0.107
  ],
  [
    1589929200000,
    0.1
  ],
  [
    1590015600000,
    0.103
  ],
  [
    1590102000000,
    0.111
  ],
  [
    1590188400000,
    0.091
  ],
  [
    1590274800000,
    0.087
  ],
  [
    1590361200000,
    0.101
  ],
  [
    1590447600000,
    0.094
  ],
  [
    1590534000000,
    0.086
  ],
  [
    1590620400000,
    0.088
  ],
  [
    1590706800000,
    0.093
  ],
  [
    1590793200000,
    0.086
  ],
  [
    1590879600000,
    0.077
  ],
  [
    1590966000000,
    0.087
  ],
  [
    1591052400000,
    0.081
  ],
  [
    1591138800000,
    0.08
  ],
  [
    1591225200000,
    0.086
  ],
  [
    1591311600000,
    0.093
  ],
  [
    1591398000000,
    2.117
  ],
  [
    1591484400000,
    0.419
  ],
  [
    1591570800000,
    0.085
  ],
  [
    1591657200000,
    0.09
  ],
  [
    1591743600000,
    0.087
  ],
  [
    1591830000000,
    0.091
  ],
  [
    1591916400000,
    0.08
  ],
  [
    1592002800000,
    0.088
  ],
  [
    1592089200000,
    0.097
  ],
  [
    1592175600000,
    0.091
  ],
  [
    1592262000000,
    0.087
  ],
  [
    1592348400000,
    0.086
  ],
  [
    1592434800000,
    0.088
  ],
  [
    1592521200000,
    0.069
  ],
  [
    1592607600000,
    0.085
  ],
  [
    1592694000000,
    0.924
  ],
  [
    1592780400000,
    3.81
  ],
  [
    1592866800000,
    0.084
  ],
  [
    1592953200000,
    0.082
  ],
  [
    1593039600000,
    0.075
  ],
  [
    1593126000000,
    0.087
  ],
  [
    1593212400000,
    0.067
  ],
  [
    1593298800000,
    0.068
  ],
  [
    1593385200000,
    0.067
  ],
  [
    1593471600000,
    0.065
  ],
  [
    1593558000000,
    0.067
  ],
  [
    1593644400000,
    0.072
  ],
  [
    1593730800000,
    0.067
  ],
  [
    1593817200000,
    0.066
  ],
  [
    1593903600000,
    0.073
  ],
  [
    1593990000000,
    0.08
  ],
  [
    1594076400000,
    0.073
  ],
  [
    1594162800000,
    0.071
  ],
  [
    1594249200000,
    0.069
  ],
  [
    1594335600000,
    0.086
  ],
  [
    1594422000000,
    0.937
  ],
  [
    1594508400000,
    0.093
  ],
  [
    1594594800000,
    0.099
  ],
  [
    1594681200000,
    0.097
  ],
  [
    1594767600000,
    0.094
  ],
  [
    1594854000000,
    0.102
  ],
  [
    1594940400000,
    0.086
  ],
  [
    1595026800000,
    0.104
  ],
  [
    1595113200000,
    0.094
  ],
  [
    1595199600000,
    0.085
  ],
  [
    1595286000000,
    0.088
  ],
  [
    1595372400000,
    0.094
  ],
  [
    1595458800000,
    0.097
  ],
  [
    1595545200000,
    0.099
  ],
  [
    1595631600000,
    0.087
  ],
  [
    1595718000000,
    0.084
  ],
  [
    1595804400000,
    0.097
  ],
  [
    1595890800000,
    0.103
  ],
  [
    1595977200000,
    0.108
  ],
  [
    1596063600000,
    0.12
  ],
  [
    1596150000000,
    0.111
  ],
  [
    1596236400000,
    0.121
  ],
  [
    1596322800000,
    0.124
  ],
  [
    1596409200000,
    0.124
  ],
  [
    1596495600000,
    0.113
  ],
  [
    1596582000000,
    0.124
  ],
  [
    1596668400000,
    4.088
  ],
  [
    1596754800000,
    0.119
  ],
  [
    1596841200000,
    8.151
  ],
  [
    1596927600000,
    0.119
  ],
  [
    1597014000000,
    0.113
  ],
  [
    1597100400000,
    0.102
  ],
  [
    1597186800000,
    0.106
  ],
  [
    1597273200000,
    0.106
  ],
  [
    1597359600000,
    0.103
  ],
  [
    1597446000000,
    0.101
  ],
  [
    1597532400000,
    0.107
  ],
  [
    1597618800000,
    0.104
  ],
  [
    1597705200000,
    0.111
  ],
  [
    1597791600000,
    0.103
  ],
  [
    1597878000000,
    0.103
  ],
  [
    1597964400000,
    0.111
  ],
  [
    1598050800000,
    0.102
  ],
  [
    1598137200000,
    0.089
  ],
  [
    1598223600000,
    0.104
  ],
  [
    1598310000000,
    0.097
  ],
  [
    1598396400000,
    0.111
  ],
  [
    1598482800000,
    0.105
  ],
  [
    1598569200000,
    0.109
  ],
  [
    1598655600000,
    0.099
  ],
  [
    1598742000000,
    0.11
  ],
  [
    1598828400000,
    0.156
  ],
  [
    1598914800000,
    0.094
  ],
  [
    1599001200000,
    0.108
  ],
  [
    1599087600000,
    0.11
  ],
  [
    1599174000000,
    0.104
  ],
  [
    1599260400000,
    0.111
  ],
  [
    1599346800000,
    0.098
  ],
  [
    1599433200000,
    0.094
  ],
  [
    1599519600000,
    0.098
  ],
  [
    1599606000000,
    0.102
  ],
  [
    1599692400000,
    0.102
  ],
  [
    1599778800000,
    0.103
  ],
  [
    1599865200000,
    0.112
  ],
  [
    1599951600000,
    0.117
  ],
  [
    1600038000000,
    0.114
  ],
  [
    1600124400000,
    0.107
  ],
  [
    1600210800000,
    0.084
  ],
  [
    1600297200000,
    0.106
  ],
  [
    1600383600000,
    0.108
  ],
  [
    1600470000000,
    0.104
  ],
  [
    1600556400000,
    0.089
  ],
  [
    1600642800000,
    0.101
  ],
  [
    1600729200000,
    0.104
  ],
  [
    1600815600000,
    0.104
  ],
  [
    1600902000000,
    0.106
  ],
  [
    1600988400000,
    0.104
  ],
  [
    1601074800000,
    0.105
  ],
  [
    1601161200000,
    0.091
  ],
  [
    1601247600000,
    0.099
  ],
  [
    1601334000000,
    0.1
  ],
  [
    1601420400000,
    0.097
  ],
  [
    1601506800000,
    0.124
  ],
  [
    1601593200000,
    0.097
  ],
  [
    1601679600000,
    0.111
  ],
  [
    1601766000000,
    0.101
  ],
  [
    1601852400000,
    0.095
  ],
  [
    1601938800000,
    0.118
  ],
  [
    1602025200000,
    0.11
  ],
  [
    1602111600000,
    0.115
  ],
  [
    1602198000000,
    0.117
  ],
  [
    1602284400000,
    0.125
  ],
  [
    1602370800000,
    0.124
  ],
  [
    1602457200000,
    1.308
  ],
  [
    1602543600000,
    0.126
  ],
  [
    1602630000000,
    0.127
  ],
  [
    1602716400000,
    0.113
  ],
  [
    1602802800000,
    0.132
  ],
  [
    1602889200000,
    0.137
  ],
  [
    1602975600000,
    0.14
  ],
  [
    1603062000000,
    0.125
  ],
  [
    1603148400000,
    0.118
  ],
  [
    1603234800000,
    0.145
  ],
  [
    1603321200000,
    0.136
  ],
  [
    1603407600000,
    0.137
  ],
  [
    1603494000000,
    0.124
  ],
  [
    1603580400000,
    0.136
  ],
  [
    1603670400000,
    0.136
  ],
  [
    1603756800000,
    0.106
  ],
  [
    1603843200000,
    0.136
  ],
  [
    1603929600000,
    0.138
  ],
  [
    1604016000000,
    0.136
  ],
  [
    1604102400000,
    0.121
  ],
  [
    1604188800000,
    0.131
  ],
  [
    1604275200000,
    0.123
  ],
  [
    1604361600000,
    0.137
  ],
  [
    1604448000000,
    0.119
  ],
  [
    1604534400000,
    0.124
  ],
  [
    1604620800000,
    0.134
  ],
  [
    1604707200000,
    0.125
  ],
  [
    1604793600000,
    0.078
  ],
  [
    1604880000000,
    0.121
  ],
  [
    1604966400000,
    0.118
  ],
  [
    1605052800000,
    0.119
  ],
  [
    1605139200000,
    0.122
  ],
  [
    1605225600000,
    0.119
  ],
  [
    1605312000000,
    0.116
  ],
  [
    1605398400000,
    0.124
  ],
  [
    1605484800000,
    21.966
  ],
  [
    1605571200000,
    0.124
  ],
  [
    1605657600000,
    0.117
  ],
  [
    1605744000000,
    0.116
  ],
  [
    1605830400000,
    0.124
  ],
  [
    1605916800000,
    0.119
  ],
  [
    1606003200000,
    0.123
  ],
  [
    1606089600000,
    0.123
  ],
  [
    1606176000000,
    0.129
  ],
  [
    1606262400000,
    0.117
  ],
  [
    1606348800000,
    0.119
  ],
  [
    1606435200000,
    0.118
  ],
  [
    1606521600000,
    0.124
  ],
  [
    1606608000000,
    0.121
  ],
  [
    1606694400000,
    0.1
  ],
  [
    1606780800000,
    0.118
  ],
  [
    1606867200000,
    0.106
  ],
  [
    1606953600000,
    0.123
  ],
  [
    1607040000000,
    0.108
  ],
  [
    1607126400000,
    0.118
  ],
  [
    1607212800000,
    2.763
  ],
  [
    1607299200000,
    0.104
  ],
  [
    1607385600000,
    0.103
  ],
  [
    1607472000000,
    0.106
  ],
  [
    1607558400000,
    0.097
  ],
  [
    1607644800000,
    0.11
  ],
  [
    1607731200000,
    0.113
  ],
  [
    1607817600000,
    0.107
  ],
  [
    1607904000000,
    0.102
  ],
  [
    1607990400000,
    0.095
  ],
  [
    1608076800000,
    0.143
  ],
  [
    1608163200000,
    8.28
  ],
  [
    1608249600000,
    0.147
  ],
  [
    1608336000000,
    0.118
  ],
  [
    1608422400000,
    0.119
  ],
  [
    1608508800000,
    0.125
  ],
  [
    1608595200000,
    0.116
  ],
  [
    1608681600000,
    0.114
  ],
  [
    1608768000000,
    0.117
  ],
  [
    1608854400000,
    0.104
  ],
  [
    1608940800000,
    0.104
  ],
  [
    1609027200000,
    0.113
  ],
  [
    1609113600000,
    0.101
  ],
  [
    1609200000000,
    0.114
  ],
  [
    1609286400000,
    0.107
  ],
  [
    1609372800000,
    0.128
  ],
  [
    1609459200000,
    0.402
  ],
  [
    1609545600000,
    0.142
  ],
  [
    1609632000000,
    0.148
  ],
  [
    1609718400000,
    0.147
  ],
  [
    1609804800000,
    0.16
  ],
  [
    1609891200000,
    0.17
  ],
  [
    1609977600000,
    0.197
  ],
  [
    1610064000000,
    0.186
  ],
  [
    1610150400000,
    0.163
  ],
  [
    1610236800000,
    0.168
  ],
  [
    1610323200000,
    0.163
  ],
  [
    1610409600000,
    0.186
  ],
  [
    1610496000000,
    0.185
  ],
  [
    1610582400000,
    0.2
  ],
  [
    1610668800000,
    0.169
  ],
  [
    1610755200000,
    0.181
  ],
  [
    1610841600000,
    0.177
  ],
  [
    1610928000000,
    0.175
  ],
  [
    1611014400000,
    0.172
  ],
  [
    1611100800000,
    0.183
  ],
  [
    1611187200000,
    0.179
  ],
  [
    1611273600000,
    0.18
  ],
  [
    1611360000000,
    0.173
  ],
  [
    1611446400000,
    0.161
  ],
  [
    1611619200000,
    0.155
  ],
  [
    1611705600000,
    0.18
  ],
  [
    1611792000000,
    0.161
  ],
  [
    1611878400000,
    0.148
  ],
  [
    1611964800000,
    0.159
  ],
  [
    1612051200000,
    0.156
  ],
  [
    1612137600000,
    0.188
  ],
  [
    1612224000000,
    0.2
  ],
  [
    1612310400000,
    0.209
  ],
  [
    1612396800000,
    0.22
  ],
  [
    1612483200000,
    0.237
  ],
  [
    1612569600000,
    0.25
  ],
  [
    1612656000000,
    0.214
  ],
  [
    1612742400000,
    0.181
  ],
  [
    1612828800000,
    0.194
  ],
  [
    1612915200000,
    0.218
  ],
  [
    1613001600000,
    0.211
  ],
  [
    1613088000000,
    0.199
  ],
  [
    1613174400000,
    0.207
  ],
  [
    1613260800000,
    0.44
  ],
  [
    1613347200000,
    0.158
  ],
  [
    1613433600000,
    0.19
  ],
  [
    1613520000000,
    0.184
  ],
  [
    1613606400000,
    0.194
  ],
  [
    1613692800000,
    0.195
  ],
  [
    1613779200000,
    0.21
  ],
  [
    1613865600000,
    0.21
  ],
  [
    1613952000000,
    0.222
  ],
  [
    1614038400000,
    0.201
  ],
  [
    1614124800000,
    0.226
  ],
  [
    1614211200000,
    0.206
  ],
  [
    1614297600000,
    0.209
  ],
  [
    1614384000000,
    0.222
  ],
  [
    1614470400000,
    4.004
  ],
  [
    1614556800000,
    0.236
  ],
  [
    1614729600000,
    0.2
  ],
  [
    1614816000000,
    0.237
  ],
  [
    1614902400000,
    0.226
  ],
  [
    1614988800000,
    0.239
  ],
  [
    1615075200000,
    0.258
  ],
  [
    1615161600000,
    0.254
  ],
  [
    1615248000000,
    0.256
  ],
  [
    1615334400000,
    0.262
  ],
  [
    1615420800000,
    0.262
  ],
  [
    1615507200000,
    0.261
  ],
  [
    1615593600000,
    0.247
  ],
  [
    1615680000000,
    0.204
  ],
  [
    1615766400000,
    0.281
  ],
  [
    1615939200000,
    0.243
  ],
  [
    1616025600000,
    0.336
  ],
  [
    1616112000000,
    0.242
  ],
  [
    1616198400000,
    0.249
  ],
  [
    1616284800000,
    0.226
  ],
  [
    1616371200000,
    0.287
  ],
  [
    1616457600000,
    0.282
  ],
  [
    1616544000000,
    0.355
  ],
  [
    1616630400000,
    0.339
  ],
  [
    1616716800000,
    0.363
  ],
  [
    1616803200000,
    0.238
  ],
  [
    1616889600000,
    1.354
  ],
  [
    1616972400000,
    0.379
  ],
  [
    1617058800000,
    0.374
  ],
  [
    1617145200000,
    0.411
  ],
  [
    1617231600000,
    0.322
  ],
  [
    1617318000000,
    0.375
  ],
  [
    1617404400000,
    0.385
  ],
  [
    1617490800000,
    0.378
  ],
  [
    1617577200000,
    0.377
  ],
  [
    1617663600000,
    0.273
  ],
  [
    1617750000000,
    0.314
  ],
  [
    1617836400000,
    0.333
  ],
  [
    1617922800000,
    0.217
  ],
  [
    1618009200000,
    0.263
  ],
  [
    1618095600000,
    0.265
  ],
  [
    1618182000000,
    0.259
  ],
  [
    1618268400000,
    0.269
  ],
  [
    1618354800000,
    0.292
  ],
  [
    1618441200000,
    0.318
  ],
  [
    1618527600000,
    0.324
  ],
  [
    1618614000000,
    0.749
  ],
  [
    1618700400000,
    0.303
  ],
  [
    1618786800000,
    0.321
  ],
  [
    1618873200000,
    0.24
  ],
  [
    1618959600000,
    0.326
  ],
  [
    1619046000000,
    0.359
  ],
  [
    1619218800000,
    0.374
  ],
  [
    1619305200000,
    0.368
  ],
  [
    1619391600000,
    0.382
  ],
  [
    1619478000000,
    0.357
  ],
  [
    1619564400000,
    0.329
  ],
  [
    1619650800000,
    0.395
  ],
  [
    1619737200000,
    0.408
  ],
  [
    1619823600000,
    0.378
  ],
  [
    1619910000000,
    0.43
  ],
  [
    1620082800000,
    0.408
  ],
  [
    1620169200000,
    0.397
  ],
  [
    1620255600000,
    0.44
  ],
  [
    1620342000000,
    0.377
  ],
  [
    1620428400000,
    0.452
  ],
  [
    1620514800000,
    0.441
  ],
  [
    1620601200000,
    0.489
  ],
  [
    1620687600000,
    0.517
  ],
  [
    1620774000000,
    0.52
  ],
  [
    1620860400000,
    0.533
  ],
  [
    1620946800000,
    0.38
  ],
  [
    1621033200000,
    0.572
  ],
  [
    1621119600000,
    0.518
  ],
  [
    1621206000000,
    0.432
  ],
  [
    1621292400000,
    0.537
  ],
  [
    1621378800000,
    0.504
  ],
  [
    1621465200000,
    0.86
  ],
  [
    1621551600000,
    0.47
  ],
  [
    1621638000000,
    0.613
  ],
  [
    1621724400000,
    0.687
  ],
  [
    1621810800000,
    0.772
  ],
  [
    1621897200000,
    0.86
  ],
  [
    1621983600000,
    1.063
  ],
  [
    1622070000000,
    0.717
  ],
  [
    1622156400000,
    0.951
  ],
  [
    1622242800000,
    0.884
  ],
  [
    1622329200000,
    0.923
  ],
  [
    1622415600000,
    23.203
  ],
  [
    1622502000000,
    0.824
  ],
  [
    1622588400000,
    0.966
  ],
  [
    1622674800000,
    1.136
  ],
  [
    1622761200000,
    1.254
  ],
  [
    1622847600000,
    1.034
  ],
  [
    1622934000000,
    1.072
  ],
  [
    1623020400000,
    1.225
  ],
  [
    1623106800000,
    1.113
  ],
  [
    1623193200000,
    1.267
  ],
  [
    1623279600000,
    1.145
  ],
  [
    1623366000000,
    1.134
  ],
  [
    1623452400000,
    0.931
  ],
  [
    1623538800000,
    1.039
  ],
  [
    1623625200000,
    1.212
  ],
  [
    1623711600000,
    1.068
  ],
  [
    1623798000000,
    1.135
  ],
  [
    1623884400000,
    1.168
  ],
  [
    1623970800000,
    1.082
  ],
  [
    1624057200000,
    1.129
  ],
  [
    1624143600000,
    1.075
  ],
  [
    1624230000000,
    0.972
  ],
  [
    1624316400000,
    0.818
  ],
  [
    1624402800000,
    0.878
  ],
  [
    1624489200000,
    1.042
  ],
  [
    1624575600000,
    1.01
  ],
  [
    1624662000000,
    0.99
  ],
  [
    1624748400000,
    1.109
  ],
  [
    1624834800000,
    0.961
  ],
  [
    1624921200000,
    0.979
  ],
  [
    1625094000000,
    0.939
  ],
  [
    1625266800000,
    0.886
  ],
  [
    1625353200000,
    0.89
  ],
  [
    1625439600000,
    0.82
  ],
  [
    1625526000000,
    0.904
  ],
  [
    1625612400000,
    0.846
  ],
  [
    1625698800000,
    0.82
  ],
  [
    1625785200000,
    0.788
  ],
  [
    1625958000000,
    0.823
  ],
  [
    1626044400000,
    0.764
  ],
  [
    1626130800000,
    0.87
  ],
  [
    1626217200000,
    0.801
  ],
  [
    1626303600000,
    0.825
  ],
  [
    1626390000000,
    0.898
  ],
  [
    1626476400000,
    0.736
  ],
  [
    1626562800000,
    0.783
  ],
  [
    1626649200000,
    0.768
  ],
  [
    1626735600000,
    0.783
  ],
  [
    1626822000000,
    0.723
  ],
  [
    1626908400000,
    0.52
  ],
  [
    1626994800000,
    0.8
  ],
  [
    1627081200000,
    0.784
  ],
  [
    1627254000000,
    0.803
  ],
  [
    1627426800000,
    0.799
  ],
  [
    1627513200000,
    0.741
  ],
  [
    1627599600000,
    0.806
  ],
  [
    1627686000000,
    0.763
  ],
  [
    1627772400000,
    0.821
  ],
  [
    1627858800000,
    0.766
  ],
  [
    1627945200000,
    0.8
  ],
  [
    1628031600000,
    0.8
  ],
  [
    1628118000000,
    0.815
  ],
  [
    1628204400000,
    0.734
  ],
  [
    1628290800000,
    0.756
  ],
  [
    1628377200000,
    0.667
  ],
  [
    1628463600000,
    0.74
  ],
  [
    1628550000000,
    0.757
  ],
  [
    1628636400000,
    0.732
  ],
  [
    1628722800000,
    0.77
  ],
  [
    1628895600000,
    0.761
  ],
  [
    1628982000000,
    0.763
  ],
  [
    1629241200000,
    0.635
  ],
  [
    1629327600000,
    0.62
  ],
  [
    1629414000000,
    0.631
  ],
  [
    1629500400000,
    0.686
  ],
  [
    1629586800000,
    0.648
  ],
  [
    1629673200000,
    0.714
  ],
  [
    1629846000000,
    0.703
  ],
  [
    1629932400000,
    0.667
  ],
  [
    1630018800000,
    0.64
  ],
  [
    1630105200000,
    0.757
  ],
  [
    1630191600000,
    0.739
  ],
  [
    1630278000000,
    0.61
  ],
  [
    1630364400000,
    0.7
  ],
  [
    1630450800000,
    0.642
  ],
  [
    1630537200000,
    0.696
  ],
  [
    1630710000000,
    0.589
  ],
  [
    1630796400000,
    0.634
  ],
  [
    1630882800000,
    0.547
  ],
  [
    1630969200000,
    0.627
  ],
  [
    1631142000000,
    0.729
  ],
  [
    1631228400000,
    0.682
  ],
  [
    1631314800000,
    0.768
  ],
  [
    1631574000000,
    0.752
  ],
  [
    1631660400000,
    0.79
  ],
  [
    1631746800000,
    0.708
  ],
  [
    1631919600000,
    0.731
  ],
  [
    1632006000000,
    0.742
  ],
  [
    1632092400000,
    0.69
  ],
  [
    1632178800000,
    0.701
  ],
  [
    1632265200000,
    0.604
  ],
  [
    1632351600000,
    0.54
  ],
  [
    1632438000000,
    0.532
  ],
  [
    1632524400000,
    0.587
  ],
  [
    1632610800000,
    0.458
  ],
  [
    1632697200000,
    0.459
  ],
  [
    1632783600000,
    0.53
  ],
  [
    1632870000000,
    0.368
  ],
  [
    1632956400000,
    0.585
  ],
  [
    1633042800000,
    0.43
  ],
  [
    1633129200000,
    0.603
  ],
  [
    1633215600000,
    0.552
  ],
  [
    1633302000000,
    0.53
  ],
  [
    1633388400000,
    0.544
  ],
  [
    1633474800000,
    0.53
  ],
  [
    1633561200000,
    0.577
  ],
  [
    1633734000000,
    0.535
  ],
  [
    1633820400000,
    0.563
  ],
  [
    1633993200000,
    0.542
  ],
  [
    1634079600000,
    0.575
  ],
  [
    1634166000000,
    0.41
  ],
  [
    1634252400000,
    0.585
  ],
  [
    1634338800000,
    0.5
  ],
  [
    1634425200000,
    0.561
  ],
  [
    1634511600000,
    0.51
  ],
  [
    1634598000000,
    0.502
  ],
  [
    1634684400000,
    0.573
  ],
  [
    1634857200000,
    0.498
  ],
  [
    1634943600000,
    9.262
  ],
  [
    1635116400000,
    0.459
  ],
  [
    1635202800000,
    0.512
  ],
  [
    1635289200000,
    0.41
  ],
  [
    1635375600000,
    0.43
  ],
  [
    1635462000000,
    0.472
  ],
  [
    1635548400000,
    0.552
  ],
  [
    1635634800000,
    0.445
  ],
  [
    1635724800000,
    0.488
  ],
  [
    1635811200000,
    0.506
  ],
  [
    1635897600000,
    0.48
  ],
  [
    1635984000000,
    0.482
  ],
  [
    1636156800000,
    0.559
  ],
  [
    1636243200000,
    0.483
  ],
  [
    1636329600000,
    0.592
  ],
  [
    1636416000000,
    0.513
  ],
  [
    1636502400000,
    0.569
  ],
  [
    1636588800000,
    0.466
  ],
  [
    1636675200000,
    0.51
  ],
  [
    1636761600000,
    0.512
  ],
  [
    1636848000000,
    0.539
  ],
  [
    1636934400000,
    0.554
  ],
  [
    1637020800000,
    0.49
  ],
  [
    1637193600000,
    0.55
  ],
  [
    1637280000000,
    0.564
  ],
  [
    1637366400000,
    0.551
  ],
  [
    1637452800000,
    0.587
  ],
  [
    1637539200000,
    0.554
  ],
  [
    1637625600000,
    0.57
  ],
  [
    1637712000000,
    0.663
  ],
  [
    1637798400000,
    0.55
  ],
  [
    1637884800000,
    0.562
  ],
  [
    1637971200000,
    0.599
  ],
  [
    1638144000000,
    0.613
  ],
  [
    1638230400000,
    0.562
  ],
  [
    1638316800000,
    0.63
  ],
  [
    1638403200000,
    0.546
  ],
  [
    1638489600000,
    0.647
  ],
  [
    1638576000000,
    0.645
  ],
  [
    1638662400000,
    0.63
  ],
  [
    1638748800000,
    0.695
  ],
  [
    1638835200000,
    0.734
  ],
  [
    1638921600000,
    0.713
  ],
  [
    1639008000000,
    0.75
  ],
  [
    1639094400000,
    0.794
  ],
  [
    1639180800000,
    0.745
  ],
  [
    1639267200000,
    0.801
  ],
  [
    1639353600000,
    0.78
  ],
  [
    1639440000000,
    0.754
  ],
  [
    1639699200000,
    0.72
  ],
  [
    1639785600000,
    0.749
  ],
  [
    1639872000000,
    0.72
  ],
  [
    1639958400000,
    0.723
  ],
  [
    1640044800000,
    0.784
  ],
  [
    1640131200000,
    0.83
  ],
  [
    1640217600000,
    0.85
  ],
  [
    1640390400000,
    0.78
  ],
  [
    1640476800000,
    0.588
  ],
  [
    1640563200000,
    0.76
  ],
  [
    1640649600000,
    0.777
  ],
  [
    1640736000000,
    0.85
  ],
  [
    1640822400000,
    0.779
  ],
  [
    1640908800000,
    0.668
  ],
  [
    1640995200000,
    0.85
  ],
  [
    1641081600000,
    0.878
  ],
  [
    1641168000000,
    0.841
  ],
  [
    1641254400000,
    0.862
  ],
  [
    1641340800000,
    0.816
  ],
  [
    1641427200000,
    0.92
  ],
  [
    1641513600000,
    0.75
  ],
  [
    1641600000000,
    0.874
  ],
  [
    1641686400000,
    0.78
  ],
  [
    1641772800000,
    0.879
  ],
  [
    1641859200000,
    0.86
  ],
  [
    1641945600000,
    0.91
  ],
  [
    1642032000000,
    0.86
  ],
  [
    1642291200000,
    0.959
  ],
  [
    1642377600000,
    0.762
  ],
  [
    1642464000000,
    0.96
  ],
  [
    1642636800000,
    0.844
  ],
  [
    1642723200000,
    0.923
  ],
  [
    1642809600000,
    0.987
  ],
  [
    1642896000000,
    0.913
  ],
  [
    1643068800000,
    0.86
  ],
  [
    1643155200000,
    0.8
  ],
  [
    1643241600000,
    0.863
  ],
  [
    1643414400000,
    0.874
  ],
  [
    1643500800000,
    0.897
  ],
  [
    1643673600000,
    0.83
  ],
  [
    1643760000000,
    0.803
  ],
  [
    1643846400000,
    0.779
  ],
  [
    1643932800000,
    0.835
  ],
  [
    1644192000000,
    0.757
  ],
  [
    1644364800000,
    0.752
  ],
  [
    1644537600000,
    0.764
  ],
  [
    1644624000000,
    0.841
  ],
  [
    1644710400000,
    0.855
  ],
  [
    1644883200000,
    0.843
  ],
  [
    1644969600000,
    0.923
  ],
  [
    1645056000000,
    0.81
  ],
  [
    1645228800000,
    0.897
  ],
  [
    1645315200000,
    0.92
  ],
  [
    1645488000000,
    0.895
  ],
  [
    1645574400000,
    0.89
  ],
  [
    1645660800000,
    0.815
  ],
  [
    1645747200000,
    0.829
  ],
  [
    1645833600000,
    0.886
  ],
  [
    1645920000000,
    0.975
  ],
  [
    1646006400000,
    0.894
  ],
  [
    1646092800000,
    0.826
  ],
  [
    1646179200000,
    0.8
  ],
  [
    1646265600000,
    0.833
  ],
  [
    1646438400000,
    0.885
  ],
  [
    1646611200000,
    0.909
  ],
  [
    1646697600000,
    0.946
  ],
  [
    1646956800000,
    1.011
  ],
  [
    1647043200000,
    0.939
  ],
  [
    1647129600000,
    0.908
  ],
  [
    1647216000000,
    0.446
  ],
  [
    1647388800000,
    0.876
  ],
  [
    1647475200000,
    0.935
  ],
  [
    1647561600000,
    1.041
  ],
  [
    1647820800000,
    0.884
  ],
  [
    1647993600000,
    1.011
  ],
  [
    1648080000000,
    0.972
  ],
  [
    1648166400000,
    1.034
  ],
  [
    1648422000000,
    0.89
  ],
  [
    1648508400000,
    0.885
  ],
  [
    1648681200000,
    0.92
  ],
  [
    1648854000000,
    0.975
  ],
  [
    1648940400000,
    0.964
  ],
  [
    1649026800000,
    1.043
  ],
  [
    1649113200000,
    1
  ],
  [
    1649199600000,
    1.09
  ],
  [
    1649286000000,
    1.104
  ],
  [
    1649372400000,
    1.031
  ],
  [
    1649458800000,
    1.127
  ],
  [
    1649545200000,
    1.17
  ],
  [
    1649631600000,
    1.412
  ],
  [
    1649804400000,
    1.16
  ],
  [
    1649890800000,
    1.091
  ],
  [
    1649977200000,
    1.083
  ],
  [
    1650063600000,
    1.022
  ],
  [
    1650150000000,
    1.39
  ],
  [
    1650236400000,
    1.24
  ],
  [
    1650322800000,
    0.98
  ],
  [
    1650409200000,
    1.12
  ],
  [
    1650495600000,
    1.139
  ],
  [
    1650582000000,
    1.314
  ],
  [
    1650754800000,
    1.394
  ],
  [
    1650841200000,
    1.347
  ],
  [
    1650927600000,
    1.357
  ],
  [
    1651014000000,
    1.319
  ],
  [
    1651100400000,
    1.454
  ],
  [
    1651186800000,
    1.24
  ],
  [
    1651273200000,
    1.295
  ],
  [
    1651446000000,
    1.334
  ],
  [
    1651532400000,
    1.423
  ],
  [
    1651705200000,
    1.198
  ],
  [
    1651791600000,
    1.134
  ],
  [
    1651878000000,
    1.332
  ],
  [
    1651964400000,
    1.163
  ],
  [
    1652050800000,
    1.3
  ],
  [
    1652310000000,
    0.986
  ],
  [
    1652396400000,
    1.17
  ],
  [
    1652482800000,
    1.278
  ],
  [
    1652569200000,
    1.16
  ],
  [
    1652655600000,
    1.26
  ],
  [
    1652742000000,
    1.083
  ],
  [
    1652828400000,
    1.18
  ],
  [
    1652914800000,
    1.17
  ],
  [
    1653001200000,
    1.169
  ],
  [
    1653174000000,
    0.84
  ],
  [
    1653260400000,
    0.809
  ],
  [
    1653346800000,
    1.194
  ],
  [
    1653519600000,
    1.06
  ],
  [
    1653606000000,
    1.161
  ],
  [
    1653692400000,
    1.07
  ],
  [
    1653778800000,
    1.082
  ],
  [
    1654038000000,
    1.157
  ],
  [
    1654210800000,
    1.065
  ],
  [
    1654297200000,
    1.016
  ],
  [
    1654383600000,
    0.991
  ],
  [
    1654470000000,
    1.065
  ],
  [
    1654556400000,
    1.028
  ],
  [
    1654642800000,
    1.01
  ],
  [
    1654729200000,
    1.049
  ],
  [
    1654902000000,
    1.114
  ],
  [
    1655161200000,
    1.01
  ],
  [
    1655247600000,
    1.01
  ],
  [
    1655334000000,
    1.044
  ],
  [
    1655593200000,
    0.936
  ],
  [
    1655852400000,
    0.904
  ],
  [
    1655938800000,
    0.929
  ],
  [
    1656025200000,
    1.041
  ],
  [
    1656111600000,
    1.043
  ],
  [
    1656198000000,
    0.872
  ],
  [
    1656284400000,
    0.973
  ],
  [
    1656370800000,
    1.047
  ],
  [
    1656457200000,
    0.841
  ],
  [
    1656543600000,
    1
  ],
  [
    1656630000000,
    0.984
  ],
  [
    1656716400000,
    1.017
  ],
  [
    1656802800000,
    0.988
  ],
  [
    1656889200000,
    0.83
  ],
  [
    1656975600000,
    0.85
  ],
  [
    1657062000000,
    0.918
  ],
  [
    1657148400000,
    1.253
  ],
  [
    1657666800000,
    1.04
  ],
  [
    1657753200000,
    1.065
  ],
  [
    1657926000000,
    1.054
  ],
  [
    1658098800000,
    0.93
  ],
  [
    1658185200000,
    0.859
  ],
  [
    1658271600000,
    0.949
  ],
  [
    1658358000000,
    0.967
  ],
  [
    1658530800000,
    0.88
  ],
  [
    1658617200000,
    0.848
  ],
  [
    1658703600000,
    0.92
  ],
  [
    1658790000000,
    0.866
  ],
  [
    1658962800000,
    0.927
  ],
  [
    1659049200000,
    0.905
  ],
  [
    1659222000000,
    0.916
  ],
  [
    1659394800000,
    0.949
  ],
  [
    1659481200000,
    0.933
  ],
  [
    1659740400000,
    1.023
  ],
  [
    1659826800000,
    0.936
  ],
  [
    1659913200000,
    0.89
  ],
  [
    1660086000000,
    0.991
  ],
  [
    1660431600000,
    0.88
  ],
  [
    1660518000000,
    0.83
  ],
  [
    1660604400000,
    0.935
  ],
  [
    1660863600000,
    0.73
  ],
  [
    1661122800000,
    0.93
  ],
  [
    1661209200000,
    0.963
  ],
  [
    1661295600000,
    1
  ],
  [
    1661382000000,
    1.063
  ],
  [
    1661468400000,
    1.03
  ],
  [
    1661641200000,
    1.01
  ],
  [
    1661727600000,
    0.965
  ],
  [
    1661814000000,
    1.068
  ],
  [
    1661900400000,
    1.03
  ],
  [
    1661986800000,
    1.043
  ],
  [
    1662073200000,
    1.03
  ],
  [
    1662159600000,
    1.153
  ],
  [
    1662246000000,
    1.154
  ],
  [
    1662332400000,
    1.282
  ],
  [
    1662418800000,
    1.33
  ],
  [
    1662505200000,
    1.089
  ],
  [
    1662591600000,
    1.25
  ],
  [
    1662678000000,
    1.343
  ],
  [
    1662764400000,
    1.361
  ],
  [
    1662850800000,
    1.456
  ],
  [
    1662937200000,
    1.22
  ],
  [
    1663023600000,
    1.24
  ],
  [
    1663196400000,
    1.235
  ],
  [
    1663369200000,
    1.15
  ],
  [
    1663455600000,
    1
  ],
  [
    1663714800000,
    1.241
  ],
  [
    1663801200000,
    1.13
  ],
  [
    1663974000000,
    1.321
  ],
  [
    1664060400000,
    1.26
  ],
  [
    1664146800000,
    1.167
  ],
  [
    1664233200000,
    1.22
  ],
  [
    1664319600000,
    1.385
  ],
  [
    1664406000000,
    1.149
  ],
  [
    1664578800000,
    1.065
  ],
  [
    1664665200000,
    1.159
  ],
  [
    1664751600000,
    1.12
  ],
  [
    1664838000000,
    1.165
  ],
  [
    1664924400000,
    1.312
  ],
  [
    1665010800000,
    0.613
  ],
  [
    1665097200000,
    1.153
  ],
  [
    1665270000000,
    1.297
  ],
  [
    1665356400000,
    1.152
  ],
  [
    1665442800000,
    1.12
  ],
  [
    1665529200000,
    1.11
  ],
  [
    1665615600000,
    1.253
  ],
  [
    1665702000000,
    1.097
  ],
  [
    1665788400000,
    1.184
  ],
  [
    1665874800000,
    1.329
  ],
  [
    1666047600000,
    1.218
  ],
  [
    1666134000000,
    1.253
  ],
  [
    1666306800000,
    1.469
  ],
  [
    1666393200000,
    1.222
  ],
  [
    1666479600000,
    1.233
  ],
  [
    1666566000000,
    1.197
  ],
  [
    1666652400000,
    1.24
  ],
  [
    1666738800000,
    1.139
  ],
  [
    1666825200000,
    1.32
  ],
  [
    1666911600000,
    1.49
  ],
  [
    1667084400000,
    1.17
  ],
  [
    1667347200000,
    1.4
  ],
  [
    1667520000000,
    1.481
  ],
  [
    1667952000000,
    1.563
  ],
  [
    1668038400000,
    1.423
  ],
  [
    1668124800000,
    1.465
  ],
  [
    1668211200000,
    1.57
  ],
  [
    1668384000000,
    1.36
  ],
  [
    1668470400000,
    1.29
  ],
  [
    1668643200000,
    1.22
  ],
  [
    1668816000000,
    1.303
  ],
  [
    1669075200000,
    1.347
  ],
  [
    1669161600000,
    1.238
  ],
  [
    1669248000000,
    1.234
  ],
  [
    1669334400000,
    1.477
  ],
  [
    1669420800000,
    1.429
  ],
  [
    1669507200000,
    1.345
  ],
  [
    1669593600000,
    1.35
  ],
  [
    1669766400000,
    2.008
  ],
  [
    1669852800000,
    1.586
  ],
  [
    1670025600000,
    1.673
  ],
  [
    1670112000000,
    1.709
  ],
  [
    1670198400000,
    0.686
  ],
  [
    1670284800000,
    1.657
  ],
  [
    1670371200000,
    0.941
  ],
  [
    1670457600000,
    1.614
  ],
  [
    1670544000000,
    1.796
  ],
  [
    1670630400000,
    1.446
  ],
  [
    1670716800000,
    1.747
  ],
  [
    1670803200000,
    1.764
  ],
  [
    1670889600000,
    1.885
  ],
  [
    1670976000000,
    1.754
  ],
  [
    1671062400000,
    1.72
  ],
  [
    1671321600000,
    1.617
  ],
  [
    1671408000000,
    1.36
  ],
  [
    1671494400000,
    1.53
  ],
  [
    1671580800000,
    1.18
  ],
  [
    1671753600000,
    1.541
  ],
  [
    1671840000000,
    1.39
  ],
  [
    1671926400000,
    1.618
  ],
  [
    1672012800000,
    1.558
  ],
  [
    1672099200000,
    1.47
  ],
  [
    1672185600000,
    1.52
  ],
  [
    1672272000000,
    1.397
  ],
  [
    1672358400000,
    1.477
  ],
  [
    1672444800000,
    1.54
  ],
  [
    1672531200000,
    1.539
  ],
  [
    1672617600000,
    1.492
  ],
  [
    1672704000000,
    1.36
  ],
  [
    1672963200000,
    1.457
  ],
  [
    1673049600000,
    1.243
  ],
  [
    1673308800000,
    1.408
  ],
  [
    1673481600000,
    1.51
  ],
  [
    1673654400000,
    1.4
  ],
  [
    1673740800000,
    1.445
  ],
  [
    1673913600000,
    1.518
  ],
  [
    1674000000000,
    1.597
  ],
  [
    1674086400000,
    1.699
  ],
  [
    1674172800000,
    1.285
  ],
  [
    1674259200000,
    1.625
  ],
  [
    1674345600000,
    1.619
  ],
  [
    1674518400000,
    1.631
  ],
  [
    1674691200000,
    1.64
  ],
  [
    1674864000000,
    1.632
  ],
  [
    1674950400000,
    1.725
  ],
  [
    1675036800000,
    1.763
  ],
  [
    1675123200000,
    1.9
  ],
  [
    1675209600000,
    1.779
  ],
  [
    1675296000000,
    2.083
  ],
  [
    1675468800000,
    2.122
  ],
  [
    1675555200000,
    1.91
  ],
  [
    1675641600000,
    2.185
  ],
  [
    1675814400000,
    1.86
  ],
  [
    1675900800000,
    1.753
  ],
  [
    1676160000000,
    1.975
  ],
  [
    1676246400000,
    1.84
  ],
  [
    1676332800000,
    1.711
  ],
  [
    1676419200000,
    1.854
  ],
  [
    1676505600000,
    1.894
  ],
  [
    1676678400000,
    1.81
  ],
  [
    1676764800000,
    1.879
  ],
  [
    1677024000000,
    1.921
  ],
  [
    1677110400000,
    1.746
  ],
  [
    1677196800000,
    1.828
  ],
  [
    1677283200000,
    1.946
  ],
  [
    1677369600000,
    1.87
  ],
  [
    1677456000000,
    1.75
  ],
  [
    1677628800000,
    1.95
  ],
  [
    1677715200000,
    1.779
  ],
  [
    1677888000000,
    1.07
  ],
  [
    1677974400000,
    1.966
  ],
  [
    1678060800000,
    1.991
  ],
  [
    1678233600000,
    1.87
  ],
  [
    1678406400000,
    1.874
  ],
  [
    1678492800000,
    1.365
  ],
  [
    1678665600000,
    0.857
  ],
  [
    1678838400000,
    1.359
  ],
  [
    1678924800000,
    1.843
  ],
  [
    1679011200000,
    1.822
  ],
  [
    1679097600000,
    1.73
  ],
  [
    1679184000000,
    1.61
  ],
  [
    1679270400000,
    1.373
  ],
  [
    1679356800000,
    1.753
  ],
  [
    1679443200000,
    1.703
  ],
  [
    1679529600000,
    1.45
  ],
  [
    1679788800000,
    1.576
  ],
  [
    1679871600000,
    1.46
  ],
  [
    1680044400000,
    1.098
  ],
  [
    1680130800000,
    1.46
  ],
  [
    1680217200000,
    1.344
  ],
  [
    1680303600000,
    1.607
  ],
  [
    1680390000000,
    1.4
  ],
  [
    1680476400000,
    1.406
  ],
  [
    1680562800000,
    1.32
  ],
  [
    1680649200000,
    1.207
  ],
  [
    1680735600000,
    1.53
  ],
  [
    1680908400000,
    1.61
  ],
  [
    1680994800000,
    1.559
  ],
  [
    1681081200000,
    0.893
  ],
  [
    1681167600000,
    1.608
  ],
  [
    1681254000000,
    1.612
  ],
  [
    1681340400000,
    1.491
  ],
  [
    1681426800000,
    1.51
  ],
  [
    1681513200000,
    1.555
  ],
  [
    1681599600000,
    1.7
  ],
  [
    1681686000000,
    1.632
  ],
  [
    1681772400000,
    1.679
  ],
  [
    1681858800000,
    1.741
  ],
  [
    1681945200000,
    1.679
  ],
  [
    1682031600000,
    1.793
  ],
  [
    1682118000000,
    1.954
  ],
  [
    1682204400000,
    1.71
  ],
  [
    1682290800000,
    1.449
  ],
  [
    1682377200000,
    1.851
  ],
  [
    1682550000000,
    1.607
  ],
  [
    1682636400000,
    1.72
  ],
  [
    1682722800000,
    1.976
  ],
  [
    1682809200000,
    1.588
  ],
  [
    1682895600000,
    1.715
  ],
  [
    1683068400000,
    1.503
  ],
  [
    1683154800000,
    2
  ],
  [
    1683241200000,
    1.503
  ],
  [
    1683327600000,
    1.396
  ],
  [
    1683414000000,
    1.624
  ],
  [
    1683500400000,
    1.5
  ],
  [
    1683586800000,
    1.397
  ],
  [
    1683673200000,
    1.542
  ],
  [
    1683759600000,
    1.756
  ],
  [
    1683932400000,
    1.739
  ],
  [
    1684105200000,
    1.75
  ],
  [
    1684191600000,
    1.781
  ],
  [
    1684278000000,
    1.805
  ],
  [
    1684450800000,
    1.317
  ],
  [
    1684537200000,
    1.959
  ],
  [
    1684623600000,
    1.196
  ],
  [
    1684710000000,
    1.959
  ],
  [
    1684796400000,
    1.947
  ],
  [
    1684969200000,
    1.306
  ],
  [
    1685142000000,
    1.812
  ],
  [
    1685228400000,
    1.838
  ],
  [
    1685314800000,
    1.807
  ],
  [
    1685487600000,
    1.65
  ],
  [
    1685574000000,
    1.963
  ],
  [
    1685660400000,
    1.98
  ],
  [
    1685746800000,
    2.012
  ],
  [
    1685833200000,
    2.012
  ],
  [
    1685919600000,
    1.867
  ],
  [
    1686006000000,
    2.058
  ],
  [
    1686092400000,
    2.009
  ],
  [
    1686178800000,
    2.085
  ],
  [
    1686265200000,
    1.394
  ],
  [
    1686351600000,
    2.166
  ],
  [
    1686438000000,
    2.145
  ],
  [
    1686524400000,
    2.252
  ],
  [
    1686697200000,
    1.116
  ],
  [
    1686783600000,
    2.094
  ],
  [
    1686870000000,
    2.198
  ],
  [
    1686956400000,
    2.333
  ],
  [
    1687042800000,
    1.723
  ],
  [
    1687129200000,
    2.593
  ],
  [
    1687215600000,
    1.108
  ],
  [
    1687388400000,
    1.108
  ],
  [
    1687474800000,
    2.43
  ],
  [
    1687561200000,
    2.506
  ],
  [
    1687734000000,
    0.834
  ],
  [
    1687820400000,
    2.566
  ],
  [
    1687906800000,
    2.695
  ],
  [
    1687993200000,
    2.626
  ],
  [
    1688079600000,
    2.39
  ],
  [
    1688166000000,
    1.403
  ],
  [
    1688252400000,
    2.07
  ],
  [
    1688338800000,
    1.039
  ],
  [
    1688425200000,
    2.114
  ],
  [
    1688598000000,
    1.643
  ],
  [
    1688684400000,
    0.887
  ],
  [
    1688770800000,
    2.237
  ],
  [
    1688857200000,
    2.48
  ],
  [
    1689030000000,
    1.903
  ],
  [
    1689116400000,
    1.92
  ],
  [
    1689202800000,
    1.936
  ],
  [
    1689375600000,
    1.937
  ],
  [
    1689548400000,
    1.894
  ],
  [
    1689634800000,
    1.79
  ],
  [
    1689807600000,
    2.076
  ],
  [
    1689894000000,
    2.12
  ],
  [
    1689980400000,
    2.067
  ],
  [
    1690066800000,
    2.291
  ],
  [
    1690239600000,
    2.258
  ],
  [
    1690412400000,
    2.145
  ],
  [
    1690498800000,
    1.65
  ],
  [
    1690585200000,
    1.703
  ],
  [
    1690758000000,
    1.844
  ],
  [
    1690844400000,
    2.368
  ],
  [
    1691017200000,
    1.54
  ],
  [
    1691103600000,
    2.345
  ],
  [
    1691190000000,
    1.52
  ],
  [
    1691276400000,
    2.059
  ],
  [
    1691449200000,
    1.055
  ],
  [
    1691622000000,
    0.969
  ],
  [
    1691794800000,
    1.9
  ],
  [
    1691881200000,
    1.789
  ],
  [
    1691967600000,
    0.892
  ],
  [
    1692054000000,
    2.066
  ],
  [
    1692140400000,
    2.187
  ],
  [
    1692226800000,
    2.232
  ],
  [
    1692313200000,
    2.165
  ],
  [
    1692486000000,
    2.11
  ],
  [
    1692745200000,
    2.252
  ],
  [
    1692831600000,
    1.11
  ],
  [
    1692918000000,
    2.082
  ],
  [
    1693004400000,
    2.161
  ],
  [
    1693090800000,
    2.287
  ],
  [
    1693350000000,
    2.16
  ],
  [
    1693436400000,
    2.16
  ],
  [
    1693522800000,
    2.21
  ],
  [
    1693609200000,
    1.48
  ],
  [
    1693782000000,
    1.65
  ],
  [
    1693868400000,
    2.26
  ],
  [
    1693954800000,
    2.304
  ],
  [
    1694041200000,
    2.346
  ],
  [
    1694214000000,
    2.376
  ],
  [
    1694300400000,
    2.326
  ],
  [
    1694386800000,
    2.41
  ],
  [
    1694473200000,
    2.187
  ],
  [
    1694559600000,
    1.705
  ],
  [
    1694818800000,
    1.86
  ],
  [
    1694905200000,
    2.012
  ],
  [
    1694991600000,
    2.647
  ],
  [
    1695337200000,
    2.55
  ],
  [
    1695510000000,
    2.58
  ],
  [
    1695596400000,
    1.015
  ],
  [
    1695855600000,
    2.047
  ],
  [
    1695942000000,
    2.382
  ],
  [
    1696114800000,
    2.361
  ],
  [
    1696201200000,
    2.21
  ],
  [
    1696287600000,
    2.172
  ],
  [
    1696374000000,
    2.408
  ],
  [
    1696460400000,
    2.466
  ],
  [
    1696546800000,
    2.345
  ],
  [
    1696633200000,
    2.354
  ],
  [
    1696806000000,
    2.493
  ],
  [
    1696892400000,
    1.558
  ],
  [
    1696978800000,
    0.756
  ],
  [
    1697065200000,
    2.522
  ],
  [
    1697151600000,
    3.4
  ],
  [
    1697410800000,
    2.68
  ],
  [
    1697583600000,
    2.47
  ],
  [
    1697670000000,
    2.748
  ],
  [
    1697842800000,
    2.854
  ],
  [
    1698015600000,
    2.73
  ],
  [
    1698188400000,
    2.483
  ],
  [
    1698447600000,
    2.43
  ],
  [
    1698624000000,
    2.417
  ],
  [
    1698883200000,
    2.57
  ],
  [
    1698969600000,
    2.849
  ],
  [
    1699142400000,
    2.54
  ],
  [
    1699228800000,
    2.796
  ],
  [
    1699315200000,
    2.832
  ],
  [
    1699660800000,
    0.827
  ],
  [
    1699747200000,
    2.727
  ],
  [
    1699920000000,
    2.747
  ],
  [
    1700179200000,
    2.569
  ],
  [
    1700438400000,
    1.03
  ],
  [
    1700524800000,
    1.12
  ],
  [
    1700611200000,
    2.62
  ],
  [
    1700784000000,
    2.5
  ],
  [
    1700870400000,
    2.482
  ],
  [
    1701129600000,
    2.39
  ],
  [
    1701216000000,
    2.524
  ],
  [
    1701302400000,
    1.568
  ],
  [
    1701388800000,
    2.54
  ],
  [
    1701475200000,
    0.756
  ],
  [
    1701561600000,
    2.725
  ],
  [
    1701648000000,
    2.79
  ],
  [
    1701907200000,
    2.654
  ],
  [
    1701993600000,
    2.77
  ],
  [
    1702080000000,
    2.7
  ],
  [
    1702166400000,
    2.7
  ],
  [
    1702252800000,
    2.757
  ],
  [
    1702339200000,
    2.748
  ],
  [
    1702425600000,
    2.955
  ],
  [
    1702512000000,
    2.243
  ],
  [
    1702598400000,
    1.84
  ],
  [
    1702684800000,
    2.934
  ],
  [
    1702857600000,
    2.049
  ],
  [
    1703030400000,
    2.76
  ],
  [
    1703116800000,
    1.12
  ],
  [
    1703289600000,
    2.68
  ],
  [
    1703376000000,
    2.69
  ],
  [
    1703462400000,
    2.635
  ],
  [
    1703635200000,
    1.04
  ],
  [
    1703808000000,
    1.825
  ],
  [
    1703980800000,
    2.36
  ],
  [
    1704067200000,
    1.04
  ],
  [
    1704153600000,
    1.04
  ],
  [
    1704326400000,
    2.73
  ],
  [
    1704499200000,
    1.66
  ],
  [
    1704585600000,
    2.912
  ],
  [
    1704672000000,
    2.721
  ],
  [
    1704758400000,
    2.825
  ],
  [
    1704844800000,
    2.275
  ],
  [
    1705104000000,
    2.956
  ],
  [
    1705276800000,
    2.427
  ],
  [
    1705363200000,
    3.293
  ],
  [
    1705449600000,
    2.59
  ],
  [
    1705536000000,
    3.482
  ],
  [
    1705622400000,
    0.94
  ],
  [
    1705881600000,
    2.18
  ],
  [
    1706054400000,
    2.76
  ],
  [
    1706140800000,
    2.984
  ],
  [
    1706227200000,
    2.91
  ],
  [
    1706313600000,
    1.715
  ],
  [
    1706400000000,
    2.88
  ],
  [
    1706486400000,
    2.99
  ],
  [
    1706572800000,
    3.04
  ],
  [
    1706832000000,
    2.38
  ],
  [
    1706918400000,
    0.87
  ],
  [
    1707004800000,
    1.08
  ],
  [
    1707091200000,
    2.82
  ],
  [
    1707350400000,
    2.615
  ],
  [
    1707436800000,
    2.54
  ],
  [
    1707523200000,
    2.67
  ],
  [
    1707782400000,
    3.168
  ],
  [
    1707868800000,
    2.156
  ],
  [
    1707955200000,
    3.225
  ],
  [
    1708041600000,
    3.351
  ],
  [
    1708128000000,
    3.449
  ],
  [
    1708214400000,
    2.379
  ],
  [
    1708300800000,
    3.095
  ],
  [
    1708387200000,
    1.08
  ],
  [
    1708560000000,
    3.003
  ],
  [
    1708732800000,
    4.265
  ],
  [
    1708819200000,
    4.412
  ],
  [
    1708905600000,
    3.775
  ],
  [
    1708992000000,
    4.61
  ],
  [
    1709078400000,
    4.74
  ],
  [
    1709510400000,
    1.08
  ],
  [
    1709769600000,
    1.08
  ],
  [
    1709942400000,
    4.09
  ],
  [
    1710028800000,
    4.015
  ],
  [
    1710115200000,
    4.2
  ],
  [
    1710201600000,
    4.42
  ],
  [
    1710288000000,
    3.78
  ],
  [
    1710374400000,
    3.602
  ],
  [
    1710460800000,
    3.6
  ],
  [
    1710633600000,
    1.11
  ],
  [
    1710892800000,
    3.785
  ],
  [
    1711065600000,
    3.92
  ],
  [
    1711152000000,
    3.93
  ],
  [
    1711238400000,
    3.471
  ],
  [
    1711411200000,
    3.871
  ],
  [
    1711497600000,
    3.69
  ],
  [
    1711584000000,
    3.725
  ],
  [
    1711670400000,
    3.775
  ],
  [
    1711756800000,
    3.93
  ],
  [
    1712012400000,
    4.165
  ],
  [
    1712271600000,
    4.25
  ],
  [
    1712358000000,
    4.515
  ],
  [
    1712444400000,
    4.6
  ],
  [
    1712530800000,
    4.8
  ],
  [
    1713481200000,
    4.709
  ],
  [
    1713654000000,
    4.26
  ],
  [
    1713740400000,
    4.571
  ],
  [
    1713999600000,
    4.26
  ],
  [
    1714172400000,
    4.58
  ],
  [
    1714518000000,
    4.37
  ],
  [
    1715036400000,
    4.107
  ],
  [
    1715209200000,
    4.07
  ],
  [
    1715295600000,
    3.739
  ],
  [
    1715468400000,
    3.4
  ],
  [
    1715641200000,
    4.34
  ],
  [
    1715814000000,
    4.54
  ],
  [
    1715900400000,
    4.61
  ],
  [
    1715986800000,
    4.769
  ],
  [
    1716073200000,
    4.67
  ],
  [
    1716159600000,
    4.79
  ],
  [
    1716246000000,
    4.923
  ],
  [
    1716706800000,
    4.65
  ],
  [
    1716879600000,
    4.49
  ],
  [
    1717200000000,
    5.485
  ],
  [
    1717354800000,
    5.49
  ],
  [
    1717520400000,
    6.05
  ],
  [
    1717797600000,
    6.41
  ],
  [
    1717826400000,
    6.39
  ],
  [
    1717898400000,
    6.41
  ],
  [
    1717984800000,
    6.34
  ],
  [
    1718031600000,
    6.57
  ],
  [
    1718092800000,
    6.37
  ],
  [
    1718146800000,
    6.18
  ],
  [
    1718629200000,
    5.76
  ]
]