[
  [
    1574121600000,
    0.056
  ],
  [
    1574208000000,
    0.072
  ],
  [
    1574294400000,
    0.089
  ],
  [
    1574380800000,
    0.106
  ],
  [
    1574467200000,
    0.092
  ],
  [
    1574553600000,
    0.091
  ],
  [
    1574640000000,
    0.101
  ],
  [
    1574726400000,
    2.333
  ],
  [
    1574812800000,
    0.15
  ],
  [
    1574899200000,
    0.088
  ],
  [
    1574985600000,
    0.972
  ],
  [
    1575072000000,
    0.108
  ],
  [
    1575158400000,
    0.136
  ],
  [
    1575244800000,
    0.133
  ],
  [
    1575331200000,
    0.119
  ],
  [
    1575417600000,
    0.093
  ],
  [
    1575504000000,
    0.089
  ],
  [
    1575590400000,
    0.091
  ],
  [
    1575676800000,
    0.076
  ],
  [
    1575763200000,
    0.104
  ],
  [
    1575849600000,
    0.078
  ],
  [
    1575936000000,
    0.088
  ],
  [
    1576022400000,
    0.082
  ],
  [
    1576108800000,
    0.084
  ],
  [
    1576195200000,
    0.078
  ],
  [
    1576281600000,
    0.084
  ],
  [
    1576368000000,
    0.099
  ],
  [
    1576454400000,
    0.161
  ],
  [
    1576540800000,
    0.127
  ],
  [
    1576627200000,
    0.09
  ],
  [
    1576713600000,
    0.089
  ],
  [
    1576800000000,
    0.08
  ],
  [
    1576886400000,
    0.087
  ],
  [
    1576972800000,
    0.09
  ],
  [
    1577059200000,
    0.081
  ],
  [
    1577145600000,
    0.085
  ],
  [
    1577232000000,
    0.083
  ],
  [
    1577318400000,
    0.077
  ],
  [
    1577404800000,
    0.086
  ],
  [
    1577491200000,
    0.09
  ],
  [
    1577577600000,
    3.508
  ],
  [
    1577664000000,
    0.088
  ],
  [
    1577750400000,
    0.091
  ],
  [
    1577836800000,
    0.081
  ],
  [
    1577923200000,
    0.079
  ],
  [
    1578009600000,
    0.066
  ],
  [
    1578096000000,
    0.078
  ],
  [
    1578182400000,
    0.084
  ],
  [
    1578268800000,
    0.085
  ],
  [
    1578355200000,
    0.079
  ],
  [
    1578441600000,
    0.079
  ],
  [
    1578528000000,
    0.078
  ],
  [
    1578614400000,
    0.079
  ],
  [
    1578700800000,
    0.081
  ],
  [
    1578787200000,
    0.082
  ],
  [
    1578873600000,
    0.09
  ],
  [
    1578960000000,
    0.092
  ],
  [
    1579046400000,
    0.087
  ],
  [
    1579132800000,
    0.083
  ],
  [
    1579219200000,
    0.077
  ],
  [
    1579305600000,
    0.086
  ],
  [
    1579392000000,
    0.087
  ],
  [
    1579478400000,
    0.09
  ],
  [
    1579564800000,
    0.082
  ],
  [
    1579651200000,
    0.085
  ],
  [
    1579737600000,
    0.091
  ],
  [
    1579824000000,
    0.087
  ],
  [
    1579910400000,
    0.091
  ],
  [
    1579996800000,
    0.088
  ],
  [
    1580083200000,
    0.086
  ],
  [
    1580169600000,
    0.086
  ],
  [
    1580256000000,
    0.092
  ],
  [
    1580342400000,
    0.099
  ],
  [
    1580428800000,
    0.096
  ],
  [
    1580515200000,
    0.104
  ],
  [
    1580601600000,
    0.102
  ],
  [
    1580688000000,
    0.104
  ],
  [
    1580774400000,
    0.186
  ],
  [
    1580860800000,
    0.143
  ],
  [
    1580947200000,
    0.143
  ],
  [
    1581033600000,
    0.132
  ],
  [
    1581120000000,
    0.116
  ],
  [
    1581206400000,
    0.119
  ],
  [
    1581292800000,
    0.121
  ],
  [
    1581379200000,
    0.119
  ],
  [
    1581465600000,
    0.126
  ],
  [
    1581552000000,
    0.127
  ],
  [
    1581638400000,
    0.12
  ],
  [
    1581724800000,
    0.119
  ],
  [
    1581811200000,
    0.119
  ],
  [
    1581897600000,
    0.124
  ],
  [
    1581984000000,
    0.121
  ],
  [
    1582070400000,
    0.113
  ],
  [
    1582156800000,
    0.101
  ],
  [
    1582243200000,
    0.098
  ],
  [
    1582329600000,
    0.102
  ],
  [
    1582416000000,
    0.108
  ],
  [
    1582502400000,
    0.146
  ],
  [
    1582588800000,
    0.146
  ],
  [
    1582675200000,
    0.123
  ],
  [
    1582761600000,
    0.114
  ],
  [
    1582848000000,
    0.128
  ],
  [
    1582934400000,
    0.126
  ],
  [
    1583020800000,
    0.129
  ],
  [
    1583107200000,
    0.135
  ],
  [
    1583193600000,
    0.118
  ],
  [
    1583280000000,
    0.124
  ],
  [
    1583366400000,
    0.118
  ],
  [
    1583452800000,
    0.112
  ],
  [
    1583539200000,
    0.106
  ],
  [
    1583625600000,
    0.11
  ],
  [
    1583712000000,
    0.109
  ],
  [
    1583798400000,
    0.111
  ],
  [
    1583884800000,
    0.111
  ],
  [
    1583971200000,
    0.104
  ],
  [
    1584057600000,
    0.097
  ],
  [
    1584144000000,
    0.098
  ],
  [
    1584230400000,
    0.099
  ],
  [
    1584316800000,
    0.097
  ],
  [
    1584403200000,
    0.096
  ],
  [
    1584489600000,
    0.096
  ],
  [
    1584576000000,
    0.097
  ],
  [
    1584662400000,
    0.098
  ],
  [
    1584748800000,
    0.094
  ],
  [
    1584835200000,
    0.093
  ],
  [
    1584921600000,
    0.099
  ],
  [
    1585008000000,
    0.095
  ],
  [
    1585094400000,
    0.097
  ],
  [
    1585180800000,
    0.094
  ],
  [
    1585267200000,
    0.092
  ],
  [
    1585353600000,
    0.092
  ],
  [
    1585440000000,
    0.1
  ],
  [
    1585522800000,
    0.113
  ],
  [
    1585609200000,
    0.103
  ],
  [
    1585695600000,
    0.095
  ],
  [
    1585782000000,
    0.093
  ],
  [
    1585868400000,
    0.1
  ],
  [
    1585954800000,
    0.091
  ],
  [
    1586041200000,
    0.093
  ],
  [
    1586127600000,
    0.089
  ],
  [
    1586214000000,
    0.092
  ],
  [
    1586300400000,
    0.089
  ],
  [
    1586386800000,
    0.09
  ],
  [
    1586473200000,
    0.094
  ],
  [
    1586559600000,
    0.091
  ],
  [
    1586646000000,
    0.089
  ],
  [
    1586732400000,
    0.097
  ],
  [
    1586818800000,
    0.094
  ],
  [
    1586905200000,
    0.099
  ],
  [
    1586991600000,
    0.097
  ],
  [
    1587078000000,
    0.096
  ],
  [
    1587164400000,
    0.095
  ],
  [
    1587250800000,
    0.11
  ],
  [
    1587337200000,
    0.098
  ],
  [
    1587423600000,
    0.094
  ],
  [
    1587510000000,
    0.094
  ],
  [
    1587596400000,
    0.09
  ],
  [
    1587682800000,
    0.089
  ],
  [
    1587769200000,
    0.1
  ],
  [
    1587855600000,
    0.086
  ],
  [
    1587942000000,
    0.091
  ],
  [
    1588028400000,
    0.091
  ],
  [
    1588114800000,
    0.093
  ],
  [
    1588201200000,
    0.106
  ],
  [
    1588287600000,
    0.107
  ],
  [
    1588374000000,
    0.71
  ],
  [
    1588460400000,
    0.107
  ],
  [
    1588546800000,
    0.107
  ],
  [
    1588633200000,
    0.112
  ],
  [
    1588719600000,
    0.133
  ],
  [
    1588806000000,
    0.12
  ],
  [
    1588892400000,
    0.138
  ],
  [
    1588978800000,
    0.122
  ],
  [
    1589065200000,
    0.127
  ],
  [
    1589151600000,
    0.135
  ],
  [
    1589238000000,
    0.14
  ],
  [
    1589324400000,
    0.135
  ],
  [
    1589410800000,
    0.136
  ],
  [
    1589497200000,
    0.131
  ],
  [
    1589583600000,
    0.135
  ],
  [
    1589670000000,
    0.134
  ],
  [
    1589756400000,
    0.146
  ],
  [
    1589842800000,
    0.168
  ],
  [
    1589929200000,
    0.168
  ],
  [
    1590015600000,
    0.17
  ],
  [
    1590102000000,
    0.18
  ],
  [
    1590188400000,
    0.178
  ],
  [
    1590274800000,
    0.165
  ],
  [
    1590361200000,
    0.18
  ],
  [
    1590447600000,
    0.162
  ],
  [
    1590534000000,
    0.143
  ],
  [
    1590620400000,
    0.142
  ],
  [
    1590706800000,
    0.14
  ],
  [
    1590793200000,
    0.146
  ],
  [
    1590879600000,
    0.161
  ],
  [
    1590966000000,
    0.161
  ],
  [
    1591052400000,
    0.153
  ],
  [
    1591138800000,
    1.097
  ],
  [
    1591225200000,
    0.16
  ],
  [
    1591311600000,
    0.158
  ],
  [
    1591398000000,
    0.162
  ],
  [
    1591484400000,
    0.154
  ],
  [
    1591570800000,
    0.161
  ],
  [
    1591657200000,
    0.157
  ],
  [
    1591743600000,
    0.153
  ],
  [
    1591830000000,
    0.153
  ],
  [
    1591916400000,
    0.149
  ],
  [
    1592002800000,
    0.15
  ],
  [
    1592089200000,
    0.143
  ],
  [
    1592175600000,
    0.14
  ],
  [
    1592262000000,
    0.142
  ],
  [
    1592348400000,
    0.145
  ],
  [
    1592434800000,
    0.144
  ],
  [
    1592521200000,
    0.134
  ],
  [
    1592607600000,
    0.133
  ],
  [
    1592694000000,
    0.131
  ],
  [
    1592780400000,
    0.134
  ],
  [
    1592866800000,
    0.134
  ],
  [
    1592953200000,
    0.132
  ],
  [
    1593039600000,
    0.128
  ],
  [
    1593126000000,
    0.158
  ],
  [
    1593212400000,
    0.118
  ],
  [
    1593298800000,
    0.117
  ],
  [
    1593385200000,
    0.119
  ],
  [
    1593471600000,
    0.122
  ],
  [
    1593558000000,
    0.127
  ],
  [
    1593644400000,
    0.127
  ],
  [
    1593730800000,
    0.123
  ],
  [
    1593817200000,
    0.115
  ],
  [
    1593903600000,
    0.118
  ],
  [
    1593990000000,
    0.118
  ],
  [
    1594076400000,
    0.118
  ],
  [
    1594162800000,
    0.123
  ],
  [
    1594249200000,
    0.129
  ],
  [
    1594335600000,
    0.146
  ],
  [
    1594422000000,
    0.129
  ],
  [
    1594508400000,
    0.134
  ],
  [
    1594594800000,
    0.294
  ],
  [
    1594681200000,
    1.78
  ],
  [
    1594767600000,
    0.137
  ],
  [
    1594854000000,
    0.136
  ],
  [
    1594940400000,
    0.159
  ],
  [
    1595026800000,
    0.134
  ],
  [
    1595113200000,
    0.144
  ],
  [
    1595199600000,
    0.143
  ],
  [
    1595286000000,
    0.142
  ],
  [
    1595372400000,
    0.152
  ],
  [
    1595458800000,
    0.295
  ],
  [
    1595545200000,
    0.16
  ],
  [
    1595631600000,
    0.175
  ],
  [
    1595718000000,
    0.16
  ],
  [
    1595804400000,
    0.157
  ],
  [
    1595890800000,
    0.164
  ],
  [
    1595977200000,
    0.164
  ],
  [
    1596063600000,
    0.231
  ],
  [
    1596150000000,
    0.166
  ],
  [
    1596236400000,
    0.16
  ],
  [
    1596322800000,
    0.156
  ],
  [
    1596409200000,
    0.165
  ],
  [
    1596495600000,
    0.147
  ],
  [
    1596582000000,
    0.158
  ],
  [
    1596668400000,
    0.174
  ],
  [
    1596754800000,
    0.246
  ],
  [
    1596841200000,
    12.225
  ],
  [
    1596927600000,
    0.166
  ],
  [
    1597014000000,
    0.151
  ],
  [
    1597100400000,
    0.166
  ],
  [
    1597186800000,
    0.167
  ],
  [
    1597273200000,
    0.164
  ],
  [
    1597359600000,
    0.158
  ],
  [
    1597446000000,
    0.157
  ],
  [
    1597532400000,
    0.154
  ],
  [
    1597618800000,
    0.166
  ],
  [
    1597705200000,
    0.157
  ],
  [
    1597791600000,
    0.165
  ],
  [
    1597878000000,
    0.172
  ],
  [
    1597964400000,
    0.158
  ],
  [
    1598050800000,
    0.153
  ],
  [
    1598137200000,
    0.144
  ],
  [
    1598223600000,
    0.168
  ],
  [
    1598310000000,
    0.162
  ],
  [
    1598396400000,
    0.148
  ],
  [
    1598482800000,
    0.239
  ],
  [
    1598569200000,
    0.145
  ],
  [
    1598655600000,
    0.158
  ],
  [
    1598742000000,
    0.154
  ],
  [
    1598828400000,
    0.15
  ],
  [
    1598914800000,
    0.153
  ],
  [
    1599001200000,
    1.696
  ],
  [
    1599087600000,
    0.147
  ],
  [
    1599174000000,
    0.169
  ],
  [
    1599260400000,
    0.16
  ],
  [
    1599346800000,
    0.163
  ],
  [
    1599433200000,
    0.841
  ],
  [
    1599519600000,
    0.193
  ],
  [
    1599606000000,
    0.146
  ],
  [
    1599692400000,
    0.154
  ],
  [
    1599778800000,
    0.152
  ],
  [
    1599865200000,
    0.153
  ],
  [
    1599951600000,
    0.178
  ],
  [
    1600038000000,
    0.313
  ],
  [
    1600124400000,
    0.154
  ],
  [
    1600210800000,
    0.694
  ],
  [
    1600297200000,
    0.152
  ],
  [
    1600383600000,
    0.156
  ],
  [
    1600470000000,
    0.153
  ],
  [
    1600556400000,
    0.158
  ],
  [
    1600642800000,
    0.162
  ],
  [
    1600729200000,
    0.145
  ],
  [
    1600815600000,
    0.152
  ],
  [
    1600902000000,
    0.156
  ],
  [
    1600988400000,
    0.15
  ],
  [
    1601074800000,
    0.153
  ],
  [
    1601161200000,
    0.151
  ],
  [
    1601247600000,
    0.155
  ],
  [
    1601334000000,
    0.159
  ],
  [
    1601420400000,
    0.171
  ],
  [
    1601506800000,
    0.139
  ],
  [
    1601593200000,
    0.144
  ],
  [
    1601679600000,
    0.143
  ],
  [
    1601766000000,
    0.156
  ],
  [
    1601852400000,
    0.148
  ],
  [
    1601938800000,
    0.149
  ],
  [
    1602025200000,
    0.157
  ],
  [
    1602111600000,
    0.154
  ],
  [
    1602198000000,
    0.159
  ],
  [
    1602284400000,
    0.175
  ],
  [
    1602370800000,
    0.206
  ],
  [
    1602457200000,
    0.167
  ],
  [
    1602543600000,
    0.166
  ],
  [
    1602630000000,
    0.267
  ],
  [
    1602716400000,
    0.172
  ],
  [
    1602802800000,
    0.182
  ],
  [
    1602889200000,
    0.19
  ],
  [
    1602975600000,
    0.183
  ],
  [
    1603062000000,
    0.166
  ],
  [
    1603148400000,
    0.824
  ],
  [
    1603234800000,
    0.187
  ],
  [
    1603321200000,
    0.183
  ],
  [
    1603407600000,
    0.18
  ],
  [
    1603494000000,
    0.183
  ],
  [
    1603580400000,
    0.212
  ],
  [
    1603670400000,
    0.181
  ],
  [
    1603756800000,
    0.185
  ],
  [
    1603843200000,
    0.183
  ],
  [
    1603929600000,
    0.173
  ],
  [
    1604016000000,
    0.17
  ],
  [
    1604102400000,
    0.189
  ],
  [
    1604188800000,
    0.251
  ],
  [
    1604275200000,
    0.168
  ],
  [
    1604361600000,
    0.158
  ],
  [
    1604448000000,
    0.247
  ],
  [
    1604534400000,
    0.294
  ],
  [
    1604620800000,
    0.194
  ],
  [
    1604707200000,
    0.186
  ],
  [
    1604793600000,
    0.163
  ],
  [
    1604880000000,
    0.159
  ],
  [
    1604966400000,
    0.17
  ],
  [
    1605052800000,
    0.169
  ],
  [
    1605139200000,
    0.173
  ],
  [
    1605225600000,
    0.175
  ],
  [
    1605312000000,
    0.172
  ],
  [
    1605398400000,
    0.161
  ],
  [
    1605484800000,
    0.147
  ],
  [
    1605571200000,
    0.155
  ],
  [
    1605657600000,
    0.158
  ],
  [
    1605744000000,
    0.153
  ],
  [
    1605830400000,
    0.158
  ],
  [
    1605916800000,
    0.251
  ],
  [
    1606003200000,
    0.163
  ],
  [
    1606089600000,
    0.164
  ],
  [
    1606176000000,
    0.184
  ],
  [
    1606262400000,
    0.16
  ],
  [
    1606348800000,
    0.157
  ],
  [
    1606435200000,
    0.155
  ],
  [
    1606521600000,
    0.169
  ],
  [
    1606608000000,
    0.159
  ],
  [
    1606694400000,
    0.16
  ],
  [
    1606780800000,
    0.139
  ],
  [
    1606867200000,
    0.16
  ],
  [
    1606953600000,
    0.148
  ],
  [
    1607040000000,
    0.181
  ],
  [
    1607126400000,
    0.146
  ],
  [
    1607212800000,
    0.141
  ],
  [
    1607299200000,
    1.159
  ],
  [
    1607385600000,
    0.142
  ],
  [
    1607472000000,
    0.148
  ],
  [
    1607558400000,
    0.135
  ],
  [
    1607644800000,
    0.132
  ],
  [
    1607731200000,
    0.139
  ],
  [
    1607817600000,
    0.143
  ],
  [
    1607904000000,
    0.14
  ],
  [
    1607990400000,
    2.583
  ],
  [
    1608076800000,
    0.144
  ],
  [
    1608163200000,
    0.159
  ],
  [
    1608249600000,
    0.156
  ],
  [
    1608336000000,
    0.18
  ],
  [
    1608422400000,
    0.136
  ],
  [
    1608508800000,
    0.131
  ],
  [
    1608595200000,
    0.136
  ],
  [
    1608681600000,
    0.197
  ],
  [
    1608768000000,
    0.131
  ],
  [
    1608854400000,
    0.15
  ],
  [
    1608940800000,
    0.134
  ],
  [
    1609027200000,
    0.192
  ],
  [
    1609113600000,
    0.134
  ],
  [
    1609200000000,
    0.146
  ],
  [
    1609286400000,
    0.148
  ],
  [
    1609372800000,
    0.154
  ],
  [
    1609459200000,
    0.678
  ],
  [
    1609545600000,
    0.171
  ],
  [
    1609632000000,
    0.192
  ],
  [
    1609718400000,
    0.206
  ],
  [
    1609804800000,
    0.21
  ],
  [
    1609891200000,
    0.297
  ],
  [
    1609977600000,
    0.215
  ],
  [
    1610064000000,
    0.207
  ],
  [
    1610150400000,
    0.218
  ],
  [
    1610236800000,
    0.235
  ],
  [
    1610323200000,
    0.232
  ],
  [
    1610409600000,
    0.221
  ],
  [
    1610496000000,
    0.229
  ],
  [
    1610582400000,
    0.21
  ],
  [
    1610668800000,
    0.22
  ],
  [
    1610755200000,
    0.272
  ],
  [
    1610841600000,
    0.216
  ],
  [
    1610928000000,
    0.264
  ],
  [
    1611014400000,
    0.271
  ],
  [
    1611100800000,
    0.25
  ],
  [
    1611187200000,
    0.343
  ],
  [
    1611273600000,
    0.214
  ],
  [
    1611360000000,
    0.211
  ],
  [
    1611446400000,
    0.213
  ],
  [
    1611532800000,
    0.204
  ],
  [
    1611619200000,
    0.208
  ],
  [
    1611705600000,
    0.211
  ],
  [
    1611792000000,
    0.21
  ],
  [
    1611878400000,
    0.196
  ],
  [
    1611964800000,
    0.212
  ],
  [
    1612051200000,
    0.218
  ],
  [
    1612137600000,
    0.223
  ],
  [
    1612224000000,
    0.216
  ],
  [
    1612310400000,
    0.236
  ],
  [
    1612396800000,
    0.234
  ],
  [
    1612483200000,
    0.253
  ],
  [
    1612569600000,
    0.264
  ],
  [
    1612656000000,
    0.244
  ],
  [
    1612742400000,
    0.28
  ],
  [
    1612828800000,
    0.406
  ],
  [
    1612915200000,
    0.273
  ],
  [
    1613001600000,
    0.228
  ],
  [
    1613088000000,
    0.242
  ],
  [
    1613174400000,
    0.229
  ],
  [
    1613260800000,
    0.284
  ],
  [
    1613347200000,
    0.31
  ],
  [
    1613433600000,
    0.276
  ],
  [
    1613520000000,
    0.267
  ],
  [
    1613606400000,
    0.265
  ],
  [
    1613692800000,
    0.241
  ],
  [
    1613779200000,
    0.262
  ],
  [
    1613865600000,
    0.239
  ],
  [
    1613952000000,
    0.236
  ],
  [
    1614038400000,
    0.255
  ],
  [
    1614124800000,
    0.248
  ],
  [
    1614211200000,
    3.45
  ],
  [
    1614297600000,
    0.252
  ],
  [
    1614384000000,
    0.252
  ],
  [
    1614470400000,
    0.29
  ],
  [
    1614556800000,
    0.27
  ],
  [
    1614643200000,
    0.316
  ],
  [
    1614729600000,
    0.27
  ],
  [
    1614816000000,
    13.447
  ],
  [
    1614902400000,
    0.273
  ],
  [
    1614988800000,
    0.28
  ],
  [
    1615075200000,
    0.281
  ],
  [
    1615161600000,
    0.288
  ],
  [
    1615248000000,
    0.309
  ],
  [
    1615334400000,
    0.289
  ],
  [
    1615420800000,
    0.317
  ],
  [
    1615507200000,
    0.316
  ],
  [
    1615593600000,
    0.359
  ],
  [
    1615680000000,
    0.318
  ],
  [
    1615766400000,
    0.309
  ],
  [
    1615852800000,
    0.352
  ],
  [
    1615939200000,
    0.302
  ],
  [
    1616025600000,
    0.324
  ],
  [
    1616112000000,
    0.342
  ],
  [
    1616198400000,
    0.322
  ],
  [
    1616284800000,
    0.419
  ],
  [
    1616371200000,
    0.351
  ],
  [
    1616457600000,
    0.411
  ],
  [
    1616544000000,
    0.419
  ],
  [
    1616630400000,
    0.443
  ],
  [
    1616716800000,
    0.408
  ],
  [
    1616803200000,
    0.485
  ],
  [
    1616889600000,
    0.433
  ],
  [
    1616972400000,
    0.521
  ],
  [
    1617058800000,
    0.523
  ],
  [
    1617145200000,
    0.457
  ],
  [
    1617231600000,
    0.536
  ],
  [
    1617318000000,
    0.484
  ],
  [
    1617404400000,
    0.448
  ],
  [
    1617490800000,
    0.503
  ],
  [
    1617577200000,
    0.487
  ],
  [
    1617663600000,
    0.47
  ],
  [
    1617750000000,
    0.452
  ],
  [
    1617836400000,
    0.45
  ],
  [
    1617922800000,
    0.456
  ],
  [
    1618009200000,
    0.392
  ],
  [
    1618095600000,
    0.359
  ],
  [
    1618182000000,
    0.361
  ],
  [
    1618268400000,
    0.397
  ],
  [
    1618354800000,
    0.471
  ],
  [
    1618441200000,
    0.475
  ],
  [
    1618527600000,
    0.466
  ],
  [
    1618614000000,
    0.495
  ],
  [
    1618700400000,
    0.523
  ],
  [
    1618786800000,
    0.568
  ],
  [
    1618873200000,
    0.593
  ],
  [
    1618959600000,
    0.504
  ],
  [
    1619046000000,
    0.514
  ],
  [
    1619132400000,
    0.496
  ],
  [
    1619218800000,
    0.478
  ],
  [
    1619305200000,
    0.48
  ],
  [
    1619391600000,
    0.511
  ],
  [
    1619478000000,
    0.507
  ],
  [
    1619564400000,
    0.503
  ],
  [
    1619650800000,
    0.516
  ],
  [
    1619737200000,
    0.514
  ],
  [
    1619823600000,
    0.5
  ],
  [
    1619910000000,
    0.552
  ],
  [
    1619996400000,
    0.524
  ],
  [
    1620082800000,
    0.54
  ],
  [
    1620169200000,
    0.553
  ],
  [
    1620255600000,
    0.56
  ],
  [
    1620342000000,
    0.574
  ],
  [
    1620428400000,
    0.662
  ],
  [
    1620514800000,
    0.589
  ],
  [
    1620601200000,
    0.582
  ],
  [
    1620687600000,
    0.611
  ],
  [
    1620774000000,
    0.608
  ],
  [
    1620860400000,
    0.591
  ],
  [
    1620946800000,
    0.691
  ],
  [
    1621033200000,
    0.856
  ],
  [
    1621119600000,
    0.591
  ],
  [
    1621206000000,
    0.574
  ],
  [
    1621292400000,
    0.567
  ],
  [
    1621378800000,
    0.618
  ],
  [
    1621465200000,
    0.637
  ],
  [
    1621551600000,
    0.714
  ],
  [
    1621638000000,
    0.745
  ],
  [
    1621724400000,
    1.035
  ],
  [
    1621810800000,
    0.989
  ],
  [
    1621897200000,
    1.149
  ],
  [
    1621983600000,
    1.476
  ],
  [
    1622070000000,
    1.869
  ],
  [
    1622156400000,
    1.517
  ],
  [
    1622242800000,
    1.914
  ],
  [
    1622329200000,
    1.396
  ],
  [
    1622415600000,
    1.285
  ],
  [
    1622502000000,
    1.367
  ],
  [
    1622588400000,
    1.477
  ],
  [
    1622674800000,
    1.607
  ],
  [
    1622761200000,
    1.944
  ],
  [
    1622847600000,
    2.281
  ],
  [
    1622934000000,
    1.797
  ],
  [
    1623020400000,
    1.641
  ],
  [
    1623106800000,
    1.611
  ],
  [
    1623193200000,
    1.696
  ],
  [
    1623279600000,
    1.638
  ],
  [
    1623366000000,
    1.609
  ],
  [
    1623452400000,
    1.656
  ],
  [
    1623538800000,
    1.691
  ],
  [
    1623625200000,
    1.816
  ],
  [
    1623711600000,
    1.706
  ],
  [
    1623798000000,
    1.604
  ],
  [
    1623884400000,
    1.526
  ],
  [
    1623970800000,
    1.493
  ],
  [
    1624057200000,
    1.447
  ],
  [
    1624143600000,
    1.405
  ],
  [
    1624230000000,
    1.312
  ],
  [
    1624316400000,
    1.292
  ],
  [
    1624402800000,
    1.428
  ],
  [
    1624489200000,
    1.376
  ],
  [
    1624575600000,
    1.191
  ],
  [
    1624662000000,
    1.193
  ],
  [
    1624748400000,
    1.182
  ],
  [
    1624834800000,
    1.178
  ],
  [
    1624921200000,
    1.217
  ],
  [
    1625007600000,
    1.113
  ],
  [
    1625094000000,
    1.064
  ],
  [
    1625180400000,
    4.789
  ],
  [
    1625266800000,
    1.151
  ],
  [
    1625353200000,
    1.198
  ],
  [
    1625439600000,
    1.07
  ],
  [
    1625526000000,
    1.005
  ],
  [
    1625612400000,
    0.988
  ],
  [
    1625698800000,
    0.967
  ],
  [
    1625785200000,
    1.039
  ],
  [
    1625871600000,
    2.263
  ],
  [
    1625958000000,
    0.915
  ],
  [
    1626044400000,
    0.969
  ],
  [
    1626130800000,
    0.985
  ],
  [
    1626217200000,
    0.949
  ],
  [
    1626303600000,
    0.857
  ],
  [
    1626390000000,
    0.896
  ],
  [
    1626476400000,
    0.895
  ],
  [
    1626562800000,
    0.864
  ],
  [
    1626649200000,
    0.891
  ],
  [
    1626735600000,
    0.909
  ],
  [
    1626822000000,
    0.909
  ],
  [
    1626908400000,
    0.911
  ],
  [
    1626994800000,
    0.863
  ],
  [
    1627081200000,
    0.997
  ],
  [
    1627167600000,
    1.013
  ],
  [
    1627254000000,
    0.945
  ],
  [
    1627340400000,
    0.927
  ],
  [
    1627426800000,
    0.97
  ],
  [
    1627513200000,
    20.987
  ],
  [
    1627599600000,
    0.935
  ],
  [
    1627686000000,
    0.958
  ],
  [
    1627772400000,
    1.046
  ],
  [
    1627858800000,
    1.006
  ],
  [
    1627945200000,
    1.04
  ],
  [
    1628031600000,
    0.938
  ],
  [
    1628118000000,
    0.884
  ],
  [
    1628204400000,
    1.586
  ],
  [
    1628290800000,
    0.882
  ],
  [
    1628377200000,
    0.893
  ],
  [
    1628463600000,
    0.799
  ],
  [
    1628550000000,
    0.935
  ],
  [
    1628636400000,
    0.87
  ],
  [
    1628722800000,
    0.881
  ],
  [
    1628809200000,
    0.864
  ],
  [
    1628895600000,
    0.862
  ],
  [
    1628982000000,
    0.934
  ],
  [
    1629068400000,
    0.897
  ],
  [
    1629154800000,
    0.82
  ],
  [
    1629241200000,
    0.857
  ],
  [
    1629327600000,
    0.846
  ],
  [
    1629414000000,
    0.863
  ],
  [
    1629500400000,
    0.859
  ],
  [
    1629586800000,
    0.868
  ],
  [
    1629673200000,
    0.876
  ],
  [
    1629759600000,
    1.058
  ],
  [
    1629846000000,
    0.928
  ],
  [
    1629932400000,
    0.926
  ],
  [
    1630018800000,
    0.939
  ],
  [
    1630105200000,
    0.818
  ],
  [
    1630191600000,
    0.848
  ],
  [
    1630278000000,
    1.032
  ],
  [
    1630364400000,
    0.879
  ],
  [
    1630450800000,
    0.876
  ],
  [
    1630537200000,
    0.932
  ],
  [
    1630623600000,
    0.888
  ],
  [
    1630710000000,
    4.278
  ],
  [
    1630796400000,
    0.915
  ],
  [
    1630882800000,
    2.559
  ],
  [
    1630969200000,
    0.895
  ],
  [
    1631055600000,
    0.857
  ],
  [
    1631142000000,
    0.819
  ],
  [
    1631228400000,
    0.904
  ],
  [
    1631314800000,
    0.939
  ],
  [
    1631401200000,
    0.775
  ],
  [
    1631487600000,
    0.898
  ],
  [
    1631574000000,
    0.86
  ],
  [
    1631660400000,
    7.142
  ],
  [
    1631746800000,
    0.834
  ],
  [
    1631833200000,
    0.874
  ],
  [
    1631919600000,
    0.88
  ],
  [
    1632006000000,
    0.807
  ],
  [
    1632092400000,
    0.814
  ],
  [
    1632178800000,
    1.035
  ],
  [
    1632265200000,
    0.775
  ],
  [
    1632351600000,
    0.771
  ],
  [
    1632438000000,
    0.643
  ],
  [
    1632524400000,
    0.634
  ],
  [
    1632610800000,
    0.647
  ],
  [
    1632697200000,
    0.657
  ],
  [
    1632783600000,
    0.67
  ],
  [
    1632870000000,
    0.649
  ],
  [
    1632956400000,
    0.678
  ],
  [
    1633042800000,
    0.652
  ],
  [
    1633129200000,
    0.67
  ],
  [
    1633215600000,
    0.682
  ],
  [
    1633302000000,
    0.762
  ],
  [
    1633388400000,
    0.663
  ],
  [
    1633474800000,
    0.658
  ],
  [
    1633561200000,
    0.65
  ],
  [
    1633647600000,
    0.661
  ],
  [
    1633734000000,
    0.678
  ],
  [
    1633820400000,
    0.659
  ],
  [
    1633906800000,
    0.726
  ],
  [
    1633993200000,
    0.679
  ],
  [
    1634079600000,
    0.738
  ],
  [
    1634166000000,
    0.698
  ],
  [
    1634252400000,
    0.71
  ],
  [
    1634338800000,
    0.688
  ],
  [
    1634425200000,
    0.837
  ],
  [
    1634511600000,
    0.666
  ],
  [
    1634598000000,
    0.663
  ],
  [
    1634684400000,
    0.688
  ],
  [
    1634770800000,
    0.675
  ],
  [
    1634857200000,
    0.636
  ],
  [
    1634943600000,
    0.616
  ],
  [
    1635030000000,
    0.6
  ],
  [
    1635116400000,
    0.604
  ],
  [
    1635202800000,
    0.652
  ],
  [
    1635289200000,
    1.098
  ],
  [
    1635375600000,
    0.617
  ],
  [
    1635462000000,
    0.572
  ],
  [
    1635548400000,
    0.582
  ],
  [
    1635634800000,
    0.709
  ],
  [
    1635724800000,
    0.609
  ],
  [
    1635811200000,
    0.623
  ],
  [
    1635897600000,
    0.758
  ],
  [
    1635984000000,
    0.671
  ],
  [
    1636070400000,
    0.774
  ],
  [
    1636156800000,
    0.697
  ],
  [
    1636243200000,
    0.67
  ],
  [
    1636329600000,
    0.773
  ],
  [
    1636416000000,
    0.667
  ],
  [
    1636502400000,
    0.807
  ],
  [
    1636588800000,
    0.831
  ],
  [
    1636675200000,
    0.782
  ],
  [
    1636761600000,
    0.876
  ],
  [
    1636848000000,
    0.775
  ],
  [
    1636934400000,
    0.711
  ],
  [
    1637020800000,
    0.69
  ],
  [
    1637107200000,
    0.709
  ],
  [
    1637193600000,
    1.077
  ],
  [
    1637280000000,
    0.761
  ],
  [
    1637366400000,
    0.72
  ],
  [
    1637452800000,
    0.731
  ],
  [
    1637539200000,
    0.75
  ],
  [
    1637625600000,
    0.755
  ],
  [
    1637712000000,
    0.71
  ],
  [
    1637798400000,
    0.819
  ],
  [
    1637884800000,
    0.746
  ],
  [
    1637971200000,
    0.711
  ],
  [
    1638057600000,
    0.7
  ],
  [
    1638144000000,
    0.7
  ],
  [
    1638230400000,
    0.673
  ],
  [
    1638316800000,
    0.66
  ],
  [
    1638403200000,
    0.68
  ],
  [
    1638489600000,
    0.734
  ],
  [
    1638576000000,
    0.748
  ],
  [
    1638662400000,
    0.796
  ],
  [
    1638748800000,
    0.934
  ],
  [
    1638835200000,
    0.942
  ],
  [
    1638921600000,
    0.872
  ],
  [
    1639008000000,
    0.92
  ],
  [
    1639094400000,
    0.948
  ],
  [
    1639180800000,
    0.898
  ],
  [
    1639267200000,
    0.898
  ],
  [
    1639353600000,
    0.827
  ],
  [
    1639440000000,
    0.875
  ],
  [
    1639526400000,
    0.931
  ],
  [
    1639612800000,
    0.986
  ],
  [
    1639699200000,
    0.952
  ],
  [
    1639785600000,
    0.966
  ],
  [
    1639872000000,
    0.97
  ],
  [
    1639958400000,
    0.977
  ],
  [
    1640044800000,
    0.96
  ],
  [
    1640131200000,
    0.888
  ],
  [
    1640217600000,
    0.924
  ],
  [
    1640304000000,
    0.959
  ],
  [
    1640390400000,
    0.958
  ],
  [
    1640476800000,
    0.916
  ],
  [
    1640563200000,
    0.922
  ],
  [
    1640649600000,
    0.966
  ],
  [
    1640736000000,
    0.983
  ],
  [
    1640822400000,
    0.977
  ],
  [
    1640908800000,
    0.995
  ],
  [
    1640995200000,
    1.012
  ],
  [
    1641081600000,
    0.972
  ],
  [
    1641168000000,
    0.974
  ],
  [
    1641254400000,
    0.987
  ],
  [
    1641340800000,
    0.935
  ],
  [
    1641427200000,
    1.003
  ],
  [
    1641513600000,
    1.073
  ],
  [
    1641600000000,
    1.116
  ],
  [
    1641686400000,
    1.007
  ],
  [
    1641772800000,
    0.874
  ],
  [
    1641859200000,
    1.013
  ],
  [
    1641945600000,
    1.142
  ],
  [
    1642032000000,
    1.042
  ],
  [
    1642118400000,
    1
  ],
  [
    1642204800000,
    1.11
  ],
  [
    1642291200000,
    1.112
  ],
  [
    1642377600000,
    1.092
  ],
  [
    1642464000000,
    1.11
  ],
  [
    1642550400000,
    1.095
  ],
  [
    1642636800000,
    1.197
  ],
  [
    1642723200000,
    1.091
  ],
  [
    1642809600000,
    1.083
  ],
  [
    1642896000000,
    1.097
  ],
  [
    1642982400000,
    1.078
  ],
  [
    1643068800000,
    1.013
  ],
  [
    1643155200000,
    1.065
  ],
  [
    1643241600000,
    1.079
  ],
  [
    1643328000000,
    1.262
  ],
  [
    1643414400000,
    1.011
  ],
  [
    1643500800000,
    0.992
  ],
  [
    1643587200000,
    0.969
  ],
  [
    1643673600000,
    1.067
  ],
  [
    1643760000000,
    0.956
  ],
  [
    1643846400000,
    0.974
  ],
  [
    1643932800000,
    0.948
  ],
  [
    1644019200000,
    0.931
  ],
  [
    1644105600000,
    0.899
  ],
  [
    1644192000000,
    0.977
  ],
  [
    1644278400000,
    1.025
  ],
  [
    1644364800000,
    0.969
  ],
  [
    1644451200000,
    1.002
  ],
  [
    1644537600000,
    1.004
  ],
  [
    1644624000000,
    1.024
  ],
  [
    1644710400000,
    3.873
  ],
  [
    1644796800000,
    1.013
  ],
  [
    1644883200000,
    1.035
  ],
  [
    1644969600000,
    1.019
  ],
  [
    1645056000000,
    1.234
  ],
  [
    1645142400000,
    1.154
  ],
  [
    1645228800000,
    1.025
  ],
  [
    1645315200000,
    1.006
  ],
  [
    1645401600000,
    1.722
  ],
  [
    1645488000000,
    1.095
  ],
  [
    1645574400000,
    1.591
  ],
  [
    1645660800000,
    1.074
  ],
  [
    1645747200000,
    1.303
  ],
  [
    1645833600000,
    1.242
  ],
  [
    1645920000000,
    1.03
  ],
  [
    1646006400000,
    1.417
  ],
  [
    1646092800000,
    1.22
  ],
  [
    1646179200000,
    1.07
  ],
  [
    1646352000000,
    1.086
  ],
  [
    1646438400000,
    1.035
  ],
  [
    1646524800000,
    1.225
  ],
  [
    1646611200000,
    1.093
  ],
  [
    1646697600000,
    1.235
  ],
  [
    1646784000000,
    1.147
  ],
  [
    1646956800000,
    1.022
  ],
  [
    1647043200000,
    1.083
  ],
  [
    1647129600000,
    1.301
  ],
  [
    1647216000000,
    1.028
  ],
  [
    1647302400000,
    1.133
  ],
  [
    1647388800000,
    1.11
  ],
  [
    1647475200000,
    1.233
  ],
  [
    1647561600000,
    1.085
  ],
  [
    1647648000000,
    1.419
  ],
  [
    1647734400000,
    1.113
  ],
  [
    1647820800000,
    1.063
  ],
  [
    1647907200000,
    1.115
  ],
  [
    1647993600000,
    1.126
  ],
  [
    1648080000000,
    1.126
  ],
  [
    1648166400000,
    1.138
  ],
  [
    1648252800000,
    1.086
  ],
  [
    1648339200000,
    1.079
  ],
  [
    1648422000000,
    1.121
  ],
  [
    1648508400000,
    1.176
  ],
  [
    1648594800000,
    1.129
  ],
  [
    1648681200000,
    2.337
  ],
  [
    1648767600000,
    1.253
  ],
  [
    1648854000000,
    1.265
  ],
  [
    1648940400000,
    1.13
  ],
  [
    1649026800000,
    1.09
  ],
  [
    1649113200000,
    1.32
  ],
  [
    1649199600000,
    2.378
  ],
  [
    1649286000000,
    1.258
  ],
  [
    1649372400000,
    1.239
  ],
  [
    1649458800000,
    1.228
  ],
  [
    1649545200000,
    1.336
  ],
  [
    1649631600000,
    1.675
  ],
  [
    1649718000000,
    1.479
  ],
  [
    1649804400000,
    1.343
  ],
  [
    1649890800000,
    1.237
  ],
  [
    1649977200000,
    1.388
  ],
  [
    1650063600000,
    1.295
  ],
  [
    1650150000000,
    1.232
  ],
  [
    1650236400000,
    1.368
  ],
  [
    1650322800000,
    1.903
  ],
  [
    1650409200000,
    1.415
  ],
  [
    1650495600000,
    1.457
  ],
  [
    1650582000000,
    1.764
  ],
  [
    1650668400000,
    1.622
  ],
  [
    1650754800000,
    1.44
  ],
  [
    1650841200000,
    1.597
  ],
  [
    1650927600000,
    1.455
  ],
  [
    1651014000000,
    1.427
  ],
  [
    1651100400000,
    1.651
  ],
  [
    1651186800000,
    1.609
  ],
  [
    1651273200000,
    1.437
  ],
  [
    1651359600000,
    1.415
  ],
  [
    1651446000000,
    1.239
  ],
  [
    1651532400000,
    1.319
  ],
  [
    1651618800000,
    1.287
  ],
  [
    1651705200000,
    1.335
  ],
  [
    1651791600000,
    1.325
  ],
  [
    1651878000000,
    1.349
  ],
  [
    1651964400000,
    1.344
  ],
  [
    1652050800000,
    1.312
  ],
  [
    1652137200000,
    1.326
  ],
  [
    1652223600000,
    1.346
  ],
  [
    1652310000000,
    1.332
  ],
  [
    1652396400000,
    1.304
  ],
  [
    1652482800000,
    1.433
  ],
  [
    1652569200000,
    1.328
  ],
  [
    1652655600000,
    1.318
  ],
  [
    1652742000000,
    1.283
  ],
  [
    1652828400000,
    1.285
  ],
  [
    1652914800000,
    1.373
  ],
  [
    1653001200000,
    1.36
  ],
  [
    1653087600000,
    1.435
  ],
  [
    1653174000000,
    1.27
  ],
  [
    1653260400000,
    1.251
  ],
  [
    1653346800000,
    1.196
  ],
  [
    1653433200000,
    1.33
  ],
  [
    1653519600000,
    1.275
  ],
  [
    1653606000000,
    1.236
  ],
  [
    1653692400000,
    1.346
  ],
  [
    1653778800000,
    1.215
  ],
  [
    1653865200000,
    1.138
  ],
  [
    1653951600000,
    1.258
  ],
  [
    1654038000000,
    1.887
  ],
  [
    1654124400000,
    1.306
  ],
  [
    1654210800000,
    1.2
  ],
  [
    1654297200000,
    1.239
  ],
  [
    1654383600000,
    1.251
  ],
  [
    1654470000000,
    1.227
  ],
  [
    1654556400000,
    1.185
  ],
  [
    1654642800000,
    1.232
  ],
  [
    1654729200000,
    1.365
  ],
  [
    1654815600000,
    1.204
  ],
  [
    1654902000000,
    1.36
  ],
  [
    1654988400000,
    1.243
  ],
  [
    1655074800000,
    1.203
  ],
  [
    1655161200000,
    1.231
  ],
  [
    1655247600000,
    1.163
  ],
  [
    1655334000000,
    1.361
  ],
  [
    1655420400000,
    1.109
  ],
  [
    1655506800000,
    1.24
  ],
  [
    1655593200000,
    1.266
  ],
  [
    1655679600000,
    1.107
  ],
  [
    1655766000000,
    1.139
  ],
  [
    1655852400000,
    1.124
  ],
  [
    1655938800000,
    1.068
  ],
  [
    1656025200000,
    1.047
  ],
  [
    1656111600000,
    1.09
  ],
  [
    1656198000000,
    1.109
  ],
  [
    1656284400000,
    1.11
  ],
  [
    1656370800000,
    1.083
  ],
  [
    1656457200000,
    1.09
  ],
  [
    1656543600000,
    1.075
  ],
  [
    1656630000000,
    1.127
  ],
  [
    1656716400000,
    1.247
  ],
  [
    1656802800000,
    1.207
  ],
  [
    1656889200000,
    1.244
  ],
  [
    1656975600000,
    1.225
  ],
  [
    1657062000000,
    1.21
  ],
  [
    1657148400000,
    1.134
  ],
  [
    1657234800000,
    1.125
  ],
  [
    1657321200000,
    1.091
  ],
  [
    1657407600000,
    1.105
  ],
  [
    1657494000000,
    1.098
  ],
  [
    1657580400000,
    1.116
  ],
  [
    1657666800000,
    1.68
  ],
  [
    1657753200000,
    1.177
  ],
  [
    1657839600000,
    1.024
  ],
  [
    1657926000000,
    1.146
  ],
  [
    1658012400000,
    1.09
  ],
  [
    1658098800000,
    1.041
  ],
  [
    1658185200000,
    1.051
  ],
  [
    1658271600000,
    1.031
  ],
  [
    1658358000000,
    1.045
  ],
  [
    1658444400000,
    1.099
  ],
  [
    1658530800000,
    1.597
  ],
  [
    1658617200000,
    1.053
  ],
  [
    1658703600000,
    1.038
  ],
  [
    1658790000000,
    1.858
  ],
  [
    1658876400000,
    1.021
  ],
  [
    1658962800000,
    1.057
  ],
  [
    1659049200000,
    0.961
  ],
  [
    1659135600000,
    1.053
  ],
  [
    1659222000000,
    1.04
  ],
  [
    1659308400000,
    1.091
  ],
  [
    1659394800000,
    1.075
  ],
  [
    1659481200000,
    1.201
  ],
  [
    1659567600000,
    1.169
  ],
  [
    1659654000000,
    1.169
  ],
  [
    1659740400000,
    1.119
  ],
  [
    1659826800000,
    1.209
  ],
  [
    1659913200000,
    1.247
  ],
  [
    1659999600000,
    0.964
  ],
  [
    1660086000000,
    1.057
  ],
  [
    1660172400000,
    1.039
  ],
  [
    1660258800000,
    1.13
  ],
  [
    1660345200000,
    1.181
  ],
  [
    1660431600000,
    1.385
  ],
  [
    1660518000000,
    1.179
  ],
  [
    1660604400000,
    1.216
  ],
  [
    1660690800000,
    1.155
  ],
  [
    1660777200000,
    1.117
  ],
  [
    1660863600000,
    1.098
  ],
  [
    1660950000000,
    1.074
  ],
  [
    1661036400000,
    1.164
  ],
  [
    1661122800000,
    1.155
  ],
  [
    1661209200000,
    1.164
  ],
  [
    1661295600000,
    1.054
  ],
  [
    1661382000000,
    1.087
  ],
  [
    1661468400000,
    1.117
  ],
  [
    1661554800000,
    1.139
  ],
  [
    1661641200000,
    1.18
  ],
  [
    1661727600000,
    1.237
  ],
  [
    1661814000000,
    1.247
  ],
  [
    1661900400000,
    1.229
  ],
  [
    1661986800000,
    1.257
  ],
  [
    1662073200000,
    1.373
  ],
  [
    1662159600000,
    1.195
  ],
  [
    1662246000000,
    1.528
  ],
  [
    1662332400000,
    1.155
  ],
  [
    1662418800000,
    4.354
  ],
  [
    1662505200000,
    1.361
  ],
  [
    1662591600000,
    1.307
  ],
  [
    1662678000000,
    1.248
  ],
  [
    1662764400000,
    1.923
  ],
  [
    1662850800000,
    1.742
  ],
  [
    1662937200000,
    1.345
  ],
  [
    1663023600000,
    1.243
  ],
  [
    1663110000000,
    1.295
  ],
  [
    1663196400000,
    1.331
  ],
  [
    1663282800000,
    1.394
  ],
  [
    1663369200000,
    1.516
  ],
  [
    1663455600000,
    1.38
  ],
  [
    1663542000000,
    1.399
  ],
  [
    1663628400000,
    1.634
  ],
  [
    1663714800000,
    1.691
  ],
  [
    1663801200000,
    1.458
  ],
  [
    1663887600000,
    1.404
  ],
  [
    1663974000000,
    1.534
  ],
  [
    1664060400000,
    1.452
  ],
  [
    1664146800000,
    1.411
  ],
  [
    1664233200000,
    1.383
  ],
  [
    1664319600000,
    1.428
  ],
  [
    1664406000000,
    1.381
  ],
  [
    1664492400000,
    1.469
  ],
  [
    1664578800000,
    1.374
  ],
  [
    1664665200000,
    1.324
  ],
  [
    1664751600000,
    1.35
  ],
  [
    1664838000000,
    1.341
  ],
  [
    1664924400000,
    1.371
  ],
  [
    1665010800000,
    1.379
  ],
  [
    1665097200000,
    1.357
  ],
  [
    1665183600000,
    1.517
  ],
  [
    1665270000000,
    1.334
  ],
  [
    1665356400000,
    1.772
  ],
  [
    1665442800000,
    1.244
  ],
  [
    1665529200000,
    2.493
  ],
  [
    1665615600000,
    1.514
  ],
  [
    1665702000000,
    1.472
  ],
  [
    1665788400000,
    1.812
  ],
  [
    1665874800000,
    1.893
  ],
  [
    1665961200000,
    1.63
  ],
  [
    1666047600000,
    1.378
  ],
  [
    1666134000000,
    1.692
  ],
  [
    1666220400000,
    1.891
  ],
  [
    1666306800000,
    1.693
  ],
  [
    1666393200000,
    1.562
  ],
  [
    1666479600000,
    1.447
  ],
  [
    1666566000000,
    1.619
  ],
  [
    1666652400000,
    1.566
  ],
  [
    1666738800000,
    1.89
  ],
  [
    1666825200000,
    1.713
  ],
  [
    1666911600000,
    1.673
  ],
  [
    1666998000000,
    1.646
  ],
  [
    1667084400000,
    1.635
  ],
  [
    1667174400000,
    1.79
  ],
  [
    1667260800000,
    1.656
  ],
  [
    1667347200000,
    1.559
  ],
  [
    1667433600000,
    1.858
  ],
  [
    1667520000000,
    1.813
  ],
  [
    1667606400000,
    1.845
  ],
  [
    1667692800000,
    1.854
  ],
  [
    1667779200000,
    1.886
  ],
  [
    1667865600000,
    2.03
  ],
  [
    1667952000000,
    2
  ],
  [
    1668038400000,
    1.733
  ],
  [
    1668124800000,
    1.772
  ],
  [
    1668211200000,
    1.752
  ],
  [
    1668297600000,
    1.993
  ],
  [
    1668384000000,
    2.01
  ],
  [
    1668470400000,
    1.994
  ],
  [
    1668556800000,
    1.781
  ],
  [
    1668643200000,
    1.713
  ],
  [
    1668729600000,
    1.86
  ],
  [
    1668816000000,
    1.918
  ],
  [
    1668902400000,
    1.709
  ],
  [
    1668988800000,
    1.998
  ],
  [
    1669075200000,
    2.029
  ],
  [
    1669161600000,
    2.016
  ],
  [
    1669248000000,
    2.078
  ],
  [
    1669334400000,
    2.044
  ],
  [
    1669420800000,
    1.62
  ],
  [
    1669507200000,
    1.933
  ],
  [
    1669593600000,
    1.82
  ],
  [
    1669680000000,
    1.925
  ],
  [
    1669766400000,
    1.891
  ],
  [
    1669852800000,
    1.835
  ],
  [
    1669939200000,
    1.869
  ],
  [
    1670025600000,
    1.688
  ],
  [
    1670112000000,
    1.954
  ],
  [
    1670198400000,
    2.032
  ],
  [
    1670284800000,
    2.086
  ],
  [
    1670371200000,
    2.059
  ],
  [
    1670457600000,
    1.93
  ],
  [
    1670544000000,
    1.962
  ],
  [
    1670630400000,
    1.879
  ],
  [
    1670716800000,
    1.562
  ],
  [
    1670803200000,
    1.886
  ],
  [
    1670889600000,
    1.811
  ],
  [
    1670976000000,
    2.034
  ],
  [
    1671062400000,
    2.142
  ],
  [
    1671148800000,
    2.09
  ],
  [
    1671235200000,
    2.01
  ],
  [
    1671321600000,
    1.831
  ],
  [
    1671408000000,
    1.865
  ],
  [
    1671494400000,
    2.171
  ],
  [
    1671580800000,
    2.077
  ],
  [
    1671667200000,
    1.967
  ],
  [
    1671753600000,
    1.957
  ],
  [
    1671840000000,
    1.616
  ],
  [
    1671926400000,
    1.935
  ],
  [
    1672012800000,
    1.88
  ],
  [
    1672099200000,
    1.857
  ],
  [
    1672185600000,
    1.799
  ],
  [
    1672272000000,
    1.851
  ],
  [
    1672358400000,
    1.661
  ],
  [
    1672444800000,
    1.802
  ],
  [
    1672531200000,
    1.653
  ],
  [
    1672617600000,
    1.718
  ],
  [
    1672704000000,
    1.746
  ],
  [
    1672790400000,
    2.289
  ],
  [
    1672876800000,
    1.774
  ],
  [
    1672963200000,
    1.507
  ],
  [
    1673049600000,
    1.618
  ],
  [
    1673136000000,
    1.816
  ],
  [
    1673222400000,
    1.784
  ],
  [
    1673308800000,
    1.55
  ],
  [
    1673395200000,
    1.736
  ],
  [
    1673481600000,
    1.746
  ],
  [
    1673568000000,
    5.9
  ],
  [
    1673654400000,
    1.801
  ],
  [
    1673740800000,
    1.78
  ],
  [
    1673827200000,
    1.714
  ],
  [
    1673913600000,
    1.753
  ],
  [
    1674000000000,
    1.802
  ],
  [
    1674086400000,
    1.825
  ],
  [
    1674172800000,
    1.742
  ],
  [
    1674259200000,
    1.717
  ],
  [
    1674345600000,
    1.88
  ],
  [
    1674432000000,
    1.958
  ],
  [
    1674518400000,
    1.588
  ],
  [
    1674604800000,
    1.961
  ],
  [
    1674691200000,
    1.695
  ],
  [
    1674777600000,
    2.005
  ],
  [
    1674864000000,
    2.064
  ],
  [
    1674950400000,
    2.049
  ],
  [
    1675036800000,
    2.13
  ],
  [
    1675123200000,
    2.189
  ],
  [
    1675209600000,
    2.128
  ],
  [
    1675296000000,
    2.222
  ],
  [
    1675382400000,
    2.285
  ],
  [
    1675468800000,
    2.213
  ],
  [
    1675555200000,
    2.238
  ],
  [
    1675641600000,
    2.262
  ],
  [
    1675728000000,
    2.275
  ],
  [
    1675814400000,
    2.261
  ],
  [
    1675900800000,
    1.943
  ],
  [
    1675987200000,
    2.091
  ],
  [
    1676073600000,
    2.243
  ],
  [
    1676160000000,
    2.193
  ],
  [
    1676246400000,
    2.113
  ],
  [
    1676332800000,
    2.322
  ],
  [
    1676419200000,
    2.229
  ],
  [
    1676505600000,
    2.148
  ],
  [
    1676592000000,
    1.97
  ],
  [
    1676678400000,
    2.043
  ],
  [
    1676764800000,
    2.023
  ],
  [
    1676851200000,
    1.939
  ],
  [
    1676937600000,
    2.162
  ],
  [
    1677024000000,
    2.175
  ],
  [
    1677110400000,
    2.144
  ],
  [
    1677196800000,
    2.258
  ],
  [
    1677283200000,
    2.146
  ],
  [
    1677369600000,
    1.967
  ],
  [
    1677456000000,
    2.149
  ],
  [
    1677542400000,
    2.133
  ],
  [
    1677628800000,
    2.199
  ],
  [
    1677715200000,
    1.982
  ],
  [
    1677801600000,
    2.256
  ],
  [
    1677888000000,
    2.254
  ],
  [
    1677974400000,
    2.111
  ],
  [
    1678060800000,
    1.953
  ],
  [
    1678147200000,
    1.892
  ],
  [
    1678233600000,
    1.895
  ],
  [
    1678320000000,
    2.246
  ],
  [
    1678406400000,
    1.896
  ],
  [
    1678492800000,
    2.395
  ],
  [
    1678579200000,
    1.889
  ],
  [
    1678665600000,
    1.787
  ],
  [
    1678752000000,
    1.837
  ],
  [
    1678838400000,
    1.931
  ],
  [
    1678924800000,
    1.831
  ],
  [
    1679011200000,
    2.018
  ],
  [
    1679097600000,
    2.117
  ],
  [
    1679184000000,
    2.101
  ],
  [
    1679270400000,
    1.556
  ],
  [
    1679356800000,
    2.119
  ],
  [
    1679443200000,
    2.066
  ],
  [
    1679529600000,
    2.209
  ],
  [
    1679616000000,
    2.068
  ],
  [
    1679702400000,
    2.284
  ],
  [
    1679788800000,
    2.173
  ],
  [
    1679871600000,
    2.206
  ],
  [
    1679958000000,
    1.825
  ],
  [
    1680044400000,
    2.138
  ],
  [
    1680130800000,
    2.187
  ],
  [
    1680217200000,
    2.208
  ],
  [
    1680303600000,
    2.201
  ],
  [
    1680390000000,
    2.732
  ],
  [
    1680476400000,
    2.329
  ],
  [
    1680562800000,
    2.38
  ],
  [
    1680649200000,
    1.95
  ],
  [
    1680735600000,
    2.445
  ],
  [
    1680822000000,
    2.573
  ],
  [
    1680908400000,
    2.239
  ],
  [
    1680994800000,
    2.44
  ],
  [
    1681081200000,
    2.93
  ],
  [
    1681167600000,
    1.953
  ],
  [
    1681254000000,
    2.116
  ],
  [
    1681340400000,
    2.156
  ],
  [
    1681426800000,
    1.972
  ],
  [
    1681513200000,
    2.312
  ],
  [
    1681599600000,
    2.331
  ],
  [
    1681686000000,
    2.303
  ],
  [
    1681772400000,
    2.379
  ],
  [
    1681858800000,
    2.465
  ],
  [
    1681945200000,
    2.185
  ],
  [
    1682031600000,
    2.705
  ],
  [
    1682118000000,
    2.686
  ],
  [
    1682204400000,
    2.496
  ],
  [
    1682290800000,
    2.232
  ],
  [
    1682377200000,
    2.305
  ],
  [
    1682463600000,
    2.358
  ],
  [
    1682550000000,
    2.086
  ],
  [
    1682636400000,
    2.308
  ],
  [
    1682722800000,
    2.334
  ],
  [
    1682809200000,
    2.07
  ],
  [
    1682895600000,
    2.099
  ],
  [
    1682982000000,
    1.869
  ],
  [
    1683068400000,
    2.341
  ],
  [
    1683154800000,
    2.197
  ],
  [
    1683241200000,
    2.428
  ],
  [
    1683327600000,
    2.198
  ],
  [
    1683414000000,
    2.218
  ],
  [
    1683500400000,
    1.741
  ],
  [
    1683586800000,
    1.637
  ],
  [
    1683673200000,
    1.837
  ],
  [
    1683759600000,
    2.001
  ],
  [
    1683846000000,
    1.906
  ],
  [
    1683932400000,
    2.187
  ],
  [
    1684018800000,
    2.299
  ],
  [
    1684105200000,
    2.192
  ],
  [
    1684191600000,
    2.18
  ],
  [
    1684278000000,
    1.834
  ],
  [
    1684364400000,
    1.989
  ],
  [
    1684450800000,
    1.997
  ],
  [
    1684537200000,
    2.18
  ],
  [
    1684623600000,
    1.729
  ],
  [
    1684710000000,
    2.13
  ],
  [
    1684796400000,
    2.008
  ],
  [
    1684882800000,
    2.273
  ],
  [
    1684969200000,
    1.749
  ],
  [
    1685055600000,
    1.76
  ],
  [
    1685142000000,
    2.32
  ],
  [
    1685228400000,
    1.965
  ],
  [
    1685314800000,
    1.825
  ],
  [
    1685401200000,
    1.963
  ],
  [
    1685487600000,
    1.992
  ],
  [
    1685574000000,
    2.262
  ],
  [
    1685660400000,
    2.09
  ],
  [
    1685746800000,
    2.366
  ],
  [
    1685833200000,
    1.856
  ],
  [
    1685919600000,
    3.326
  ],
  [
    1686006000000,
    1.924
  ],
  [
    1686092400000,
    2.909
  ],
  [
    1686178800000,
    1.985
  ],
  [
    1686265200000,
    2.46
  ],
  [
    1686351600000,
    2.246
  ],
  [
    1686438000000,
    2.034
  ],
  [
    1686524400000,
    2.41
  ],
  [
    1686610800000,
    2.393
  ],
  [
    1686697200000,
    2.477
  ],
  [
    1686783600000,
    2.398
  ],
  [
    1686870000000,
    2.562
  ],
  [
    1686956400000,
    2.365
  ],
  [
    1687042800000,
    2.54
  ],
  [
    1687129200000,
    2.612
  ],
  [
    1687215600000,
    2.074
  ],
  [
    1687302000000,
    2.503
  ],
  [
    1687388400000,
    1.721
  ],
  [
    1687474800000,
    3.657
  ],
  [
    1687561200000,
    2.759
  ],
  [
    1687647600000,
    2.656
  ],
  [
    1687734000000,
    1.774
  ],
  [
    1687820400000,
    2.124
  ],
  [
    1687906800000,
    2.438
  ],
  [
    1687993200000,
    2.184
  ],
  [
    1688079600000,
    2.259
  ],
  [
    1688166000000,
    2.28
  ],
  [
    1688252400000,
    1.942
  ],
  [
    1688338800000,
    2.405
  ],
  [
    1688425200000,
    2.046
  ],
  [
    1688511600000,
    1.747
  ],
  [
    1688598000000,
    2.406
  ],
  [
    1688684400000,
    3.434
  ],
  [
    1688770800000,
    2.178
  ],
  [
    1688857200000,
    2.253
  ],
  [
    1688943600000,
    2.151
  ],
  [
    1689030000000,
    1.854
  ],
  [
    1689116400000,
    2.24
  ],
  [
    1689202800000,
    1.866
  ],
  [
    1689289200000,
    2.673
  ],
  [
    1689375600000,
    2.44
  ],
  [
    1689462000000,
    1.4
  ],
  [
    1689548400000,
    2.495
  ],
  [
    1689634800000,
    3.174
  ],
  [
    1689721200000,
    1.735
  ],
  [
    1689807600000,
    2.335
  ],
  [
    1689894000000,
    2.198
  ],
  [
    1689980400000,
    2.057
  ],
  [
    1690066800000,
    2.015
  ],
  [
    1690153200000,
    3.702
  ],
  [
    1690239600000,
    2.48
  ],
  [
    1690326000000,
    2.404
  ],
  [
    1690412400000,
    2.42
  ],
  [
    1690498800000,
    1.77
  ],
  [
    1690585200000,
    1.59
  ],
  [
    1690671600000,
    2.516
  ],
  [
    1690758000000,
    2.435
  ],
  [
    1690844400000,
    2.268
  ],
  [
    1690930800000,
    1.741
  ],
  [
    1691017200000,
    2.214
  ],
  [
    1691103600000,
    1.908
  ],
  [
    1691190000000,
    2.084
  ],
  [
    1691276400000,
    2.621
  ],
  [
    1691362800000,
    2.141
  ],
  [
    1691449200000,
    1.893
  ],
  [
    1691535600000,
    3.143
  ],
  [
    1691622000000,
    2.069
  ],
  [
    1691708400000,
    2.511
  ],
  [
    1691794800000,
    1.702
  ],
  [
    1691881200000,
    2.109
  ],
  [
    1691967600000,
    2.425
  ],
  [
    1692054000000,
    2.756
  ],
  [
    1692140400000,
    2.205
  ],
  [
    1692226800000,
    2.711
  ],
  [
    1692313200000,
    2.081
  ],
  [
    1692399600000,
    2.31
  ],
  [
    1692486000000,
    2.625
  ],
  [
    1692572400000,
    1.937
  ],
  [
    1692658800000,
    2.223
  ],
  [
    1692745200000,
    2.373
  ],
  [
    1692831600000,
    2.359
  ],
  [
    1692918000000,
    2.58
  ],
  [
    1693004400000,
    1.749
  ],
  [
    1693090800000,
    2.989
  ],
  [
    1693177200000,
    2.161
  ],
  [
    1693263600000,
    2.506
  ],
  [
    1693350000000,
    2.158
  ],
  [
    1693436400000,
    2.597
  ],
  [
    1693522800000,
    3.01
  ],
  [
    1693609200000,
    1.996
  ],
  [
    1693695600000,
    3.15
  ],
  [
    1693782000000,
    2.88
  ],
  [
    1693868400000,
    2.712
  ],
  [
    1693954800000,
    2.997
  ],
  [
    1694041200000,
    1.826
  ],
  [
    1694127600000,
    3.014
  ],
  [
    1694214000000,
    3.077
  ],
  [
    1694300400000,
    1.737
  ],
  [
    1694386800000,
    2.767
  ],
  [
    1694473200000,
    2.67
  ],
  [
    1694559600000,
    2.575
  ],
  [
    1694646000000,
    2.917
  ],
  [
    1694732400000,
    3.082
  ],
  [
    1694818800000,
    2.991
  ],
  [
    1694905200000,
    3.372
  ],
  [
    1694991600000,
    2.609
  ],
  [
    1695078000000,
    2.417
  ],
  [
    1695164400000,
    3.075
  ],
  [
    1695250800000,
    3.608
  ],
  [
    1695337200000,
    3.106
  ],
  [
    1695423600000,
    2.816
  ],
  [
    1695510000000,
    3.009
  ],
  [
    1695596400000,
    2.668
  ],
  [
    1695682800000,
    3.144
  ],
  [
    1695769200000,
    3.372
  ],
  [
    1695855600000,
    2.932
  ],
  [
    1695942000000,
    2.633
  ],
  [
    1696028400000,
    2.89
  ],
  [
    1696114800000,
    2.946
  ],
  [
    1696201200000,
    2.88
  ],
  [
    1696287600000,
    2.73
  ],
  [
    1696374000000,
    2.918
  ],
  [
    1696460400000,
    2.771
  ],
  [
    1696546800000,
    2.997
  ],
  [
    1696633200000,
    3.114
  ],
  [
    1696719600000,
    3.036
  ],
  [
    1696806000000,
    2.861
  ],
  [
    1696892400000,
    2.969
  ],
  [
    1696978800000,
    2.762
  ],
  [
    1697065200000,
    3.473
  ],
  [
    1697151600000,
    1.744
  ],
  [
    1697238000000,
    3.096
  ],
  [
    1697324400000,
    2.779
  ],
  [
    1697410800000,
    2.995
  ],
  [
    1697497200000,
    2.973
  ],
  [
    1697583600000,
    2.573
  ],
  [
    1697670000000,
    3.629
  ],
  [
    1697756400000,
    2.231
  ],
  [
    1697842800000,
    3.705
  ],
  [
    1697929200000,
    2.886
  ],
  [
    1698015600000,
    3.439
  ],
  [
    1698102000000,
    3.273
  ],
  [
    1698188400000,
    3.248
  ],
  [
    1698274800000,
    3.215
  ],
  [
    1698361200000,
    2.827
  ],
  [
    1698447600000,
    2.96
  ],
  [
    1698534000000,
    3.372
  ],
  [
    1698624000000,
    2.892
  ],
  [
    1698710400000,
    3.117
  ],
  [
    1698796800000,
    3.022
  ],
  [
    1698883200000,
    3.05
  ],
  [
    1698969600000,
    2.766
  ],
  [
    1699056000000,
    2.81
  ],
  [
    1699142400000,
    2.638
  ],
  [
    1699228800000,
    3.309
  ],
  [
    1699315200000,
    2.91
  ],
  [
    1699401600000,
    2.824
  ],
  [
    1699488000000,
    2.287
  ],
  [
    1699574400000,
    2.954
  ],
  [
    1699660800000,
    2.646
  ],
  [
    1699747200000,
    3.171
  ],
  [
    1699833600000,
    3.113
  ],
  [
    1699920000000,
    3.232
  ],
  [
    1700006400000,
    3.244
  ],
  [
    1700092800000,
    3.487
  ],
  [
    1700179200000,
    2.261
  ],
  [
    1700265600000,
    3.184
  ],
  [
    1700352000000,
    3.18
  ],
  [
    1700438400000,
    3.215
  ],
  [
    1700524800000,
    3.494
  ],
  [
    1700611200000,
    2.757
  ],
  [
    1700697600000,
    2.374
  ],
  [
    1700784000000,
    3.025
  ],
  [
    1700870400000,
    2.418
  ],
  [
    1700956800000,
    2.833
  ],
  [
    1701043200000,
    2.685
  ],
  [
    1701129600000,
    2.625
  ],
  [
    1701216000000,
    3.117
  ],
  [
    1701302400000,
    2.384
  ],
  [
    1701388800000,
    2.417
  ],
  [
    1701475200000,
    2.421
  ],
  [
    1701561600000,
    3.19
  ],
  [
    1701648000000,
    3.246
  ],
  [
    1701734400000,
    3.297
  ],
  [
    1701820800000,
    15.32
  ],
  [
    1701907200000,
    2.905
  ],
  [
    1701993600000,
    2.185
  ],
  [
    1702080000000,
    4.253
  ],
  [
    1702166400000,
    3.121
  ],
  [
    1702252800000,
    3.539
  ],
  [
    1702339200000,
    3.022
  ],
  [
    1702425600000,
    2.998
  ],
  [
    1702512000000,
    1.604
  ],
  [
    1702598400000,
    3.533
  ],
  [
    1702684800000,
    3.516
  ],
  [
    1702771200000,
    3.527
  ],
  [
    1702857600000,
    3.547
  ],
  [
    1702944000000,
    3.308
  ],
  [
    1703030400000,
    2.117
  ],
  [
    1703116800000,
    3.072
  ],
  [
    1703203200000,
    2.904
  ],
  [
    1703289600000,
    3.459
  ],
  [
    1703462400000,
    1.853
  ],
  [
    1703548800000,
    2.727
  ],
  [
    1703635200000,
    1.469
  ],
  [
    1703721600000,
    2.641
  ],
  [
    1703808000000,
    2.425
  ],
  [
    1703894400000,
    3.247
  ],
  [
    1703980800000,
    1.523
  ],
  [
    1704067200000,
    2.238
  ],
  [
    1704153600000,
    3.236
  ],
  [
    1704240000000,
    3.396
  ],
  [
    1704326400000,
    3.302
  ],
  [
    1704412800000,
    3.443
  ],
  [
    1704499200000,
    2.945
  ],
  [
    1704585600000,
    2.989
  ],
  [
    1704672000000,
    3.714
  ],
  [
    1704758400000,
    3.848
  ],
  [
    1704844800000,
    3.706
  ],
  [
    1704931200000,
    1.856
  ],
  [
    1705017600000,
    2.396
  ],
  [
    1705104000000,
    3.15
  ],
  [
    1705190400000,
    2.707
  ],
  [
    1705276800000,
    2.288
  ],
  [
    1705363200000,
    3.294
  ],
  [
    1705449600000,
    4.603
  ],
  [
    1705536000000,
    3.26
  ],
  [
    1705622400000,
    4.627
  ],
  [
    1705708800000,
    2.836
  ],
  [
    1705795200000,
    3.59
  ],
  [
    1705881600000,
    3.487
  ],
  [
    1705968000000,
    3.283
  ],
  [
    1706054400000,
    2.86
  ],
  [
    1706140800000,
    3.435
  ],
  [
    1706227200000,
    1.08
  ],
  [
    1706313600000,
    3.423
  ],
  [
    1706400000000,
    3.78
  ],
  [
    1706486400000,
    2.653
  ],
  [
    1706572800000,
    2.805
  ],
  [
    1706659200000,
    2.953
  ],
  [
    1706745600000,
    2.209
  ],
  [
    1706832000000,
    2.265
  ],
  [
    1706918400000,
    3.304
  ],
  [
    1707004800000,
    3.707
  ],
  [
    1707091200000,
    1.944
  ],
  [
    1707177600000,
    2.801
  ],
  [
    1707264000000,
    1.979
  ],
  [
    1707350400000,
    3.377
  ],
  [
    1707523200000,
    3.206
  ],
  [
    1707609600000,
    3.396
  ],
  [
    1707696000000,
    2.287
  ],
  [
    1707782400000,
    3.31
  ],
  [
    1707868800000,
    1.812
  ],
  [
    1707955200000,
    3.178
  ],
  [
    1708041600000,
    4.028
  ],
  [
    1708128000000,
    3.569
  ],
  [
    1708214400000,
    4.287
  ],
  [
    1708300800000,
    3.655
  ],
  [
    1708387200000,
    3.906
  ],
  [
    1708473600000,
    2.238
  ],
  [
    1708560000000,
    3.4
  ],
  [
    1708646400000,
    4.304
  ],
  [
    1708732800000,
    4.336
  ],
  [
    1708819200000,
    3.623
  ],
  [
    1708905600000,
    4.779
  ],
  [
    1708992000000,
    2.203
  ],
  [
    1709078400000,
    2.608
  ],
  [
    1709164800000,
    3.799
  ],
  [
    1709337600000,
    2.929
  ],
  [
    1709424000000,
    3.644
  ],
  [
    1709510400000,
    3.652
  ],
  [
    1709596800000,
    3.731
  ],
  [
    1709683200000,
    3.37
  ],
  [
    1709769600000,
    4.678
  ],
  [
    1709856000000,
    4.808
  ],
  [
    1709942400000,
    3.681
  ],
  [
    1710028800000,
    3.981
  ],
  [
    1710115200000,
    2.206
  ],
  [
    1710201600000,
    3.427
  ],
  [
    1710288000000,
    4.548
  ],
  [
    1710374400000,
    4.053
  ],
  [
    1710460800000,
    3.203
  ],
  [
    1710547200000,
    3.555
  ],
  [
    1710633600000,
    2.713
  ],
  [
    1710720000000,
    4.185
  ],
  [
    1710806400000,
    2.604
  ],
  [
    1710892800000,
    4.32
  ],
  [
    1710979200000,
    4.379
  ],
  [
    1711065600000,
    4.334
  ],
  [
    1711152000000,
    4.565
  ],
  [
    1711238400000,
    4.599
  ],
  [
    1711324800000,
    3.494
  ],
  [
    1711411200000,
    4.702
  ],
  [
    1711497600000,
    4.335
  ],
  [
    1711584000000,
    4.014
  ],
  [
    1711670400000,
    4.729
  ],
  [
    1711756800000,
    4.69
  ],
  [
    1711843200000,
    4.784
  ],
  [
    1711926000000,
    3.952
  ],
  [
    1712012400000,
    4.677
  ],
  [
    1712098800000,
    4.675
  ],
  [
    1712185200000,
    4.886
  ],
  [
    1712271600000,
    5.313
  ],
  [
    1712358000000,
    5.197
  ],
  [
    1712444400000,
    5.209
  ],
  [
    1712530800000,
    5.14
  ],
  [
    1712617200000,
    6.367
  ],
  [
    1712703600000,
    5.008
  ],
  [
    1712790000000,
    5.466
  ],
  [
    1712876400000,
    5.809
  ],
  [
    1712962800000,
    5.521
  ],
  [
    1713049200000,
    5.72
  ],
  [
    1713135600000,
    5.2
  ],
  [
    1713222000000,
    5.334
  ],
  [
    1713308400000,
    6.178
  ],
  [
    1713394800000,
    5.684
  ],
  [
    1713481200000,
    5.47
  ],
  [
    1713567600000,
    5.938
  ],
  [
    1713654000000,
    5.855
  ],
  [
    1713740400000,
    4.331
  ],
  [
    1713826800000,
    5.583
  ],
  [
    1713913200000,
    5.9
  ],
  [
    1713999600000,
    6.143
  ],
  [
    1714086000000,
    4.3
  ],
  [
    1714172400000,
    5.074
  ],
  [
    1714258800000,
    4.87
  ],
  [
    1714345200000,
    4.964
  ],
  [
    1714431600000,
    5.183
  ],
  [
    1714518000000,
    5.397
  ],
  [
    1714604400000,
    5.125
  ],
  [
    1714690800000,
    5.3
  ],
  [
    1714777200000,
    5.223
  ],
  [
    1714863600000,
    5.145
  ],
  [
    1714950000000,
    5.073
  ],
  [
    1715036400000,
    5.445
  ],
  [
    1715122800000,
    5.328
  ],
  [
    1715209200000,
    5.243
  ],
  [
    1715295600000,
    4.93
  ],
  [
    1715382000000,
    5.512
  ],
  [
    1715468400000,
    5.324
  ],
  [
    1715641200000,
    5.255
  ],
  [
    1715727600000,
    5.362
  ],
  [
    1715814000000,
    5.413
  ],
  [
    1715900400000,
    5.391
  ],
  [
    1715986800000,
    5.585
  ],
  [
    1716073200000,
    5.615
  ],
  [
    1716246000000,
    5.76
  ],
  [
    1716411600000,
    4.994
  ],
  [
    1716548400000,
    5.26
  ],
  [
    1716566400000,
    5.71
  ],
  [
    1716595200000,
    5.78
  ],
  [
    1716620400000,
    5.517
  ],
  [
    1716652800000,
    5.86
  ],
  [
    1716663600000,
    5.49
  ],
  [
    1716670800000,
    5
  ],
  [
    1716696000000,
    5.83
  ],
  [
    1716746400000,
    6.69
  ],
  [
    1716771600000,
    5.84
  ],
  [
    1716796800000,
    5.58
  ],
  [
    1716890400000,
    5.829
  ],
  [
    1716897600000,
    5.85
  ],
  [
    1716908400000,
    5.43
  ],
  [
    1716912000000,
    5.6
  ],
  [
    1716922800000,
    5.899
  ],
  [
    1716948000000,
    5.84
  ],
  [
    1716966000000,
    5.75
  ],
  [
    1716984000000,
    5.44
  ],
  [
    1717002000000,
    5.836
  ],
  [
    1717034400000,
    5.82
  ],
  [
    1717038000000,
    5.84
  ],
  [
    1717063200000,
    5.855
  ],
  [
    1717070400000,
    5.84
  ],
  [
    1717088400000,
    5.84
  ],
  [
    1717095600000,
    5.84
  ],
  [
    1717099200000,
    5.84
  ],
  [
    1717138800000,
    5.84
  ],
  [
    1717142400000,
    6.003
  ],
  [
    1717174800000,
    6.01
  ],
  [
    1717200000000,
    6.12
  ],
  [
    1717228800000,
    6.07
  ],
  [
    1717261200000,
    6.25
  ],
  [
    1717282800000,
    6.34
  ],
  [
    1717286400000,
    6.38
  ],
  [
    1717322400000,
    6.419
  ],
  [
    1717326000000,
    6.41
  ],
  [
    1717336800000,
    6.51
  ],
  [
    1717351200000,
    6.631
  ],
  [
    1717405200000,
    5.75
  ],
  [
    1717416000000,
    6.53
  ],
  [
    1717419600000,
    6.41
  ],
  [
    1717423200000,
    6.58
  ],
  [
    1717448400000,
    6.59
  ],
  [
    1717452000000,
    6.64
  ],
  [
    1717473600000,
    6.64
  ],
  [
    1717498800000,
    6.64
  ],
  [
    1717513200000,
    6.64
  ],
  [
    1717524000000,
    6.64
  ],
  [
    1717527600000,
    6.833
  ],
  [
    1717614000000,
    6.978
  ],
  [
    1717639200000,
    9.008
  ],
  [
    1717671600000,
    6.38
  ],
  [
    1717678800000,
    6.888
  ],
  [
    1717758000000,
    6.34
  ],
  [
    1717790400000,
    6.435
  ],
  [
    1717797600000,
    6.435
  ],
  [
    1717876800000,
    6.34
  ],
  [
    1717898400000,
    6.21
  ],
  [
    1718028000000,
    6.51
  ],
  [
    1718103600000,
    5.36
  ],
  [
    1718110800000,
    5.2
  ],
  [
    1718128800000,
    6.16
  ],
  [
    1718132400000,
    4
  ],
  [
    1718136000000,
    5.004
  ],
  [
    1718168400000,
    5.09
  ],
  [
    1718218800000,
    5.15
  ],
  [
    1718269200000,
    5.15
  ],
  [
    1718290800000,
    4.68
  ],
  [
    1718326800000,
    5.12
  ],
  [
    1718377200000,
    5.15
  ],
  [
    1718380800000,
    4.86
  ],
  [
    1718402400000,
    4.72
  ],
  [
    1718427600000,
    5.12
  ],
  [
    1718438400000,
    5.498
  ],
  [
    1718460000000,
    5.4
  ],
  [
    1718607600000,
    5.22
  ],
  [
    1718636400000,
    5.38
  ],
  [
    1718676000000,
    5.75
  ],
  [
    1718733600000,
    5.64
  ],
  [
    1718809200000,
    5.43
  ],
  [
    1718881200000,
    5.47
  ],
  [
    1718884800000,
    7.96
  ],
  [
    1718935200000,
    5.682
  ],
  [
    1718974800000,
    5.49
  ],
  [
    1718992800000,
    5.37
  ],
  [
    1718996400000,
    5.47
  ],
  [
    1719046800000,
    5.514
  ]
]