[
  [
    1574035200000,
    4.304
  ],
  [
    1574121600000,
    1.473
  ],
  [
    1574208000000,
    1.462
  ],
  [
    1574294400000,
    1.53
  ],
  [
    1574380800000,
    1.502
  ],
  [
    1574467200000,
    1.501
  ],
  [
    1574553600000,
    1.542
  ],
  [
    1574640000000,
    1.732
  ],
  [
    1574726400000,
    1.598
  ],
  [
    1574812800000,
    0.928
  ],
  [
    1574899200000,
    0.983
  ],
  [
    1574985600000,
    1.176
  ],
  [
    1575072000000,
    1.257
  ],
  [
    1575158400000,
    1.18
  ],
  [
    1575244800000,
    1.115
  ],
  [
    1575331200000,
    1.056
  ],
  [
    1575417600000,
    1.07
  ],
  [
    1575504000000,
    1.016
  ],
  [
    1575590400000,
    1.091
  ],
  [
    1575676800000,
    1.074
  ],
  [
    1575763200000,
    1.063
  ],
  [
    1575849600000,
    1.044
  ],
  [
    1575936000000,
    0.996
  ],
  [
    1576022400000,
    0.957
  ],
  [
    1576108800000,
    0.994
  ],
  [
    1576195200000,
    1.073
  ],
  [
    1576281600000,
    1.136
  ],
  [
    1576368000000,
    1.115
  ],
  [
    1576454400000,
    1.091
  ],
  [
    1576540800000,
    1.002
  ],
  [
    1576627200000,
    0.659
  ],
  [
    1576713600000,
    0.666
  ],
  [
    1576800000000,
    0.695
  ],
  [
    1576886400000,
    0.758
  ],
  [
    1576972800000,
    0.763
  ],
  [
    1577059200000,
    0.811
  ],
  [
    1577145600000,
    0.847
  ],
  [
    1577232000000,
    0.755
  ],
  [
    1577318400000,
    0.777
  ],
  [
    1577404800000,
    0.746
  ],
  [
    1577491200000,
    0.76
  ],
  [
    1577577600000,
    0.787
  ],
  [
    1577664000000,
    0.844
  ],
  [
    1577750400000,
    0.905
  ],
  [
    1577836800000,
    0.876
  ],
  [
    1577923200000,
    0.849
  ],
  [
    1578009600000,
    0.873
  ],
  [
    1578096000000,
    0.92
  ],
  [
    1578182400000,
    0.916
  ],
  [
    1578268800000,
    0.908
  ],
  [
    1578355200000,
    0.887
  ],
  [
    1578441600000,
    0.837
  ],
  [
    1578528000000,
    0.864
  ],
  [
    1578614400000,
    0.863
  ],
  [
    1578700800000,
    0.85
  ],
  [
    1578787200000,
    0.852
  ],
  [
    1578873600000,
    0.857
  ],
  [
    1578960000000,
    0.838
  ],
  [
    1579046400000,
    0.689
  ],
  [
    1579132800000,
    0.687
  ],
  [
    1579219200000,
    0.72
  ],
  [
    1579305600000,
    0.745
  ],
  [
    1579392000000,
    0.761
  ],
  [
    1579478400000,
    0.75
  ],
  [
    1579564800000,
    0.731
  ],
  [
    1579651200000,
    0.664
  ],
  [
    1579737600000,
    0.667
  ],
  [
    1579824000000,
    0.685
  ],
  [
    1579910400000,
    0.695
  ],
  [
    1579996800000,
    0.693
  ],
  [
    1580083200000,
    0.689
  ],
  [
    1580169600000,
    0.698
  ],
  [
    1580256000000,
    0.713
  ],
  [
    1580342400000,
    0.734
  ],
  [
    1580428800000,
    0.772
  ],
  [
    1580515200000,
    0.8
  ],
  [
    1580601600000,
    0.802
  ],
  [
    1580688000000,
    0.823
  ],
  [
    1580774400000,
    0.867
  ],
  [
    1580860800000,
    0.869
  ],
  [
    1580947200000,
    0.869
  ],
  [
    1581033600000,
    0.745
  ],
  [
    1581120000000,
    0.728
  ],
  [
    1581206400000,
    0.702
  ],
  [
    1581292800000,
    0.686
  ],
  [
    1581379200000,
    0.672
  ],
  [
    1581465600000,
    0.663
  ],
  [
    1581552000000,
    0.701
  ],
  [
    1581638400000,
    0.75
  ],
  [
    1581724800000,
    0.755
  ],
  [
    1581811200000,
    0.718
  ],
  [
    1581897600000,
    0.708
  ],
  [
    1581984000000,
    0.691
  ],
  [
    1582070400000,
    0.683
  ],
  [
    1582156800000,
    0.674
  ],
  [
    1582243200000,
    0.683
  ],
  [
    1582329600000,
    0.68
  ],
  [
    1582416000000,
    0.675
  ],
  [
    1582502400000,
    0.684
  ],
  [
    1582588800000,
    0.715
  ],
  [
    1582675200000,
    0.775
  ],
  [
    1582761600000,
    0.941
  ],
  [
    1582848000000,
    1.157
  ],
  [
    1582934400000,
    1.104
  ],
  [
    1583020800000,
    0.984
  ],
  [
    1583107200000,
    0.944
  ],
  [
    1583193600000,
    0.894
  ],
  [
    1583280000000,
    0.897
  ],
  [
    1583366400000,
    0.82
  ],
  [
    1583452800000,
    0.847
  ],
  [
    1583539200000,
    0.857
  ],
  [
    1583625600000,
    0.843
  ],
  [
    1583712000000,
    0.861
  ],
  [
    1583798400000,
    0.902
  ],
  [
    1583884800000,
    0.872
  ],
  [
    1583971200000,
    0.861
  ],
  [
    1584057600000,
    0.823
  ],
  [
    1584144000000,
    0.788
  ],
  [
    1584230400000,
    0.73
  ],
  [
    1584316800000,
    0.687
  ],
  [
    1584403200000,
    0.69
  ],
  [
    1584489600000,
    0.708
  ],
  [
    1584576000000,
    0.719
  ],
  [
    1584662400000,
    0.714
  ],
  [
    1584748800000,
    0.742
  ],
  [
    1584835200000,
    0.783
  ],
  [
    1584921600000,
    0.812
  ],
  [
    1585008000000,
    0.793
  ],
  [
    1585094400000,
    0.763
  ],
  [
    1585180800000,
    0.758
  ],
  [
    1585267200000,
    0.811
  ],
  [
    1585353600000,
    0.854
  ],
  [
    1585440000000,
    0.84
  ],
  [
    1585522800000,
    0.765
  ],
  [
    1585609200000,
    0.75
  ],
  [
    1585695600000,
    1.201
  ],
  [
    1585782000000,
    1.158
  ],
  [
    1585868400000,
    1.023
  ],
  [
    1585954800000,
    1.161
  ],
  [
    1586041200000,
    1.16
  ],
  [
    1586127600000,
    1.099
  ],
  [
    1586214000000,
    1.044
  ],
  [
    1586300400000,
    1.019
  ],
  [
    1586386800000,
    1.006
  ],
  [
    1586473200000,
    0.994
  ],
  [
    1586559600000,
    0.945
  ],
  [
    1586646000000,
    0.941
  ],
  [
    1586732400000,
    0.955
  ],
  [
    1586818800000,
    1.042
  ],
  [
    1586905200000,
    1.11
  ],
  [
    1586991600000,
    1.089
  ],
  [
    1587078000000,
    1.051
  ],
  [
    1587164400000,
    1.061
  ],
  [
    1587250800000,
    1.052
  ],
  [
    1587337200000,
    1.026
  ],
  [
    1587423600000,
    0.99
  ],
  [
    1587510000000,
    0.976
  ],
  [
    1587596400000,
    0.945
  ],
  [
    1587682800000,
    0.919
  ],
  [
    1587769200000,
    0.957
  ],
  [
    1587855600000,
    0.956
  ],
  [
    1587942000000,
    0.925
  ],
  [
    1588028400000,
    0.927
  ],
  [
    1588114800000,
    0.955
  ],
  [
    1588201200000,
    0.973
  ],
  [
    1588287600000,
    1.016
  ],
  [
    1588374000000,
    1.052
  ],
  [
    1588460400000,
    1.05
  ],
  [
    1588546800000,
    1.029
  ],
  [
    1588633200000,
    1.027
  ],
  [
    1588719600000,
    1.04
  ],
  [
    1588806000000,
    1.064
  ],
  [
    1588892400000,
    1.127
  ],
  [
    1588978800000,
    1.181
  ],
  [
    1589065200000,
    1.244
  ],
  [
    1589151600000,
    1.342
  ],
  [
    1589238000000,
    1.396
  ],
  [
    1589324400000,
    1.347
  ],
  [
    1589410800000,
    1.375
  ],
  [
    1589497200000,
    1.441
  ],
  [
    1589583600000,
    1.728
  ],
  [
    1589670000000,
    1.824
  ],
  [
    1589756400000,
    1.736
  ],
  [
    1589842800000,
    1.637
  ],
  [
    1589929200000,
    1.711
  ],
  [
    1590015600000,
    1.759
  ],
  [
    1590102000000,
    1.712
  ],
  [
    1590188400000,
    1.667
  ],
  [
    1590274800000,
    1.647
  ],
  [
    1590361200000,
    1.526
  ],
  [
    1590447600000,
    1.455
  ],
  [
    1590534000000,
    1.51
  ],
  [
    1590620400000,
    1.562
  ],
  [
    1590706800000,
    1.6
  ],
  [
    1590793200000,
    1.632
  ],
  [
    1590879600000,
    1.635
  ],
  [
    1590966000000,
    1.627
  ],
  [
    1591052400000,
    1.588
  ],
  [
    1591138800000,
    1.556
  ],
  [
    1591225200000,
    1.58
  ],
  [
    1591311600000,
    1.548
  ],
  [
    1591398000000,
    1.546
  ],
  [
    1591484400000,
    1.521
  ],
  [
    1591570800000,
    1.474
  ],
  [
    1591657200000,
    1.482
  ],
  [
    1591743600000,
    1.479
  ],
  [
    1591830000000,
    1.504
  ],
  [
    1591916400000,
    1.467
  ],
  [
    1592002800000,
    1.466
  ],
  [
    1592089200000,
    1.458
  ],
  [
    1592175600000,
    1.455
  ],
  [
    1592262000000,
    1.445
  ],
  [
    1592348400000,
    1.436
  ],
  [
    1592434800000,
    1.453
  ],
  [
    1592521200000,
    1.431
  ],
  [
    1592607600000,
    1.433
  ],
  [
    1592694000000,
    1.417
  ],
  [
    1592780400000,
    1.414
  ],
  [
    1592866800000,
    1.388
  ],
  [
    1592953200000,
    1.334
  ],
  [
    1593039600000,
    1.31
  ],
  [
    1593126000000,
    1.461
  ],
  [
    1593212400000,
    1.549
  ],
  [
    1593298800000,
    1.531
  ],
  [
    1593385200000,
    1.534
  ],
  [
    1593471600000,
    1.556
  ],
  [
    1593558000000,
    1.588
  ],
  [
    1593644400000,
    1.598
  ],
  [
    1593730800000,
    1.556
  ],
  [
    1593817200000,
    1.565
  ],
  [
    1593903600000,
    1.568
  ],
  [
    1593990000000,
    1.566
  ],
  [
    1594076400000,
    1.595
  ],
  [
    1594162800000,
    1.604
  ],
  [
    1594249200000,
    1.603
  ],
  [
    1594335600000,
    1.68
  ],
  [
    1594422000000,
    1.829
  ],
  [
    1594508400000,
    1.896
  ],
  [
    1594594800000,
    1.909
  ],
  [
    1594681200000,
    1.93
  ],
  [
    1594767600000,
    2.1
  ],
  [
    1594854000000,
    2.217
  ],
  [
    1594940400000,
    2.262
  ],
  [
    1595026800000,
    2.495
  ],
  [
    1595113200000,
    2.821
  ],
  [
    1595199600000,
    3.133
  ],
  [
    1595286000000,
    2.864
  ],
  [
    1595372400000,
    2.814
  ],
  [
    1595458800000,
    2.752
  ],
  [
    1595545200000,
    2.793
  ],
  [
    1595631600000,
    2.855
  ],
  [
    1595718000000,
    2.748
  ],
  [
    1595804400000,
    2.723
  ],
  [
    1595890800000,
    2.687
  ],
  [
    1595977200000,
    2.57
  ],
  [
    1596063600000,
    2.579
  ],
  [
    1596150000000,
    2.661
  ],
  [
    1596236400000,
    2.642
  ],
  [
    1596322800000,
    2.621
  ],
  [
    1596409200000,
    2.569
  ],
  [
    1596495600000,
    2.582
  ],
  [
    1596582000000,
    2.582
  ],
  [
    1596668400000,
    2.611
  ],
  [
    1596754800000,
    2.043
  ],
  [
    1596841200000,
    2.008
  ],
  [
    1596927600000,
    1.865
  ],
  [
    1597014000000,
    1.805
  ],
  [
    1597100400000,
    1.711
  ],
  [
    1597186800000,
    1.789
  ],
  [
    1597273200000,
    1.973
  ],
  [
    1597359600000,
    1.912
  ],
  [
    1597446000000,
    1.815
  ],
  [
    1597532400000,
    1.804
  ],
  [
    1597618800000,
    1.745
  ],
  [
    1597705200000,
    1.727
  ],
  [
    1597791600000,
    1.701
  ],
  [
    1597878000000,
    1.654
  ],
  [
    1597964400000,
    1.58
  ],
  [
    1598050800000,
    1.635
  ],
  [
    1598137200000,
    1.648
  ],
  [
    1598223600000,
    1.608
  ],
  [
    1598310000000,
    1.597
  ],
  [
    1598396400000,
    1.562
  ],
  [
    1598482800000,
    1.509
  ],
  [
    1598569200000,
    1.506
  ],
  [
    1598655600000,
    1.528
  ],
  [
    1598742000000,
    1.571
  ],
  [
    1598828400000,
    1.712
  ],
  [
    1598914800000,
    1.758
  ],
  [
    1599001200000,
    1.705
  ],
  [
    1599087600000,
    1.661
  ],
  [
    1599174000000,
    1.627
  ],
  [
    1599260400000,
    1.578
  ],
  [
    1599346800000,
    1.558
  ],
  [
    1599433200000,
    1.568
  ],
  [
    1599519600000,
    1.548
  ],
  [
    1599606000000,
    1.573
  ],
  [
    1599692400000,
    1.623
  ],
  [
    1599778800000,
    1.658
  ],
  [
    1599865200000,
    1.59
  ],
  [
    1599951600000,
    1.54
  ],
  [
    1600038000000,
    1.527
  ],
  [
    1600124400000,
    1.518
  ],
  [
    1600210800000,
    1.523
  ],
  [
    1600297200000,
    1.52
  ],
  [
    1600383600000,
    1.515
  ],
  [
    1600470000000,
    1.505
  ],
  [
    1600556400000,
    1.498
  ],
  [
    1600642800000,
    1.498
  ],
  [
    1600729200000,
    1.475
  ],
  [
    1600815600000,
    1.426
  ],
  [
    1600902000000,
    1.398
  ],
  [
    1600988400000,
    1.376
  ],
  [
    1601074800000,
    1.375
  ],
  [
    1601161200000,
    1.368
  ],
  [
    1601247600000,
    1.357
  ],
  [
    1601334000000,
    1.261
  ],
  [
    1601420400000,
    1.206
  ],
  [
    1601506800000,
    1.321
  ],
  [
    1601593200000,
    1.359
  ],
  [
    1601679600000,
    1.297
  ],
  [
    1601766000000,
    1.245
  ],
  [
    1601852400000,
    1.234
  ],
  [
    1601938800000,
    1.228
  ],
  [
    1602025200000,
    1.232
  ],
  [
    1602111600000,
    1.268
  ],
  [
    1602198000000,
    1.279
  ],
  [
    1602284400000,
    1.273
  ],
  [
    1602370800000,
    1.274
  ],
  [
    1602457200000,
    1.284
  ],
  [
    1602543600000,
    1.295
  ],
  [
    1602630000000,
    1.337
  ],
  [
    1602716400000,
    1.4
  ],
  [
    1602802800000,
    1.393
  ],
  [
    1602889200000,
    1.412
  ],
  [
    1602975600000,
    1.425
  ],
  [
    1603062000000,
    1.435
  ],
  [
    1603148400000,
    1.428
  ],
  [
    1603234800000,
    1.442
  ],
  [
    1603321200000,
    1.451
  ],
  [
    1603407600000,
    1.456
  ],
  [
    1603494000000,
    1.511
  ],
  [
    1603580400000,
    1.674
  ],
  [
    1603670400000,
    1.672
  ],
  [
    1603756800000,
    1.601
  ],
  [
    1603843200000,
    1.599
  ],
  [
    1603929600000,
    1.578
  ],
  [
    1604016000000,
    1.538
  ],
  [
    1604102400000,
    1.48
  ],
  [
    1604188800000,
    1.483
  ],
  [
    1604275200000,
    1.518
  ],
  [
    1604361600000,
    1.521
  ],
  [
    1604448000000,
    1.509
  ],
  [
    1604534400000,
    1.483
  ],
  [
    1604620800000,
    1.48
  ],
  [
    1604707200000,
    1.375
  ],
  [
    1604793600000,
    1.336
  ],
  [
    1604880000000,
    1.302
  ],
  [
    1604966400000,
    1.353
  ],
  [
    1605052800000,
    1.326
  ],
  [
    1605139200000,
    1.302
  ],
  [
    1605225600000,
    1.296
  ],
  [
    1605312000000,
    1.282
  ],
  [
    1605398400000,
    1.281
  ],
  [
    1605484800000,
    1.252
  ],
  [
    1605571200000,
    1.252
  ],
  [
    1605657600000,
    1.236
  ],
  [
    1605744000000,
    1.26
  ],
  [
    1605830400000,
    1.302
  ],
  [
    1605916800000,
    1.349
  ],
  [
    1606003200000,
    1.366
  ],
  [
    1606089600000,
    1.332
  ],
  [
    1606176000000,
    1.322
  ],
  [
    1606262400000,
    1.283
  ],
  [
    1606348800000,
    1.264
  ],
  [
    1606435200000,
    1.268
  ],
  [
    1606521600000,
    1.255
  ],
  [
    1606608000000,
    1.274
  ],
  [
    1606694400000,
    1.266
  ],
  [
    1606780800000,
    1.27
  ],
  [
    1606867200000,
    1.283
  ],
  [
    1606953600000,
    1.28
  ],
  [
    1607040000000,
    1.09
  ],
  [
    1607126400000,
    1.094
  ],
  [
    1607212800000,
    1.069
  ],
  [
    1607299200000,
    1.064
  ],
  [
    1607385600000,
    1.048
  ],
  [
    1607472000000,
    1.026
  ],
  [
    1607558400000,
    1.017
  ],
  [
    1607644800000,
    1.028
  ],
  [
    1607731200000,
    1.047
  ],
  [
    1607817600000,
    1.035
  ],
  [
    1607904000000,
    1.026
  ],
  [
    1607990400000,
    1.031
  ],
  [
    1608076800000,
    1.042
  ],
  [
    1608163200000,
    1.046
  ],
  [
    1608249600000,
    1.035
  ],
  [
    1608336000000,
    1.035
  ],
  [
    1608422400000,
    1.037
  ],
  [
    1608508800000,
    1.051
  ],
  [
    1608595200000,
    1.106
  ],
  [
    1608681600000,
    1.181
  ],
  [
    1608768000000,
    1.153
  ],
  [
    1608854400000,
    1.192
  ],
  [
    1608940800000,
    1.236
  ],
  [
    1609027200000,
    1.234
  ],
  [
    1609113600000,
    1.256
  ],
  [
    1609200000000,
    1.226
  ],
  [
    1609286400000,
    1.232
  ],
  [
    1609372800000,
    1.21
  ],
  [
    1609459200000,
    1.229
  ],
  [
    1609545600000,
    1.305
  ],
  [
    1609632000000,
    1.276
  ],
  [
    1609718400000,
    1.272
  ],
  [
    1609804800000,
    1.284
  ],
  [
    1609891200000,
    1.276
  ],
  [
    1609977600000,
    1.263
  ],
  [
    1610064000000,
    1.234
  ],
  [
    1610150400000,
    1.268
  ],
  [
    1610236800000,
    1.232
  ],
  [
    1610323200000,
    1.228
  ],
  [
    1610409600000,
    1.219
  ],
  [
    1610496000000,
    1.207
  ],
  [
    1610582400000,
    1.19
  ],
  [
    1610668800000,
    1.194
  ],
  [
    1610755200000,
    1.219
  ],
  [
    1610841600000,
    1.202
  ],
  [
    1610928000000,
    1.199
  ],
  [
    1611014400000,
    1.229
  ],
  [
    1611100800000,
    1.244
  ],
  [
    1611187200000,
    1.229
  ],
  [
    1611273600000,
    1.208
  ],
  [
    1611360000000,
    1.217
  ],
  [
    1611446400000,
    1.21
  ],
  [
    1611532800000,
    1.194
  ],
  [
    1611619200000,
    1.173
  ],
  [
    1611705600000,
    1.161
  ],
  [
    1611792000000,
    1.078
  ],
  [
    1611878400000,
    1.107
  ],
  [
    1611964800000,
    1.091
  ],
  [
    1612051200000,
    1.103
  ],
  [
    1612137600000,
    1.057
  ],
  [
    1612224000000,
    1.053
  ],
  [
    1612310400000,
    1.048
  ],
  [
    1612396800000,
    1.014
  ],
  [
    1612483200000,
    1.025
  ],
  [
    1612569600000,
    1.024
  ],
  [
    1612656000000,
    1.01
  ],
  [
    1612742400000,
    1.02
  ],
  [
    1612828800000,
    1.001
  ],
  [
    1612915200000,
    1
  ],
  [
    1613001600000,
    0.99
  ],
  [
    1613088000000,
    0.977
  ],
  [
    1613174400000,
    0.976
  ],
  [
    1613260800000,
    0.947
  ],
  [
    1613347200000,
    0.921
  ],
  [
    1613433600000,
    0.94
  ],
  [
    1613520000000,
    0.95
  ],
  [
    1613606400000,
    0.957
  ],
  [
    1613692800000,
    0.943
  ],
  [
    1613779200000,
    0.931
  ],
  [
    1613865600000,
    0.94
  ],
  [
    1613952000000,
    0.94
  ],
  [
    1614038400000,
    0.93
  ],
  [
    1614124800000,
    0.946
  ],
  [
    1614211200000,
    0.986
  ],
  [
    1614297600000,
    1.105
  ],
  [
    1614384000000,
    1.099
  ],
  [
    1614470400000,
    1.075
  ],
  [
    1614556800000,
    1.077
  ],
  [
    1614643200000,
    1.068
  ],
  [
    1614729600000,
    1.05
  ],
  [
    1614816000000,
    1.048
  ],
  [
    1614902400000,
    1.01
  ],
  [
    1614988800000,
    1.023
  ],
  [
    1615075200000,
    1.032
  ],
  [
    1615161600000,
    1.052
  ],
  [
    1615248000000,
    1.031
  ],
  [
    1615334400000,
    1.039
  ],
  [
    1615420800000,
    1.058
  ],
  [
    1615507200000,
    1.057
  ],
  [
    1615593600000,
    1.079
  ],
  [
    1615680000000,
    1.053
  ],
  [
    1615766400000,
    1.065
  ],
  [
    1615852800000,
    1.057
  ],
  [
    1615939200000,
    1.042
  ],
  [
    1616025600000,
    1.035
  ],
  [
    1616112000000,
    1.008
  ],
  [
    1616198400000,
    1.016
  ],
  [
    1616284800000,
    1.008
  ],
  [
    1616371200000,
    1.007
  ],
  [
    1616457600000,
    0.987
  ],
  [
    1616544000000,
    0.981
  ],
  [
    1616630400000,
    0.992
  ],
  [
    1616716800000,
    1.005
  ],
  [
    1616803200000,
    1.022
  ],
  [
    1616889600000,
    1.022
  ],
  [
    1616972400000,
    1.008
  ],
  [
    1617058800000,
    1.007
  ],
  [
    1617145200000,
    1.01
  ],
  [
    1617231600000,
    1.019
  ],
  [
    1617318000000,
    1.022
  ],
  [
    1617404400000,
    1.036
  ],
  [
    1617490800000,
    1.047
  ],
  [
    1617577200000,
    1.085
  ],
  [
    1617663600000,
    1.148
  ],
  [
    1617750000000,
    0.998
  ],
  [
    1617836400000,
    0.931
  ],
  [
    1617922800000,
    0.922
  ],
  [
    1618009200000,
    0.913
  ],
  [
    1618095600000,
    0.919
  ],
  [
    1618182000000,
    0.91
  ],
  [
    1618268400000,
    0.909
  ],
  [
    1618354800000,
    0.927
  ],
  [
    1618441200000,
    0.931
  ],
  [
    1618527600000,
    0.938
  ],
  [
    1618614000000,
    0.954
  ],
  [
    1618700400000,
    1.017
  ],
  [
    1618786800000,
    1.03
  ],
  [
    1618873200000,
    1.009
  ],
  [
    1618959600000,
    0.983
  ],
  [
    1619046000000,
    0.985
  ],
  [
    1619132400000,
    1.015
  ],
  [
    1619218800000,
    1.029
  ],
  [
    1619305200000,
    1.028
  ],
  [
    1619391600000,
    1.011
  ],
  [
    1619478000000,
    1.006
  ],
  [
    1619564400000,
    0.986
  ],
  [
    1619650800000,
    0.995
  ],
  [
    1619737200000,
    1.034
  ],
  [
    1619823600000,
    1.079
  ],
  [
    1619910000000,
    1.123
  ],
  [
    1619996400000,
    1.162
  ],
  [
    1620082800000,
    1.082
  ],
  [
    1620169200000,
    1.125
  ],
  [
    1620255600000,
    1.125
  ],
  [
    1620342000000,
    1.071
  ],
  [
    1620428400000,
    1.098
  ],
  [
    1620514800000,
    1.113
  ],
  [
    1620601200000,
    1.137
  ],
  [
    1620687600000,
    1.155
  ],
  [
    1620774000000,
    1.182
  ],
  [
    1620860400000,
    1.188
  ],
  [
    1620946800000,
    1.217
  ],
  [
    1621033200000,
    1.237
  ],
  [
    1621119600000,
    1.255
  ],
  [
    1621206000000,
    1.247
  ],
  [
    1621292400000,
    1.262
  ],
  [
    1621378800000,
    1.314
  ],
  [
    1621465200000,
    1.365
  ],
  [
    1621551600000,
    1.356
  ],
  [
    1621638000000,
    1.398
  ],
  [
    1621724400000,
    1.463
  ],
  [
    1621810800000,
    1.534
  ],
  [
    1621897200000,
    1.629
  ],
  [
    1621983600000,
    1.662
  ],
  [
    1622070000000,
    1.657
  ],
  [
    1622156400000,
    1.618
  ],
  [
    1622242800000,
    1.562
  ],
  [
    1622329200000,
    1.529
  ],
  [
    1622415600000,
    1.455
  ],
  [
    1622502000000,
    1.506
  ],
  [
    1622588400000,
    1.489
  ],
  [
    1622674800000,
    1.501
  ],
  [
    1622761200000,
    1.508
  ],
  [
    1622847600000,
    1.598
  ],
  [
    1622934000000,
    1.632
  ],
  [
    1623020400000,
    1.61
  ],
  [
    1623106800000,
    1.588
  ],
  [
    1623193200000,
    1.615
  ],
  [
    1623279600000,
    1.554
  ],
  [
    1623366000000,
    1.571
  ],
  [
    1623452400000,
    1.552
  ],
  [
    1623538800000,
    1.507
  ],
  [
    1623625200000,
    1.492
  ],
  [
    1623711600000,
    1.519
  ],
  [
    1623798000000,
    1.47
  ],
  [
    1623884400000,
    1.493
  ],
  [
    1623970800000,
    1.468
  ],
  [
    1624057200000,
    1.452
  ],
  [
    1624143600000,
    1.438
  ],
  [
    1624230000000,
    1.408
  ],
  [
    1624316400000,
    1.389
  ],
  [
    1624402800000,
    1.325
  ],
  [
    1624489200000,
    1.22
  ],
  [
    1624575600000,
    1.224
  ],
  [
    1624662000000,
    1.296
  ],
  [
    1624748400000,
    1.286
  ],
  [
    1624834800000,
    1.308
  ],
  [
    1624921200000,
    1.295
  ],
  [
    1625007600000,
    1.305
  ],
  [
    1625094000000,
    1.266
  ],
  [
    1625180400000,
    1.255
  ],
  [
    1625266800000,
    1.261
  ],
  [
    1625353200000,
    1.243
  ],
  [
    1625439600000,
    1.208
  ],
  [
    1625526000000,
    1.225
  ],
  [
    1625612400000,
    1.217
  ],
  [
    1625698800000,
    1.197
  ],
  [
    1625785200000,
    1.263
  ],
  [
    1625871600000,
    1.256
  ],
  [
    1625958000000,
    1.257
  ],
  [
    1626044400000,
    1.245
  ],
  [
    1626130800000,
    1.261
  ],
  [
    1626217200000,
    1.256
  ],
  [
    1626303600000,
    1.262
  ],
  [
    1626390000000,
    1.268
  ],
  [
    1626476400000,
    1.261
  ],
  [
    1626562800000,
    1.257
  ],
  [
    1626649200000,
    1.276
  ],
  [
    1626735600000,
    1.236
  ],
  [
    1626822000000,
    1.22
  ],
  [
    1626908400000,
    1.216
  ],
  [
    1626994800000,
    1.263
  ],
  [
    1627081200000,
    1.284
  ],
  [
    1627167600000,
    1.256
  ],
  [
    1627254000000,
    1.264
  ],
  [
    1627340400000,
    1.286
  ],
  [
    1627426800000,
    1.28
  ],
  [
    1627513200000,
    1.254
  ],
  [
    1627599600000,
    1.274
  ],
  [
    1627686000000,
    1.277
  ],
  [
    1627772400000,
    1.267
  ],
  [
    1627858800000,
    1.28
  ],
  [
    1627945200000,
    1.275
  ],
  [
    1628031600000,
    1.251
  ],
  [
    1628118000000,
    1.292
  ],
  [
    1628204400000,
    1.261
  ],
  [
    1628290800000,
    1.274
  ],
  [
    1628377200000,
    1.252
  ],
  [
    1628463600000,
    1.249
  ],
  [
    1628550000000,
    1.239
  ],
  [
    1628636400000,
    1.222
  ],
  [
    1628722800000,
    1.21
  ],
  [
    1628809200000,
    1.213
  ],
  [
    1628895600000,
    1.196
  ],
  [
    1628982000000,
    1.221
  ],
  [
    1629068400000,
    1.201
  ],
  [
    1629154800000,
    1.207
  ],
  [
    1629241200000,
    1.179
  ],
  [
    1629327600000,
    1.205
  ],
  [
    1629414000000,
    1.192
  ],
  [
    1629500400000,
    1.192
  ],
  [
    1629586800000,
    1.208
  ],
  [
    1629673200000,
    1.203
  ],
  [
    1629759600000,
    1.187
  ],
  [
    1629846000000,
    1.209
  ],
  [
    1629932400000,
    1.201
  ],
  [
    1630018800000,
    1.185
  ],
  [
    1630105200000,
    1.224
  ],
  [
    1630191600000,
    1.219
  ],
  [
    1630278000000,
    1.218
  ],
  [
    1630364400000,
    1.237
  ],
  [
    1630450800000,
    1.24
  ],
  [
    1630537200000,
    1.251
  ],
  [
    1630623600000,
    1.233
  ],
  [
    1630710000000,
    1.227
  ],
  [
    1630796400000,
    1.233
  ],
  [
    1630882800000,
    1.23
  ],
  [
    1630969200000,
    1.217
  ],
  [
    1631055600000,
    1.224
  ],
  [
    1631142000000,
    1.271
  ],
  [
    1631228400000,
    1.284
  ],
  [
    1631314800000,
    1.289
  ],
  [
    1631401200000,
    1.292
  ],
  [
    1631487600000,
    1.312
  ],
  [
    1631574000000,
    1.342
  ],
  [
    1631660400000,
    1.347
  ],
  [
    1631746800000,
    1.348
  ],
  [
    1631833200000,
    1.348
  ],
  [
    1631919600000,
    1.33
  ],
  [
    1632006000000,
    1.31
  ],
  [
    1632092400000,
    1.292
  ],
  [
    1632178800000,
    1.284
  ],
  [
    1632265200000,
    1.03
  ],
  [
    1632351600000,
    1.017
  ],
  [
    1632438000000,
    1.056
  ],
  [
    1632524400000,
    1
  ],
  [
    1632610800000,
    1.011
  ],
  [
    1632697200000,
    0.988
  ],
  [
    1632783600000,
    1.011
  ],
  [
    1632870000000,
    0.999
  ],
  [
    1632956400000,
    0.98
  ],
  [
    1633042800000,
    0.988
  ],
  [
    1633129200000,
    0.96
  ],
  [
    1633215600000,
    1.001
  ],
  [
    1633302000000,
    0.942
  ],
  [
    1633388400000,
    0.963
  ],
  [
    1633474800000,
    0.976
  ],
  [
    1633561200000,
    0.974
  ],
  [
    1633647600000,
    1.015
  ],
  [
    1633734000000,
    1.011
  ],
  [
    1633820400000,
    1.047
  ],
  [
    1633906800000,
    1.011
  ],
  [
    1633993200000,
    1.006
  ],
  [
    1634079600000,
    1.012
  ],
  [
    1634166000000,
    0.991
  ],
  [
    1634252400000,
    0.983
  ],
  [
    1634338800000,
    0.982
  ],
  [
    1634425200000,
    1.003
  ],
  [
    1634511600000,
    0.996
  ],
  [
    1634598000000,
    0.964
  ],
  [
    1634684400000,
    0.98
  ],
  [
    1634770800000,
    0.997
  ],
  [
    1634857200000,
    0.89
  ],
  [
    1634943600000,
    0.916
  ],
  [
    1635030000000,
    0.925
  ],
  [
    1635116400000,
    0.913
  ],
  [
    1635202800000,
    0.924
  ],
  [
    1635289200000,
    0.906
  ],
  [
    1635375600000,
    0.915
  ],
  [
    1635462000000,
    0.901
  ],
  [
    1635548400000,
    0.954
  ],
  [
    1635634800000,
    0.949
  ],
  [
    1635724800000,
    0.943
  ],
  [
    1635811200000,
    0.96
  ],
  [
    1635897600000,
    0.955
  ],
  [
    1635984000000,
    0.951
  ],
  [
    1636070400000,
    0.955
  ],
  [
    1636156800000,
    0.951
  ],
  [
    1636243200000,
    0.905
  ],
  [
    1636329600000,
    0.89
  ],
  [
    1636416000000,
    0.88
  ],
  [
    1636502400000,
    0.847
  ],
  [
    1636588800000,
    0.839
  ],
  [
    1636675200000,
    0.873
  ],
  [
    1636761600000,
    0.884
  ],
  [
    1636848000000,
    0.915
  ],
  [
    1636934400000,
    0.918
  ],
  [
    1637020800000,
    0.922
  ],
  [
    1637107200000,
    0.931
  ],
  [
    1637193600000,
    0.951
  ],
  [
    1637280000000,
    0.97
  ],
  [
    1637366400000,
    0.982
  ],
  [
    1637452800000,
    0.981
  ],
  [
    1637539200000,
    0.971
  ],
  [
    1637625600000,
    0.941
  ],
  [
    1637712000000,
    0.955
  ],
  [
    1637798400000,
    0.916
  ],
  [
    1637884800000,
    0.934
  ],
  [
    1637971200000,
    0.979
  ],
  [
    1638057600000,
    1.004
  ],
  [
    1638144000000,
    0.986
  ],
  [
    1638230400000,
    0.895
  ],
  [
    1638316800000,
    0.914
  ],
  [
    1638403200000,
    0.953
  ],
  [
    1638489600000,
    1.012
  ],
  [
    1638576000000,
    1.027
  ],
  [
    1638662400000,
    1.074
  ],
  [
    1638748800000,
    1.097
  ],
  [
    1638835200000,
    1.079
  ],
  [
    1638921600000,
    1.054
  ],
  [
    1639008000000,
    1.045
  ],
  [
    1639094400000,
    1.092
  ],
  [
    1639180800000,
    1.085
  ],
  [
    1639267200000,
    1.067
  ],
  [
    1639353600000,
    1.026
  ],
  [
    1639440000000,
    1.038
  ],
  [
    1639526400000,
    0.962
  ],
  [
    1639612800000,
    0.994
  ],
  [
    1639699200000,
    0.955
  ],
  [
    1639785600000,
    0.96
  ],
  [
    1639872000000,
    0.991
  ],
  [
    1639958400000,
    0.978
  ],
  [
    1640044800000,
    0.942
  ],
  [
    1640131200000,
    0.976
  ],
  [
    1640217600000,
    0.977
  ],
  [
    1640304000000,
    0.984
  ],
  [
    1640390400000,
    0.988
  ],
  [
    1640476800000,
    1.012
  ],
  [
    1640563200000,
    1.041
  ],
  [
    1640649600000,
    1.085
  ],
  [
    1640736000000,
    1.099
  ],
  [
    1640822400000,
    1.096
  ],
  [
    1640908800000,
    1.117
  ],
  [
    1640995200000,
    1.157
  ],
  [
    1641081600000,
    1.137
  ],
  [
    1641168000000,
    1.123
  ],
  [
    1641254400000,
    1.144
  ],
  [
    1641340800000,
    1.147
  ],
  [
    1641427200000,
    1.158
  ],
  [
    1641513600000,
    1.171
  ],
  [
    1641600000000,
    1.229
  ],
  [
    1641686400000,
    1.18
  ],
  [
    1641772800000,
    1.208
  ],
  [
    1641859200000,
    1.222
  ],
  [
    1641945600000,
    1.26
  ],
  [
    1642032000000,
    1.255
  ],
  [
    1642118400000,
    1.307
  ],
  [
    1642204800000,
    1.291
  ],
  [
    1642291200000,
    1.281
  ],
  [
    1642377600000,
    1.295
  ],
  [
    1642464000000,
    1.449
  ],
  [
    1642550400000,
    1.494
  ],
  [
    1642636800000,
    1.47
  ],
  [
    1642723200000,
    1.414
  ],
  [
    1642809600000,
    1.41
  ],
  [
    1642896000000,
    1.391
  ],
  [
    1642982400000,
    1.356
  ],
  [
    1643068800000,
    1.35
  ],
  [
    1643155200000,
    1.328
  ],
  [
    1643241600000,
    1.311
  ],
  [
    1643328000000,
    1.305
  ],
  [
    1643414400000,
    1.299
  ],
  [
    1643500800000,
    1.3
  ],
  [
    1643587200000,
    1.293
  ],
  [
    1643673600000,
    1.298
  ],
  [
    1643760000000,
    1.24
  ],
  [
    1643846400000,
    1.232
  ],
  [
    1643932800000,
    1.219
  ],
  [
    1644019200000,
    1.277
  ],
  [
    1644105600000,
    1.242
  ],
  [
    1644192000000,
    1.232
  ],
  [
    1644278400000,
    1.228
  ],
  [
    1644364800000,
    1.194
  ],
  [
    1644451200000,
    1.204
  ],
  [
    1644537600000,
    1.177
  ],
  [
    1644624000000,
    1.139
  ],
  [
    1644710400000,
    1.148
  ],
  [
    1644796800000,
    1.125
  ],
  [
    1644883200000,
    1.149
  ],
  [
    1644969600000,
    1.176
  ],
  [
    1645056000000,
    1.207
  ],
  [
    1645142400000,
    1.235
  ],
  [
    1645228800000,
    1.213
  ],
  [
    1645315200000,
    1.206
  ],
  [
    1645401600000,
    1.2
  ],
  [
    1645488000000,
    1.185
  ],
  [
    1645574400000,
    1.137
  ],
  [
    1645660800000,
    1.158
  ],
  [
    1645747200000,
    1.155
  ],
  [
    1645833600000,
    1.16
  ],
  [
    1645920000000,
    1.19
  ],
  [
    1646006400000,
    1.216
  ],
  [
    1646092800000,
    1.175
  ],
  [
    1646179200000,
    1.19
  ],
  [
    1646265600000,
    1.192
  ],
  [
    1646352000000,
    1.212
  ],
  [
    1646438400000,
    1.205
  ],
  [
    1646524800000,
    1.194
  ],
  [
    1646611200000,
    1.164
  ],
  [
    1646697600000,
    1.079
  ],
  [
    1646784000000,
    1.046
  ],
  [
    1646870400000,
    1.075
  ],
  [
    1646956800000,
    1.198
  ],
  [
    1647043200000,
    1.212
  ],
  [
    1647129600000,
    1.189
  ],
  [
    1647216000000,
    1.175
  ],
  [
    1647302400000,
    1.198
  ],
  [
    1647388800000,
    1.221
  ],
  [
    1647475200000,
    1.227
  ],
  [
    1647561600000,
    1.241
  ],
  [
    1647648000000,
    1.249
  ],
  [
    1647734400000,
    1.228
  ],
  [
    1647820800000,
    1.207
  ],
  [
    1647907200000,
    1.216
  ],
  [
    1647993600000,
    1.139
  ],
  [
    1648080000000,
    1.173
  ],
  [
    1648166400000,
    1.181
  ],
  [
    1648252800000,
    1.21
  ],
  [
    1648339200000,
    1.2
  ],
  [
    1648422000000,
    1.177
  ],
  [
    1648508400000,
    1.138
  ],
  [
    1648594800000,
    1.204
  ],
  [
    1648681200000,
    1.214
  ],
  [
    1648767600000,
    1.215
  ],
  [
    1648854000000,
    1.222
  ],
  [
    1648940400000,
    1.223
  ],
  [
    1649026800000,
    1.235
  ],
  [
    1649113200000,
    1.281
  ],
  [
    1649199600000,
    1.288
  ],
  [
    1649286000000,
    1.323
  ],
  [
    1649372400000,
    1.331
  ],
  [
    1649458800000,
    1.316
  ],
  [
    1649545200000,
    1.296
  ],
  [
    1649631600000,
    1.284
  ],
  [
    1649718000000,
    1.287
  ],
  [
    1649804400000,
    1.289
  ],
  [
    1649890800000,
    1.287
  ],
  [
    1649977200000,
    1.298
  ],
  [
    1650063600000,
    1.289
  ],
  [
    1650150000000,
    1.295
  ],
  [
    1650236400000,
    1.265
  ],
  [
    1650322800000,
    1.304
  ],
  [
    1650409200000,
    1.272
  ],
  [
    1650495600000,
    1.287
  ],
  [
    1650582000000,
    1.264
  ],
  [
    1650668400000,
    1.287
  ],
  [
    1650754800000,
    1.292
  ],
  [
    1650841200000,
    1.291
  ],
  [
    1650927600000,
    1.274
  ],
  [
    1651014000000,
    1.257
  ],
  [
    1651100400000,
    1.262
  ],
  [
    1651186800000,
    1.264
  ],
  [
    1651273200000,
    1.278
  ],
  [
    1651359600000,
    1.293
  ],
  [
    1651446000000,
    1.272
  ],
  [
    1651532400000,
    1.266
  ],
  [
    1651618800000,
    1.197
  ],
  [
    1651705200000,
    1.233
  ],
  [
    1651791600000,
    1.244
  ],
  [
    1651878000000,
    1.269
  ],
  [
    1651964400000,
    1.256
  ],
  [
    1652050800000,
    1.263
  ],
  [
    1652137200000,
    1.227
  ],
  [
    1652223600000,
    1.214
  ],
  [
    1652310000000,
    1.201
  ],
  [
    1652396400000,
    1.241
  ],
  [
    1652482800000,
    1.241
  ],
  [
    1652569200000,
    1.26
  ],
  [
    1652655600000,
    1.237
  ],
  [
    1652742000000,
    1.253
  ],
  [
    1652828400000,
    1.263
  ],
  [
    1652914800000,
    1.252
  ],
  [
    1653001200000,
    1.293
  ],
  [
    1653087600000,
    1.28
  ],
  [
    1653174000000,
    1.268
  ],
  [
    1653260400000,
    1.268
  ],
  [
    1653346800000,
    1.246
  ],
  [
    1653433200000,
    1.302
  ],
  [
    1653519600000,
    1.282
  ],
  [
    1653606000000,
    1.277
  ],
  [
    1653692400000,
    1.27
  ],
  [
    1653778800000,
    1.261
  ],
  [
    1653865200000,
    1.292
  ],
  [
    1653951600000,
    1.298
  ],
  [
    1654038000000,
    1.361
  ],
  [
    1654124400000,
    1.385
  ],
  [
    1654210800000,
    1.376
  ],
  [
    1654297200000,
    1.388
  ],
  [
    1654383600000,
    1.363
  ],
  [
    1654470000000,
    1.332
  ],
  [
    1654556400000,
    1.364
  ],
  [
    1654642800000,
    1.347
  ],
  [
    1654729200000,
    1.339
  ],
  [
    1654815600000,
    1.346
  ],
  [
    1654902000000,
    1.34
  ],
  [
    1654988400000,
    1.342
  ],
  [
    1655074800000,
    1.323
  ],
  [
    1655161200000,
    1.291
  ],
  [
    1655247600000,
    1.232
  ],
  [
    1655334000000,
    1.213
  ],
  [
    1655420400000,
    1.197
  ],
  [
    1655506800000,
    1.187
  ],
  [
    1655593200000,
    1.182
  ],
  [
    1655679600000,
    1.181
  ],
  [
    1655766000000,
    1.207
  ],
  [
    1655852400000,
    1.168
  ],
  [
    1655938800000,
    1.123
  ],
  [
    1656025200000,
    1.109
  ],
  [
    1656111600000,
    1.157
  ],
  [
    1656198000000,
    1.156
  ],
  [
    1656284400000,
    1.158
  ],
  [
    1656370800000,
    1.138
  ],
  [
    1656457200000,
    1.178
  ],
  [
    1656543600000,
    1.168
  ],
  [
    1656630000000,
    1.161
  ],
  [
    1656716400000,
    1.19
  ],
  [
    1656802800000,
    1.186
  ],
  [
    1656889200000,
    1.155
  ],
  [
    1656975600000,
    1.149
  ],
  [
    1657062000000,
    1.154
  ],
  [
    1657148400000,
    1.152
  ],
  [
    1657234800000,
    1.188
  ],
  [
    1657321200000,
    1.186
  ],
  [
    1657407600000,
    1.227
  ],
  [
    1657494000000,
    1.208
  ],
  [
    1657580400000,
    1.206
  ],
  [
    1657666800000,
    1.205
  ],
  [
    1657753200000,
    1.217
  ],
  [
    1657839600000,
    1.221
  ],
  [
    1657926000000,
    1.219
  ],
  [
    1658012400000,
    1.212
  ],
  [
    1658098800000,
    1.198
  ],
  [
    1658185200000,
    1.187
  ],
  [
    1658271600000,
    1.208
  ],
  [
    1658358000000,
    1.158
  ],
  [
    1658444400000,
    1.164
  ],
  [
    1658530800000,
    1.2
  ],
  [
    1658617200000,
    1.191
  ],
  [
    1658703600000,
    1.209
  ],
  [
    1658790000000,
    1.254
  ],
  [
    1658876400000,
    1.243
  ],
  [
    1658962800000,
    1.255
  ],
  [
    1659049200000,
    1.262
  ],
  [
    1659135600000,
    1.278
  ],
  [
    1659222000000,
    1.295
  ],
  [
    1659308400000,
    1.329
  ],
  [
    1659394800000,
    1.33
  ],
  [
    1659481200000,
    1.353
  ],
  [
    1659567600000,
    1.366
  ],
  [
    1659654000000,
    1.371
  ],
  [
    1659740400000,
    1.379
  ],
  [
    1659826800000,
    1.395
  ],
  [
    1659913200000,
    1.411
  ],
  [
    1659999600000,
    1.409
  ],
  [
    1660086000000,
    1.395
  ],
  [
    1660172400000,
    1.409
  ],
  [
    1660258800000,
    1.402
  ],
  [
    1660345200000,
    1.44
  ],
  [
    1660431600000,
    1.45
  ],
  [
    1660518000000,
    1.489
  ],
  [
    1660604400000,
    1.477
  ],
  [
    1660690800000,
    1.38
  ],
  [
    1660777200000,
    1.424
  ],
  [
    1660863600000,
    1.445
  ],
  [
    1660950000000,
    1.469
  ],
  [
    1661036400000,
    1.455
  ],
  [
    1661122800000,
    1.444
  ],
  [
    1661209200000,
    1.474
  ],
  [
    1661295600000,
    1.358
  ],
  [
    1661382000000,
    1.397
  ],
  [
    1661468400000,
    1.45
  ],
  [
    1661554800000,
    1.42
  ],
  [
    1661641200000,
    1.437
  ],
  [
    1661727600000,
    1.423
  ],
  [
    1661814000000,
    1.363
  ],
  [
    1661900400000,
    1.392
  ],
  [
    1661986800000,
    1.411
  ],
  [
    1662073200000,
    1.34
  ],
  [
    1662159600000,
    1.339
  ],
  [
    1662246000000,
    1.351
  ],
  [
    1662332400000,
    1.373
  ],
  [
    1662418800000,
    1.367
  ],
  [
    1662505200000,
    1.347
  ],
  [
    1662591600000,
    1.341
  ],
  [
    1662678000000,
    1.338
  ],
  [
    1662764400000,
    1.32
  ],
  [
    1662850800000,
    1.376
  ],
  [
    1662937200000,
    1.38
  ],
  [
    1663023600000,
    1.368
  ],
  [
    1663110000000,
    1.375
  ],
  [
    1663196400000,
    1.392
  ],
  [
    1663282800000,
    1.378
  ],
  [
    1663369200000,
    1.371
  ],
  [
    1663455600000,
    1.394
  ],
  [
    1663542000000,
    1.429
  ],
  [
    1663628400000,
    1.438
  ],
  [
    1663714800000,
    1.352
  ],
  [
    1663801200000,
    1.349
  ],
  [
    1663887600000,
    1.388
  ],
  [
    1663974000000,
    1.403
  ],
  [
    1664060400000,
    1.373
  ],
  [
    1664146800000,
    1.376
  ],
  [
    1664233200000,
    1.365
  ],
  [
    1664319600000,
    1.35
  ],
  [
    1664406000000,
    1.354
  ],
  [
    1664492400000,
    1.355
  ],
  [
    1664578800000,
    1.382
  ],
  [
    1664665200000,
    1.406
  ],
  [
    1664751600000,
    1.4
  ],
  [
    1664838000000,
    1.373
  ],
  [
    1664924400000,
    1.378
  ],
  [
    1665010800000,
    1.404
  ],
  [
    1665097200000,
    1.389
  ],
  [
    1665183600000,
    1.419
  ],
  [
    1665270000000,
    1.402
  ],
  [
    1665356400000,
    1.407
  ],
  [
    1665442800000,
    1.397
  ],
  [
    1665529200000,
    1.38
  ],
  [
    1665615600000,
    1.38
  ],
  [
    1665702000000,
    1.352
  ],
  [
    1665788400000,
    1.378
  ],
  [
    1665874800000,
    1.392
  ],
  [
    1665961200000,
    1.402
  ],
  [
    1666047600000,
    1.417
  ],
  [
    1666134000000,
    1.394
  ],
  [
    1666220400000,
    1.379
  ],
  [
    1666306800000,
    1.386
  ],
  [
    1666393200000,
    1.33
  ],
  [
    1666479600000,
    1.358
  ],
  [
    1666566000000,
    1.324
  ],
  [
    1666652400000,
    1.365
  ],
  [
    1666738800000,
    1.346
  ],
  [
    1666825200000,
    1.324
  ],
  [
    1666911600000,
    1.323
  ],
  [
    1666998000000,
    1.345
  ],
  [
    1667084400000,
    1.299
  ],
  [
    1667174400000,
    1.299
  ],
  [
    1667260800000,
    1.313
  ],
  [
    1667347200000,
    1.341
  ],
  [
    1667433600000,
    1.344
  ],
  [
    1667520000000,
    1.345
  ],
  [
    1667606400000,
    1.331
  ],
  [
    1667692800000,
    1.357
  ],
  [
    1667779200000,
    1.3
  ],
  [
    1667865600000,
    1.305
  ],
  [
    1667952000000,
    1.343
  ],
  [
    1668038400000,
    1.341
  ],
  [
    1668124800000,
    1.387
  ],
  [
    1668211200000,
    1.389
  ],
  [
    1668297600000,
    1.414
  ],
  [
    1668384000000,
    1.393
  ],
  [
    1668470400000,
    1.365
  ],
  [
    1668556800000,
    1.367
  ],
  [
    1668643200000,
    1.379
  ],
  [
    1668729600000,
    1.349
  ],
  [
    1668816000000,
    1.338
  ],
  [
    1668902400000,
    1.31
  ],
  [
    1668988800000,
    1.315
  ],
  [
    1669075200000,
    1.287
  ],
  [
    1669161600000,
    1.197
  ],
  [
    1669248000000,
    1.208
  ],
  [
    1669334400000,
    1.277
  ],
  [
    1669420800000,
    1.229
  ],
  [
    1669507200000,
    1.224
  ],
  [
    1669593600000,
    1.233
  ],
  [
    1669680000000,
    1.212
  ],
  [
    1669766400000,
    1.254
  ],
  [
    1669852800000,
    1.28
  ],
  [
    1669939200000,
    1.29
  ],
  [
    1670025600000,
    1.304
  ],
  [
    1670112000000,
    1.307
  ],
  [
    1670198400000,
    1.307
  ],
  [
    1670284800000,
    1.301
  ],
  [
    1670371200000,
    1.299
  ],
  [
    1670457600000,
    1.312
  ],
  [
    1670544000000,
    1.301
  ],
  [
    1670630400000,
    1.326
  ],
  [
    1670716800000,
    1.311
  ],
  [
    1670803200000,
    1.343
  ],
  [
    1670889600000,
    1.319
  ],
  [
    1670976000000,
    1.315
  ],
  [
    1671062400000,
    1.282
  ],
  [
    1671148800000,
    1.31
  ],
  [
    1671235200000,
    1.313
  ],
  [
    1671321600000,
    1.303
  ],
  [
    1671408000000,
    1.279
  ],
  [
    1671494400000,
    1.278
  ],
  [
    1671580800000,
    1.305
  ],
  [
    1671667200000,
    1.313
  ],
  [
    1671753600000,
    1.277
  ],
  [
    1671840000000,
    1.313
  ],
  [
    1671926400000,
    1.298
  ],
  [
    1672012800000,
    1.299
  ],
  [
    1672099200000,
    1.319
  ],
  [
    1672185600000,
    1.298
  ],
  [
    1672272000000,
    1.304
  ],
  [
    1672358400000,
    1.313
  ],
  [
    1672444800000,
    1.33
  ],
  [
    1672531200000,
    1.331
  ],
  [
    1672617600000,
    1.334
  ],
  [
    1672704000000,
    1.298
  ],
  [
    1672790400000,
    1.331
  ],
  [
    1672876800000,
    1.307
  ],
  [
    1672963200000,
    1.371
  ],
  [
    1673049600000,
    1.394
  ],
  [
    1673136000000,
    1.356
  ],
  [
    1673222400000,
    1.355
  ],
  [
    1673308800000,
    1.365
  ],
  [
    1673395200000,
    1.381
  ],
  [
    1673481600000,
    1.362
  ],
  [
    1673568000000,
    1.397
  ],
  [
    1673654400000,
    1.415
  ],
  [
    1673740800000,
    1.432
  ],
  [
    1673827200000,
    1.426
  ],
  [
    1673913600000,
    1.434
  ],
  [
    1674000000000,
    1.438
  ],
  [
    1674086400000,
    1.431
  ],
  [
    1674172800000,
    1.428
  ],
  [
    1674259200000,
    1.435
  ],
  [
    1674345600000,
    1.441
  ],
  [
    1674432000000,
    1.456
  ],
  [
    1674518400000,
    1.423
  ],
  [
    1674604800000,
    1.427
  ],
  [
    1674691200000,
    1.421
  ],
  [
    1674777600000,
    1.445
  ],
  [
    1674864000000,
    1.442
  ],
  [
    1674950400000,
    1.456
  ],
  [
    1675036800000,
    1.451
  ],
  [
    1675123200000,
    1.459
  ],
  [
    1675209600000,
    1.436
  ],
  [
    1675296000000,
    1.476
  ],
  [
    1675382400000,
    1.54
  ],
  [
    1675468800000,
    1.551
  ],
  [
    1675555200000,
    1.581
  ],
  [
    1675641600000,
    1.589
  ],
  [
    1675728000000,
    1.564
  ],
  [
    1675814400000,
    1.548
  ],
  [
    1675900800000,
    1.55
  ],
  [
    1675987200000,
    1.552
  ],
  [
    1676073600000,
    1.567
  ],
  [
    1676160000000,
    1.541
  ],
  [
    1676246400000,
    1.539
  ],
  [
    1676332800000,
    1.536
  ],
  [
    1676419200000,
    1.542
  ],
  [
    1676505600000,
    1.59
  ],
  [
    1676592000000,
    1.778
  ],
  [
    1676678400000,
    1.764
  ],
  [
    1676764800000,
    1.726
  ],
  [
    1676851200000,
    1.666
  ],
  [
    1676937600000,
    1.666
  ],
  [
    1677024000000,
    1.682
  ],
  [
    1677110400000,
    1.665
  ],
  [
    1677196800000,
    1.669
  ],
  [
    1677283200000,
    1.712
  ],
  [
    1677369600000,
    1.688
  ],
  [
    1677456000000,
    1.673
  ],
  [
    1677542400000,
    1.746
  ],
  [
    1677628800000,
    1.752
  ],
  [
    1677715200000,
    1.714
  ],
  [
    1677801600000,
    1.767
  ],
  [
    1677888000000,
    1.783
  ],
  [
    1677974400000,
    1.809
  ],
  [
    1678060800000,
    1.803
  ],
  [
    1678147200000,
    1.795
  ],
  [
    1678233600000,
    1.733
  ],
  [
    1678320000000,
    1.746
  ],
  [
    1678406400000,
    1.769
  ],
  [
    1678492800000,
    1.887
  ],
  [
    1678579200000,
    1.906
  ],
  [
    1678665600000,
    1.873
  ],
  [
    1678752000000,
    1.932
  ],
  [
    1678838400000,
    2.046
  ],
  [
    1678924800000,
    1.958
  ],
  [
    1679011200000,
    1.995
  ],
  [
    1679097600000,
    1.934
  ],
  [
    1679184000000,
    1.957
  ],
  [
    1679270400000,
    1.878
  ],
  [
    1679356800000,
    1.916
  ],
  [
    1679443200000,
    1.902
  ],
  [
    1679529600000,
    1.972
  ],
  [
    1679616000000,
    2.072
  ],
  [
    1679702400000,
    2.242
  ],
  [
    1679788800000,
    2.276
  ],
  [
    1679871600000,
    2.356
  ],
  [
    1679958000000,
    2.4
  ],
  [
    1680044400000,
    2.379
  ],
  [
    1680130800000,
    2.43
  ],
  [
    1680217200000,
    2.421
  ],
  [
    1680303600000,
    2.631
  ],
  [
    1680390000000,
    2.775
  ],
  [
    1680476400000,
    2.73
  ],
  [
    1680562800000,
    2.758
  ],
  [
    1680649200000,
    2.688
  ],
  [
    1680735600000,
    2.723
  ],
  [
    1680822000000,
    2.858
  ],
  [
    1680908400000,
    2.921
  ],
  [
    1680994800000,
    3.2
  ],
  [
    1681081200000,
    3.244
  ],
  [
    1681167600000,
    3.36
  ],
  [
    1681254000000,
    3.386
  ],
  [
    1681340400000,
    3.248
  ],
  [
    1681426800000,
    3.375
  ],
  [
    1681513200000,
    3.521
  ],
  [
    1681599600000,
    3.878
  ],
  [
    1681686000000,
    3.873
  ],
  [
    1681772400000,
    4.001
  ],
  [
    1681858800000,
    3.845
  ],
  [
    1681945200000,
    3.722
  ],
  [
    1682031600000,
    3.684
  ],
  [
    1682118000000,
    3.72
  ],
  [
    1682204400000,
    3.431
  ],
  [
    1682290800000,
    3.265
  ],
  [
    1682377200000,
    3.029
  ],
  [
    1682463600000,
    2.78
  ],
  [
    1682550000000,
    3.038
  ],
  [
    1682636400000,
    3.422
  ],
  [
    1682722800000,
    3.396
  ],
  [
    1682809200000,
    3.413
  ],
  [
    1682895600000,
    3.499
  ],
  [
    1682982000000,
    3.515
  ],
  [
    1683068400000,
    4.007
  ],
  [
    1683154800000,
    4.495
  ],
  [
    1683241200000,
    3.956
  ],
  [
    1683327600000,
    4.138
  ],
  [
    1683414000000,
    4.01
  ],
  [
    1683500400000,
    3.729
  ],
  [
    1683586800000,
    3.623
  ],
  [
    1683673200000,
    3.619
  ],
  [
    1683759600000,
    3.548
  ],
  [
    1683846000000,
    3.5
  ],
  [
    1683932400000,
    3.588
  ],
  [
    1684018800000,
    3.592
  ],
  [
    1684105200000,
    3.599
  ],
  [
    1684191600000,
    3.651
  ],
  [
    1684278000000,
    3.736
  ],
  [
    1684364400000,
    3.648
  ],
  [
    1684450800000,
    3.709
  ],
  [
    1684537200000,
    3.753
  ],
  [
    1684623600000,
    3.884
  ],
  [
    1684710000000,
    3.751
  ],
  [
    1684796400000,
    3.706
  ],
  [
    1684882800000,
    3.798
  ],
  [
    1684969200000,
    3.878
  ],
  [
    1685055600000,
    3.938
  ],
  [
    1685142000000,
    3.987
  ],
  [
    1685228400000,
    4.066
  ],
  [
    1685314800000,
    4.027
  ],
  [
    1685401200000,
    4.018
  ],
  [
    1685487600000,
    4.261
  ],
  [
    1685574000000,
    4.517
  ],
  [
    1685660400000,
    4.444
  ],
  [
    1685746800000,
    4.459
  ],
  [
    1685833200000,
    4.587
  ],
  [
    1685919600000,
    4.709
  ],
  [
    1686006000000,
    4.731
  ],
  [
    1686092400000,
    4.674
  ],
  [
    1686178800000,
    4.606
  ],
  [
    1686265200000,
    4.564
  ],
  [
    1686351600000,
    4.646
  ],
  [
    1686438000000,
    4.771
  ],
  [
    1686524400000,
    4.905
  ],
  [
    1686610800000,
    4.957
  ],
  [
    1686697200000,
    4.785
  ],
  [
    1686783600000,
    4.885
  ],
  [
    1686870000000,
    4.881
  ],
  [
    1686956400000,
    4.929
  ],
  [
    1687042800000,
    4.934
  ],
  [
    1687129200000,
    4.921
  ],
  [
    1687215600000,
    4.889
  ],
  [
    1687302000000,
    4.802
  ],
  [
    1687388400000,
    4.842
  ],
  [
    1687474800000,
    4.599
  ],
  [
    1687561200000,
    4.481
  ],
  [
    1687647600000,
    4.334
  ],
  [
    1687734000000,
    4.334
  ],
  [
    1687820400000,
    4.428
  ],
  [
    1687906800000,
    4.492
  ],
  [
    1687993200000,
    4.433
  ],
  [
    1688079600000,
    4.271
  ],
  [
    1688166000000,
    4.28
  ],
  [
    1688252400000,
    4.179
  ],
  [
    1688338800000,
    4.015
  ],
  [
    1688425200000,
    4.152
  ],
  [
    1688511600000,
    4.066
  ],
  [
    1688598000000,
    4.181
  ],
  [
    1688684400000,
    4.18
  ],
  [
    1688770800000,
    4.167
  ],
  [
    1688857200000,
    4.163
  ],
  [
    1688943600000,
    4.169
  ],
  [
    1689030000000,
    4.11
  ],
  [
    1689116400000,
    4.118
  ],
  [
    1689202800000,
    4.108
  ],
  [
    1689289200000,
    4.252
  ],
  [
    1689375600000,
    4.468
  ],
  [
    1689462000000,
    4.466
  ],
  [
    1689548400000,
    4.256
  ],
  [
    1689634800000,
    4.394
  ],
  [
    1689721200000,
    4.137
  ],
  [
    1689807600000,
    3.914
  ],
  [
    1689894000000,
    4.337
  ],
  [
    1689980400000,
    4.384
  ],
  [
    1690066800000,
    4.41
  ],
  [
    1690153200000,
    4.526
  ],
  [
    1690239600000,
    4.365
  ],
  [
    1690326000000,
    4.296
  ],
  [
    1690412400000,
    4.101
  ],
  [
    1690498800000,
    4.254
  ],
  [
    1690585200000,
    4.265
  ],
  [
    1690671600000,
    4.47
  ],
  [
    1690758000000,
    4.473
  ],
  [
    1690844400000,
    4.416
  ],
  [
    1690930800000,
    4.493
  ],
  [
    1691017200000,
    4.323
  ],
  [
    1691103600000,
    4.353
  ],
  [
    1691190000000,
    4.074
  ],
  [
    1691276400000,
    4.487
  ],
  [
    1691362800000,
    4.268
  ],
  [
    1691449200000,
    4.4
  ],
  [
    1691535600000,
    4.345
  ],
  [
    1691622000000,
    4.325
  ],
  [
    1691708400000,
    4.203
  ],
  [
    1691794800000,
    4.227
  ],
  [
    1691881200000,
    4.195
  ],
  [
    1691967600000,
    4.267
  ],
  [
    1692054000000,
    4.212
  ],
  [
    1692140400000,
    4.005
  ],
  [
    1692226800000,
    3.971
  ],
  [
    1692313200000,
    4.309
  ],
  [
    1692399600000,
    4.351
  ],
  [
    1692486000000,
    4.279
  ],
  [
    1692572400000,
    4.235
  ],
  [
    1692658800000,
    4.269
  ],
  [
    1692745200000,
    4.18
  ],
  [
    1692831600000,
    4.152
  ],
  [
    1692918000000,
    4.143
  ],
  [
    1693004400000,
    4.139
  ],
  [
    1693090800000,
    4.152
  ],
  [
    1693177200000,
    4.246
  ],
  [
    1693263600000,
    4.132
  ],
  [
    1693350000000,
    4.202
  ],
  [
    1693436400000,
    4.086
  ],
  [
    1693522800000,
    4.084
  ],
  [
    1693609200000,
    4.138
  ],
  [
    1693695600000,
    4.062
  ],
  [
    1693782000000,
    4.099
  ],
  [
    1693868400000,
    3.995
  ],
  [
    1693954800000,
    4.113
  ],
  [
    1694041200000,
    4.032
  ],
  [
    1694127600000,
    4.077
  ],
  [
    1694214000000,
    4.153
  ],
  [
    1694300400000,
    4.012
  ],
  [
    1694386800000,
    3.896
  ],
  [
    1694473200000,
    4.007
  ],
  [
    1694559600000,
    4.194
  ],
  [
    1694646000000,
    4.186
  ],
  [
    1694732400000,
    4.157
  ],
  [
    1694818800000,
    4.311
  ],
  [
    1694905200000,
    4.415
  ],
  [
    1694991600000,
    4.379
  ],
  [
    1695078000000,
    4.402
  ],
  [
    1695164400000,
    4.228
  ],
  [
    1695250800000,
    4.167
  ],
  [
    1695337200000,
    4.177
  ],
  [
    1695423600000,
    4.197
  ],
  [
    1695510000000,
    4.204
  ],
  [
    1695596400000,
    4.166
  ],
  [
    1695682800000,
    4.063
  ],
  [
    1695769200000,
    4.249
  ],
  [
    1695855600000,
    4.628
  ],
  [
    1695942000000,
    4.638
  ],
  [
    1696028400000,
    4.73
  ],
  [
    1696114800000,
    4.65
  ],
  [
    1696201200000,
    4.648
  ],
  [
    1696287600000,
    4.813
  ],
  [
    1696374000000,
    4.812
  ],
  [
    1696460400000,
    4.867
  ],
  [
    1696546800000,
    4.87
  ],
  [
    1696633200000,
    4.955
  ],
  [
    1696719600000,
    4.918
  ],
  [
    1696806000000,
    4.973
  ],
  [
    1696892400000,
    4.981
  ],
  [
    1696978800000,
    5.057
  ],
  [
    1697065200000,
    5.026
  ],
  [
    1697151600000,
    5.124
  ],
  [
    1697238000000,
    5.131
  ],
  [
    1697324400000,
    5.104
  ],
  [
    1697410800000,
    5.212
  ],
  [
    1697497200000,
    5.195
  ],
  [
    1697583600000,
    5.326
  ],
  [
    1697670000000,
    5.376
  ],
  [
    1697756400000,
    5.585
  ],
  [
    1697842800000,
    5.737
  ],
  [
    1697929200000,
    5.676
  ],
  [
    1698015600000,
    5.598
  ],
  [
    1698102000000,
    5.683
  ],
  [
    1698188400000,
    5.683
  ],
  [
    1698274800000,
    5.595
  ],
  [
    1698361200000,
    5.572
  ],
  [
    1698447600000,
    5.57
  ],
  [
    1698534000000,
    5.305
  ],
  [
    1698624000000,
    5.43
  ],
  [
    1698710400000,
    5.258
  ],
  [
    1698796800000,
    5.282
  ],
  [
    1698883200000,
    5.103
  ],
  [
    1698969600000,
    5.303
  ],
  [
    1699056000000,
    5.388
  ],
  [
    1699142400000,
    5.317
  ],
  [
    1699228800000,
    5.342
  ],
  [
    1699315200000,
    5.403
  ],
  [
    1699401600000,
    5.243
  ],
  [
    1699488000000,
    5.32
  ],
  [
    1699574400000,
    5.222
  ],
  [
    1699660800000,
    5.29
  ],
  [
    1699747200000,
    5.352
  ],
  [
    1699833600000,
    5.124
  ],
  [
    1699920000000,
    5.004
  ],
  [
    1700006400000,
    4.788
  ],
  [
    1700092800000,
    4.636
  ],
  [
    1700179200000,
    4.702
  ],
  [
    1700265600000,
    4.644
  ],
  [
    1700352000000,
    4.812
  ],
  [
    1700438400000,
    4.768
  ],
  [
    1700524800000,
    4.762
  ],
  [
    1700611200000,
    4.403
  ],
  [
    1700697600000,
    4.556
  ],
  [
    1700784000000,
    4.441
  ],
  [
    1700870400000,
    4.451
  ],
  [
    1700956800000,
    4.32
  ],
  [
    1701043200000,
    4.114
  ],
  [
    1701129600000,
    4.317
  ],
  [
    1701216000000,
    4.508
  ],
  [
    1701302400000,
    4.744
  ],
  [
    1701388800000,
    4.681
  ],
  [
    1701475200000,
    4.699
  ],
  [
    1701561600000,
    4.502
  ],
  [
    1701648000000,
    4.604
  ],
  [
    1701734400000,
    4.546
  ],
  [
    1701820800000,
    4.712
  ],
  [
    1701907200000,
    4.741
  ],
  [
    1701993600000,
    4.486
  ],
  [
    1702080000000,
    4.71
  ],
  [
    1702166400000,
    4.664
  ],
  [
    1702252800000,
    4.626
  ],
  [
    1702339200000,
    4.547
  ],
  [
    1702425600000,
    4.639
  ],
  [
    1702512000000,
    4.66
  ],
  [
    1702598400000,
    4.594
  ],
  [
    1702684800000,
    4.608
  ],
  [
    1702771200000,
    4.539
  ],
  [
    1702857600000,
    4.513
  ],
  [
    1702944000000,
    4.437
  ],
  [
    1703030400000,
    4.682
  ],
  [
    1703116800000,
    4.514
  ],
  [
    1703203200000,
    4.425
  ],
  [
    1703289600000,
    4.551
  ],
  [
    1703376000000,
    4.532
  ],
  [
    1703462400000,
    4.607
  ],
  [
    1703548800000,
    4.654
  ],
  [
    1703635200000,
    4.545
  ],
  [
    1703721600000,
    4.36
  ],
  [
    1703808000000,
    4.289
  ],
  [
    1703894400000,
    4.451
  ],
  [
    1703980800000,
    4.267
  ],
  [
    1704067200000,
    4.397
  ],
  [
    1704153600000,
    4.266
  ],
  [
    1704240000000,
    4.211
  ],
  [
    1704326400000,
    4.047
  ],
  [
    1704412800000,
    4.201
  ],
  [
    1704499200000,
    3.819
  ],
  [
    1704585600000,
    3.974
  ],
  [
    1704672000000,
    4.242
  ],
  [
    1704758400000,
    4.076
  ],
  [
    1704844800000,
    4.172
  ],
  [
    1704931200000,
    3.947
  ],
  [
    1705017600000,
    4.389
  ],
  [
    1705104000000,
    4.473
  ],
  [
    1705190400000,
    4.504
  ],
  [
    1705276800000,
    4.564
  ],
  [
    1705363200000,
    4.389
  ],
  [
    1705449600000,
    4.441
  ],
  [
    1705536000000,
    4.361
  ],
  [
    1705622400000,
    4.311
  ],
  [
    1705708800000,
    3.993
  ],
  [
    1705795200000,
    4.056
  ],
  [
    1705881600000,
    3.944
  ],
  [
    1705968000000,
    3.903
  ],
  [
    1706054400000,
    4.133
  ],
  [
    1706140800000,
    3.779
  ],
  [
    1706227200000,
    3.939
  ],
  [
    1706313600000,
    4.004
  ],
  [
    1706400000000,
    4.019
  ],
  [
    1706486400000,
    3.989
  ],
  [
    1706572800000,
    3.937
  ],
  [
    1706659200000,
    3.885
  ],
  [
    1706745600000,
    3.783
  ],
  [
    1706832000000,
    3.977
  ],
  [
    1706918400000,
    3.899
  ],
  [
    1707004800000,
    4.196
  ],
  [
    1707091200000,
    3.854
  ],
  [
    1707177600000,
    4.068
  ],
  [
    1707264000000,
    3.875
  ],
  [
    1707350400000,
    3.513
  ],
  [
    1707436800000,
    3.725
  ],
  [
    1707523200000,
    3.828
  ],
  [
    1707609600000,
    3.813
  ],
  [
    1707696000000,
    3.728
  ],
  [
    1707782400000,
    3.773
  ],
  [
    1707868800000,
    3.692
  ],
  [
    1707955200000,
    3.49
  ],
  [
    1708041600000,
    3.733
  ],
  [
    1708128000000,
    3.761
  ],
  [
    1708214400000,
    3.601
  ],
  [
    1708300800000,
    3.722
  ],
  [
    1708387200000,
    3.508
  ],
  [
    1708473600000,
    3.618
  ],
  [
    1708560000000,
    3.467
  ],
  [
    1708646400000,
    3.533
  ],
  [
    1708732800000,
    3.558
  ],
  [
    1708819200000,
    3.449
  ],
  [
    1708905600000,
    3.611
  ],
  [
    1708992000000,
    3.519
  ],
  [
    1709078400000,
    3.521
  ],
  [
    1709164800000,
    3.621
  ],
  [
    1709251200000,
    3.667
  ],
  [
    1709337600000,
    3.829
  ],
  [
    1709424000000,
    3.829
  ],
  [
    1709510400000,
    3.744
  ],
  [
    1709596800000,
    3.813
  ],
  [
    1709683200000,
    3.663
  ],
  [
    1709769600000,
    3.643
  ],
  [
    1709856000000,
    3.691
  ],
  [
    1709942400000,
    3.851
  ],
  [
    1710028800000,
    3.816
  ],
  [
    1710115200000,
    3.864
  ],
  [
    1710201600000,
    3.684
  ],
  [
    1710288000000,
    3.707
  ],
  [
    1710374400000,
    3.488
  ],
  [
    1710460800000,
    3.418
  ],
  [
    1710547200000,
    3.476
  ],
  [
    1710633600000,
    3.495
  ],
  [
    1710720000000,
    3.6
  ],
  [
    1710806400000,
    3.359
  ],
  [
    1710892800000,
    3.2
  ],
  [
    1710979200000,
    3.359
  ],
  [
    1711065600000,
    3.515
  ],
  [
    1711152000000,
    3.608
  ],
  [
    1711238400000,
    3.576
  ],
  [
    1711324800000,
    3.619
  ],
  [
    1711411200000,
    3.662
  ],
  [
    1711497600000,
    3.604
  ],
  [
    1711584000000,
    3.688
  ],
  [
    1711670400000,
    3.663
  ],
  [
    1711756800000,
    3.728
  ],
  [
    1711843200000,
    3.739
  ],
  [
    1711926000000,
    3.709
  ],
  [
    1712012400000,
    3.701
  ],
  [
    1712098800000,
    3.722
  ],
  [
    1712185200000,
    3.868
  ],
  [
    1712271600000,
    3.974
  ],
  [
    1712358000000,
    3.98
  ],
  [
    1712444400000,
    4.035
  ],
  [
    1712530800000,
    3.997
  ],
  [
    1712617200000,
    4.004
  ],
  [
    1712703600000,
    3.984
  ],
  [
    1712790000000,
    3.952
  ],
  [
    1712876400000,
    3.983
  ],
  [
    1712962800000,
    3.919
  ],
  [
    1713049200000,
    3.817
  ],
  [
    1713135600000,
    3.951
  ],
  [
    1713222000000,
    3.921
  ],
  [
    1713308400000,
    3.933
  ],
  [
    1713394800000,
    3.889
  ],
  [
    1713481200000,
    3.933
  ],
  [
    1713567600000,
    4.011
  ],
  [
    1713654000000,
    4.005
  ],
  [
    1713740400000,
    3.919
  ],
  [
    1713826800000,
    3.962
  ],
  [
    1713913200000,
    3.996
  ],
  [
    1713999600000,
    4.062
  ],
  [
    1714086000000,
    3.867
  ],
  [
    1714172400000,
    3.917
  ],
  [
    1714258800000,
    3.939
  ],
  [
    1714345200000,
    3.9
  ],
  [
    1714431600000,
    3.887
  ],
  [
    1714518000000,
    3.881
  ],
  [
    1714604400000,
    3.947
  ],
  [
    1714690800000,
    3.988
  ],
  [
    1714777200000,
    4.064
  ],
  [
    1714863600000,
    4.039
  ],
  [
    1714950000000,
    3.98
  ],
  [
    1715036400000,
    3.883
  ],
  [
    1715122800000,
    3.829
  ],
  [
    1715209200000,
    3.841
  ],
  [
    1715295600000,
    3.971
  ],
  [
    1715382000000,
    3.948
  ],
  [
    1715468400000,
    4.12
  ],
  [
    1715554800000,
    4.111
  ],
  [
    1715641200000,
    4.009
  ],
  [
    1715727600000,
    4.029
  ],
  [
    1715814000000,
    3.991
  ],
  [
    1715900400000,
    4.009
  ],
  [
    1715986800000,
    4.16
  ],
  [
    1716073200000,
    4.111
  ],
  [
    1716159600000,
    4.106
  ],
  [
    1716246000000,
    3.981
  ],
  [
    1716332400000,
    3.935
  ],
  [
    1716418800000,
    3.942
  ],
  [
    1716505200000,
    3.977
  ],
  [
    1716591600000,
    4.05
  ],
  [
    1716678000000,
    4.139
  ],
  [
    1716764400000,
    4.054
  ],
  [
    1716850800000,
    4.085
  ],
  [
    1716937200000,
    4.112
  ],
  [
    1717023600000,
    4.111
  ],
  [
    1717110000000,
    4.138
  ],
  [
    1717196400000,
    4.165
  ],
  [
    1717282800000,
    4.132
  ],
  [
    1717369200000,
    4.165
  ],
  [
    1717455600000,
    4.085
  ],
  [
    1717542000000,
    4.036
  ],
  [
    1717628400000,
    4.055
  ],
  [
    1717714800000,
    4.141
  ],
  [
    1717801200000,
    4.003
  ],
  [
    1717887600000,
    4.006
  ],
  [
    1717974000000,
    3.994
  ],
  [
    1718060400000,
    3.931
  ],
  [
    1718146800000,
    3.997
  ],
  [
    1718233200000,
    4.026
  ],
  [
    1718319600000,
    3.97
  ],
  [
    1718406000000,
    3.982
  ],
  [
    1718492400000,
    3.949
  ],
  [
    1718578800000,
    3.83
  ],
  [
    1718665200000,
    3.669
  ],
  [
    1718751600000,
    3.652
  ],
  [
    1718838000000,
    3.718
  ],
  [
    1718924400000,
    3.841
  ],
  [
    1719010800000,
    3.858
  ],
  [
    1719097200000,
    3.887
  ],
  [
    1719183600000,
    3.816
  ],
  [
    1719270000000,
    3.837
  ],
  [
    1719356400000,
    3.858
  ],
  [
    1719442800000,
    3.768
  ],
  [
    1719529200000,
    3.675
  ],
  [
    1719615600000,
    3.704
  ],
  [
    1719702000000,
    3.756
  ],
  [
    1719788400000,
    3.812
  ],
  [
    1719874800000,
    3.876
  ],
  [
    1719961200000,
    3.887
  ],
  [
    1720047600000,
    3.893
  ],
  [
    1720134000000,
    3.928
  ],
  [
    1720220400000,
    3.953
  ],
  [
    1720306800000,
    3.892
  ],
  [
    1720393200000,
    3.953
  ],
  [
    1720479600000,
    3.918
  ],
  [
    1720566000000,
    3.76
  ],
  [
    1720652400000,
    3.758
  ],
  [
    1720738800000,
    3.906
  ],
  [
    1720825200000,
    3.942
  ],
  [
    1720911600000,
    4.046
  ],
  [
    1720998000000,
    4.07
  ],
  [
    1721084400000,
    4.11
  ],
  [
    1721170800000,
    4.022
  ],
  [
    1721257200000,
    3.949
  ],
  [
    1721343600000,
    4.044
  ],
  [
    1721430000000,
    4.101
  ],
  [
    1721516400000,
    4.087
  ],
  [
    1721602800000,
    4.051
  ],
  [
    1721689200000,
    4.093
  ],
  [
    1721775600000,
    4.104
  ],
  [
    1721862000000,
    4.058
  ],
  [
    1721948400000,
    4.053
  ],
  [
    1722034800000,
    4.105
  ],
  [
    1722121200000,
    4.158
  ],
  [
    1722207600000,
    4.163
  ],
  [
    1722294000000,
    4.221
  ],
  [
    1722380400000,
    4.199
  ],
  [
    1722466800000,
    4.178
  ],
  [
    1722553200000,
    4.206
  ],
  [
    1722639600000,
    4.346
  ],
  [
    1722726000000,
    4.482
  ],
  [
    1722812400000,
    4.397
  ],
  [
    1722898800000,
    4.342
  ],
  [
    1722985200000,
    4.404
  ],
  [
    1723071600000,
    4.369
  ],
  [
    1723158000000,
    4.457
  ],
  [
    1723244400000,
    4.531
  ],
  [
    1723330800000,
    4.537
  ],
  [
    1723417200000,
    4.44
  ],
  [
    1723503600000,
    4.519
  ],
  [
    1723554000000,
    4.134
  ],
  [
    1723557600000,
    4.256
  ],
  [
    1723561200000,
    4.451
  ],
  [
    1723564800000,
    4.529
  ],
  [
    1723568400000,
    4.555
  ],
  [
    1723572000000,
    4.555
  ],
  [
    1723575600000,
    4.553
  ],
  [
    1723579200000,
    4.555
  ],
  [
    1723582800000,
    4.558
  ],
  [
    1723586400000,
    4.56
  ],
  [
    1723590000000,
    4.562
  ],
  [
    1723593600000,
    4.57
  ],
  [
    1723597200000,
    4.31
  ],
  [
    1723600800000,
    4.53
  ],
  [
    1723604400000,
    4.496
  ],
  [
    1723608000000,
    4.49
  ],
  [
    1723611600000,
    4.462
  ],
  [
    1723615200000,
    4.46
  ],
  [
    1723618800000,
    4.46
  ],
  [
    1723622400000,
    4.466
  ],
  [
    1723626000000,
    4.37
  ],
  [
    1723629600000,
    4.128
  ],
  [
    1723633200000,
    4.37
  ],
  [
    1723636800000,
    4.432
  ],
  [
    1723640400000,
    4.424
  ],
  [
    1723644000000,
    4.4
  ],
  [
    1723647600000,
    4.265
  ],
  [
    1723651200000,
    4.416
  ],
  [
    1723654800000,
    4.427
  ],
  [
    1723658400000,
    4.422
  ],
  [
    1723662000000,
    4.455
  ],
  [
    1723665600000,
    4.43
  ],
  [
    1723669200000,
    4.43
  ],
  [
    1723672800000,
    4.43
  ],
  [
    1723676400000,
    4.43
  ],
  [
    1723680000000,
    4.41
  ],
  [
    1723683600000,
    4.41
  ],
  [
    1723687200000,
    4.42
  ],
  [
    1723690800000,
    4.366
  ],
  [
    1723694400000,
    4.4
  ],
  [
    1723698000000,
    4.42
  ],
  [
    1723701600000,
    4.432
  ],
  [
    1723705200000,
    4.431
  ],
  [
    1723708800000,
    4.426
  ],
  [
    1723712400000,
    4.312
  ],
  [
    1723716000000,
    4.102
  ],
  [
    1723719600000,
    4.259
  ],
  [
    1723723200000,
    4.307
  ],
  [
    1723726800000,
    4.102
  ],
  [
    1723730400000,
    4.224
  ],
  [
    1723734000000,
    4.238
  ],
  [
    1723737600000,
    4.235
  ],
  [
    1723741200000,
    4.097
  ],
  [
    1723744800000,
    4.256
  ],
  [
    1723748400000,
    4.254
  ],
  [
    1723752000000,
    4.28
  ],
  [
    1723755600000,
    4.28
  ],
  [
    1723759200000,
    4.375
  ],
  [
    1723762800000,
    4.43
  ],
  [
    1723766400000,
    4.43
  ],
  [
    1723770000000,
    4.45
  ],
  [
    1723773600000,
    4.453
  ],
  [
    1723777200000,
    4.45
  ],
  [
    1723780800000,
    4.018
  ],
  [
    1723784400000,
    4.473
  ],
  [
    1723788000000,
    4.473
  ],
  [
    1723791600000,
    4.462
  ],
  [
    1723795200000,
    4.466
  ],
  [
    1723798800000,
    4.455
  ],
  [
    1723802400000,
    3.782
  ],
  [
    1723806000000,
    4.011
  ],
  [
    1723809600000,
    4.16
  ],
  [
    1723813200000,
    4.155
  ],
  [
    1723816800000,
    4.169
  ],
  [
    1723820400000,
    4.006
  ],
  [
    1723824000000,
    4.16
  ],
  [
    1723827600000,
    4.363
  ],
  [
    1723831200000,
    4.418
  ],
  [
    1723834800000,
    4.454
  ],
  [
    1723838400000,
    4.45
  ],
  [
    1723842000000,
    4.465
  ],
  [
    1723845600000,
    4.48
  ],
  [
    1723849200000,
    4.53
  ],
  [
    1723852800000,
    4.55
  ],
  [
    1723856400000,
    4.55
  ],
  [
    1723860000000,
    4.37
  ],
  [
    1723863600000,
    4.184
  ],
  [
    1723867200000,
    4.31
  ],
  [
    1723870800000,
    4.154
  ],
  [
    1723874400000,
    4.3
  ],
  [
    1723878000000,
    4.191
  ],
  [
    1723881600000,
    4.32
  ],
  [
    1723885200000,
    4.4
  ],
  [
    1723888800000,
    4.454
  ],
  [
    1723892400000,
    4.201
  ],
  [
    1723896000000,
    4.25
  ],
  [
    1723899600000,
    4.224
  ],
  [
    1723903200000,
    4.23
  ],
  [
    1723906800000,
    4.249
  ],
  [
    1723910400000,
    4.25
  ],
  [
    1723914000000,
    4.267
  ],
  [
    1723917600000,
    3.91
  ],
  [
    1723921200000,
    4.32
  ],
  [
    1723924800000,
    4.454
  ],
  [
    1723928400000,
    4.509
  ],
  [
    1723932000000,
    4.18
  ],
  [
    1723935600000,
    4.468
  ],
  [
    1723939200000,
    4.53
  ],
  [
    1723942800000,
    4.53
  ],
  [
    1723946400000,
    4.5
  ],
  [
    1723950000000,
    4.211
  ],
  [
    1723953600000,
    4.21
  ],
  [
    1723957200000,
    4.192
  ],
  [
    1723960800000,
    4.32
  ],
  [
    1723964400000,
    4.355
  ],
  [
    1723968000000,
    4.32
  ],
  [
    1723971600000,
    4.102
  ],
  [
    1723975200000,
    4.322
  ],
  [
    1723978800000,
    4.253
  ],
  [
    1723982400000,
    4.321
  ],
  [
    1723986000000,
    4.318
  ],
  [
    1723989600000,
    4.03
  ],
  [
    1723993200000,
    4.454
  ],
  [
    1723996800000,
    4.45
  ],
  [
    1724000400000,
    4.477
  ],
  [
    1724004000000,
    4.487
  ],
  [
    1724007600000,
    4.4
  ],
  [
    1724011200000,
    4.49
  ],
  [
    1724014800000,
    4.49
  ],
  [
    1724018400000,
    4.48
  ],
  [
    1724022000000,
    4.49
  ],
  [
    1724025600000,
    4.49
  ],
  [
    1724029200000,
    4.49
  ],
  [
    1724032800000,
    4.49
  ],
  [
    1724036400000,
    4.323
  ],
  [
    1724040000000,
    4.048
  ],
  [
    1724043600000,
    4.088
  ],
  [
    1724047200000,
    4.05
  ],
  [
    1724050800000,
    4.184
  ],
  [
    1724054400000,
    4.104
  ],
  [
    1724058000000,
    4.05
  ],
  [
    1724061600000,
    4.14
  ],
  [
    1724065200000,
    4.11
  ],
  [
    1724068800000,
    4.05
  ],
  [
    1724072400000,
    4.05
  ],
  [
    1724076000000,
    4.05
  ],
  [
    1724079600000,
    4.042
  ],
  [
    1724083200000,
    4.07
  ],
  [
    1724086800000,
    4.03
  ],
  [
    1724090400000,
    4.065
  ],
  [
    1724094000000,
    4.06
  ],
  [
    1724097600000,
    4.102
  ],
  [
    1724101200000,
    4.18
  ],
  [
    1724104800000,
    4.199
  ],
  [
    1724108400000,
    4.257
  ],
  [
    1724112000000,
    4.3
  ],
  [
    1724115600000,
    4.19
  ],
  [
    1724119200000,
    4.32
  ],
  [
    1724122800000,
    4.02
  ],
  [
    1724126400000,
    4.05
  ],
  [
    1724130000000,
    4.057
  ],
  [
    1724133600000,
    4.05
  ],
  [
    1724137200000,
    4.05
  ],
  [
    1724140800000,
    4.05
  ],
  [
    1724144400000,
    4.169
  ],
  [
    1724148000000,
    3.982
  ],
  [
    1724151600000,
    3.952
  ],
  [
    1724155200000,
    3.971
  ],
  [
    1724158800000,
    4.189
  ],
  [
    1724162400000,
    4.11
  ],
  [
    1724166000000,
    3.98
  ],
  [
    1724169600000,
    4.076
  ],
  [
    1724173200000,
    4.08
  ],
  [
    1724176800000,
    4.079
  ],
  [
    1724180400000,
    4.141
  ],
  [
    1724184000000,
    4.117
  ],
  [
    1724187600000,
    4.16
  ],
  [
    1724191200000,
    4.17
  ],
  [
    1724194800000,
    3.943
  ],
  [
    1724198400000,
    4.174
  ],
  [
    1724202000000,
    4.2
  ],
  [
    1724205600000,
    4.08
  ],
  [
    1724209200000,
    4.08
  ],
  [
    1724212800000,
    4.284
  ],
  [
    1724216400000,
    4.095
  ],
  [
    1724220000000,
    4.125
  ],
  [
    1724223600000,
    4.151
  ],
  [
    1724227200000,
    4.187
  ],
  [
    1724230800000,
    4.2
  ],
  [
    1724234400000,
    4.123
  ],
  [
    1724238000000,
    4.262
  ],
  [
    1724241600000,
    4.262
  ],
  [
    1724245200000,
    4
  ],
  [
    1724248800000,
    4.222
  ],
  [
    1724252400000,
    4.224
  ],
  [
    1724256000000,
    3.962
  ],
  [
    1724259600000,
    4.02
  ],
  [
    1724263200000,
    4.21
  ],
  [
    1724266800000,
    4.22
  ],
  [
    1724270400000,
    4.23
  ],
  [
    1724274000000,
    4.25
  ],
  [
    1724277600000,
    4.27
  ],
  [
    1724281200000,
    4.266
  ],
  [
    1724284800000,
    4.27
  ],
  [
    1724288400000,
    4.27
  ],
  [
    1724292000000,
    4.27
  ],
  [
    1724295600000,
    4.27
  ],
  [
    1724299200000,
    4.259
  ],
  [
    1724302800000,
    4.27
  ],
  [
    1724306400000,
    4.27
  ],
  [
    1724310000000,
    4.269
  ],
  [
    1724313600000,
    4.035
  ],
  [
    1724317200000,
    4.14
  ],
  [
    1724320800000,
    4.11
  ],
  [
    1724324400000,
    4.17
  ],
  [
    1724328000000,
    4.26
  ],
  [
    1724331600000,
    4.06
  ],
  [
    1724335200000,
    4.061
  ],
  [
    1724338800000,
    4.28
  ],
  [
    1724342400000,
    4.28
  ],
  [
    1724346000000,
    4.291
  ],
  [
    1724349600000,
    4.223
  ],
  [
    1724353200000,
    4.29
  ],
  [
    1724356800000,
    4.29
  ],
  [
    1724360400000,
    4.29
  ],
  [
    1724364000000,
    4.295
  ],
  [
    1724367600000,
    4.293
  ],
  [
    1724371200000,
    4.293
  ],
  [
    1724374800000,
    4.29
  ],
  [
    1724378400000,
    4.3
  ],
  [
    1724382000000,
    4.31
  ],
  [
    1724385600000,
    4.326
  ],
  [
    1724389200000,
    4.29
  ],
  [
    1724392800000,
    4.28
  ],
  [
    1724396400000,
    4.18
  ],
  [
    1724400000000,
    4.185
  ],
  [
    1724403600000,
    4.189
  ],
  [
    1724407200000,
    4.089
  ],
  [
    1724410800000,
    4.16
  ],
  [
    1724414400000,
    4.156
  ],
  [
    1724418000000,
    4.166
  ],
  [
    1724421600000,
    4.189
  ],
  [
    1724425200000,
    4.3
  ],
  [
    1724428800000,
    4.295
  ],
  [
    1724432400000,
    4.308
  ],
  [
    1724436000000,
    4.3
  ],
  [
    1724439600000,
    4.108
  ],
  [
    1724443200000,
    4.28
  ],
  [
    1724446800000,
    4.3
  ],
  [
    1724450400000,
    4.313
  ],
  [
    1724454000000,
    4.3
  ],
  [
    1724457600000,
    4.31
  ],
  [
    1724461200000,
    3.932
  ],
  [
    1724464800000,
    4.31
  ],
  [
    1724468400000,
    4.31
  ],
  [
    1724472000000,
    4.32
  ],
  [
    1724475600000,
    4.329
  ],
  [
    1724479200000,
    4.32
  ],
  [
    1724482800000,
    4.32
  ],
  [
    1724486400000,
    4.32
  ],
  [
    1724490000000,
    4.308
  ],
  [
    1724493600000,
    4.235
  ],
  [
    1724497200000,
    4.302
  ],
  [
    1724500800000,
    4.308
  ],
  [
    1724504400000,
    4.158
  ],
  [
    1724508000000,
    4.34
  ],
  [
    1724511600000,
    4.33
  ],
  [
    1724515200000,
    4.342
  ],
  [
    1724518800000,
    4.397
  ],
  [
    1724522400000,
    4.386
  ],
  [
    1724526000000,
    4.392
  ],
  [
    1724529600000,
    4.416
  ],
  [
    1724533200000,
    4.408
  ],
  [
    1724536800000,
    4.42
  ],
  [
    1724540400000,
    4.42
  ],
  [
    1724544000000,
    4.43
  ],
  [
    1724547600000,
    4.494
  ],
  [
    1724551200000,
    4.57
  ],
  [
    1724554800000,
    4.54
  ],
  [
    1724558400000,
    4.57
  ],
  [
    1724562000000,
    4.576
  ],
  [
    1724565600000,
    4.4
  ],
  [
    1724569200000,
    4.55
  ],
  [
    1724572800000,
    4.51
  ],
  [
    1724576400000,
    4.344
  ],
  [
    1724580000000,
    4.27
  ],
  [
    1724583600000,
    4.185
  ],
  [
    1724587200000,
    3.842
  ],
  [
    1724590800000,
    3.899
  ],
  [
    1724594400000,
    3.775
  ],
  [
    1724598000000,
    3.992
  ],
  [
    1724601600000,
    4.161
  ],
  [
    1724605200000,
    4.242
  ],
  [
    1724608800000,
    4.25
  ],
  [
    1724612400000,
    4.11
  ],
  [
    1724616000000,
    4.29
  ],
  [
    1724619600000,
    4.347
  ],
  [
    1724623200000,
    4.364
  ],
  [
    1724626800000,
    4.29
  ],
  [
    1724630400000,
    4.37
  ],
  [
    1724634000000,
    4.215
  ],
  [
    1724637600000,
    4.37
  ],
  [
    1724641200000,
    4.37
  ],
  [
    1724644800000,
    4.37
  ],
  [
    1724648400000,
    4.369
  ],
  [
    1724652000000,
    4.29
  ],
  [
    1724659200000,
    4.277
  ],
  [
    1724662800000,
    4.203
  ],
  [
    1724666400000,
    4.355
  ],
  [
    1724670000000,
    4.226
  ],
  [
    1724673600000,
    4.238
  ],
  [
    1724677200000,
    4.192
  ],
  [
    1724680800000,
    4.114
  ],
  [
    1724684400000,
    4.109
  ],
  [
    1724688000000,
    4.143
  ],
  [
    1724691600000,
    4.177
  ],
  [
    1724695200000,
    4.131
  ],
  [
    1724698800000,
    4.29
  ],
  [
    1724702400000,
    4.37
  ],
  [
    1724706000000,
    4.37
  ],
  [
    1724709600000,
    4.38
  ],
  [
    1724713200000,
    4.39
  ],
  [
    1724716800000,
    4.39
  ],
  [
    1724720400000,
    4.39
  ],
  [
    1724724000000,
    4.364
  ],
  [
    1724727600000,
    4.38
  ],
  [
    1724731200000,
    4.39
  ],
  [
    1724734800000,
    4.364
  ],
  [
    1724738400000,
    4.385
  ],
  [
    1724742000000,
    4.382
  ],
  [
    1724745600000,
    4.4
  ],
  [
    1724749200000,
    4.405
  ],
  [
    1724752800000,
    4.388
  ],
  [
    1724756400000,
    4.386
  ],
  [
    1724760000000,
    4.251
  ],
  [
    1724763600000,
    4.154
  ],
  [
    1724767200000,
    4.238
  ],
  [
    1724770800000,
    4.388
  ],
  [
    1724774400000,
    4.388
  ],
  [
    1724778000000,
    4.379
  ],
  [
    1724781600000,
    4.356
  ],
  [
    1724785200000,
    4.4
  ],
  [
    1724788800000,
    4.303
  ],
  [
    1724792400000,
    4.297
  ],
  [
    1724796000000,
    4.31
  ],
  [
    1724799600000,
    4.37
  ],
  [
    1724803200000,
    4.49
  ],
  [
    1724806800000,
    4.45
  ],
  [
    1724810400000,
    4.54
  ],
  [
    1724814000000,
    3.916
  ],
  [
    1724817600000,
    4.5
  ],
  [
    1724821200000,
    4.48
  ],
  [
    1724824800000,
    4.483
  ],
  [
    1724828400000,
    4.418
  ],
  [
    1724832000000,
    4.23
  ],
  [
    1724835600000,
    4.47
  ],
  [
    1724839200000,
    4.479
  ],
  [
    1724842800000,
    4.08
  ],
  [
    1724846400000,
    4.188
  ],
  [
    1724850000000,
    4.327
  ],
  [
    1724853600000,
    4.46
  ],
  [
    1724857200000,
    4.387
  ],
  [
    1724860800000,
    4.23
  ],
  [
    1724864400000,
    4.225
  ],
  [
    1724868000000,
    3.977
  ],
  [
    1724871600000,
    4.066
  ],
  [
    1724875200000,
    4.211
  ],
  [
    1724878800000,
    4.26
  ],
  [
    1724882400000,
    4.378
  ],
  [
    1724886000000,
    4.38
  ],
  [
    1724889600000,
    4.45
  ],
  [
    1724893200000,
    4.48
  ],
  [
    1724896800000,
    4.482
  ],
  [
    1724900400000,
    4.51
  ],
  [
    1724904000000,
    4.48
  ],
  [
    1724907600000,
    4.471
  ],
  [
    1724911200000,
    4.08
  ],
  [
    1724914800000,
    4.39
  ],
  [
    1724918400000,
    4.386
  ],
  [
    1724922000000,
    4.043
  ],
  [
    1724925600000,
    4.014
  ],
  [
    1724929200000,
    4.274
  ],
  [
    1724932800000,
    4.249
  ],
  [
    1724936400000,
    4.278
  ],
  [
    1724940000000,
    4.346
  ],
  [
    1724943600000,
    4.172
  ],
  [
    1724947200000,
    4.194
  ],
  [
    1724950800000,
    4.205
  ],
  [
    1724954400000,
    4.2
  ],
  [
    1724958000000,
    4.18
  ],
  [
    1724961600000,
    3.88
  ],
  [
    1724965200000,
    4.209
  ],
  [
    1724968800000,
    4.264
  ],
  [
    1724972400000,
    4.27
  ],
  [
    1724976000000,
    4.27
  ],
  [
    1724979600000,
    4.34
  ],
  [
    1724983200000,
    4.37
  ],
  [
    1724986800000,
    4.362
  ],
  [
    1724990400000,
    4.37
  ],
  [
    1724994000000,
    4.107
  ],
  [
    1724997600000,
    3.87
  ],
  [
    1725001200000,
    3.876
  ],
  [
    1725004800000,
    3.87
  ],
  [
    1725008400000,
    3.99
  ],
  [
    1725012000000,
    4.076
  ],
  [
    1725015600000,
    4.37
  ],
  [
    1725019200000,
    4.419
  ],
  [
    1725022800000,
    4.348
  ],
  [
    1725026400000,
    4.316
  ],
  [
    1725030000000,
    4.34
  ],
  [
    1725033600000,
    4.274
  ],
  [
    1725037200000,
    4.21
  ],
  [
    1725040800000,
    4.34
  ],
  [
    1725044400000,
    4.346
  ],
  [
    1725048000000,
    4.324
  ],
  [
    1725051600000,
    4.45
  ],
  [
    1725055200000,
    4.501
  ],
  [
    1725058800000,
    4.51
  ],
  [
    1725062400000,
    4.51
  ],
  [
    1725066000000,
    4.533
  ],
  [
    1725069600000,
    4.54
  ],
  [
    1725073200000,
    4.29
  ],
  [
    1725076800000,
    4.5
  ],
  [
    1725080400000,
    4.49
  ],
  [
    1725084000000,
    4.49
  ],
  [
    1725087600000,
    4.357
  ],
  [
    1725091200000,
    4.49
  ],
  [
    1725094800000,
    4.006
  ],
  [
    1725098400000,
    4.013
  ],
  [
    1725102000000,
    4
  ],
  [
    1725105600000,
    4.43
  ],
  [
    1725109200000,
    4.462
  ],
  [
    1725112800000,
    4.49
  ],
  [
    1725116400000,
    4.454
  ],
  [
    1725120000000,
    4.45
  ],
  [
    1725123600000,
    4.424
  ],
  [
    1725127200000,
    4.473
  ],
  [
    1725130800000,
    4.495
  ],
  [
    1725134400000,
    4.557
  ],
  [
    1725138000000,
    4.56
  ],
  [
    1725141600000,
    4.575
  ],
  [
    1725145200000,
    4.6
  ],
  [
    1725148800000,
    4.63
  ],
  [
    1725152400000,
    4.65
  ],
  [
    1725156000000,
    4.64
  ],
  [
    1725159600000,
    4.61
  ],
  [
    1725163200000,
    4.616
  ],
  [
    1725166800000,
    4.62
  ],
  [
    1725170400000,
    4.561
  ],
  [
    1725174000000,
    4.61
  ],
  [
    1725177600000,
    4.615
  ],
  [
    1725181200000,
    4.59
  ],
  [
    1725184800000,
    4.601
  ],
  [
    1725188400000,
    4.523
  ],
  [
    1725192000000,
    4.203
  ],
  [
    1725195600000,
    4.395
  ],
  [
    1725199200000,
    4.18
  ],
  [
    1725202800000,
    4.259
  ],
  [
    1725206400000,
    4.512
  ],
  [
    1725210000000,
    4.439
  ],
  [
    1725213600000,
    4.512
  ],
  [
    1725217200000,
    4.457
  ],
  [
    1725220800000,
    4.52
  ],
  [
    1725224400000,
    4.531
  ],
  [
    1725228000000,
    4.54
  ],
  [
    1725231600000,
    4.605
  ],
  [
    1725235200000,
    4.44
  ],
  [
    1725238800000,
    4.6
  ],
  [
    1725242400000,
    4.61
  ],
  [
    1725246000000,
    4.38
  ],
  [
    1725249600000,
    4.57
  ],
  [
    1725253200000,
    4.575
  ],
  [
    1725256800000,
    4.57
  ],
  [
    1725260400000,
    4.57
  ],
  [
    1725264000000,
    4.099
  ],
  [
    1725267600000,
    4.088
  ],
  [
    1725271200000,
    3.627
  ],
  [
    1725274800000,
    4.205
  ],
  [
    1725278400000,
    4.203
  ],
  [
    1725282000000,
    4.56
  ],
  [
    1725285600000,
    4.5
  ],
  [
    1725289200000,
    4.501
  ],
  [
    1725292800000,
    4.52
  ],
  [
    1725296400000,
    4.56
  ],
  [
    1725300000000,
    4.56
  ],
  [
    1725303600000,
    4.544
  ],
  [
    1725307200000,
    4.54
  ],
  [
    1725310800000,
    4.5
  ],
  [
    1725314400000,
    4.49
  ],
  [
    1725318000000,
    4.504
  ],
  [
    1725321600000,
    4.375
  ],
  [
    1725325200000,
    4.53
  ],
  [
    1725328800000,
    4.52
  ],
  [
    1725332400000,
    4.521
  ],
  [
    1725336000000,
    4.092
  ],
  [
    1725339600000,
    4.14
  ],
  [
    1725343200000,
    4.4
  ],
  [
    1725346800000,
    4.52
  ],
  [
    1725350400000,
    4.55
  ],
  [
    1725354000000,
    4.55
  ],
  [
    1725357600000,
    4.566
  ],
  [
    1725361200000,
    4.506
  ],
  [
    1725364800000,
    4.509
  ],
  [
    1725368400000,
    4.533
  ],
  [
    1725372000000,
    4.523
  ],
  [
    1725375600000,
    4.125
  ],
  [
    1725379200000,
    4.446
  ],
  [
    1725382800000,
    4.501
  ],
  [
    1725386400000,
    4.53
  ],
  [
    1725390000000,
    4.542
  ],
  [
    1725393600000,
    4.555
  ],
  [
    1725397200000,
    4.54
  ],
  [
    1725400800000,
    4.54
  ],
  [
    1725404400000,
    4.403
  ],
  [
    1725408000000,
    4.42
  ],
  [
    1725411600000,
    4.54
  ],
  [
    1725415200000,
    4.54
  ],
  [
    1725418800000,
    4.54
  ],
  [
    1725422400000,
    4.54
  ],
  [
    1725426000000,
    4.533
  ],
  [
    1725429600000,
    4.54
  ],
  [
    1725433200000,
    4.49
  ],
  [
    1725436800000,
    3.993
  ],
  [
    1725440400000,
    4.513
  ],
  [
    1725444000000,
    4.102
  ],
  [
    1725447600000,
    4.539
  ],
  [
    1725451200000,
    4.269
  ],
  [
    1725454800000,
    4.52
  ],
  [
    1725458400000,
    4.516
  ],
  [
    1725462000000,
    4.11
  ],
  [
    1725465600000,
    4.154
  ],
  [
    1725469200000,
    4.157
  ],
  [
    1725472800000,
    4.175
  ],
  [
    1725476400000,
    4.395
  ],
  [
    1725480000000,
    4.461
  ],
  [
    1725483600000,
    4.49
  ],
  [
    1725487200000,
    4.486
  ],
  [
    1725490800000,
    4.453
  ],
  [
    1725494400000,
    4.49
  ],
  [
    1725498000000,
    4.49
  ],
  [
    1725501600000,
    4.49
  ],
  [
    1725505200000,
    4.47
  ],
  [
    1725508800000,
    4.46
  ],
  [
    1725512400000,
    4.46
  ],
  [
    1725516000000,
    4.462
  ],
  [
    1725519600000,
    4.467
  ],
  [
    1725523200000,
    4.48
  ],
  [
    1725526800000,
    4.432
  ],
  [
    1725530400000,
    4.466
  ],
  [
    1725534000000,
    4.464
  ],
  [
    1725537600000,
    4.466
  ],
  [
    1725541200000,
    4.464
  ],
  [
    1725544800000,
    4.464
  ],
  [
    1725548400000,
    4.475
  ],
  [
    1725552000000,
    4.482
  ],
  [
    1725555600000,
    4.34
  ],
  [
    1725559200000,
    4.475
  ],
  [
    1725562800000,
    4.48
  ],
  [
    1725566400000,
    4.498
  ],
  [
    1725570000000,
    4.5
  ],
  [
    1725573600000,
    4.45
  ],
  [
    1725577200000,
    4.51
  ],
  [
    1725580800000,
    4.39
  ],
  [
    1725584400000,
    4.51
  ],
  [
    1725588000000,
    4.151
  ],
  [
    1725591600000,
    4.51
  ],
  [
    1725595200000,
    4.5
  ],
  [
    1725598800000,
    3.923
  ],
  [
    1725602400000,
    4.147
  ],
  [
    1725606000000,
    4.39
  ],
  [
    1725609600000,
    4.378
  ],
  [
    1725613200000,
    4.334
  ],
  [
    1725616800000,
    4.53
  ],
  [
    1725620400000,
    4.538
  ],
  [
    1725624000000,
    4.55
  ],
  [
    1725627600000,
    4.494
  ],
  [
    1725631200000,
    4.465
  ],
  [
    1725634800000,
    4.545
  ],
  [
    1725638400000,
    4.423
  ],
  [
    1725642000000,
    4.53
  ],
  [
    1725645600000,
    4.551
  ],
  [
    1725649200000,
    4.56
  ],
  [
    1725652800000,
    4.431
  ],
  [
    1725656400000,
    4.572
  ],
  [
    1725660000000,
    4.6
  ],
  [
    1725663600000,
    4.6
  ],
  [
    1725667200000,
    4.6
  ],
  [
    1725670800000,
    4.6
  ],
  [
    1725674400000,
    4.6
  ],
  [
    1725678000000,
    4.6
  ],
  [
    1725681600000,
    4.5
  ],
  [
    1725685200000,
    4.455
  ],
  [
    1725688800000,
    4.37
  ],
  [
    1725692400000,
    4.318
  ],
  [
    1725696000000,
    4.492
  ],
  [
    1725699600000,
    4.45
  ],
  [
    1725703200000,
    4.464
  ],
  [
    1725706800000,
    4.475
  ],
  [
    1725710400000,
    4.52
  ],
  [
    1725714000000,
    4.043
  ],
  [
    1725717600000,
    4.54
  ],
  [
    1725721200000,
    4.597
  ],
  [
    1725724800000,
    4.608
  ],
  [
    1725728400000,
    4.613
  ],
  [
    1725732000000,
    4.52
  ],
  [
    1725735600000,
    4.58
  ],
  [
    1725739200000,
    4.608
  ],
  [
    1725742800000,
    4.42
  ],
  [
    1725746400000,
    4.375
  ],
  [
    1725750000000,
    4.64
  ],
  [
    1725753600000,
    4.65
  ],
  [
    1725757200000,
    4.67
  ],
  [
    1725760800000,
    4.69
  ],
  [
    1725764400000,
    4.69
  ],
  [
    1725768000000,
    4.63
  ],
  [
    1725771600000,
    4.49
  ],
  [
    1725775200000,
    4.63
  ],
  [
    1725778800000,
    4.653
  ],
  [
    1725782400000,
    4.446
  ],
  [
    1725786000000,
    4.446
  ],
  [
    1725789600000,
    4.043
  ],
  [
    1725793200000,
    4.221
  ],
  [
    1725796800000,
    4.043
  ],
  [
    1725800400000,
    4.38
  ],
  [
    1725804000000,
    4.536
  ],
  [
    1725807600000,
    4.66
  ],
  [
    1725811200000,
    4.171
  ],
  [
    1725814800000,
    4.531
  ],
  [
    1725818400000,
    4.57
  ],
  [
    1725822000000,
    4.449
  ],
  [
    1725825600000,
    4.643
  ],
  [
    1725829200000,
    4.664
  ],
  [
    1725832800000,
    3.934
  ],
  [
    1725836400000,
    4.22
  ],
  [
    1725840000000,
    4.39
  ],
  [
    1725843600000,
    4.63
  ],
  [
    1725847200000,
    4.62
  ],
  [
    1725850800000,
    4.55
  ],
  [
    1725854400000,
    4.57
  ],
  [
    1725858000000,
    4.57
  ],
  [
    1725861600000,
    4.62
  ],
  [
    1725865200000,
    4.508
  ],
  [
    1725868800000,
    4.057
  ],
  [
    1725872400000,
    4.243
  ],
  [
    1725876000000,
    4.439
  ],
  [
    1725879600000,
    4.439
  ],
  [
    1725883200000,
    4.069
  ],
  [
    1725886800000,
    4.5
  ],
  [
    1725890400000,
    4.495
  ],
  [
    1725894000000,
    4.026
  ],
  [
    1725897600000,
    4.498
  ],
  [
    1725901200000,
    4.501
  ],
  [
    1725904800000,
    4.496
  ],
  [
    1725908400000,
    4.516
  ],
  [
    1725912000000,
    4.53
  ],
  [
    1725915600000,
    4.61
  ],
  [
    1725919200000,
    4.617
  ],
  [
    1725922800000,
    4.62
  ],
  [
    1725926400000,
    4.62
  ],
  [
    1725930000000,
    4.34
  ],
  [
    1725933600000,
    4.37
  ],
  [
    1725937200000,
    4.61
  ],
  [
    1725940800000,
    4.62
  ],
  [
    1725944400000,
    4.617
  ],
  [
    1725948000000,
    4.567
  ],
  [
    1725951600000,
    4.52
  ],
  [
    1725955200000,
    4.32
  ],
  [
    1725958800000,
    4.217
  ],
  [
    1725962400000,
    4.271
  ],
  [
    1725966000000,
    4.405
  ],
  [
    1725969600000,
    4.525
  ],
  [
    1725973200000,
    4.014
  ],
  [
    1725976800000,
    4.2
  ],
  [
    1725980400000,
    4.484
  ],
  [
    1725984000000,
    4.528
  ],
  [
    1725987600000,
    4.558
  ],
  [
    1725991200000,
    4.563
  ],
  [
    1725994800000,
    4.55
  ],
  [
    1725998400000,
    4.558
  ],
  [
    1726002000000,
    4.559
  ],
  [
    1726005600000,
    4.61
  ],
  [
    1726009200000,
    4.62
  ],
  [
    1726012800000,
    4.62
  ],
  [
    1726016400000,
    4.51
  ],
  [
    1726020000000,
    4.51
  ],
  [
    1726023600000,
    4.6
  ],
  [
    1726027200000,
    4.576
  ],
  [
    1726030800000,
    4.6
  ],
  [
    1726034400000,
    4.587
  ],
  [
    1726041600000,
    4.356
  ],
  [
    1726045200000,
    4.478
  ],
  [
    1726048800000,
    4.467
  ],
  [
    1726052400000,
    4.483
  ],
  [
    1726056000000,
    3.86
  ],
  [
    1726059600000,
    4.511
  ],
  [
    1726063200000,
    4.426
  ],
  [
    1726066800000,
    4.101
  ],
  [
    1726070400000,
    4.04
  ],
  [
    1726074000000,
    4.191
  ],
  [
    1726077600000,
    4.2
  ],
  [
    1726081200000,
    4.492
  ],
  [
    1726084800000,
    4.41
  ],
  [
    1726088400000,
    4.53
  ],
  [
    1726092000000,
    4.53
  ],
  [
    1726095600000,
    4.53
  ],
  [
    1726099200000,
    4.53
  ],
  [
    1726102800000,
    4.515
  ],
  [
    1726106400000,
    4.42
  ],
  [
    1726110000000,
    4.55
  ],
  [
    1726113600000,
    4.55
  ],
  [
    1726117200000,
    4.562
  ],
  [
    1726120800000,
    4.55
  ],
  [
    1726124400000,
    4.569
  ],
  [
    1726128000000,
    4.49
  ],
  [
    1726131600000,
    4.551
  ],
  [
    1726135200000,
    4.418
  ],
  [
    1726138800000,
    4.349
  ],
  [
    1726142400000,
    4.019
  ],
  [
    1726146000000,
    4.178
  ],
  [
    1726149600000,
    4.288
  ],
  [
    1726153200000,
    4.366
  ],
  [
    1726156800000,
    4.484
  ],
  [
    1726160400000,
    4.536
  ],
  [
    1726164000000,
    4.521
  ],
  [
    1726167600000,
    4.489
  ],
  [
    1726171200000,
    4.48
  ],
  [
    1726174800000,
    4.46
  ],
  [
    1726178400000,
    4.497
  ],
  [
    1726182000000,
    4.53
  ],
  [
    1726185600000,
    4.53
  ],
  [
    1726189200000,
    4.53
  ],
  [
    1726192800000,
    4.53
  ],
  [
    1726196400000,
    4.53
  ],
  [
    1726200000000,
    4.525
  ],
  [
    1726203600000,
    4.503
  ],
  [
    1726207200000,
    4.51
  ],
  [
    1726210800000,
    4.421
  ],
  [
    1726214400000,
    4.48
  ],
  [
    1726218000000,
    4.419
  ],
  [
    1726221600000,
    4.419
  ],
  [
    1726225200000,
    4.338
  ]
]