[
  [
    1379631600000,
    2.95
  ],
  [
    1379718000000,
    1.795
  ],
  [
    1379804400000,
    1.094
  ],
  [
    1379890800000,
    1.04
  ],
  [
    1379977200000,
    0.755
  ],
  [
    1380063600000,
    0.91
  ],
  [
    1380150000000,
    0.975
  ],
  [
    1380236400000,
    1.086
  ],
  [
    1380322800000,
    0.778
  ],
  [
    1380409200000,
    0.552
  ],
  [
    1380495600000,
    0.878
  ],
  [
    1380582000000,
    0.881
  ],
  [
    1380668400000,
    0.975
  ],
  [
    1380754800000,
    0.723
  ],
  [
    1380841200000,
    0.795
  ],
  [
    1380927600000,
    0.815
  ],
  [
    1381014000000,
    0.858
  ],
  [
    1381100400000,
    0.723
  ],
  [
    1381186800000,
    0.766
  ],
  [
    1381273200000,
    0.555
  ],
  [
    1381359600000,
    0.639
  ],
  [
    1381446000000,
    0.813
  ],
  [
    1381532400000,
    0.636
  ],
  [
    1381618800000,
    0.53
  ],
  [
    1381705200000,
    0.408
  ],
  [
    1381791600000,
    0.41
  ],
  [
    1381878000000,
    0.34
  ],
  [
    1381964400000,
    0.364
  ],
  [
    1382050800000,
    0.487
  ],
  [
    1382137200000,
    0.607
  ],
  [
    1382223600000,
    0.539
  ],
  [
    1382310000000,
    0.573
  ],
  [
    1382396400000,
    0.556
  ],
  [
    1382482800000,
    0.464
  ],
  [
    1382569200000,
    0.487
  ],
  [
    1382655600000,
    0.53
  ],
  [
    1382742000000,
    0.549
  ],
  [
    1382828400000,
    0.537
  ],
  [
    1382918400000,
    0.499
  ],
  [
    1383004800000,
    0.436
  ],
  [
    1383091200000,
    0.264
  ],
  [
    1383177600000,
    0.288
  ],
  [
    1383264000000,
    0.283
  ],
  [
    1383350400000,
    0.296
  ],
  [
    1383436800000,
    0.291
  ],
  [
    1383523200000,
    0.296
  ],
  [
    1383609600000,
    0.296
  ],
  [
    1383696000000,
    0.331
  ],
  [
    1383782400000,
    0.396
  ],
  [
    1383868800000,
    0.232
  ],
  [
    1383955200000,
    0.198
  ],
  [
    1384041600000,
    0.244
  ],
  [
    1384128000000,
    0.251
  ],
  [
    1384214400000,
    0.293
  ],
  [
    1384300800000,
    0.255
  ],
  [
    1384387200000,
    0.253
  ],
  [
    1384473600000,
    0.265
  ],
  [
    1384560000000,
    0.274
  ],
  [
    1384646400000,
    0.275
  ],
  [
    1384732800000,
    0.207
  ],
  [
    1384819200000,
    0.232
  ],
  [
    1384905600000,
    0.181
  ],
  [
    1384992000000,
    0.177
  ],
  [
    1385078400000,
    0.244
  ],
  [
    1385164800000,
    0.282
  ],
  [
    1385251200000,
    0.259
  ],
  [
    1385337600000,
    0.212
  ],
  [
    1385424000000,
    0.208
  ],
  [
    1385510400000,
    0.205
  ],
  [
    1385596800000,
    0.096
  ],
  [
    1385683200000,
    0.115
  ],
  [
    1385769600000,
    0.169
  ],
  [
    1385856000000,
    0.186
  ],
  [
    1385942400000,
    0.16
  ],
  [
    1386028800000,
    0.148
  ],
  [
    1386115200000,
    0.135
  ],
  [
    1386201600000,
    0.102
  ],
  [
    1386288000000,
    0.069
  ],
  [
    1386374400000,
    0.131
  ],
  [
    1386460800000,
    0.138
  ],
  [
    1386547200000,
    0.113
  ],
  [
    1386633600000,
    0.101
  ],
  [
    1386720000000,
    0.094
  ],
  [
    1386806400000,
    0.094
  ],
  [
    1386892800000,
    0.069
  ],
  [
    1386979200000,
    0.071
  ],
  [
    1387065600000,
    0.096
  ],
  [
    1387152000000,
    0.085
  ],
  [
    1387238400000,
    0.068
  ],
  [
    1387324800000,
    0.089
  ],
  [
    1387411200000,
    0.071
  ],
  [
    1387497600000,
    0.081
  ],
  [
    1387584000000,
    0.076
  ],
  [
    1387670400000,
    0.081
  ],
  [
    1387756800000,
    0.099
  ],
  [
    1387843200000,
    0.094
  ],
  [
    1387929600000,
    0.065
  ],
  [
    1388016000000,
    0.097
  ],
  [
    1388102400000,
    0.101
  ],
  [
    1388188800000,
    0.106
  ],
  [
    1388275200000,
    0.083
  ],
  [
    1388361600000,
    0.109
  ],
  [
    1388448000000,
    0.086
  ],
  [
    1388534400000,
    0.107
  ],
  [
    1388620800000,
    0.094
  ],
  [
    1388707200000,
    0.087
  ],
  [
    1388793600000,
    0.115
  ],
  [
    1388880000000,
    0.116
  ],
  [
    1388966400000,
    0.107
  ],
  [
    1389052800000,
    0.072
  ],
  [
    1389139200000,
    0.103
  ],
  [
    1389225600000,
    0.107
  ],
  [
    1389312000000,
    0.095
  ],
  [
    1389398400000,
    0.096
  ],
  [
    1389484800000,
    0.086
  ],
  [
    1389571200000,
    0.065
  ],
  [
    1389657600000,
    0.072
  ],
  [
    1389744000000,
    0.078
  ],
  [
    1389830400000,
    0.103
  ],
  [
    1389916800000,
    0.084
  ],
  [
    1390003200000,
    0.102
  ],
  [
    1390089600000,
    0.118
  ],
  [
    1390176000000,
    0.107
  ],
  [
    1390262400000,
    0.07
  ],
  [
    1390348800000,
    0.084
  ],
  [
    1390435200000,
    0.086
  ],
  [
    1390521600000,
    0.091
  ],
  [
    1390608000000,
    0.08
  ],
  [
    1390694400000,
    0.07
  ],
  [
    1390780800000,
    0.058
  ],
  [
    1390867200000,
    0.069
  ],
  [
    1390953600000,
    0.074
  ],
  [
    1391040000000,
    0.077
  ],
  [
    1391126400000,
    0.071
  ],
  [
    1391212800000,
    0.063
  ],
  [
    1391299200000,
    0.07
  ],
  [
    1391385600000,
    0.055
  ],
  [
    1391472000000,
    0.058
  ],
  [
    1391558400000,
    0.064
  ],
  [
    1391644800000,
    0.048
  ],
  [
    1391731200000,
    0.063
  ],
  [
    1391817600000,
    0.078
  ],
  [
    1391904000000,
    0.074
  ],
  [
    1391990400000,
    0.08
  ],
  [
    1392076800000,
    0.09
  ],
  [
    1392163200000,
    0.074
  ],
  [
    1392249600000,
    0.079
  ],
  [
    1392336000000,
    0.08
  ],
  [
    1392422400000,
    0.078
  ],
  [
    1392508800000,
    0.068
  ],
  [
    1392595200000,
    0.088
  ],
  [
    1392681600000,
    0.058
  ],
  [
    1392768000000,
    0.058
  ],
  [
    1392854400000,
    0.091
  ],
  [
    1392940800000,
    0.063
  ],
  [
    1393027200000,
    0.074
  ],
  [
    1393113600000,
    0.102
  ],
  [
    1393200000000,
    0.099
  ],
  [
    1393286400000,
    0.088
  ],
  [
    1393372800000,
    0.072
  ],
  [
    1393459200000,
    0.096
  ],
  [
    1393545600000,
    0.076
  ],
  [
    1393632000000,
    0.075
  ],
  [
    1393718400000,
    0.096
  ],
  [
    1393804800000,
    0.088
  ],
  [
    1393891200000,
    0.09
  ],
  [
    1393977600000,
    0.103
  ],
  [
    1394064000000,
    0.131
  ],
  [
    1394150400000,
    0.115
  ],
  [
    1394236800000,
    0.09
  ],
  [
    1394323200000,
    0.077
  ],
  [
    1394409600000,
    0.067
  ],
  [
    1394496000000,
    0.098
  ],
  [
    1394582400000,
    0.122
  ],
  [
    1394668800000,
    0.123
  ],
  [
    1394755200000,
    0.141
  ],
  [
    1394841600000,
    0.128
  ],
  [
    1394928000000,
    0.092
  ],
  [
    1395014400000,
    0.1
  ],
  [
    1395100800000,
    0.087
  ],
  [
    1395187200000,
    0.126
  ],
  [
    1395273600000,
    0.123
  ],
  [
    1395360000000,
    0.119
  ],
  [
    1395446400000,
    0.114
  ],
  [
    1395532800000,
    0.116
  ],
  [
    1395619200000,
    0.122
  ],
  [
    1395705600000,
    0.131
  ],
  [
    1395792000000,
    0.115
  ],
  [
    1395878400000,
    0.102
  ],
  [
    1395964800000,
    0.11
  ],
  [
    1396051200000,
    0.118
  ],
  [
    1396137600000,
    0.138
  ],
  [
    1396220400000,
    0.119
  ],
  [
    1396306800000,
    0.165
  ],
  [
    1396393200000,
    0.127
  ],
  [
    1396479600000,
    0.122
  ],
  [
    1396566000000,
    0.132
  ],
  [
    1396652400000,
    0.13
  ],
  [
    1396738800000,
    0.15
  ],
  [
    1396825200000,
    0.16
  ],
  [
    1396911600000,
    0.168
  ],
  [
    1396998000000,
    0.159
  ],
  [
    1397084400000,
    0.18
  ],
  [
    1397170800000,
    0.145
  ],
  [
    1397257200000,
    0.188
  ],
  [
    1397343600000,
    0.212
  ],
  [
    1397430000000,
    0.199
  ],
  [
    1397516400000,
    0.201
  ],
  [
    1397602800000,
    0.166
  ],
  [
    1397689200000,
    0.124
  ],
  [
    1397775600000,
    0.149
  ],
  [
    1397862000000,
    0.185
  ],
  [
    1397948400000,
    0.194
  ],
  [
    1398034800000,
    0.202
  ],
  [
    1398121200000,
    0.242
  ],
  [
    1398207600000,
    0.272
  ],
  [
    1398294000000,
    0.284
  ],
  [
    1398380400000,
    0.336
  ],
  [
    1398466800000,
    0.34
  ],
  [
    1398553200000,
    0.287
  ],
  [
    1398639600000,
    0.311
  ],
  [
    1398726000000,
    0.28
  ],
  [
    1398812400000,
    0.267
  ],
  [
    1398898800000,
    0.205
  ],
  [
    1398985200000,
    0.223
  ],
  [
    1399071600000,
    0.196
  ],
  [
    1399158000000,
    0.17
  ],
  [
    1399244400000,
    0.133
  ],
  [
    1399330800000,
    0.08
  ],
  [
    1399417200000,
    0.087
  ],
  [
    1399503600000,
    0.101
  ],
  [
    1399590000000,
    0.079
  ],
  [
    1399676400000,
    0.069
  ],
  [
    1399762800000,
    0.066
  ],
  [
    1399849200000,
    0.078
  ],
  [
    1399935600000,
    0.077
  ],
  [
    1400022000000,
    0.076
  ],
  [
    1400108400000,
    0.099
  ],
  [
    1400194800000,
    0.105
  ],
  [
    1400281200000,
    0.105
  ],
  [
    1400367600000,
    0.108
  ],
  [
    1400454000000,
    0.117
  ],
  [
    1400540400000,
    0.099
  ],
  [
    1400626800000,
    0.092
  ],
  [
    1400713200000,
    0.107
  ],
  [
    1400799600000,
    0.082
  ],
  [
    1400886000000,
    0.1
  ],
  [
    1400972400000,
    0.109
  ],
  [
    1401058800000,
    0.102
  ],
  [
    1401145200000,
    0.101
  ],
  [
    1401231600000,
    0.091
  ],
  [
    1401318000000,
    0.087
  ],
  [
    1401404400000,
    0.083
  ],
  [
    1401490800000,
    0.075
  ],
  [
    1401577200000,
    0.064
  ],
  [
    1401663600000,
    0.073
  ],
  [
    1401750000000,
    0.071
  ],
  [
    1401836400000,
    0.064
  ],
  [
    1401922800000,
    0.078
  ],
  [
    1402009200000,
    0.066
  ],
  [
    1402095600000,
    0.083
  ],
  [
    1402182000000,
    0.087
  ],
  [
    1402268400000,
    0.09
  ],
  [
    1402354800000,
    0.09
  ],
  [
    1402441200000,
    0.08
  ],
  [
    1402527600000,
    0.069
  ],
  [
    1402614000000,
    0.077
  ],
  [
    1402700400000,
    0.08
  ],
  [
    1402786800000,
    0.076
  ],
  [
    1402873200000,
    0.083
  ],
  [
    1402959600000,
    0.083
  ],
  [
    1403046000000,
    0.07
  ],
  [
    1403132400000,
    0.063
  ],
  [
    1403218800000,
    0.054
  ],
  [
    1403305200000,
    0.052
  ],
  [
    1403391600000,
    0.048
  ],
  [
    1403478000000,
    0.058
  ],
  [
    1403564400000,
    0.06
  ],
  [
    1403650800000,
    0.058
  ],
  [
    1403737200000,
    0.06
  ],
  [
    1403823600000,
    0.059
  ],
  [
    1403910000000,
    0.064
  ],
  [
    1403996400000,
    0.073
  ],
  [
    1404082800000,
    0.065
  ],
  [
    1404169200000,
    0.06
  ],
  [
    1404255600000,
    0.05
  ],
  [
    1404342000000,
    0.05
  ],
  [
    1404428400000,
    0.053
  ],
  [
    1404514800000,
    0.061
  ],
  [
    1404601200000,
    0.071
  ],
  [
    1404687600000,
    0.071
  ],
  [
    1404774000000,
    0.068
  ],
  [
    1404860400000,
    0.076
  ],
  [
    1404946800000,
    0.083
  ],
  [
    1405033200000,
    0.08
  ],
  [
    1405119600000,
    0.081
  ],
  [
    1405206000000,
    0.068
  ],
  [
    1405292400000,
    0.095
  ],
  [
    1405378800000,
    0.092
  ],
  [
    1405465200000,
    0.064
  ],
  [
    1405551600000,
    0.085
  ],
  [
    1405638000000,
    0.08
  ],
  [
    1405724400000,
    0.081
  ],
  [
    1405810800000,
    0.081
  ],
  [
    1405897200000,
    0.067
  ],
  [
    1405983600000,
    0.073
  ],
  [
    1406070000000,
    0.083
  ],
  [
    1406156400000,
    0.097
  ],
  [
    1406242800000,
    0.083
  ],
  [
    1406329200000,
    0.063
  ],
  [
    1406415600000,
    0.093
  ],
  [
    1406502000000,
    0.077
  ],
  [
    1406588400000,
    0.089
  ],
  [
    1406674800000,
    0.079
  ],
  [
    1406761200000,
    0.076
  ],
  [
    1406847600000,
    0.094
  ],
  [
    1406934000000,
    0.078
  ],
  [
    1407020400000,
    0.079
  ],
  [
    1407106800000,
    0.095
  ],
  [
    1407193200000,
    0.069
  ],
  [
    1407279600000,
    0.073
  ],
  [
    1407366000000,
    0.07
  ],
  [
    1407452400000,
    0.07
  ],
  [
    1407538800000,
    0.093
  ],
  [
    1407625200000,
    0.085
  ],
  [
    1407711600000,
    0.092
  ],
  [
    1407798000000,
    0.08
  ],
  [
    1407884400000,
    0.085
  ],
  [
    1407970800000,
    0.092
  ],
  [
    1408057200000,
    0.089
  ],
  [
    1408143600000,
    0.065
  ],
  [
    1408230000000,
    0.067
  ],
  [
    1408316400000,
    0.057
  ],
  [
    1408402800000,
    0.071
  ],
  [
    1408489200000,
    0.092
  ],
  [
    1408575600000,
    0.087
  ],
  [
    1408662000000,
    0.088
  ],
  [
    1408748400000,
    0.105
  ],
  [
    1408834800000,
    0.1
  ],
  [
    1408921200000,
    0.114
  ],
  [
    1409007600000,
    0.155
  ],
  [
    1409094000000,
    0.086
  ],
  [
    1409180400000,
    0.099
  ],
  [
    1409266800000,
    0.074
  ],
  [
    1409353200000,
    0.113
  ],
  [
    1409439600000,
    0.137
  ],
  [
    1409526000000,
    0.119
  ],
  [
    1409612400000,
    0.103
  ],
  [
    1409698800000,
    0.102
  ],
  [
    1409785200000,
    0.115
  ],
  [
    1409871600000,
    0.1
  ],
  [
    1409958000000,
    0.113
  ],
  [
    1410044400000,
    0.14
  ],
  [
    1410130800000,
    0.116
  ],
  [
    1410217200000,
    0.108
  ],
  [
    1410303600000,
    0.143
  ],
  [
    1410390000000,
    0.07
  ],
  [
    1410476400000,
    0.059
  ],
  [
    1410562800000,
    0.084
  ],
  [
    1410649200000,
    0.144
  ],
  [
    1410735600000,
    0.147
  ],
  [
    1410822000000,
    0.118
  ],
  [
    1410908400000,
    0.136
  ],
  [
    1410994800000,
    0.131
  ],
  [
    1411081200000,
    0.134
  ],
  [
    1411167600000,
    0.098
  ],
  [
    1411254000000,
    0.098
  ],
  [
    1411340400000,
    0.096
  ],
  [
    1411426800000,
    0.111
  ],
  [
    1411513200000,
    0.102
  ],
  [
    1411599600000,
    0.103
  ],
  [
    1411686000000,
    0.113
  ],
  [
    1411772400000,
    0.104
  ],
  [
    1411858800000,
    0.129
  ],
  [
    1411945200000,
    0.129
  ],
  [
    1412031600000,
    0.112
  ],
  [
    1412118000000,
    0.086
  ],
  [
    1412204400000,
    0.133
  ],
  [
    1412290800000,
    0.145
  ],
  [
    1412377200000,
    0.139
  ],
  [
    1412463600000,
    0.137
  ],
  [
    1412550000000,
    0.209
  ],
  [
    1412636400000,
    0.264
  ],
  [
    1412722800000,
    0.174
  ],
  [
    1412809200000,
    0.179
  ],
  [
    1412895600000,
    0.139
  ],
  [
    1412982000000,
    0.137
  ],
  [
    1413068400000,
    0.145
  ],
  [
    1413154800000,
    0.137
  ],
  [
    1413241200000,
    0.159
  ],
  [
    1413327600000,
    0.1
  ],
  [
    1413414000000,
    0.138
  ],
  [
    1413500400000,
    0.116
  ],
  [
    1413586800000,
    0.174
  ],
  [
    1413673200000,
    0.107
  ],
  [
    1413759600000,
    0.111
  ],
  [
    1413846000000,
    0.178
  ],
  [
    1413932400000,
    0.165
  ],
  [
    1414018800000,
    0.123
  ],
  [
    1414105200000,
    0.136
  ],
  [
    1414191600000,
    0.125
  ],
  [
    1414278000000,
    0.151
  ],
  [
    1414368000000,
    0.154
  ],
  [
    1414454400000,
    0.176
  ],
  [
    1414540800000,
    0.172
  ],
  [
    1414627200000,
    0.197
  ],
  [
    1414713600000,
    0.126
  ],
  [
    1414800000000,
    0.114
  ],
  [
    1414886400000,
    0.118
  ],
  [
    1414972800000,
    0.124
  ],
  [
    1415059200000,
    0.159
  ],
  [
    1415145600000,
    0.147
  ],
  [
    1415232000000,
    0.14
  ],
  [
    1415318400000,
    0.337
  ],
  [
    1415404800000,
    0.309
  ],
  [
    1415491200000,
    0.207
  ],
  [
    1415577600000,
    0.211
  ],
  [
    1415664000000,
    0.144
  ],
  [
    1415750400000,
    0.107
  ],
  [
    1415836800000,
    0.107
  ],
  [
    1415923200000,
    0.082
  ],
  [
    1416009600000,
    0.098
  ],
  [
    1416096000000,
    0.104
  ],
  [
    1416182400000,
    0.103
  ],
  [
    1416268800000,
    0.118
  ],
  [
    1416355200000,
    0.129
  ],
  [
    1416441600000,
    0.111
  ],
  [
    1416528000000,
    0.092
  ],
  [
    1416614400000,
    0.115
  ],
  [
    1416700800000,
    0.119
  ],
  [
    1416787200000,
    0.089
  ],
  [
    1416873600000,
    0.095
  ],
  [
    1416960000000,
    0.133
  ],
  [
    1417046400000,
    0.173
  ],
  [
    1417132800000,
    0.188
  ],
  [
    1417219200000,
    0.195
  ],
  [
    1417305600000,
    0.092
  ],
  [
    1417392000000,
    0.117
  ],
  [
    1417478400000,
    0.127
  ],
  [
    1417564800000,
    0.134
  ],
  [
    1417651200000,
    0.131
  ],
  [
    1417737600000,
    0.14
  ],
  [
    1417824000000,
    0.161
  ],
  [
    1417910400000,
    0.14
  ],
  [
    1417996800000,
    0.129
  ],
  [
    1418083200000,
    0.157
  ],
  [
    1418169600000,
    0.178
  ],
  [
    1418256000000,
    0.143
  ],
  [
    1418342400000,
    0.152
  ],
  [
    1418428800000,
    0.147
  ],
  [
    1418515200000,
    0.142
  ],
  [
    1418601600000,
    0.143
  ],
  [
    1418688000000,
    0.097
  ],
  [
    1418774400000,
    0.142
  ],
  [
    1418860800000,
    0.114
  ],
  [
    1418947200000,
    0.135
  ],
  [
    1419033600000,
    0.138
  ],
  [
    1419120000000,
    0.113
  ],
  [
    1419206400000,
    0.139
  ],
  [
    1419292800000,
    0.132
  ],
  [
    1419379200000,
    0.129
  ],
  [
    1419465600000,
    0.147
  ],
  [
    1419552000000,
    0.14
  ],
  [
    1419638400000,
    0.129
  ],
  [
    1419724800000,
    0.127
  ],
  [
    1419811200000,
    0.142
  ],
  [
    1419897600000,
    0.202
  ],
  [
    1419984000000,
    0.159
  ],
  [
    1420070400000,
    0.153
  ],
  [
    1420156800000,
    0.23
  ],
  [
    1420243200000,
    0.265
  ],
  [
    1420329600000,
    0.205
  ],
  [
    1420416000000,
    0.229
  ],
  [
    1420502400000,
    0.282
  ],
  [
    1420588800000,
    0.289
  ],
  [
    1420675200000,
    0.216
  ],
  [
    1420761600000,
    0.233
  ],
  [
    1420848000000,
    0.2
  ],
  [
    1420934400000,
    0.216
  ],
  [
    1421020800000,
    0.202
  ],
  [
    1421107200000,
    0.203
  ],
  [
    1421193600000,
    0.204
  ],
  [
    1421280000000,
    0.226
  ],
  [
    1421366400000,
    0.189
  ],
  [
    1421452800000,
    0.164
  ],
  [
    1421539200000,
    0.211
  ],
  [
    1421625600000,
    0.193
  ],
  [
    1421712000000,
    0.179
  ],
  [
    1421798400000,
    0.179
  ],
  [
    1421884800000,
    0.175
  ],
  [
    1421971200000,
    0.184
  ],
  [
    1422057600000,
    0.187
  ],
  [
    1422144000000,
    0.223
  ],
  [
    1422230400000,
    0.209
  ],
  [
    1422316800000,
    0.26
  ],
  [
    1422403200000,
    0.271
  ],
  [
    1422489600000,
    0.271
  ],
  [
    1422576000000,
    0.288
  ],
  [
    1422662400000,
    0.249
  ],
  [
    1422748800000,
    0.2
  ],
  [
    1422835200000,
    0.254
  ],
  [
    1422921600000,
    0.242
  ],
  [
    1423008000000,
    0.235
  ],
  [
    1423094400000,
    0.328
  ],
  [
    1423180800000,
    0.244
  ],
  [
    1423267200000,
    0.297
  ],
  [
    1423353600000,
    0.343
  ],
  [
    1423440000000,
    0.309
  ],
  [
    1423526400000,
    0.966
  ],
  [
    1423612800000,
    0.356
  ],
  [
    1423699200000,
    0.321
  ],
  [
    1423785600000,
    0.28
  ],
  [
    1423872000000,
    0.262
  ],
  [
    1423958400000,
    0.249
  ],
  [
    1424044800000,
    0.199
  ],
  [
    1424131200000,
    0.207
  ],
  [
    1424217600000,
    0.323
  ],
  [
    1424304000000,
    0.282
  ],
  [
    1424390400000,
    0.283
  ],
  [
    1424476800000,
    0.211
  ],
  [
    1424563200000,
    0.212
  ],
  [
    1424649600000,
    0.233
  ],
  [
    1424736000000,
    0.255
  ],
  [
    1424822400000,
    0.251
  ],
  [
    1424908800000,
    0.218
  ],
  [
    1424995200000,
    4.724
  ],
  [
    1425081600000,
    0.76
  ],
  [
    1425168000000,
    0.259
  ],
  [
    1425254400000,
    0.283
  ],
  [
    1425340800000,
    0.305
  ],
  [
    1425427200000,
    0.319
  ],
  [
    1425513600000,
    0.328
  ],
  [
    1425600000000,
    0.307
  ],
  [
    1425686400000,
    0.284
  ],
  [
    1425772800000,
    0.371
  ],
  [
    1425859200000,
    0.315
  ],
  [
    1425945600000,
    0.342
  ],
  [
    1426032000000,
    0.3
  ],
  [
    1426118400000,
    0.361
  ],
  [
    1426204800000,
    0.324
  ],
  [
    1426291200000,
    0.326
  ],
  [
    1426377600000,
    0.205
  ],
  [
    1426464000000,
    0.196
  ],
  [
    1426550400000,
    0.239
  ],
  [
    1426636800000,
    1.05
  ],
  [
    1426723200000,
    0.263
  ],
  [
    1426809600000,
    0.246
  ],
  [
    1426896000000,
    0.271
  ],
  [
    1426982400000,
    0.249
  ],
  [
    1427068800000,
    0.298
  ],
  [
    1427155200000,
    0.349
  ],
  [
    1427241600000,
    0.361
  ],
  [
    1427328000000,
    0.332
  ],
  [
    1427414400000,
    0.296
  ],
  [
    1427500800000,
    0.241
  ],
  [
    1427587200000,
    0.284
  ],
  [
    1427670000000,
    0.274
  ],
  [
    1427756400000,
    0.322
  ],
  [
    1427842800000,
    0.33
  ],
  [
    1427929200000,
    0.378
  ],
  [
    1428015600000,
    0.354
  ],
  [
    1428102000000,
    0.361
  ],
  [
    1428188400000,
    0.336
  ],
  [
    1428274800000,
    0.583
  ],
  [
    1428361200000,
    0.471
  ],
  [
    1428447600000,
    0.483
  ],
  [
    1428534000000,
    0.429
  ],
  [
    1428620400000,
    0.42
  ],
  [
    1428706800000,
    0.351
  ],
  [
    1428793200000,
    0.392
  ],
  [
    1428879600000,
    0.567
  ],
  [
    1428966000000,
    0.38
  ],
  [
    1429052400000,
    0.516
  ],
  [
    1429138800000,
    0.362
  ],
  [
    1429225200000,
    0.337
  ],
  [
    1429311600000,
    0.486
  ],
  [
    1429398000000,
    0.448
  ],
  [
    1429484400000,
    0.341
  ],
  [
    1429570800000,
    0.417
  ],
  [
    1429657200000,
    3.432
  ],
  [
    1429743600000,
    0.378
  ],
  [
    1429830000000,
    0.358
  ],
  [
    1429916400000,
    0.328
  ],
  [
    1430002800000,
    0.413
  ],
  [
    1430089200000,
    0.407
  ],
  [
    1430175600000,
    0.401
  ],
  [
    1430262000000,
    0.32
  ],
  [
    1430348400000,
    0.425
  ],
  [
    1430434800000,
    0.412
  ],
  [
    1430521200000,
    0.408
  ],
  [
    1430607600000,
    0.356
  ],
  [
    1430694000000,
    0.335
  ],
  [
    1430780400000,
    0.33
  ],
  [
    1430866800000,
    0.317
  ],
  [
    1430953200000,
    0.343
  ],
  [
    1431039600000,
    0.309
  ],
  [
    1431126000000,
    0.307
  ],
  [
    1431212400000,
    0.359
  ],
  [
    1431298800000,
    0.351
  ],
  [
    1431385200000,
    0.42
  ],
  [
    1431471600000,
    0.374
  ],
  [
    1431558000000,
    0.338
  ],
  [
    1431644400000,
    0.378
  ],
  [
    1431730800000,
    0.472
  ],
  [
    1431817200000,
    0.454
  ],
  [
    1431903600000,
    0.437
  ],
  [
    1431990000000,
    0.437
  ],
  [
    1432076400000,
    0.498
  ],
  [
    1432162800000,
    0.388
  ],
  [
    1432249200000,
    0.455
  ],
  [
    1432335600000,
    0.406
  ],
  [
    1432422000000,
    0.42
  ],
  [
    1432508400000,
    0.573
  ],
  [
    1432594800000,
    0.564
  ],
  [
    1432681200000,
    0.365
  ],
  [
    1432767600000,
    0.357
  ],
  [
    1432854000000,
    0.337
  ],
  [
    1432940400000,
    0.367
  ],
  [
    1433026800000,
    0.396
  ],
  [
    1433113200000,
    0.371
  ],
  [
    1433199600000,
    0.443
  ],
  [
    1433286000000,
    0.465
  ],
  [
    1433372400000,
    0.253
  ],
  [
    1433458800000,
    0.46
  ],
  [
    1433545200000,
    0.432
  ],
  [
    1433631600000,
    0.393
  ],
  [
    1433718000000,
    0.375
  ],
  [
    1433804400000,
    0.365
  ],
  [
    1433890800000,
    0.337
  ],
  [
    1433977200000,
    0.355
  ],
  [
    1434063600000,
    0.339
  ],
  [
    1434150000000,
    0.257
  ],
  [
    1434236400000,
    0.259
  ],
  [
    1434322800000,
    0.287
  ],
  [
    1434409200000,
    0.265
  ],
  [
    1434495600000,
    0.275
  ],
  [
    1434582000000,
    0.263
  ],
  [
    1434668400000,
    0.274
  ],
  [
    1434754800000,
    0.336
  ],
  [
    1434841200000,
    0.306
  ],
  [
    1434927600000,
    0.334
  ],
  [
    1435014000000,
    0.381
  ],
  [
    1435100400000,
    0.324
  ],
  [
    1435186800000,
    0.258
  ],
  [
    1435273200000,
    0.316
  ],
  [
    1435359600000,
    0.388
  ],
  [
    1435446000000,
    0.346
  ],
  [
    1435532400000,
    0.264
  ],
  [
    1435618800000,
    0.326
  ],
  [
    1435705200000,
    0.405
  ],
  [
    1435791600000,
    0.389
  ],
  [
    1435878000000,
    0.304
  ],
  [
    1435964400000,
    0.329
  ],
  [
    1436050800000,
    0.383
  ],
  [
    1436137200000,
    0.317
  ],
  [
    1436223600000,
    0.399
  ],
  [
    1436310000000,
    0.449
  ],
  [
    1436396400000,
    0.414
  ],
  [
    1436482800000,
    0.394
  ],
  [
    1436569200000,
    0.364
  ],
  [
    1436655600000,
    0.399
  ],
  [
    1436742000000,
    0.434
  ],
  [
    1436828400000,
    0.398
  ],
  [
    1436914800000,
    0.465
  ],
  [
    1437001200000,
    0.473
  ],
  [
    1437087600000,
    0.4
  ],
  [
    1437174000000,
    0.539
  ],
  [
    1437260400000,
    0.46
  ],
  [
    1437346800000,
    0.438
  ],
  [
    1437433200000,
    0.489
  ],
  [
    1437519600000,
    0.492
  ],
  [
    1437606000000,
    0.488
  ],
  [
    1437692400000,
    0.432
  ],
  [
    1437778800000,
    0.418
  ],
  [
    1437865200000,
    0.461
  ],
  [
    1437951600000,
    0.449
  ],
  [
    1438038000000,
    0.263
  ],
  [
    1438124400000,
    0.462
  ],
  [
    1438210800000,
    0.443
  ],
  [
    1438297200000,
    0.408
  ],
  [
    1438383600000,
    0.398
  ],
  [
    1438470000000,
    0.432
  ],
  [
    1438556400000,
    0.436
  ],
  [
    1438642800000,
    0.438
  ],
  [
    1438729200000,
    0.488
  ],
  [
    1438815600000,
    0.515
  ],
  [
    1438902000000,
    0.482
  ],
  [
    1438988400000,
    0.498
  ],
  [
    1439074800000,
    0.295
  ],
  [
    1439161200000,
    0.394
  ],
  [
    1439247600000,
    0.449
  ],
  [
    1439334000000,
    0.491
  ],
  [
    1439420400000,
    0.567
  ],
  [
    1439506800000,
    0.398
  ],
  [
    1439593200000,
    0.382
  ],
  [
    1439679600000,
    0.388
  ],
  [
    1439766000000,
    0.398
  ],
  [
    1439852400000,
    0.354
  ],
  [
    1439938800000,
    0.377
  ],
  [
    1440025200000,
    0.416
  ],
  [
    1440111600000,
    0.422
  ],
  [
    1440198000000,
    0.36
  ],
  [
    1440284400000,
    0.257
  ],
  [
    1440370800000,
    0.221
  ],
  [
    1440457200000,
    0.39
  ],
  [
    1440543600000,
    0.483
  ],
  [
    1440630000000,
    0.475
  ],
  [
    1440716400000,
    0.4
  ],
  [
    1440802800000,
    0.463
  ],
  [
    1440889200000,
    0.548
  ],
  [
    1440975600000,
    0.589
  ],
  [
    1441062000000,
    0.528
  ],
  [
    1441148400000,
    0.508
  ],
  [
    1441234800000,
    0.509
  ],
  [
    1441321200000,
    0.46
  ],
  [
    1441407600000,
    0.441
  ],
  [
    1441494000000,
    0.396
  ],
  [
    1441580400000,
    0.429
  ],
  [
    1441666800000,
    0.334
  ],
  [
    1441753200000,
    0.402
  ],
  [
    1441839600000,
    0.356
  ],
  [
    1441926000000,
    0.42
  ],
  [
    1442012400000,
    0.415
  ],
  [
    1442098800000,
    0.574
  ],
  [
    1442185200000,
    0.707
  ],
  [
    1442271600000,
    1.057
  ],
  [
    1442358000000,
    0.876
  ],
  [
    1442444400000,
    1.033
  ],
  [
    1442530800000,
    0.811
  ],
  [
    1442617200000,
    0.792
  ],
  [
    1442703600000,
    0.927
  ],
  [
    1442790000000,
    0.868
  ],
  [
    1442876400000,
    0.9
  ],
  [
    1442962800000,
    0.761
  ],
  [
    1443049200000,
    0.761
  ],
  [
    1443135600000,
    0.669
  ],
  [
    1443222000000,
    0.828
  ],
  [
    1443308400000,
    0.846
  ],
  [
    1443394800000,
    0.89
  ],
  [
    1443481200000,
    0.728
  ],
  [
    1443567600000,
    0.813
  ],
  [
    1443654000000,
    0.777
  ],
  [
    1443740400000,
    0.723
  ],
  [
    1443826800000,
    0.785
  ],
  [
    1443913200000,
    0.906
  ],
  [
    1443999600000,
    0.735
  ],
  [
    1444086000000,
    0.799
  ],
  [
    1444172400000,
    0.789
  ],
  [
    1444258800000,
    0.698
  ],
  [
    1444345200000,
    0.711
  ],
  [
    1444431600000,
    0.782
  ],
  [
    1444518000000,
    0.718
  ],
  [
    1444604400000,
    0.74
  ],
  [
    1444690800000,
    0.743
  ],
  [
    1444777200000,
    0.671
  ],
  [
    1444863600000,
    0.788
  ],
  [
    1444950000000,
    0.628
  ],
  [
    1445036400000,
    0.571
  ],
  [
    1445122800000,
    0.603
  ],
  [
    1445209200000,
    0.63
  ],
  [
    1445295600000,
    0.568
  ],
  [
    1445382000000,
    0.644
  ],
  [
    1445468400000,
    0.632
  ],
  [
    1445554800000,
    0.537
  ],
  [
    1445641200000,
    0.681
  ],
  [
    1445727600000,
    0.536
  ],
  [
    1445817600000,
    0.71
  ],
  [
    1445904000000,
    0.687
  ],
  [
    1445990400000,
    0.677
  ],
  [
    1446076800000,
    0.685
  ],
  [
    1446163200000,
    0.546
  ],
  [
    1446249600000,
    0.559
  ],
  [
    1446336000000,
    0.486
  ],
  [
    1446422400000,
    0.561
  ],
  [
    1446508800000,
    0.499
  ],
  [
    1446595200000,
    0.528
  ],
  [
    1446681600000,
    0.448
  ],
  [
    1446768000000,
    0.516
  ],
  [
    1446854400000,
    0.495
  ],
  [
    1446940800000,
    0.549
  ],
  [
    1447027200000,
    0.501
  ],
  [
    1447113600000,
    0.5
  ],
  [
    1447200000000,
    0.59
  ],
  [
    1447286400000,
    0.64
  ],
  [
    1447372800000,
    0.626
  ],
  [
    1447459200000,
    0.608
  ],
  [
    1447545600000,
    0.344
  ],
  [
    1447632000000,
    0.619
  ],
  [
    1447718400000,
    0.657
  ],
  [
    1447804800000,
    0.6
  ],
  [
    1447891200000,
    0.665
  ],
  [
    1447977600000,
    0.556
  ],
  [
    1448064000000,
    0.563
  ],
  [
    1448150400000,
    0.484
  ],
  [
    1448236800000,
    0.562
  ],
  [
    1448323200000,
    0.623
  ],
  [
    1448409600000,
    0.637
  ],
  [
    1448496000000,
    0.618
  ],
  [
    1448582400000,
    0.627
  ],
  [
    1448668800000,
    0.58
  ],
  [
    1448755200000,
    0.534
  ],
  [
    1448841600000,
    0.596
  ],
  [
    1448928000000,
    0.546
  ],
  [
    1449014400000,
    0.488
  ],
  [
    1449100800000,
    0.632
  ],
  [
    1449187200000,
    0.657
  ],
  [
    1449273600000,
    1.071
  ],
  [
    1449360000000,
    0.646
  ],
  [
    1449446400000,
    0.63
  ],
  [
    1449532800000,
    0.617
  ],
  [
    1449619200000,
    0.525
  ],
  [
    1449705600000,
    0.481
  ],
  [
    1449792000000,
    0.541
  ],
  [
    1449878400000,
    0.474
  ],
  [
    1449964800000,
    0.516
  ],
  [
    1450051200000,
    0.549
  ],
  [
    1450137600000,
    0.539
  ],
  [
    1450224000000,
    0.541
  ],
  [
    1450310400000,
    0.508
  ],
  [
    1450396800000,
    0.58
  ],
  [
    1450483200000,
    0.574
  ],
  [
    1450569600000,
    0.562
  ],
  [
    1450656000000,
    0.494
  ],
  [
    1450742400000,
    0.553
  ],
  [
    1450828800000,
    0.517
  ],
  [
    1450915200000,
    0.431
  ],
  [
    1451001600000,
    0.516
  ],
  [
    1451088000000,
    0.521
  ],
  [
    1451174400000,
    0.62
  ],
  [
    1451260800000,
    0.582
  ],
  [
    1451347200000,
    0.555
  ],
  [
    1451433600000,
    0.56
  ],
  [
    1451520000000,
    0.536
  ],
  [
    1451606400000,
    0.549
  ],
  [
    1451692800000,
    0.557
  ],
  [
    1451779200000,
    0.5
  ],
  [
    1451865600000,
    0.527
  ],
  [
    1451952000000,
    0.517
  ],
  [
    1452038400000,
    0.522
  ],
  [
    1452124800000,
    0.536
  ],
  [
    1452211200000,
    0.6
  ],
  [
    1452297600000,
    0.565
  ],
  [
    1452384000000,
    0.46
  ],
  [
    1452470400000,
    0.526
  ],
  [
    1452556800000,
    0.611
  ],
  [
    1452643200000,
    0.524
  ],
  [
    1452729600000,
    0.585
  ],
  [
    1452816000000,
    0.603
  ],
  [
    1452902400000,
    0.568
  ],
  [
    1452988800000,
    0.625
  ],
  [
    1453075200000,
    0.597
  ],
  [
    1453248000000,
    0.605
  ],
  [
    1453334400000,
    0.555
  ],
  [
    1453420800000,
    0.627
  ],
  [
    1453507200000,
    0.568
  ],
  [
    1453593600000,
    0.604
  ],
  [
    1453680000000,
    0.583
  ],
  [
    1453766400000,
    0.538
  ],
  [
    1453852800000,
    0.606
  ],
  [
    1453939200000,
    0.579
  ],
  [
    1454025600000,
    0.6
  ],
  [
    1454112000000,
    0.543
  ],
  [
    1454198400000,
    0.524
  ],
  [
    1454284800000,
    0.601
  ],
  [
    1454371200000,
    0.513
  ],
  [
    1454544000000,
    0.56
  ],
  [
    1454630400000,
    0.552
  ],
  [
    1454716800000,
    0.73
  ],
  [
    1454803200000,
    1.394
  ],
  [
    1454889600000,
    0.72
  ],
  [
    1454976000000,
    0.929
  ],
  [
    1455062400000,
    0.68
  ],
  [
    1455148800000,
    0.556
  ],
  [
    1455235200000,
    0.505
  ],
  [
    1455321600000,
    0.587
  ],
  [
    1455408000000,
    0.589
  ],
  [
    1455494400000,
    0.603
  ],
  [
    1455580800000,
    0.531
  ],
  [
    1455667200000,
    0.556
  ],
  [
    1455753600000,
    0.506
  ],
  [
    1455840000000,
    0.58
  ],
  [
    1455926400000,
    0.557
  ],
  [
    1456012800000,
    0.405
  ],
  [
    1456099200000,
    0.462
  ],
  [
    1456185600000,
    0.409
  ],
  [
    1456272000000,
    0.389
  ],
  [
    1456358400000,
    0.386
  ],
  [
    1456444800000,
    0.432
  ],
  [
    1456531200000,
    0.429
  ],
  [
    1456617600000,
    0.375
  ],
  [
    1456704000000,
    0.447
  ],
  [
    1456790400000,
    0.48
  ],
  [
    1456876800000,
    0.534
  ],
  [
    1456963200000,
    0.376
  ],
  [
    1457049600000,
    0.388
  ],
  [
    1457136000000,
    0.596
  ],
  [
    1457222400000,
    0.751
  ],
  [
    1457308800000,
    0.906
  ],
  [
    1457395200000,
    0.988
  ],
  [
    1457481600000,
    1.007
  ],
  [
    1457568000000,
    0.921
  ],
  [
    1457654400000,
    0.575
  ],
  [
    1457740800000,
    0.847
  ],
  [
    1457827200000,
    1.009
  ],
  [
    1457913600000,
    0.926
  ],
  [
    1458000000000,
    0.658
  ],
  [
    1458086400000,
    0.588
  ],
  [
    1458172800000,
    0.803
  ],
  [
    1458259200000,
    0.644
  ],
  [
    1458345600000,
    1.059
  ],
  [
    1458432000000,
    0.767
  ],
  [
    1458518400000,
    0.627
  ],
  [
    1458604800000,
    0.775
  ],
  [
    1458691200000,
    0.667
  ],
  [
    1458777600000,
    0.63
  ],
  [
    1458864000000,
    0.697
  ],
  [
    1458950400000,
    0.771
  ],
  [
    1459036800000,
    7.275
  ],
  [
    1459292400000,
    1.423
  ],
  [
    1459378800000,
    0.984
  ],
  [
    1459465200000,
    1.358
  ],
  [
    1459638000000,
    1.16
  ],
  [
    1459724400000,
    1.402
  ],
  [
    1459810800000,
    3.381
  ],
  [
    1459897200000,
    3.259
  ],
  [
    1460070000000,
    2.515
  ],
  [
    1460156400000,
    1.715
  ],
  [
    1460242800000,
    2.027
  ],
  [
    1460415600000,
    2.02
  ],
  [
    1460502000000,
    1.43
  ],
  [
    1460588400000,
    1.242
  ],
  [
    1460674800000,
    1.34
  ],
  [
    1460761200000,
    1.267
  ],
  [
    1460847600000,
    1.037
  ],
  [
    1460934000000,
    1.002
  ],
  [
    1461020400000,
    1.012
  ],
  [
    1461106800000,
    0.873
  ],
  [
    1461193200000,
    0.906
  ],
  [
    1461279600000,
    0.88
  ],
  [
    1461366000000,
    0.77
  ],
  [
    1461452400000,
    0.868
  ],
  [
    1461538800000,
    0.888
  ],
  [
    1461625200000,
    0.91
  ],
  [
    1461711600000,
    0.89
  ],
  [
    1461798000000,
    0.673
  ],
  [
    1461884400000,
    0.926
  ],
  [
    1461970800000,
    0.889
  ],
  [
    1462057200000,
    0.963
  ],
  [
    1462143600000,
    0.884
  ],
  [
    1462316400000,
    1.057
  ],
  [
    1462402800000,
    1.085
  ],
  [
    1462489200000,
    1.201
  ],
  [
    1462662000000,
    0.983
  ],
  [
    1462748400000,
    2.153
  ],
  [
    1462834800000,
    1.019
  ],
  [
    1462921200000,
    1.266
  ],
  [
    1463007600000,
    1.26
  ],
  [
    1463094000000,
    1.207
  ],
  [
    1463266800000,
    0.955
  ],
  [
    1463526000000,
    1.15
  ],
  [
    1463612400000,
    0.899
  ],
  [
    1463698800000,
    0.704
  ],
  [
    1463785200000,
    0.49
  ],
  [
    1463871600000,
    0.977
  ],
  [
    1463958000000,
    1.346
  ],
  [
    1464044400000,
    1.173
  ],
  [
    1464130800000,
    0.995
  ],
  [
    1464562800000,
    0.821
  ],
  [
    1464649200000,
    0.901
  ],
  [
    1464735600000,
    0.793
  ],
  [
    1464822000000,
    0.747
  ],
  [
    1464908400000,
    0.831
  ],
  [
    1465081200000,
    0.88
  ],
  [
    1465167600000,
    1.934
  ],
  [
    1465254000000,
    8.475
  ],
  [
    1465513200000,
    1.299
  ],
  [
    1465599600000,
    0.734
  ],
  [
    1465686000000,
    2.829
  ],
  [
    1465945200000,
    1.35
  ],
  [
    1466031600000,
    1.325
  ],
  [
    1466118000000,
    1.422
  ],
  [
    1466204400000,
    1.4
  ],
  [
    1466290800000,
    0.876
  ],
  [
    1466377200000,
    1.349
  ],
  [
    1466722800000,
    0.837
  ],
  [
    1466809200000,
    5.153
  ],
  [
    1467068400000,
    28.874
  ],
  [
    1467154800000,
    23.439
  ],
  [
    1467241200000,
    0.925
  ],
  [
    1467327600000,
    1.272
  ],
  [
    1467414000000,
    16.62
  ],
  [
    1467586800000,
    8.355
  ],
  [
    1467673200000,
    5.056
  ],
  [
    1467759600000,
    5.743
  ],
  [
    1467846000000,
    1.01
  ],
  [
    1467932400000,
    1.519
  ],
  [
    1468018800000,
    1.725
  ],
  [
    1468105200000,
    1.387
  ],
  [
    1468191600000,
    1.252
  ],
  [
    1468364400000,
    1.351
  ],
  [
    1468450800000,
    1.359
  ],
  [
    1468537200000,
    1.38
  ],
  [
    1468623600000,
    1.378
  ],
  [
    1468710000000,
    1.122
  ],
  [
    1468796400000,
    1.333
  ],
  [
    1468882800000,
    1.31
  ],
  [
    1468969200000,
    1.242
  ],
  [
    1469055600000,
    1.313
  ],
  [
    1469142000000,
    1.319
  ],
  [
    1469228400000,
    1.343
  ],
  [
    1469487600000,
    1.336
  ],
  [
    1469574000000,
    1.319
  ],
  [
    1469660400000,
    0.89
  ],
  [
    1469746800000,
    0.989
  ],
  [
    1469919600000,
    1.17
  ],
  [
    1470006000000,
    1.181
  ],
  [
    1470178800000,
    0.915
  ],
  [
    1470783600000,
    1.011
  ],
  [
    1470870000000,
    0.71
  ],
  [
    1470956400000,
    0.773
  ],
  [
    1471042800000,
    0.721
  ],
  [
    1471129200000,
    0.782
  ],
  [
    1471215600000,
    0.679
  ],
  [
    1471302000000,
    0.54
  ],
  [
    1471388400000,
    0.805
  ],
  [
    1471647600000,
    0.786
  ],
  [
    1471734000000,
    0.751
  ],
  [
    1471906800000,
    0.673
  ],
  [
    1471993200000,
    0.608
  ],
  [
    1472079600000,
    0.549
  ],
  [
    1472166000000,
    0.588
  ],
  [
    1472252400000,
    0.585
  ],
  [
    1472338800000,
    0.518
  ],
  [
    1472425200000,
    0.466
  ],
  [
    1472511600000,
    0.538
  ],
  [
    1472598000000,
    0.543
  ],
  [
    1472684400000,
    0.979
  ],
  [
    1472770800000,
    1.295
  ],
  [
    1472857200000,
    0.972
  ],
  [
    1472943600000,
    0.805
  ],
  [
    1473030000000,
    0.725
  ],
  [
    1473116400000,
    0.537
  ],
  [
    1473202800000,
    1.118
  ],
  [
    1473548400000,
    0.893
  ],
  [
    1473721200000,
    1.852
  ],
  [
    1473894000000,
    11.132
  ],
  [
    1473980400000,
    33.4
  ],
  [
    1474066800000,
    19.99
  ],
  [
    1474239600000,
    17.174
  ],
  [
    1474412400000,
    38.617
  ],
  [
    1474585200000,
    8.991
  ],
  [
    1474671600000,
    1.109
  ],
  [
    1474758000000,
    1.093
  ],
  [
    1474844400000,
    0.961
  ],
  [
    1474930800000,
    0.569
  ],
  [
    1475017200000,
    0.893
  ],
  [
    1475103600000,
    0.325
  ],
  [
    1475276400000,
    0.426
  ],
  [
    1475362800000,
    0.443
  ],
  [
    1475449200000,
    0.504
  ],
  [
    1475622000000,
    0.552
  ],
  [
    1475708400000,
    0.547
  ],
  [
    1475794800000,
    0.54
  ],
  [
    1475881200000,
    0.535
  ],
  [
    1476054000000,
    0.482
  ],
  [
    1476226800000,
    0.503
  ],
  [
    1476313200000,
    0.54
  ],
  [
    1476399600000,
    0.539
  ],
  [
    1476486000000,
    0.596
  ],
  [
    1476572400000,
    1.111
  ],
  [
    1476658800000,
    0.655
  ],
  [
    1476745200000,
    0.632
  ],
  [
    1476918000000,
    0.619
  ],
  [
    1477004400000,
    0.725
  ],
  [
    1477090800000,
    0.507
  ],
  [
    1477177200000,
    0.513
  ],
  [
    1477263600000,
    0.64
  ],
  [
    1477350000000,
    0.655
  ],
  [
    1477609200000,
    0.477
  ],
  [
    1477695600000,
    0.492
  ],
  [
    1477782000000,
    0.579
  ],
  [
    1477872000000,
    0.567
  ],
  [
    1477958400000,
    0.553
  ],
  [
    1478044800000,
    0.553
  ],
  [
    1478390400000,
    0.586
  ],
  [
    1478563200000,
    0.424
  ],
  [
    1478649600000,
    0.563
  ],
  [
    1478736000000,
    0.574
  ],
  [
    1478822400000,
    0.556
  ],
  [
    1478908800000,
    0.391
  ],
  [
    1479081600000,
    0.35
  ],
  [
    1479168000000,
    0.504
  ],
  [
    1479427200000,
    0.504
  ],
  [
    1479513600000,
    0.466
  ],
  [
    1479600000000,
    0.502
  ],
  [
    1479686400000,
    0.496
  ],
  [
    1479772800000,
    0.512
  ],
  [
    1479859200000,
    0.406
  ],
  [
    1479945600000,
    0.496
  ],
  [
    1480032000000,
    0.559
  ],
  [
    1480118400000,
    0.574
  ],
  [
    1480204800000,
    0.41
  ],
  [
    1480291200000,
    0.572
  ],
  [
    1480550400000,
    0.5
  ],
  [
    1480636800000,
    1.507
  ],
  [
    1480809600000,
    0.893
  ],
  [
    1480896000000,
    0.833
  ],
  [
    1480982400000,
    0.913
  ],
  [
    1481068800000,
    0.921
  ],
  [
    1481155200000,
    0.73
  ],
  [
    1481241600000,
    0.852
  ],
  [
    1481328000000,
    0.943
  ],
  [
    1481414400000,
    0.712
  ],
  [
    1481760000000,
    0.74
  ],
  [
    1481846400000,
    0.754
  ],
  [
    1482019200000,
    0.624
  ],
  [
    1482105600000,
    0.723
  ],
  [
    1482192000000,
    0.729
  ],
  [
    1482537600000,
    0.595
  ],
  [
    1482624000000,
    0.692
  ],
  [
    1482710400000,
    0.724
  ],
  [
    1482796800000,
    0.73
  ],
  [
    1482883200000,
    0.72
  ],
  [
    1483056000000,
    0.771
  ],
  [
    1483142400000,
    0.77
  ],
  [
    1483228800000,
    1.211
  ],
  [
    1483315200000,
    0.777
  ],
  [
    1483401600000,
    0.723
  ],
  [
    1483488000000,
    1.139
  ],
  [
    1483574400000,
    1.886
  ],
  [
    1483747200000,
    1.139
  ],
  [
    1483920000000,
    1
  ],
  [
    1484179200000,
    1.15
  ],
  [
    1484265600000,
    1.341
  ],
  [
    1484352000000,
    0.915
  ],
  [
    1484524800000,
    1.01
  ],
  [
    1484784000000,
    1.077
  ],
  [
    1484956800000,
    1.08
  ],
  [
    1485043200000,
    1.105
  ],
  [
    1485216000000,
    1.133
  ],
  [
    1485648000000,
    0.89
  ],
  [
    1485734400000,
    0.7
  ],
  [
    1485820800000,
    0.93
  ],
  [
    1485907200000,
    0.92
  ],
  [
    1486080000000,
    1.048
  ],
  [
    1486252800000,
    1.021
  ],
  [
    1486339200000,
    0.96
  ],
  [
    1486598400000,
    0.95
  ],
  [
    1486684800000,
    0.928
  ],
  [
    1486771200000,
    1.09
  ],
  [
    1486857600000,
    1.061
  ],
  [
    1486944000000,
    1.07
  ],
  [
    1487116800000,
    1.029
  ],
  [
    1487376000000,
    0.953
  ],
  [
    1487635200000,
    0.879
  ],
  [
    1487894400000,
    0.908
  ],
  [
    1487980800000,
    0.968
  ],
  [
    1488067200000,
    0.973
  ],
  [
    1488153600000,
    0.976
  ],
  [
    1488240000000,
    0.802
  ],
  [
    1488326400000,
    0.965
  ],
  [
    1488412800000,
    0.903
  ],
  [
    1488758400000,
    0.904
  ],
  [
    1488931200000,
    0.902
  ],
  [
    1489017600000,
    0.888
  ],
  [
    1489190400000,
    0.8
  ],
  [
    1489276800000,
    0.85
  ],
  [
    1489363200000,
    0.81
  ],
  [
    1489449600000,
    0.884
  ],
  [
    1489708800000,
    0.89
  ],
  [
    1489795200000,
    0.8
  ],
  [
    1489881600000,
    0.936
  ],
  [
    1489968000000,
    0.953
  ],
  [
    1490227200000,
    0.896
  ],
  [
    1490400000000,
    0.874
  ],
  [
    1490486400000,
    1.211
  ],
  [
    1490655600000,
    0.826
  ],
  [
    1490828400000,
    0.811
  ],
  [
    1490914800000,
    0.877
  ],
  [
    1491087600000,
    0.763
  ],
  [
    1491174000000,
    0.886
  ],
  [
    1491260400000,
    0.885
  ],
  [
    1491346800000,
    0.873
  ],
  [
    1491519600000,
    0.855
  ],
  [
    1491778800000,
    0.752
  ],
  [
    1491865200000,
    0.617
  ],
  [
    1491951600000,
    0.747
  ],
  [
    1492124400000,
    0.842
  ],
  [
    1492210800000,
    0.837
  ],
  [
    1492383600000,
    0.69
  ],
  [
    1492470000000,
    0.819
  ],
  [
    1492556400000,
    0.848
  ],
  [
    1492642800000,
    0.85
  ],
  [
    1492729200000,
    0.85
  ],
  [
    1492815600000,
    0.878
  ],
  [
    1492902000000,
    0.887
  ],
  [
    1492988400000,
    0.87
  ],
  [
    1493161200000,
    0.93
  ],
  [
    1493334000000,
    0.925
  ],
  [
    1493420400000,
    0.893
  ],
  [
    1493506800000,
    0.818
  ],
  [
    1493593200000,
    0.946
  ],
  [
    1493766000000,
    0.963
  ],
  [
    1493852400000,
    0.75
  ],
  [
    1493938800000,
    0.755
  ],
  [
    1494025200000,
    0.741
  ],
  [
    1494111600000,
    0.728
  ],
  [
    1494198000000,
    0.955
  ],
  [
    1494543600000,
    1.034
  ],
  [
    1494716400000,
    1.079
  ],
  [
    1495062000000,
    0.76
  ],
  [
    1495321200000,
    0.79
  ],
  [
    1495580400000,
    0.74
  ],
  [
    1495666800000,
    0.766
  ],
  [
    1495753200000,
    0.917
  ],
  [
    1495839600000,
    0.85
  ],
  [
    1495926000000,
    0.863
  ],
  [
    1496098800000,
    1.478
  ],
  [
    1496185200000,
    3.936
  ],
  [
    1496271600000,
    7.097
  ],
  [
    1496358000000,
    8.144
  ],
  [
    1496530800000,
    20.025
  ],
  [
    1496617200000,
    10.855
  ],
  [
    1496703600000,
    2.27
  ],
  [
    1496790000000,
    2.598
  ],
  [
    1496876400000,
    5.014
  ],
  [
    1497222000000,
    4.579
  ],
  [
    1497308400000,
    3.496
  ],
  [
    1497567600000,
    1.2
  ],
  [
    1497913200000,
    3
  ],
  [
    1497999600000,
    2.8
  ],
  [
    1498172400000,
    2.925
  ],
  [
    1498345200000,
    7.347
  ],
  [
    1498431600000,
    4.076
  ],
  [
    1498518000000,
    1.997
  ],
  [
    1498777200000,
    1.914
  ],
  [
    1498950000000,
    1.3
  ],
  [
    1499036400000,
    1.38
  ],
  [
    1499209200000,
    0.999
  ],
  [
    1499382000000,
    1.32
  ],
  [
    1499641200000,
    0.253
  ],
  [
    1499814000000,
    1.12
  ],
  [
    1499900400000,
    1.131
  ],
  [
    1499986800000,
    1.103
  ],
  [
    1500159600000,
    1.136
  ],
  [
    1500246000000,
    0.921
  ],
  [
    1500332400000,
    1.08
  ],
  [
    1500505200000,
    1.079
  ],
  [
    1500678000000,
    1.18
  ],
  [
    1500937200000,
    1.325
  ],
  [
    1501196400000,
    1.21
  ],
  [
    1501455600000,
    1.31
  ],
  [
    1501628400000,
    1.38
  ],
  [
    1501714800000,
    1.665
  ],
  [
    1501801200000,
    1.42
  ],
  [
    1501887600000,
    1.409
  ],
  [
    1502060400000,
    1.518
  ],
  [
    1502233200000,
    1.414
  ],
  [
    1502578800000,
    1.547
  ],
  [
    1502665200000,
    1.67
  ],
  [
    1502838000000,
    1.67
  ],
  [
    1502924400000,
    1.697
  ],
  [
    1503270000000,
    1.751
  ],
  [
    1503356400000,
    1.704
  ],
  [
    1503615600000,
    1.483
  ],
  [
    1503702000000,
    2.27
  ],
  [
    1504134000000,
    1.787
  ],
  [
    1504220400000,
    1.739
  ],
  [
    1504306800000,
    1.771
  ],
  [
    1504825200000,
    1.24
  ],
  [
    1505170800000,
    1.54
  ],
  [
    1505516400000,
    1.618
  ],
  [
    1505775600000,
    1.733
  ],
  [
    1505862000000,
    1.74
  ],
  [
    1506034800000,
    1.468
  ],
  [
    1506121200000,
    1.2
  ],
  [
    1506380400000,
    1.311
  ],
  [
    1506726000000,
    1.19
  ],
  [
    1506812400000,
    1.1
  ],
  [
    1506985200000,
    1.242
  ],
  [
    1507330800000,
    1.181
  ],
  [
    1507590000000,
    1.088
  ],
  [
    1507849200000,
    1.126
  ],
  [
    1507935600000,
    1.113
  ],
  [
    1508281200000,
    1.056
  ],
  [
    1508454000000,
    1.006
  ],
  [
    1508540400000,
    1.101
  ],
  [
    1508713200000,
    0.948
  ],
  [
    1508972400000,
    0.829
  ],
  [
    1509145200000,
    1.136
  ],
  [
    1509408000000,
    1.061
  ],
  [
    1509753600000,
    0.762
  ],
  [
    1510099200000,
    0.752
  ],
  [
    1510185600000,
    0.79
  ],
  [
    1510272000000,
    0.867
  ],
  [
    1510358400000,
    1.039
  ],
  [
    1510444800000,
    1.036
  ],
  [
    1510617600000,
    1.023
  ],
  [
    1511049600000,
    1.008
  ],
  [
    1511222400000,
    1.01
  ],
  [
    1511308800000,
    1.012
  ],
  [
    1511568000000,
    1.03
  ],
  [
    1511654400000,
    0.916
  ],
  [
    1511740800000,
    1.003
  ],
  [
    1511827200000,
    0.991
  ],
  [
    1512000000000,
    0.924
  ],
  [
    1512086400000,
    0.977
  ],
  [
    1512172800000,
    0.996
  ],
  [
    1512432000000,
    0.993
  ],
  [
    1512518400000,
    0.64
  ],
  [
    1512604800000,
    0.901
  ],
  [
    1512691200000,
    0.945
  ],
  [
    1512864000000,
    0.946
  ],
  [
    1512950400000,
    1.048
  ],
  [
    1513036800000,
    0.992
  ],
  [
    1513123200000,
    0.989
  ],
  [
    1513209600000,
    1.012
  ],
  [
    1513468800000,
    1.019
  ],
  [
    1513728000000,
    1.094
  ],
  [
    1513987200000,
    1.048
  ],
  [
    1514073600000,
    1.107
  ],
  [
    1514332800000,
    0.762
  ],
  [
    1514419200000,
    1.09
  ],
  [
    1514678400000,
    1.08
  ],
  [
    1514764800000,
    1.101
  ],
  [
    1514851200000,
    1.102
  ],
  [
    1515024000000,
    0.843
  ],
  [
    1515369600000,
    1.106
  ],
  [
    1515715200000,
    1.021
  ],
  [
    1516147200000,
    0.994
  ],
  [
    1516406400000,
    1.199
  ],
  [
    1516492800000,
    1.042
  ],
  [
    1516665600000,
    1.218
  ],
  [
    1516838400000,
    1.237
  ],
  [
    1517011200000,
    1.278
  ],
  [
    1517097600000,
    0.73
  ],
  [
    1517184000000,
    0.89
  ],
  [
    1517270400000,
    0.79
  ],
  [
    1517356800000,
    0.883
  ],
  [
    1517443200000,
    0.883
  ],
  [
    1517529600000,
    1.041
  ],
  [
    1517702400000,
    0.967
  ],
  [
    1517788800000,
    1.008
  ],
  [
    1517875200000,
    0.797
  ],
  [
    1517961600000,
    1.003
  ],
  [
    1518220800000,
    0.909
  ],
  [
    1518307200000,
    0.98
  ],
  [
    1518393600000,
    0.991
  ],
  [
    1518739200000,
    1.14
  ],
  [
    1518825600000,
    1.048
  ],
  [
    1518998400000,
    0.909
  ],
  [
    1519516800000,
    1.06
  ],
  [
    1519603200000,
    1.197
  ],
  [
    1519689600000,
    1.186
  ],
  [
    1519776000000,
    1.204
  ],
  [
    1519862400000,
    1.188
  ],
  [
    1520035200000,
    1.125
  ],
  [
    1520121600000,
    1.23
  ],
  [
    1520208000000,
    1.283
  ],
  [
    1520467200000,
    1.178
  ],
  [
    1520726400000,
    1.269
  ],
  [
    1520812800000,
    1.278
  ],
  [
    1520899200000,
    1.277
  ],
  [
    1521676800000,
    1.283
  ],
  [
    1522018800000,
    1.39
  ],
  [
    1522105200000,
    1.365
  ],
  [
    1522278000000,
    1.366
  ],
  [
    1522450800000,
    1.065
  ],
  [
    1522710000000,
    1.004
  ],
  [
    1522796400000,
    0.98
  ],
  [
    1523487600000,
    0.989
  ],
  [
    1523660400000,
    0.923
  ],
  [
    1524006000000,
    0.93
  ],
  [
    1524092400000,
    0.789
  ],
  [
    1524524400000,
    0.572
  ],
  [
    1525129200000,
    0.744
  ],
  [
    1525215600000,
    0.747
  ],
  [
    1525388400000,
    0.747
  ],
  [
    1525561200000,
    0.767
  ],
  [
    1525647600000,
    0.802
  ],
  [
    1525820400000,
    0.786
  ],
  [
    1525906800000,
    0.742
  ],
  [
    1525993200000,
    0.746
  ],
  [
    1526166000000,
    0.741
  ],
  [
    1526857200000,
    0.718
  ],
  [
    1526943600000,
    0.64
  ],
  [
    1527116400000,
    0.74
  ],
  [
    1527375600000,
    0.748
  ],
  [
    1527807600000,
    0.651
  ],
  [
    1527980400000,
    0.74
  ],
  [
    1528066800000,
    0.749
  ],
  [
    1528412400000,
    0.558
  ],
  [
    1528498800000,
    0.734
  ],
  [
    1528585200000,
    0.705
  ],
  [
    1528671600000,
    0.54
  ],
  [
    1529017200000,
    0.555
  ],
  [
    1529276400000,
    0.532
  ],
  [
    1529362800000,
    0.574
  ],
  [
    1529535600000,
    0.543
  ],
  [
    1529708400000,
    0.585
  ],
  [
    1529967600000,
    0.552
  ],
  [
    1530140400000,
    0.533
  ],
  [
    1530399600000,
    0.596
  ],
  [
    1530658800000,
    0.629
  ],
  [
    1530918000000,
    0.705
  ],
  [
    1531004400000,
    0.709
  ],
  [
    1531177200000,
    0.736
  ],
  [
    1531263600000,
    0.72
  ],
  [
    1531350000000,
    0.652
  ],
  [
    1531436400000,
    0.596
  ],
  [
    1531695600000,
    0.736
  ],
  [
    1532127600000,
    0.591
  ],
  [
    1532386800000,
    0.588
  ],
  [
    1532473200000,
    0.59
  ],
  [
    1532991600000,
    0.693
  ],
  [
    1533164400000,
    0.614
  ],
  [
    1533250800000,
    0.716
  ],
  [
    1533423600000,
    0.719
  ],
  [
    1533510000000,
    0.779
  ],
  [
    1533682800000,
    0.672
  ],
  [
    1534028400000,
    1.058
  ],
  [
    1534114800000,
    1.062
  ],
  [
    1534374000000,
    1.287
  ],
  [
    1534460400000,
    0.57
  ],
  [
    1534806000000,
    1.062
  ],
  [
    1534892400000,
    0.53
  ],
  [
    1534978800000,
    1.323
  ],
  [
    1535065200000,
    0.565
  ],
  [
    1535324400000,
    1.324
  ],
  [
    1535497200000,
    0.925
  ],
  [
    1535670000000,
    1.3
  ],
  [
    1536274800000,
    0.967
  ],
  [
    1537311600000,
    0.976
  ],
  [
    1537830000000,
    0.698
  ],
  [
    1537916400000,
    0.59
  ],
  [
    1538348400000,
    0.943
  ],
  [
    1539558000000,
    0.81
  ],
  [
    1539817200000,
    0.575
  ],
  [
    1540076400000,
    0.937
  ],
  [
    1540335600000,
    0.91
  ],
  [
    1540508400000,
    0.876
  ],
  [
    1540594800000,
    0.919
  ],
  [
    1540944000000,
    0.724
  ],
  [
    1541030400000,
    0.834
  ],
  [
    1541116800000,
    0.746
  ],
  [
    1541462400000,
    0.771
  ],
  [
    1541548800000,
    0.79
  ],
  [
    1541808000000,
    0.63
  ],
  [
    1541894400000,
    0.827
  ],
  [
    1542153600000,
    0.921
  ],
  [
    1543276800000,
    1.492
  ],
  [
    1543536000000,
    0.777
  ],
  [
    1544227200000,
    0.709
  ],
  [
    1544313600000,
    0.853
  ],
  [
    1544572800000,
    0.769
  ],
  [
    1545004800000,
    0.716
  ],
  [
    1545177600000,
    0.742
  ],
  [
    1545696000000,
    0.742
  ],
  [
    1545782400000,
    0.742
  ],
  [
    1545868800000,
    0.771
  ],
  [
    1546041600000,
    0.609
  ],
  [
    1546128000000,
    0.848
  ],
  [
    1546214400000,
    0.827
  ],
  [
    1546300800000,
    0.666
  ],
  [
    1546387200000,
    0.727
  ],
  [
    1546646400000,
    0.843
  ],
  [
    1546732800000,
    0.84
  ],
  [
    1546905600000,
    0.839
  ],
  [
    1546992000000,
    0.85
  ],
  [
    1547078400000,
    0.867
  ],
  [
    1547164800000,
    0.931
  ],
  [
    1547337600000,
    0.788
  ],
  [
    1547683200000,
    0.65
  ],
  [
    1547856000000,
    0.62
  ],
  [
    1547942400000,
    0.73
  ],
  [
    1548115200000,
    0.744
  ],
  [
    1548201600000,
    0.785
  ],
  [
    1548288000000,
    0.899
  ],
  [
    1548374400000,
    0.529
  ],
  [
    1548633600000,
    0.967
  ],
  [
    1548806400000,
    0.18
  ],
  [
    1548979200000,
    0.52
  ],
  [
    1549152000000,
    0.728
  ],
  [
    1549324800000,
    0.65
  ],
  [
    1549411200000,
    0.678
  ],
  [
    1549497600000,
    0.739
  ],
  [
    1549756800000,
    0.95
  ],
  [
    1550102400000,
    0.64
  ],
  [
    1550188800000,
    0.621
  ],
  [
    1550361600000,
    0.7
  ],
  [
    1550707200000,
    0.725
  ],
  [
    1550880000000,
    0.992
  ],
  [
    1551312000000,
    0.03
  ],
  [
    1551398400000,
    0.956
  ],
  [
    1551657600000,
    0.7
  ],
  [
    1551830400000,
    1.011
  ],
  [
    1552003200000,
    0.981
  ],
  [
    1552348800000,
    0.69
  ],
  [
    1552608000000,
    0.9
  ],
  [
    1552694400000,
    0.915
  ],
  [
    1552780800000,
    1.063
  ],
  [
    1552953600000,
    0.909
  ],
  [
    1553299200000,
    0.78
  ],
  [
    1553558400000,
    1.202
  ],
  [
    1553817600000,
    1.073
  ],
  [
    1553990400000,
    1.06
  ],
  [
    1554246000000,
    0.873
  ],
  [
    1554332400000,
    1.003
  ],
  [
    1554505200000,
    1.225
  ],
  [
    1554591600000,
    0.8
  ],
  [
    1554764400000,
    1.15
  ],
  [
    1554937200000,
    0.84
  ],
  [
    1555369200000,
    1.18
  ],
  [
    1555455600000,
    1.248
  ],
  [
    1555542000000,
    1.174
  ],
  [
    1555628400000,
    0.944
  ],
  [
    1556060400000,
    1.06
  ],
  [
    1556406000000,
    1.061
  ],
  [
    1556838000000,
    1.219
  ],
  [
    1556924400000,
    0.87
  ],
  [
    1557442800000,
    1.128
  ],
  [
    1557615600000,
    1.163
  ],
  [
    1558047600000,
    1.124
  ],
  [
    1558652400000,
    1.19
  ],
  [
    1558738800000,
    1.238
  ],
  [
    1558998000000,
    1.208
  ],
  [
    1559084400000,
    0.805
  ],
  [
    1559170800000,
    1.012
  ],
  [
    1559343600000,
    1.223
  ],
  [
    1559430000000,
    2.612
  ],
  [
    1559516400000,
    1.207
  ],
  [
    1559602800000,
    1.167
  ],
  [
    1559775600000,
    1.078
  ],
  [
    1559862000000,
    1.15
  ],
  [
    1560034800000,
    1.027
  ],
  [
    1560466800000,
    1.368
  ],
  [
    1560639600000,
    1.39
  ],
  [
    1560812400000,
    1.653
  ],
  [
    1561158000000,
    1.682
  ],
  [
    1561762800000,
    1.12
  ],
  [
    1562454000000,
    1.081
  ],
  [
    1562799600000,
    1.61
  ],
  [
    1562972400000,
    1.382
  ],
  [
    1563404400000,
    1.154
  ],
  [
    1563663600000,
    7.91
  ],
  [
    1563922800000,
    2.58
  ],
  [
    1564009200000,
    1.205
  ],
  [
    1564182000000,
    10.67
  ],
  [
    1564354800000,
    1.307
  ],
  [
    1564441200000,
    1.332
  ],
  [
    1564873200000,
    1.395
  ],
  [
    1566169200000,
    1.327
  ],
  [
    1566255600000,
    2.024
  ],
  [
    1566514800000,
    1.224
  ],
  [
    1566601200000,
    1.627
  ],
  [
    1567033200000,
    1.744
  ],
  [
    1567292400000,
    1.736
  ],
  [
    1568502000000,
    1.787
  ],
  [
    1568934000000,
    1.86
  ],
  [
    1569020400000,
    1.555
  ],
  [
    1569538800000,
    1.799
  ],
  [
    1570057200000,
    1.208
  ],
  [
    1570575600000,
    1.346
  ],
  [
    1571094000000,
    1.72
  ],
  [
    1571266800000,
    1.776
  ],
  [
    1571353200000,
    1.804
  ],
  [
    1571439600000,
    1.71
  ],
  [
    1571526000000,
    1.747
  ],
  [
    1571785200000,
    1.42
  ],
  [
    1571871600000,
    1.42
  ],
  [
    1571958000000,
    1.712
  ],
  [
    1572307200000,
    1.76
  ],
  [
    1572739200000,
    1.53
  ],
  [
    1573084800000,
    1.633
  ],
  [
    1573257600000,
    2.128
  ],
  [
    1573430400000,
    2.128
  ],
  [
    1574553600000,
    2.094
  ],
  [
    1574726400000,
    2.012
  ],
  [
    1574812800000,
    1.524
  ],
  [
    1574985600000,
    1.56
  ],
  [
    1575158400000,
    1.55
  ],
  [
    1576022400000,
    1.54
  ],
  [
    1576195200000,
    1.49
  ],
  [
    1576540800000,
    1.816
  ],
  [
    1577145600000,
    1.23
  ],
  [
    1577232000000,
    1.113
  ],
  [
    1577923200000,
    1.471
  ],
  [
    1578268800000,
    1.491
  ],
  [
    1578355200000,
    1.36
  ],
  [
    1578528000000,
    11.81
  ],
  [
    1578614400000,
    1.458
  ],
  [
    1578700800000,
    1.508
  ],
  [
    1578873600000,
    1.658
  ],
  [
    1578960000000,
    1.388
  ],
  [
    1579046400000,
    1.617
  ],
  [
    1579305600000,
    2.041
  ],
  [
    1579478400000,
    2.392
  ],
  [
    1579824000000,
    1.468
  ],
  [
    1580256000000,
    1.346
  ],
  [
    1581033600000,
    1.098
  ],
  [
    1581206400000,
    0.919
  ],
  [
    1581292800000,
    1.532
  ],
  [
    1581638400000,
    2.02
  ],
  [
    1581811200000,
    1.43
  ],
  [
    1582070400000,
    1.382
  ],
  [
    1582329600000,
    1.226
  ],
  [
    1582416000000,
    1.219
  ],
  [
    1582675200000,
    1.395
  ],
  [
    1582761600000,
    1.556
  ],
  [
    1582934400000,
    1.534
  ],
  [
    1583020800000,
    1.618
  ],
  [
    1583107200000,
    1.475
  ],
  [
    1583280000000,
    1.362
  ],
  [
    1583452800000,
    1.545
  ],
  [
    1583625600000,
    1.315
  ],
  [
    1583798400000,
    1.475
  ],
  [
    1583884800000,
    1.282
  ],
  [
    1583971200000,
    1.49
  ],
  [
    1584144000000,
    1.143
  ],
  [
    1584230400000,
    1.443
  ],
  [
    1584316800000,
    1.361
  ],
  [
    1584403200000,
    1.071
  ],
  [
    1584576000000,
    1.171
  ],
  [
    1584662400000,
    1.19
  ],
  [
    1585008000000,
    1.112
  ],
  [
    1585094400000,
    1.199
  ],
  [
    1585267200000,
    1.061
  ],
  [
    1585353600000,
    1.27
  ],
  [
    1585522800000,
    1.532
  ],
  [
    1586041200000,
    1.262
  ],
  [
    1586127600000,
    1.207
  ],
  [
    1586300400000,
    1.368
  ],
  [
    1586473200000,
    1.334
  ],
  [
    1586646000000,
    1.058
  ],
  [
    1586818800000,
    2.713
  ],
  [
    1586991600000,
    1.054
  ],
  [
    1587078000000,
    1.278
  ],
  [
    1587250800000,
    1.334
  ],
  [
    1587337200000,
    1.248
  ],
  [
    1587682800000,
    1.272
  ],
  [
    1587769200000,
    1.227
  ],
  [
    1587855600000,
    1.234
  ],
  [
    1588287600000,
    1.2
  ],
  [
    1588374000000,
    1.261
  ],
  [
    1588546800000,
    21.935
  ],
  [
    1589238000000,
    1.209
  ],
  [
    1589410800000,
    1.066
  ],
  [
    1589670000000,
    0.97
  ],
  [
    1589842800000,
    1.16
  ],
  [
    1590102000000,
    1.15
  ],
  [
    1590274800000,
    1.115
  ],
  [
    1590361200000,
    1.133
  ],
  [
    1590534000000,
    1.265
  ],
  [
    1590620400000,
    1.278
  ],
  [
    1591052400000,
    0.98
  ],
  [
    1591138800000,
    1.26
  ],
  [
    1591225200000,
    1.27
  ],
  [
    1591484400000,
    1.239
  ],
  [
    1591570800000,
    1.153
  ],
  [
    1591657200000,
    1.27
  ],
  [
    1591916400000,
    1.287
  ],
  [
    1592089200000,
    1.31
  ],
  [
    1592175600000,
    1.433
  ],
  [
    1592262000000,
    1.466
  ],
  [
    1592866800000,
    1.03
  ],
  [
    1593039600000,
    1.304
  ],
  [
    1593126000000,
    1.147
  ],
  [
    1593817200000,
    0.854
  ],
  [
    1593903600000,
    1.4
  ],
  [
    1594249200000,
    1.19
  ],
  [
    1594508400000,
    1.288
  ],
  [
    1595199600000,
    1.313
  ],
  [
    1595631600000,
    1.322
  ],
  [
    1595718000000,
    1.468
  ],
  [
    1595890800000,
    1.306
  ],
  [
    1596150000000,
    1.27
  ],
  [
    1596236400000,
    1.531
  ],
  [
    1596322800000,
    1.26
  ],
  [
    1596927600000,
    1.244
  ],
  [
    1597014000000,
    1.151
  ],
  [
    1597273200000,
    1.302
  ],
  [
    1597359600000,
    1.218
  ],
  [
    1597446000000,
    1.178
  ],
  [
    1597705200000,
    1.848
  ],
  [
    1597791600000,
    1.098
  ],
  [
    1598050800000,
    1.297
  ],
  [
    1598310000000,
    1.857
  ],
  [
    1598482800000,
    2.298
  ],
  [
    1598655600000,
    1.337
  ],
  [
    1599001200000,
    1.34
  ],
  [
    1599346800000,
    0.9
  ],
  [
    1599865200000,
    0.932
  ],
  [
    1600038000000,
    1.539
  ],
  [
    1600124400000,
    2.451
  ],
  [
    1600210800000,
    1.447
  ],
  [
    1600383600000,
    1.51
  ],
  [
    1600729200000,
    1.495
  ],
  [
    1600902000000,
    1.469
  ],
  [
    1602111600000,
    2.128
  ],
  [
    1602457200000,
    1.688
  ],
  [
    1602543600000,
    2.009
  ],
  [
    1602802800000,
    1.66
  ],
  [
    1604448000000,
    1.897
  ],
  [
    1604534400000,
    1.92
  ],
  [
    1604620800000,
    2.001
  ],
  [
    1604707200000,
    1.699
  ],
  [
    1604793600000,
    1.674
  ],
  [
    1604880000000,
    2.007
  ],
  [
    1605744000000,
    1.963
  ],
  [
    1606176000000,
    1.721
  ],
  [
    1606435200000,
    1.517
  ],
  [
    1606608000000,
    1.598
  ],
  [
    1606694400000,
    1.53
  ],
  [
    1606867200000,
    1.293
  ],
  [
    1606953600000,
    1.536
  ],
  [
    1607040000000,
    1.507
  ],
  [
    1607472000000,
    1.495
  ],
  [
    1607731200000,
    1.545
  ],
  [
    1608249600000,
    1.771
  ],
  [
    1608595200000,
    1.784
  ],
  [
    1608854400000,
    1.77
  ],
  [
    1609286400000,
    1.795
  ],
  [
    1609804800000,
    2.14
  ],
  [
    1610064000000,
    2.176
  ],
  [
    1610496000000,
    2.169
  ],
  [
    1610582400000,
    2.162
  ],
  [
    1611100800000,
    1.489
  ],
  [
    1611273600000,
    1.869
  ],
  [
    1612828800000,
    1.609
  ],
  [
    1613001600000,
    1.628
  ],
  [
    1613174400000,
    1.917
  ],
  [
    1613606400000,
    1.492
  ],
  [
    1614124800000,
    1.35
  ],
  [
    1614211200000,
    3.177
  ],
  [
    1614556800000,
    1.996
  ],
  [
    1614729600000,
    1.39
  ],
  [
    1614816000000,
    1.767
  ],
  [
    1615075200000,
    1.27
  ],
  [
    1615852800000,
    1.882
  ],
  [
    1616025600000,
    2.082
  ],
  [
    1616112000000,
    2.162
  ],
  [
    1616457600000,
    2.337
  ],
  [
    1616803200000,
    2.085
  ],
  [
    1617145200000,
    1.577
  ],
  [
    1617318000000,
    1.707
  ],
  [
    1617750000000,
    1.563
  ],
  [
    1618354800000,
    1.479
  ],
  [
    1618527600000,
    1.5
  ],
  [
    1618700400000,
    1.769
  ],
  [
    1618786800000,
    1.775
  ],
  [
    1620860400000,
    1.611
  ],
  [
    1621206000000,
    2.346
  ],
  [
    1621551600000,
    468.014
  ],
  [
    1621638000000,
    2.214
  ],
  [
    1621724400000,
    2.346
  ],
  [
    1621897200000,
    1.514
  ],
  [
    1621983600000,
    2.329
  ],
  [
    1622761200000,
    2.128
  ],
  [
    1623452400000,
    2.085
  ],
  [
    1623538800000,
    2.02
  ],
  [
    1623625200000,
    2.577
  ],
  [
    1623884400000,
    2.63
  ],
  [
    1623970800000,
    2.626
  ],
  [
    1624143600000,
    2.628
  ],
  [
    1624230000000,
    2.562
  ],
  [
    1624316400000,
    2.736
  ],
  [
    1624402800000,
    2.139
  ],
  [
    1624489200000,
    2.749
  ],
  [
    1625353200000,
    2.317
  ],
  [
    1626303600000,
    2.765
  ],
  [
    1626390000000,
    2.092
  ],
  [
    1626476400000,
    1.75
  ],
  [
    1626562800000,
    1.923
  ],
  [
    1626994800000,
    1.633
  ],
  [
    1628118000000,
    2.593
  ],
  [
    1628463600000,
    2.006
  ],
  [
    1628722800000,
    1.455
  ],
  [
    1628982000000,
    1.388
  ],
  [
    1629154800000,
    1.414
  ],
  [
    1629241200000,
    1.35
  ],
  [
    1629586800000,
    1.794
  ],
  [
    1629932400000,
    1.732
  ],
  [
    1630105200000,
    1.549
  ],
  [
    1630537200000,
    2.208
  ],
  [
    1631055600000,
    1.879
  ],
  [
    1631142000000,
    1.567
  ],
  [
    1631919600000,
    2.592
  ],
  [
    1632178800000,
    1.817
  ],
  [
    1632351600000,
    1.284
  ],
  [
    1632438000000,
    1.371
  ],
  [
    1632870000000,
    1.358
  ],
  [
    1633042800000,
    12.001
  ],
  [
    1633388400000,
    1.337
  ],
  [
    1633993200000,
    1.473
  ],
  [
    1634079600000,
    1.485
  ],
  [
    1634943600000,
    1.164
  ],
  [
    1635202800000,
    1.348
  ],
  [
    1635289200000,
    1.381
  ],
  [
    1635811200000,
    1.692
  ],
  [
    1635984000000,
    1.388
  ],
  [
    1636588800000,
    1.399
  ],
  [
    1636848000000,
    1.749
  ],
  [
    1636934400000,
    1.384
  ],
  [
    1637884800000,
    1.361
  ],
  [
    1638489600000,
    1.966
  ],
  [
    1638662400000,
    2.645
  ],
  [
    1639094400000,
    1.097
  ],
  [
    1639267200000,
    1.81
  ],
  [
    1639612800000,
    2.3
  ],
  [
    1640217600000,
    1.878
  ],
  [
    1641772800000,
    1.341
  ],
  [
    1641859200000,
    1.372
  ],
  [
    1641945600000,
    1.052
  ],
  [
    1642032000000,
    1.54
  ],
  [
    1642896000000,
    1.472
  ],
  [
    1643068800000,
    1.219
  ],
  [
    1643155200000,
    1.16
  ],
  [
    1643760000000,
    1.282
  ],
  [
    1643846400000,
    1.47
  ],
  [
    1643932800000,
    1.271
  ],
  [
    1644969600000,
    1.429
  ],
  [
    1645228800000,
    1.415
  ],
  [
    1645401600000,
    1.595
  ],
  [
    1645574400000,
    2.349
  ],
  [
    1646265600000,
    2.004
  ],
  [
    1646438400000,
    1.272
  ],
  [
    1646524800000,
    1.996
  ],
  [
    1646697600000,
    1.436
  ],
  [
    1646784000000,
    1.459
  ],
  [
    1647302400000,
    1.65
  ],
  [
    1647993600000,
    2.088
  ],
  [
    1648252800000,
    1.956
  ],
  [
    1648594800000,
    2.009
  ],
  [
    1648854000000,
    1.793
  ],
  [
    1649199600000,
    1.797
  ],
  [
    1649458800000,
    1.861
  ],
  [
    1649545200000,
    1.73
  ],
  [
    1649804400000,
    1.58
  ],
  [
    1649890800000,
    1.768
  ],
  [
    1650150000000,
    1.303
  ],
  [
    1650668400000,
    1.598
  ],
  [
    1651014000000,
    1.58
  ],
  [
    1651532400000,
    1.628
  ],
  [
    1652137200000,
    1.909
  ],
  [
    1652569200000,
    1.477
  ],
  [
    1653346800000,
    1.9
  ],
  [
    1653433200000,
    1.935
  ],
  [
    1653865200000,
    1.518
  ],
  [
    1654038000000,
    1.99
  ],
  [
    1654383600000,
    1.952
  ],
  [
    1654470000000,
    2.188
  ],
  [
    1655247600000,
    1.723
  ],
  [
    1655766000000,
    1.964
  ],
  [
    1656111600000,
    2.475
  ],
  [
    1657753200000,
    2.014
  ],
  [
    1657926000000,
    1.889
  ],
  [
    1658185200000,
    4.014
  ],
  [
    1658876400000,
    1.622
  ],
  [
    1661468400000,
    1.55
  ],
  [
    1661554800000,
    1.651
  ],
  [
    1662073200000,
    2.012
  ],
  [
    1662505200000,
    1.662
  ],
  [
    1662591600000,
    3.005
  ],
  [
    1663196400000,
    2.497
  ],
  [
    1663369200000,
    0.837
  ],
  [
    1663714800000,
    1.51
  ],
  [
    1664060400000,
    1.565
  ],
  [
    1664492400000,
    1.453
  ],
  [
    1664578800000,
    1.499
  ],
  [
    1664924400000,
    2.199
  ],
  [
    1665097200000,
    2.277
  ],
  [
    1665270000000,
    1.7
  ],
  [
    1665615600000,
    1.692
  ],
  [
    1665874800000,
    1.8
  ],
  [
    1666047600000,
    2.289
  ],
  [
    1666479600000,
    2.834
  ],
  [
    1668384000000,
    2.792
  ],
  [
    1668816000000,
    1.62
  ],
  [
    1669161600000,
    1.51
  ],
  [
    1669507200000,
    1.479
  ],
  [
    1670198400000,
    1.5
  ],
  [
    1670803200000,
    1.526
  ],
  [
    1670976000000,
    1.596
  ],
  [
    1671235200000,
    1.58
  ],
  [
    1671408000000,
    1.566
  ],
  [
    1671840000000,
    1.959
  ],
  [
    1672099200000,
    1.966
  ],
  [
    1672358400000,
    1.967
  ],
  [
    1672444800000,
    2.262
  ],
  [
    1672617600000,
    1.679
  ],
  [
    1672704000000,
    1.974
  ],
  [
    1672790400000,
    1.93
  ],
  [
    1673049600000,
    2.33
  ],
  [
    1673308800000,
    2.793
  ],
  [
    1673568000000,
    2.27
  ],
  [
    1674345600000,
    2.692
  ],
  [
    1674518400000,
    2.719
  ],
  [
    1674604800000,
    2.732
  ],
  [
    1674777600000,
    2.39
  ],
  [
    1675296000000,
    2.439
  ],
  [
    1675382400000,
    2.915
  ],
  [
    1675555200000,
    2.434
  ],
  [
    1675641600000,
    2.399
  ],
  [
    1675900800000,
    2.68
  ],
  [
    1676246400000,
    2.439
  ],
  [
    1676505600000,
    2.283
  ],
  [
    1676678400000,
    1.622
  ],
  [
    1676851200000,
    1.95
  ],
  [
    1676937600000,
    3.194
  ],
  [
    1677196800000,
    3.167
  ],
  [
    1677369600000,
    1.92
  ],
  [
    1677715200000,
    2.12
  ],
  [
    1678233600000,
    2.461
  ],
  [
    1678320000000,
    2.253
  ],
  [
    1678406400000,
    2.463
  ],
  [
    1678492800000,
    2.36
  ],
  [
    1678579200000,
    2.738
  ],
  [
    1678665600000,
    2.748
  ],
  [
    1678924800000,
    2.583
  ],
  [
    1679097600000,
    2.84
  ],
  [
    1679270400000,
    2.874
  ],
  [
    1679443200000,
    2.481
  ],
  [
    1679702400000,
    2.498
  ],
  [
    1679788800000,
    2.27
  ],
  [
    1679958000000,
    2.564
  ],
  [
    1680217200000,
    2.612
  ],
  [
    1680390000000,
    2.21
  ],
  [
    1680735600000,
    1.881
  ],
  [
    1680994800000,
    2.141
  ],
  [
    1681254000000,
    2.103
  ],
  [
    1681340400000,
    2.511
  ],
  [
    1681426800000,
    2.583
  ],
  [
    1681772400000,
    2.517
  ],
  [
    1682031600000,
    2.51
  ],
  [
    1682290800000,
    2.535
  ],
  [
    1682463600000,
    2.246
  ],
  [
    1682550000000,
    2.249
  ],
  [
    1682636400000,
    2.11
  ],
  [
    1682809200000,
    1.535
  ],
  [
    1683068400000,
    2.003
  ],
  [
    1683154800000,
    2.489
  ],
  [
    1683500400000,
    2.202
  ],
  [
    1683932400000,
    1.978
  ],
  [
    1684018800000,
    1.703
  ],
  [
    1684105200000,
    2.02
  ],
  [
    1684364400000,
    1.858
  ],
  [
    1684623600000,
    2.455
  ],
  [
    1684796400000,
    2.488
  ],
  [
    1684882800000,
    2.504
  ],
  [
    1685746800000,
    2.351
  ],
  [
    1685833200000,
    2.561
  ],
  [
    1686092400000,
    2.15
  ],
  [
    1686265200000,
    2.35
  ],
  [
    1687042800000,
    2.446
  ],
  [
    1687302000000,
    2.73
  ],
  [
    1687474800000,
    2.915
  ],
  [
    1687561200000,
    3.237
  ],
  [
    1687906800000,
    3.265
  ],
  [
    1688166000000,
    3.414
  ],
  [
    1688252400000,
    1.911
  ],
  [
    1688338800000,
    3.409
  ],
  [
    1688684400000,
    3.39
  ],
  [
    1689548400000,
    3.553
  ],
  [
    1690326000000,
    3.141
  ],
  [
    1691017200000,
    2.938
  ],
  [
    1694041200000,
    3.099
  ],
  [
    1694646000000,
    3.458
  ],
  [
    1694818800000,
    3.479
  ],
  [
    1695337200000,
    3.183
  ],
  [
    1695423600000,
    3.193
  ],
  [
    1695510000000,
    3.544
  ],
  [
    1695855600000,
    3.626
  ],
  [
    1696546800000,
    3.96
  ],
  [
    1696719600000,
    2.214
  ],
  [
    1697065200000,
    4.161
  ],
  [
    1697151600000,
    4
  ],
  [
    1697497200000,
    4.218
  ],
  [
    1697583600000,
    4.11
  ],
  [
    1698015600000,
    4.09
  ],
  [
    1698274800000,
    4.098
  ],
  [
    1698447600000,
    5.491
  ],
  [
    1698624000000,
    4.153
  ],
  [
    1698969600000,
    4.11
  ],
  [
    1700006400000,
    4.332
  ],
  [
    1700784000000,
    3.795
  ],
  [
    1700870400000,
    4.189
  ],
  [
    1701561600000,
    4.335
  ],
  [
    1702080000000,
    4.3
  ],
  [
    1702512000000,
    4.473
  ],
  [
    1702598400000,
    3.85
  ],
  [
    1703030400000,
    4.139
  ],
  [
    1703289600000,
    4.438
  ],
  [
    1703894400000,
    4.46
  ],
  [
    1704412800000,
    4.013
  ],
  [
    1704585600000,
    4.554
  ],
  [
    1704844800000,
    4.081
  ],
  [
    1704931200000,
    1.034
  ],
  [
    1705104000000,
    4.73
  ],
  [
    1705190400000,
    4.681
  ],
  [
    1705622400000,
    4.03
  ],
  [
    1706313600000,
    4.76
  ],
  [
    1707609600000,
    4.014
  ],
  [
    1708473600000,
    4.003
  ],
  [
    1708819200000,
    4.721
  ],
  [
    1709251200000,
    4.35
  ],
  [
    1709596800000,
    3.84
  ],
  [
    1709856000000,
    4.9
  ],
  [
    1710115200000,
    4.906
  ],
  [
    1710288000000,
    4.297
  ],
  [
    1710374400000,
    3.99
  ],
  [
    1710460800000,
    4.761
  ],
  [
    1710547200000,
    4.03
  ],
  [
    1710633600000,
    1.06
  ],
  [
    1711238400000,
    4.977
  ],
  [
    1711926000000,
    4.641
  ],
  [
    1712617200000,
    5.155
  ],
  [
    1713222000000,
    3.86
  ],
  [
    1713308400000,
    5.106
  ],
  [
    1713567600000,
    5.179
  ],
  [
    1714258800000,
    5.356
  ],
  [
    1714863600000,
    4.541
  ],
  [
    1715382000000,
    4.31
  ],
  [
    1717390800000,
    5.436
  ],
  [
    1717412400000,
    5.431
  ],
  [
    1717556400000,
    5.445
  ],
  [
    1717639200000,
    5.65
  ],
  [
    1717779600000,
    5.61
  ],
  [
    1718204400000,
    5.59
  ]
]