[
  [
    1574121600000,
    7.282
  ],
  [
    1574208000000,
    9.474
  ],
  [
    1574294400000,
    10.206
  ],
  [
    1574380800000,
    10.423
  ],
  [
    1574467200000,
    11.401
  ],
  [
    1574553600000,
    12.308
  ],
  [
    1574640000000,
    11.877
  ],
  [
    1574726400000,
    12.114
  ],
  [
    1574812800000,
    14.142
  ],
  [
    1574899200000,
    13.206
  ],
  [
    1574985600000,
    13.951
  ],
  [
    1575072000000,
    15.621
  ],
  [
    1575158400000,
    16.97
  ],
  [
    1575244800000,
    17.885
  ],
  [
    1575331200000,
    20.188
  ],
  [
    1575417600000,
    17.606
  ],
  [
    1575504000000,
    19.689
  ],
  [
    1575590400000,
    21.842
  ],
  [
    1575676800000,
    20.739
  ],
  [
    1575763200000,
    23.167
  ],
  [
    1575849600000,
    22.65
  ],
  [
    1575936000000,
    23.083
  ],
  [
    1576022400000,
    24.877
  ],
  [
    1576108800000,
    23.229
  ],
  [
    1576195200000,
    20.841
  ],
  [
    1576281600000,
    20.083
  ],
  [
    1576368000000,
    21.562
  ],
  [
    1576454400000,
    20.583
  ],
  [
    1576540800000,
    24.499
  ],
  [
    1576627200000,
    19.414
  ],
  [
    1576713600000,
    18.528
  ],
  [
    1576800000000,
    20.173
  ],
  [
    1576886400000,
    21.012
  ],
  [
    1576972800000,
    20.071
  ],
  [
    1577059200000,
    20.522
  ],
  [
    1577145600000,
    21.077
  ],
  [
    1577232000000,
    20.622
  ],
  [
    1577318400000,
    20.35
  ],
  [
    1577404800000,
    20.143
  ],
  [
    1577491200000,
    20.104
  ],
  [
    1577577600000,
    24.191
  ],
  [
    1577664000000,
    22.051
  ],
  [
    1577750400000,
    21.357
  ],
  [
    1577836800000,
    20.653
  ],
  [
    1577923200000,
    20.061
  ],
  [
    1578009600000,
    20.539
  ],
  [
    1578096000000,
    22.007
  ],
  [
    1578182400000,
    21.54
  ],
  [
    1578268800000,
    22.741
  ],
  [
    1578355200000,
    21.664
  ],
  [
    1578441600000,
    21.542
  ],
  [
    1578528000000,
    24.422
  ],
  [
    1578614400000,
    22.436
  ],
  [
    1578700800000,
    22.863
  ],
  [
    1578787200000,
    22.613
  ],
  [
    1578873600000,
    21.337
  ],
  [
    1578960000000,
    22.152
  ],
  [
    1579046400000,
    23.719
  ],
  [
    1579132800000,
    24.523
  ],
  [
    1579219200000,
    22.891
  ],
  [
    1579305600000,
    21.149
  ],
  [
    1579392000000,
    22.068
  ],
  [
    1579478400000,
    23.481
  ],
  [
    1579564800000,
    21.394
  ],
  [
    1579651200000,
    21.16
  ],
  [
    1579737600000,
    21.55
  ],
  [
    1579824000000,
    21.329
  ],
  [
    1579910400000,
    21.045
  ],
  [
    1579996800000,
    20.512
  ],
  [
    1580083200000,
    22.31
  ],
  [
    1580169600000,
    21.591
  ],
  [
    1580256000000,
    21.902
  ],
  [
    1580342400000,
    21.886
  ],
  [
    1580428800000,
    22.52
  ],
  [
    1580515200000,
    25.632
  ],
  [
    1580601600000,
    24.613
  ],
  [
    1580688000000,
    29.019
  ],
  [
    1580774400000,
    39.352
  ],
  [
    1580860800000,
    40.453
  ],
  [
    1580947200000,
    35.795
  ],
  [
    1581033600000,
    33.591
  ],
  [
    1581120000000,
    30.043
  ],
  [
    1581206400000,
    31.889
  ],
  [
    1581292800000,
    27.931
  ],
  [
    1581379200000,
    28.672
  ],
  [
    1581465600000,
    28.323
  ],
  [
    1581552000000,
    28.917
  ],
  [
    1581638400000,
    30.863
  ],
  [
    1581724800000,
    30.638
  ],
  [
    1581811200000,
    30.153
  ],
  [
    1581897600000,
    30.418
  ],
  [
    1581984000000,
    30.852
  ],
  [
    1582070400000,
    30.221
  ],
  [
    1582156800000,
    30.784
  ],
  [
    1582243200000,
    30.527
  ],
  [
    1582329600000,
    32.319
  ],
  [
    1582416000000,
    37.514
  ],
  [
    1582502400000,
    43.142
  ],
  [
    1582588800000,
    44.969
  ],
  [
    1582675200000,
    39.176
  ],
  [
    1582761600000,
    40.403
  ],
  [
    1582848000000,
    43.227
  ],
  [
    1582934400000,
    47.594
  ],
  [
    1583020800000,
    46.302
  ],
  [
    1583107200000,
    38.778
  ],
  [
    1583193600000,
    39.94
  ],
  [
    1583280000000,
    39.713
  ],
  [
    1583366400000,
    37.626
  ],
  [
    1583452800000,
    38.386
  ],
  [
    1583539200000,
    37.82
  ],
  [
    1583625600000,
    36.063
  ],
  [
    1583712000000,
    39.592
  ],
  [
    1583798400000,
    37.473
  ],
  [
    1583884800000,
    36.663
  ],
  [
    1583971200000,
    37.918
  ],
  [
    1584057600000,
    37.248
  ],
  [
    1584144000000,
    34.256
  ],
  [
    1584230400000,
    37.836
  ],
  [
    1584316800000,
    34.716
  ],
  [
    1584403200000,
    35.172
  ],
  [
    1584489600000,
    35.894
  ],
  [
    1584576000000,
    37.192
  ],
  [
    1584662400000,
    36.169
  ],
  [
    1584748800000,
    36.998
  ],
  [
    1584835200000,
    35.359
  ],
  [
    1584921600000,
    34.362
  ],
  [
    1585008000000,
    33.226
  ],
  [
    1585094400000,
    34.554
  ],
  [
    1585180800000,
    34.375
  ],
  [
    1585267200000,
    33.637
  ],
  [
    1585353600000,
    34.698
  ],
  [
    1585440000000,
    34.894
  ],
  [
    1585522800000,
    35.43
  ],
  [
    1585609200000,
    34.716
  ],
  [
    1585695600000,
    34.883
  ],
  [
    1585782000000,
    33.863
  ],
  [
    1585868400000,
    33.263
  ],
  [
    1585954800000,
    31.857
  ],
  [
    1586041200000,
    31.638
  ],
  [
    1586127600000,
    31.47
  ],
  [
    1586214000000,
    33.014
  ],
  [
    1586300400000,
    32.763
  ],
  [
    1586386800000,
    30.896
  ],
  [
    1586473200000,
    32.105
  ],
  [
    1586559600000,
    39.565
  ],
  [
    1586646000000,
    30.792
  ],
  [
    1586732400000,
    28.863
  ],
  [
    1586818800000,
    32.428
  ],
  [
    1586905200000,
    28.882
  ],
  [
    1586991600000,
    28.38
  ],
  [
    1587078000000,
    27.603
  ],
  [
    1587164400000,
    28.845
  ],
  [
    1587250800000,
    30.074
  ],
  [
    1587337200000,
    28.99
  ],
  [
    1587423600000,
    28.588
  ],
  [
    1587510000000,
    27.141
  ],
  [
    1587596400000,
    32.949
  ],
  [
    1587682800000,
    29.051
  ],
  [
    1587769200000,
    28.352
  ],
  [
    1587855600000,
    28.48
  ],
  [
    1587942000000,
    29.308
  ],
  [
    1588028400000,
    30.504
  ],
  [
    1588114800000,
    32.343
  ],
  [
    1588201200000,
    33.092
  ],
  [
    1588287600000,
    32.678
  ],
  [
    1588374000000,
    32.537
  ],
  [
    1588460400000,
    32.55
  ],
  [
    1588546800000,
    32.603
  ],
  [
    1588633200000,
    31.199
  ],
  [
    1588719600000,
    35.507
  ],
  [
    1588806000000,
    32.994
  ],
  [
    1588892400000,
    31.883
  ],
  [
    1588978800000,
    32.134
  ],
  [
    1589065200000,
    32.146
  ],
  [
    1589151600000,
    32.079
  ],
  [
    1589238000000,
    39.661
  ],
  [
    1589324400000,
    31.759
  ],
  [
    1589410800000,
    34.623
  ],
  [
    1589497200000,
    35.982
  ],
  [
    1589583600000,
    34.531
  ],
  [
    1589670000000,
    36.919
  ],
  [
    1589756400000,
    37.032
  ],
  [
    1589842800000,
    37.155
  ],
  [
    1589929200000,
    37.936
  ],
  [
    1590015600000,
    36.858
  ],
  [
    1590102000000,
    36.958
  ],
  [
    1590188400000,
    36.5
  ],
  [
    1590361200000,
    34.077
  ],
  [
    1590447600000,
    32.94
  ],
  [
    1590534000000,
    33.616
  ],
  [
    1590620400000,
    32.789
  ],
  [
    1590706800000,
    37.887
  ],
  [
    1590793200000,
    37.701
  ],
  [
    1590879600000,
    35.3
  ],
  [
    1590966000000,
    36.886
  ],
  [
    1591052400000,
    36.57
  ],
  [
    1591138800000,
    39.067
  ],
  [
    1591225200000,
    40.66
  ],
  [
    1591311600000,
    37.202
  ],
  [
    1591398000000,
    35.915
  ],
  [
    1591484400000,
    35.576
  ],
  [
    1591570800000,
    33.257
  ],
  [
    1591657200000,
    41.805
  ],
  [
    1591743600000,
    33.445
  ],
  [
    1591830000000,
    34.368
  ],
  [
    1591916400000,
    36.917
  ],
  [
    1592002800000,
    34.329
  ],
  [
    1592089200000,
    42.491
  ],
  [
    1592175600000,
    32.87
  ],
  [
    1592262000000,
    34.511
  ],
  [
    1592348400000,
    33.205
  ],
  [
    1592434800000,
    53.191
  ],
  [
    1592521200000,
    36.083
  ],
  [
    1592607600000,
    35.409
  ],
  [
    1592694000000,
    34.436
  ],
  [
    1592780400000,
    36.173
  ],
  [
    1592866800000,
    38.121
  ],
  [
    1592953200000,
    33.684
  ],
  [
    1593039600000,
    32.442
  ],
  [
    1593126000000,
    33.28
  ],
  [
    1593212400000,
    34.967
  ],
  [
    1593298800000,
    35.006
  ],
  [
    1593385200000,
    41.63
  ],
  [
    1593471600000,
    35.244
  ],
  [
    1593558000000,
    36.956
  ],
  [
    1593644400000,
    37.152
  ],
  [
    1593730800000,
    39.763
  ],
  [
    1593817200000,
    37.858
  ],
  [
    1593903600000,
    37.429
  ],
  [
    1593990000000,
    36.105
  ],
  [
    1594076400000,
    38.383
  ],
  [
    1594162800000,
    37.171
  ],
  [
    1594249200000,
    46.524
  ],
  [
    1594335600000,
    40.513
  ],
  [
    1594422000000,
    42.111
  ],
  [
    1594508400000,
    38.038
  ],
  [
    1594594800000,
    37.697
  ],
  [
    1594681200000,
    37.719
  ],
  [
    1594767600000,
    41.641
  ],
  [
    1594854000000,
    42.448
  ],
  [
    1594940400000,
    40.053
  ],
  [
    1595026800000,
    39.17
  ],
  [
    1595113200000,
    39.637
  ],
  [
    1595199600000,
    39.372
  ],
  [
    1595286000000,
    38.232
  ],
  [
    1595372400000,
    42.382
  ],
  [
    1595458800000,
    39.707
  ],
  [
    1595545200000,
    42.2
  ],
  [
    1595631600000,
    44.454
  ],
  [
    1595718000000,
    43.469
  ],
  [
    1595804400000,
    39.02
  ],
  [
    1595890800000,
    38.93
  ],
  [
    1595977200000,
    42.353
  ],
  [
    1596063600000,
    41.187
  ],
  [
    1596150000000,
    43.144
  ],
  [
    1596236400000,
    47.528
  ],
  [
    1596322800000,
    42.834
  ],
  [
    1596409200000,
    42.008
  ],
  [
    1596495600000,
    47.88
  ],
  [
    1596582000000,
    40.71
  ],
  [
    1596668400000,
    43.397
  ],
  [
    1596754800000,
    45.923
  ],
  [
    1596841200000,
    40.333
  ],
  [
    1596927600000,
    39.326
  ],
  [
    1597014000000,
    41.636
  ],
  [
    1597100400000,
    38.719
  ],
  [
    1597186800000,
    38.924
  ],
  [
    1597273200000,
    39.892
  ],
  [
    1597359600000,
    43.995
  ],
  [
    1597446000000,
    39.977
  ],
  [
    1597532400000,
    40.005
  ],
  [
    1597705200000,
    38.031
  ],
  [
    1597791600000,
    40.441
  ],
  [
    1597878000000,
    40.148
  ],
  [
    1597964400000,
    39.656
  ],
  [
    1598050800000,
    40.559
  ],
  [
    1598137200000,
    38.854
  ],
  [
    1598223600000,
    37.876
  ],
  [
    1598310000000,
    38.236
  ],
  [
    1598396400000,
    37.173
  ],
  [
    1598482800000,
    35.353
  ],
  [
    1598569200000,
    38.472
  ],
  [
    1598655600000,
    42.236
  ],
  [
    1598742000000,
    37.545
  ],
  [
    1598828400000,
    36.161
  ],
  [
    1598914800000,
    40.053
  ],
  [
    1599001200000,
    38.753
  ],
  [
    1599087600000,
    36.422
  ],
  [
    1599174000000,
    37.5
  ],
  [
    1599260400000,
    35.54
  ],
  [
    1599346800000,
    35.135
  ],
  [
    1599433200000,
    36.782
  ],
  [
    1599519600000,
    35.586
  ],
  [
    1599606000000,
    34.289
  ],
  [
    1599692400000,
    35.163
  ],
  [
    1599778800000,
    36.524
  ],
  [
    1599865200000,
    38.557
  ],
  [
    1599951600000,
    39.372
  ],
  [
    1600038000000,
    38.3
  ],
  [
    1600210800000,
    38.289
  ],
  [
    1600297200000,
    39.469
  ],
  [
    1600383600000,
    39.589
  ],
  [
    1600470000000,
    41.605
  ],
  [
    1600556400000,
    43.725
  ],
  [
    1600642800000,
    40.559
  ],
  [
    1600729200000,
    41.281
  ],
  [
    1600815600000,
    41.64
  ],
  [
    1600902000000,
    40.514
  ],
  [
    1600988400000,
    41.989
  ],
  [
    1601074800000,
    43.88
  ],
  [
    1601161200000,
    43.404
  ],
  [
    1601247600000,
    40.53
  ],
  [
    1601334000000,
    43.693
  ],
  [
    1601420400000,
    39.88
  ],
  [
    1601506800000,
    50.015
  ],
  [
    1601593200000,
    41.985
  ],
  [
    1601679600000,
    43.12
  ],
  [
    1601766000000,
    45.74
  ],
  [
    1602025200000,
    42.074
  ],
  [
    1602111600000,
    42.85
  ],
  [
    1602198000000,
    41.006
  ],
  [
    1602284400000,
    41.277
  ],
  [
    1602370800000,
    42.331
  ],
  [
    1602457200000,
    46.238
  ],
  [
    1602543600000,
    43.509
  ],
  [
    1602630000000,
    41.65
  ],
  [
    1602716400000,
    41.782
  ],
  [
    1602802800000,
    46.465
  ],
  [
    1602889200000,
    42.541
  ],
  [
    1603062000000,
    43.039
  ],
  [
    1603148400000,
    41.875
  ],
  [
    1603234800000,
    41.75
  ],
  [
    1603407600000,
    41.431
  ],
  [
    1603494000000,
    46.498
  ],
  [
    1603580400000,
    43.38
  ],
  [
    1603670400000,
    43.047
  ],
  [
    1603843200000,
    42.25
  ],
  [
    1603929600000,
    45.97
  ],
  [
    1604016000000,
    41
  ],
  [
    1604102400000,
    43.002
  ],
  [
    1604188800000,
    40.857
  ],
  [
    1604275200000,
    45.281
  ],
  [
    1604361600000,
    76.17
  ],
  [
    1604448000000,
    44.38
  ],
  [
    1604534400000,
    41.744
  ],
  [
    1604620800000,
    43.512
  ],
  [
    1604707200000,
    41.762
  ],
  [
    1604793600000,
    44.137
  ],
  [
    1604880000000,
    43.748
  ],
  [
    1604966400000,
    43.778
  ],
  [
    1605052800000,
    41.631
  ],
  [
    1605139200000,
    41.916
  ],
  [
    1605225600000,
    40.839
  ],
  [
    1605312000000,
    42.085
  ],
  [
    1605398400000,
    42.727
  ],
  [
    1605484800000,
    43.073
  ],
  [
    1605571200000,
    41.045
  ],
  [
    1605657600000,
    44.765
  ],
  [
    1605744000000,
    43.523
  ],
  [
    1605830400000,
    44.911
  ],
  [
    1605916800000,
    36.507
  ],
  [
    1606003200000,
    42.597
  ],
  [
    1606089600000,
    43.141
  ],
  [
    1606176000000,
    44.997
  ],
  [
    1606262400000,
    78.559
  ],
  [
    1606348800000,
    38.405
  ],
  [
    1606435200000,
    52.938
  ],
  [
    1606521600000,
    36.974
  ],
  [
    1606608000000,
    38.266
  ],
  [
    1606694400000,
    42.971
  ],
  [
    1606780800000,
    43
  ],
  [
    1606867200000,
    40.42
  ],
  [
    1606953600000,
    46.13
  ],
  [
    1607040000000,
    38.44
  ],
  [
    1607126400000,
    35.067
  ],
  [
    1607212800000,
    35.334
  ],
  [
    1607299200000,
    40.771
  ],
  [
    1607385600000,
    45.352
  ],
  [
    1607472000000,
    44.338
  ],
  [
    1607558400000,
    35.291
  ],
  [
    1607644800000,
    36.66
  ],
  [
    1607731200000,
    37.957
  ],
  [
    1607817600000,
    36.419
  ],
  [
    1607904000000,
    38.418
  ],
  [
    1607990400000,
    39.615
  ],
  [
    1608076800000,
    40.101
  ],
  [
    1608163200000,
    45.79
  ],
  [
    1608336000000,
    43.395
  ],
  [
    1608422400000,
    47.836
  ],
  [
    1608508800000,
    48.858
  ],
  [
    1608681600000,
    42.061
  ],
  [
    1608768000000,
    45.772
  ],
  [
    1608854400000,
    48.038
  ],
  [
    1609027200000,
    46.361
  ],
  [
    1609113600000,
    52.39
  ],
  [
    1609200000000,
    51.165
  ],
  [
    1609286400000,
    53.495
  ],
  [
    1609372800000,
    56.55
  ],
  [
    1609459200000,
    58.788
  ],
  [
    1609545600000,
    58.967
  ],
  [
    1609632000000,
    60.188
  ],
  [
    1609718400000,
    57.093
  ],
  [
    1609804800000,
    76.462
  ],
  [
    1609891200000,
    68.12
  ],
  [
    1609977600000,
    59
  ],
  [
    1610064000000,
    57.75
  ],
  [
    1610150400000,
    57.555
  ],
  [
    1610236800000,
    59.749
  ],
  [
    1610323200000,
    57.18
  ],
  [
    1610496000000,
    56.927
  ],
  [
    1610582400000,
    61.904
  ],
  [
    1610668800000,
    72.567
  ],
  [
    1610755200000,
    72.453
  ],
  [
    1610841600000,
    64.602
  ],
  [
    1610928000000,
    67.475
  ],
  [
    1611187200000,
    67.12
  ],
  [
    1611360000000,
    67.839
  ],
  [
    1611446400000,
    61.694
  ],
  [
    1611532800000,
    67.32
  ],
  [
    1611619200000,
    61.195
  ],
  [
    1611705600000,
    57.725
  ],
  [
    1611792000000,
    61.905
  ],
  [
    1611878400000,
    58.468
  ],
  [
    1611964800000,
    61.962
  ],
  [
    1612051200000,
    57.539
  ],
  [
    1612137600000,
    63.737
  ],
  [
    1612224000000,
    63.454
  ],
  [
    1612310400000,
    59.2
  ],
  [
    1612396800000,
    71.264
  ],
  [
    1612483200000,
    62.8
  ],
  [
    1612569600000,
    62.1
  ],
  [
    1612656000000,
    67.633
  ],
  [
    1612742400000,
    63.152
  ],
  [
    1612828800000,
    79.9
  ],
  [
    1612915200000,
    60.711
  ],
  [
    1613001600000,
    61.513
  ],
  [
    1613088000000,
    56.916
  ],
  [
    1613174400000,
    56.336
  ],
  [
    1613260800000,
    63.698
  ],
  [
    1613347200000,
    60.38
  ],
  [
    1613433600000,
    53.287
  ],
  [
    1613520000000,
    60.508
  ],
  [
    1613606400000,
    60.212
  ],
  [
    1613692800000,
    53.924
  ],
  [
    1613779200000,
    60.538
  ],
  [
    1613865600000,
    60.358
  ],
  [
    1613952000000,
    61.355
  ],
  [
    1614038400000,
    53.12
  ],
  [
    1614124800000,
    56.411
  ],
  [
    1614211200000,
    53.978
  ],
  [
    1614297600000,
    52.16
  ],
  [
    1614384000000,
    56.097
  ],
  [
    1614556800000,
    55.581
  ],
  [
    1614643200000,
    58.73
  ],
  [
    1614729600000,
    58.592
  ],
  [
    1614816000000,
    55.79
  ],
  [
    1614902400000,
    64.738
  ],
  [
    1614988800000,
    63.834
  ],
  [
    1615161600000,
    60.03
  ],
  [
    1615248000000,
    59.68
  ],
  [
    1615334400000,
    58.39
  ],
  [
    1615420800000,
    73.298
  ],
  [
    1615507200000,
    67.65
  ],
  [
    1615593600000,
    67.724
  ],
  [
    1615680000000,
    67.539
  ],
  [
    1615766400000,
    61.84
  ],
  [
    1615939200000,
    60.868
  ],
  [
    1616025600000,
    63.912
  ],
  [
    1616112000000,
    73.141
  ],
  [
    1616198400000,
    69.615
  ],
  [
    1616284800000,
    82.146
  ],
  [
    1616371200000,
    82.249
  ],
  [
    1616457600000,
    88.419
  ],
  [
    1616544000000,
    84.477
  ],
  [
    1616630400000,
    86.607
  ],
  [
    1616716800000,
    89.45
  ],
  [
    1616803200000,
    99.262
  ],
  [
    1616889600000,
    84.009
  ],
  [
    1616972400000,
    85.16
  ],
  [
    1617058800000,
    94.679
  ],
  [
    1617145200000,
    80.451
  ],
  [
    1617231600000,
    80.872
  ],
  [
    1617318000000,
    81
  ],
  [
    1617404400000,
    88.185
  ],
  [
    1617490800000,
    90.695
  ],
  [
    1617577200000,
    86.213
  ],
  [
    1617663600000,
    91.866
  ],
  [
    1617750000000,
    90.798
  ],
  [
    1617922800000,
    83.261
  ],
  [
    1618009200000,
    78.38
  ],
  [
    1618095600000,
    82
  ],
  [
    1618182000000,
    84.793
  ],
  [
    1618354800000,
    89.78
  ],
  [
    1618441200000,
    99.9
  ],
  [
    1618614000000,
    91.543
  ],
  [
    1618700400000,
    88.435
  ],
  [
    1618786800000,
    88.24
  ],
  [
    1618873200000,
    141.991
  ],
  [
    1619046000000,
    105.604
  ],
  [
    1619132400000,
    92.051
  ],
  [
    1619218800000,
    91.48
  ],
  [
    1619305200000,
    92.366
  ],
  [
    1619391600000,
    93.22
  ],
  [
    1619478000000,
    93.091
  ],
  [
    1619564400000,
    107.022
  ],
  [
    1619650800000,
    117.108
  ],
  [
    1619737200000,
    130.323
  ],
  [
    1619823600000,
    141.74
  ],
  [
    1619910000000,
    116.98
  ],
  [
    1619996400000,
    116.346
  ],
  [
    1620082800000,
    116.44
  ],
  [
    1620169200000,
    154.834
  ],
  [
    1620255600000,
    114.51
  ],
  [
    1620428400000,
    110.31
  ],
  [
    1620687600000,
    114.043
  ],
  [
    1620774000000,
    121.591
  ],
  [
    1620860400000,
    120.134
  ],
  [
    1620946800000,
    132.802
  ],
  [
    1621033200000,
    113.68
  ],
  [
    1621292400000,
    122.275
  ],
  [
    1621378800000,
    127.863
  ],
  [
    1621465200000,
    156.71
  ],
  [
    1621551600000,
    131.898
  ],
  [
    1621638000000,
    143.4
  ],
  [
    1621724400000,
    152.45
  ],
  [
    1621810800000,
    157.35
  ],
  [
    1621897200000,
    169.656
  ],
  [
    1621983600000,
    200
  ],
  [
    1622156400000,
    279.24
  ],
  [
    1622242800000,
    211.01
  ],
  [
    1622588400000,
    300.73
  ],
  [
    1622674800000,
    241.624
  ],
  [
    1622761200000,
    301.897
  ],
  [
    1622847600000,
    335.504
  ],
  [
    1622934000000,
    297.013
  ],
  [
    1623020400000,
    297.81
  ],
  [
    1623106800000,
    300.95
  ],
  [
    1623193200000,
    317.37
  ],
  [
    1623279600000,
    335.702
  ],
  [
    1623366000000,
    394.967
  ],
  [
    1623452400000,
    321.967
  ],
  [
    1623538800000,
    294.015
  ],
  [
    1623625200000,
    398.918
  ],
  [
    1623711600000,
    305.255
  ],
  [
    1623798000000,
    307.35
  ],
  [
    1623970800000,
    307.48
  ],
  [
    1624057200000,
    316.491
  ],
  [
    1624143600000,
    277.358
  ],
  [
    1624230000000,
    270.018
  ],
  [
    1624316400000,
    261.7
  ],
  [
    1624402800000,
    259.02
  ],
  [
    1624489200000,
    232.59
  ],
  [
    1624575600000,
    208.957
  ],
  [
    1624662000000,
    219.48
  ],
  [
    1624834800000,
    215.665
  ],
  [
    1624921200000,
    225.496
  ],
  [
    1625007600000,
    206.558
  ],
  [
    1625094000000,
    208.802
  ],
  [
    1625180400000,
    216.723
  ],
  [
    1625266800000,
    184.025
  ],
  [
    1625353200000,
    185.93
  ],
  [
    1625439600000,
    181.24
  ],
  [
    1625526000000,
    134
  ],
  [
    1625612400000,
    216.537
  ],
  [
    1625871600000,
    179.065
  ],
  [
    1625958000000,
    151.225
  ],
  [
    1626303600000,
    190
  ],
  [
    1626390000000,
    167.64
  ],
  [
    1626476400000,
    189.203
  ],
  [
    1626562800000,
    171.204
  ],
  [
    1626649200000,
    134.68
  ],
  [
    1626822000000,
    178.27
  ],
  [
    1626908400000,
    192.964
  ],
  [
    1627081200000,
    208.524
  ],
  [
    1627167600000,
    180.29
  ],
  [
    1627340400000,
    211.915
  ],
  [
    1627513200000,
    206.327
  ],
  [
    1627599600000,
    179.99
  ],
  [
    1627686000000,
    209.357
  ],
  [
    1627772400000,
    176.73
  ],
  [
    1627858800000,
    200.64
  ],
  [
    1627945200000,
    174.525
  ],
  [
    1628031600000,
    174.49
  ],
  [
    1628118000000,
    174.116
  ],
  [
    1628377200000,
    171.404
  ],
  [
    1628463600000,
    170.179
  ],
  [
    1628636400000,
    157.044
  ],
  [
    1628722800000,
    154.126
  ],
  [
    1628809200000,
    200.07
  ],
  [
    1628895600000,
    170.224
  ],
  [
    1628982000000,
    163.419
  ],
  [
    1629068400000,
    135.02
  ],
  [
    1629154800000,
    158.345
  ],
  [
    1629241200000,
    141.341
  ],
  [
    1629327600000,
    142.751
  ],
  [
    1629500400000,
    143.934
  ],
  [
    1629673200000,
    143.38
  ],
  [
    1629759600000,
    143.948
  ],
  [
    1629932400000,
    167.12
  ],
  [
    1630278000000,
    144.254
  ],
  [
    1630450800000,
    148.649
  ],
  [
    1630537200000,
    154.373
  ],
  [
    1630623600000,
    142.563
  ],
  [
    1630710000000,
    141.863
  ],
  [
    1630969200000,
    162.511
  ],
  [
    1631142000000,
    138.773
  ],
  [
    1631228400000,
    139.245
  ],
  [
    1631314800000,
    138.05
  ],
  [
    1631401200000,
    134.863
  ],
  [
    1631487600000,
    142.816
  ],
  [
    1631574000000,
    164.01
  ],
  [
    1631746800000,
    147.148
  ],
  [
    1631833200000,
    137.275
  ],
  [
    1631919600000,
    137.74
  ],
  [
    1632006000000,
    137.84
  ],
  [
    1632092400000,
    141.483
  ],
  [
    1632265200000,
    119.819
  ],
  [
    1632351600000,
    107
  ],
  [
    1632438000000,
    113.156
  ],
  [
    1632524400000,
    101.635
  ],
  [
    1632610800000,
    125.732
  ],
  [
    1632697200000,
    120.993
  ],
  [
    1632783600000,
    106.58
  ],
  [
    1632870000000,
    137.603
  ],
  [
    1632956400000,
    122.25
  ],
  [
    1633042800000,
    133.5
  ],
  [
    1633129200000,
    119.064
  ],
  [
    1633215600000,
    141.277
  ],
  [
    1633388400000,
    115.48
  ],
  [
    1633474800000,
    126.596
  ],
  [
    1633647600000,
    128.395
  ],
  [
    1633734000000,
    165.77
  ],
  [
    1633820400000,
    127.817
  ],
  [
    1633906800000,
    145.936
  ],
  [
    1633993200000,
    144.99
  ],
  [
    1634252400000,
    120.903
  ],
  [
    1634338800000,
    119.5
  ],
  [
    1634598000000,
    147.056
  ],
  [
    1634684400000,
    119.86
  ],
  [
    1634770800000,
    130.76
  ],
  [
    1634857200000,
    119.25
  ],
  [
    1634943600000,
    119.1
  ],
  [
    1635116400000,
    119.67
  ],
  [
    1635202800000,
    124
  ],
  [
    1635289200000,
    118.223
  ],
  [
    1635375600000,
    112.54
  ],
  [
    1635462000000,
    122.14
  ],
  [
    1635548400000,
    116.58
  ],
  [
    1635634800000,
    117.04
  ],
  [
    1635724800000,
    113.437
  ],
  [
    1635811200000,
    111.91
  ],
  [
    1635897600000,
    111.98
  ],
  [
    1635984000000,
    113.26
  ],
  [
    1636070400000,
    121.61
  ],
  [
    1636156800000,
    113.377
  ],
  [
    1636243200000,
    120.364
  ],
  [
    1636416000000,
    121.586
  ],
  [
    1636502400000,
    100.016
  ],
  [
    1636588800000,
    108.987
  ],
  [
    1636761600000,
    106.52
  ],
  [
    1636848000000,
    117.531
  ],
  [
    1637020800000,
    125.812
  ],
  [
    1637107200000,
    160.249
  ],
  [
    1637193600000,
    108.03
  ],
  [
    1637280000000,
    115.723
  ],
  [
    1637366400000,
    118.46
  ],
  [
    1637452800000,
    132.85
  ],
  [
    1637539200000,
    108.395
  ],
  [
    1637625600000,
    108.51
  ],
  [
    1637798400000,
    117.774
  ],
  [
    1637884800000,
    117.02
  ],
  [
    1637971200000,
    121.57
  ],
  [
    1638144000000,
    113
  ],
  [
    1638230400000,
    124.376
  ],
  [
    1638316800000,
    113.79
  ],
  [
    1638403200000,
    113.82
  ],
  [
    1638489600000,
    114.02
  ],
  [
    1638662400000,
    142.952
  ],
  [
    1638835200000,
    137.03
  ],
  [
    1638921600000,
    138.145
  ],
  [
    1639094400000,
    179.98
  ],
  [
    1639526400000,
    125.36
  ],
  [
    1639612800000,
    131.59
  ],
  [
    1639699200000,
    150.006
  ],
  [
    1639785600000,
    160.991
  ],
  [
    1639872000000,
    132.86
  ],
  [
    1639958400000,
    132.96
  ],
  [
    1640217600000,
    139.267
  ],
  [
    1640304000000,
    162.06
  ],
  [
    1640390400000,
    130.12
  ],
  [
    1640563200000,
    339.468
  ],
  [
    1640736000000,
    132.83
  ],
  [
    1640908800000,
    134
  ],
  [
    1640995200000,
    135.24
  ],
  [
    1641081600000,
    135.18
  ],
  [
    1641168000000,
    135.23
  ],
  [
    1641254400000,
    132.9
  ],
  [
    1641340800000,
    146.64
  ],
  [
    1641427200000,
    142.062
  ],
  [
    1641686400000,
    138.5
  ],
  [
    1641772800000,
    154.71
  ],
  [
    1641859200000,
    133.53
  ],
  [
    1641945600000,
    138.12
  ],
  [
    1642118400000,
    144.29
  ],
  [
    1642204800000,
    161.915
  ],
  [
    1642377600000,
    172.343
  ],
  [
    1642636800000,
    145.22
  ],
  [
    1642723200000,
    145.25
  ],
  [
    1642809600000,
    160.84
  ],
  [
    1642982400000,
    143.413
  ],
  [
    1643068800000,
    163.158
  ],
  [
    1643155200000,
    147.52
  ],
  [
    1643241600000,
    129.68
  ],
  [
    1643328000000,
    128.52
  ],
  [
    1643414400000,
    133.7
  ],
  [
    1643587200000,
    144.986
  ],
  [
    1643673600000,
    136.815
  ],
  [
    1643846400000,
    125.92
  ],
  [
    1643932800000,
    128.71
  ],
  [
    1644105600000,
    128.8
  ],
  [
    1644192000000,
    137.16
  ],
  [
    1644624000000,
    124.792
  ],
  [
    1644710400000,
    156.877
  ],
  [
    1644883200000,
    132.13
  ],
  [
    1645142400000,
    145.869
  ],
  [
    1645401600000,
    146.05
  ],
  [
    1645488000000,
    146.015
  ],
  [
    1645574400000,
    124.94
  ],
  [
    1645660800000,
    125.016
  ],
  [
    1645747200000,
    139.565
  ],
  [
    1645920000000,
    135.406
  ],
  [
    1646352000000,
    168.1
  ],
  [
    1646438400000,
    145.955
  ],
  [
    1646611200000,
    134.305
  ],
  [
    1646784000000,
    137.58
  ],
  [
    1646870400000,
    132.518
  ],
  [
    1646956800000,
    132.56
  ],
  [
    1647043200000,
    133.58
  ],
  [
    1647129600000,
    229.992
  ],
  [
    1647216000000,
    136
  ],
  [
    1647302400000,
    134.698
  ],
  [
    1647388800000,
    137.877
  ],
  [
    1647475200000,
    133.76
  ],
  [
    1647820800000,
    169.015
  ],
  [
    1648080000000,
    153.07
  ],
  [
    1648166400000,
    152.86
  ],
  [
    1648508400000,
    151.573
  ],
  [
    1648854000000,
    145.707
  ],
  [
    1648940400000,
    170
  ],
  [
    1649026800000,
    147.63
  ],
  [
    1649199600000,
    145.98
  ],
  [
    1649286000000,
    160.235
  ],
  [
    1649372400000,
    147.24
  ],
  [
    1649458800000,
    164.932
  ],
  [
    1649631600000,
    159.85
  ],
  [
    1649804400000,
    151.63
  ],
  [
    1649890800000,
    153.185
  ],
  [
    1649977200000,
    170.95
  ],
  [
    1650150000000,
    158.95
  ],
  [
    1650236400000,
    175
  ],
  [
    1650409200000,
    216.084
  ],
  [
    1650668400000,
    179.49
  ],
  [
    1650927600000,
    188.1
  ],
  [
    1651446000000,
    196.204
  ],
  [
    1651791600000,
    181.37
  ],
  [
    1651878000000,
    169.58
  ],
  [
    1651964400000,
    169.56
  ],
  [
    1652569200000,
    163
  ],
  [
    1653087600000,
    163.031
  ],
  [
    1653174000000,
    159.02
  ],
  [
    1653433200000,
    156.68
  ],
  [
    1653606000000,
    147.27
  ],
  [
    1653692400000,
    178.579
  ],
  [
    1653778800000,
    173.01
  ],
  [
    1653951600000,
    206.701
  ],
  [
    1654124400000,
    150.1
  ],
  [
    1654210800000,
    161.062
  ],
  [
    1654297200000,
    150.16
  ],
  [
    1654383600000,
    149.98
  ],
  [
    1654556400000,
    149.96
  ],
  [
    1654642800000,
    150.38
  ],
  [
    1654815600000,
    140
  ],
  [
    1654902000000,
    153.207
  ],
  [
    1654988400000,
    151.125
  ],
  [
    1655161200000,
    150.188
  ],
  [
    1655247600000,
    147.27
  ],
  [
    1655506800000,
    141.98
  ],
  [
    1655593200000,
    161.92
  ],
  [
    1656284400000,
    197.017
  ],
  [
    1656457200000,
    134.98
  ],
  [
    1656630000000,
    137.59
  ],
  [
    1656716400000,
    145.592
  ],
  [
    1656802800000,
    140.71
  ],
  [
    1656889200000,
    141.02
  ],
  [
    1656975600000,
    141.495
  ],
  [
    1657062000000,
    162.362
  ],
  [
    1657148400000,
    137.365
  ],
  [
    1657234800000,
    138.305
  ],
  [
    1657407600000,
    139.79
  ],
  [
    1657580400000,
    141.21
  ],
  [
    1657753200000,
    139.815
  ],
  [
    1657839600000,
    145.75
  ],
  [
    1658098800000,
    148.85
  ],
  [
    1658185200000,
    239.644
  ],
  [
    1658271600000,
    149.27
  ],
  [
    1658358000000,
    156.447
  ],
  [
    1658703600000,
    165.536
  ],
  [
    1658876400000,
    145.66
  ],
  [
    1658962800000,
    146.173
  ],
  [
    1659049200000,
    148.02
  ],
  [
    1659308400000,
    149.47
  ],
  [
    1659394800000,
    184.51
  ],
  [
    1659481200000,
    159.055
  ],
  [
    1659567600000,
    151.29
  ],
  [
    1659740400000,
    149.93
  ],
  [
    1659826800000,
    147.71
  ],
  [
    1659913200000,
    143.1
  ],
  [
    1660086000000,
    145.43
  ],
  [
    1660258800000,
    155.595
  ],
  [
    1660345200000,
    163.009
  ],
  [
    1660431600000,
    147.58
  ],
  [
    1660604400000,
    142.95
  ],
  [
    1660690800000,
    141
  ],
  [
    1660863600000,
    142.933
  ],
  [
    1661209200000,
    142.11
  ],
  [
    1661295600000,
    143.1
  ],
  [
    1661468400000,
    149.887
  ],
  [
    1661814000000,
    192.495
  ],
  [
    1661900400000,
    150.163
  ],
  [
    1661986800000,
    160.537
  ],
  [
    1662073200000,
    170.228
  ],
  [
    1662159600000,
    155.32
  ],
  [
    1662246000000,
    164.631
  ],
  [
    1662332400000,
    349.94
  ],
  [
    1662505200000,
    156.18
  ],
  [
    1662591600000,
    151.295
  ],
  [
    1662678000000,
    153.48
  ],
  [
    1662764400000,
    155.405
  ],
  [
    1662850800000,
    145.17
  ],
  [
    1663110000000,
    160.475
  ],
  [
    1663196400000,
    237.005
  ],
  [
    1663542000000,
    196.68
  ],
  [
    1663714800000,
    152.393
  ],
  [
    1663974000000,
    146.74
  ],
  [
    1664146800000,
    145.93
  ],
  [
    1664233200000,
    110.63
  ],
  [
    1664319600000,
    140.12
  ],
  [
    1664406000000,
    140.08
  ],
  [
    1664492400000,
    151.829
  ],
  [
    1664578800000,
    140.5
  ],
  [
    1664665200000,
    140.72
  ],
  [
    1664838000000,
    140
  ],
  [
    1665010800000,
    140.37
  ],
  [
    1665183600000,
    142.128
  ],
  [
    1665442800000,
    72.484
  ],
  [
    1665529200000,
    145.4
  ],
  [
    1665615600000,
    144.99
  ],
  [
    1665702000000,
    182.29
  ],
  [
    1665788400000,
    146.12
  ],
  [
    1666134000000,
    147.98
  ],
  [
    1666220400000,
    167.41
  ],
  [
    1666566000000,
    168.56
  ],
  [
    1666652400000,
    137.85
  ],
  [
    1666738800000,
    159.94
  ],
  [
    1666825200000,
    152.86
  ],
  [
    1667084400000,
    148.736
  ],
  [
    1667174400000,
    166.184
  ],
  [
    1667260800000,
    164.683
  ],
  [
    1667433600000,
    137.054
  ],
  [
    1667606400000,
    155.245
  ],
  [
    1667692800000,
    163.5
  ],
  [
    1667779200000,
    160.575
  ],
  [
    1667865600000,
    160.36
  ],
  [
    1668124800000,
    177.58
  ],
  [
    1668211200000,
    177.47
  ],
  [
    1668297600000,
    194.062
  ],
  [
    1668384000000,
    175.08
  ],
  [
    1668556800000,
    171.85
  ],
  [
    1668729600000,
    192.504
  ],
  [
    1668816000000,
    170.71
  ],
  [
    1668988800000,
    187.295
  ],
  [
    1669161600000,
    172.68
  ],
  [
    1669248000000,
    176.55
  ],
  [
    1669334400000,
    190.994
  ],
  [
    1669420800000,
    194.2
  ],
  [
    1669507200000,
    160
  ],
  [
    1669680000000,
    193.361
  ],
  [
    1669766400000,
    198.848
  ],
  [
    1669852800000,
    214.2
  ],
  [
    1670025600000,
    196.391
  ],
  [
    1670371200000,
    203.824
  ],
  [
    1670544000000,
    224.03
  ],
  [
    1670630400000,
    181.21
  ],
  [
    1670889600000,
    178.204
  ],
  [
    1671148800000,
    238.05
  ],
  [
    1671753600000,
    175.37
  ],
  [
    1671926400000,
    176.883
  ],
  [
    1672012800000,
    175.16
  ],
  [
    1672099200000,
    174.318
  ],
  [
    1672185600000,
    178.443
  ],
  [
    1672272000000,
    210.06
  ],
  [
    1672358400000,
    171.637
  ],
  [
    1672531200000,
    172
  ],
  [
    1672704000000,
    172.73
  ],
  [
    1672790400000,
    177.37
  ],
  [
    1672876800000,
    182.572
  ],
  [
    1672963200000,
    150.22
  ],
  [
    1673049600000,
    248.805
  ],
  [
    1673136000000,
    180.03
  ],
  [
    1673395200000,
    175.88
  ],
  [
    1673481600000,
    178.3
  ],
  [
    1673654400000,
    181.39
  ],
  [
    1673827200000,
    192.976
  ],
  [
    1673913600000,
    177.51
  ],
  [
    1674172800000,
    213.514
  ],
  [
    1674432000000,
    214.85
  ],
  [
    1674518400000,
    178.872
  ],
  [
    1674691200000,
    191.901
  ],
  [
    1674777600000,
    190.025
  ],
  [
    1674864000000,
    174.01
  ],
  [
    1675555200000,
    183.83
  ],
  [
    1675728000000,
    196.111
  ],
  [
    1675900800000,
    186.03
  ],
  [
    1676073600000,
    187.12
  ],
  [
    1676505600000,
    193.4
  ],
  [
    1676678400000,
    201.126
  ],
  [
    1676764800000,
    226.657
  ],
  [
    1677110400000,
    184.932
  ],
  [
    1677283200000,
    187.65
  ],
  [
    1677542400000,
    191.343
  ],
  [
    1677715200000,
    191.611
  ],
  [
    1677801600000,
    224.716
  ],
  [
    1677974400000,
    224.768
  ],
  [
    1678060800000,
    192.02
  ],
  [
    1678320000000,
    224.78
  ],
  [
    1678752000000,
    214.71
  ],
  [
    1679097600000,
    217.09
  ],
  [
    1679270400000,
    230.431
  ],
  [
    1679616000000,
    244.485
  ],
  [
    1679702400000,
    306.233
  ],
  [
    1679958000000,
    287.5
  ],
  [
    1680130800000,
    277.493
  ],
  [
    1680217200000,
    224.55
  ],
  [
    1680390000000,
    225.34
  ],
  [
    1680476400000,
    157.32
  ],
  [
    1680649200000,
    227.55
  ],
  [
    1680735600000,
    237.533
  ],
  [
    1680908400000,
    246
  ],
  [
    1680994800000,
    272.738
  ],
  [
    1681081200000,
    247.99
  ],
  [
    1681254000000,
    253.4
  ],
  [
    1681340400000,
    255.2
  ],
  [
    1681426800000,
    259.52
  ],
  [
    1681686000000,
    289.133
  ],
  [
    1681772400000,
    268.146
  ],
  [
    1681945200000,
    358.217
  ],
  [
    1682031600000,
    369.04
  ],
  [
    1682290800000,
    309.63
  ],
  [
    1682377200000,
    309.138
  ],
  [
    1682463600000,
    296.79
  ],
  [
    1682550000000,
    289.45
  ],
  [
    1682636400000,
    352.065
  ],
  [
    1682722800000,
    353.81
  ],
  [
    1682809200000,
    268.3
  ],
  [
    1682895600000,
    339.51
  ],
  [
    1683068400000,
    348.255
  ],
  [
    1683154800000,
    307.527
  ],
  [
    1683327600000,
    255.982
  ],
  [
    1683414000000,
    256
  ],
  [
    1683586800000,
    253.612
  ],
  [
    1683673200000,
    249.493
  ],
  [
    1683846000000,
    241.39
  ],
  [
    1683932400000,
    276.507
  ],
  [
    1684105200000,
    275.688
  ],
  [
    1684191600000,
    239.21
  ],
  [
    1684278000000,
    304.7
  ],
  [
    1684364400000,
    236.83
  ],
  [
    1684623600000,
    227.64
  ],
  [
    1684710000000,
    229
  ],
  [
    1684796400000,
    231.98
  ],
  [
    1684882800000,
    233.77
  ],
  [
    1684969200000,
    235.38
  ],
  [
    1685142000000,
    238.51
  ],
  [
    1685228400000,
    240.42
  ],
  [
    1685401200000,
    326.98
  ],
  [
    1685487600000,
    253.32
  ],
  [
    1685660400000,
    283.46
  ],
  [
    1685746800000,
    309.897
  ],
  [
    1685919600000,
    338.889
  ],
  [
    1686351600000,
    265.465
  ],
  [
    1686438000000,
    268.64
  ],
  [
    1686610800000,
    271.34
  ],
  [
    1686697200000,
    270.66
  ],
  [
    1686783600000,
    273.67
  ],
  [
    1687129200000,
    285.345
  ],
  [
    1687215600000,
    312
  ],
  [
    1687474800000,
    314.565
  ],
  [
    1687647600000,
    340.837
  ],
  [
    1687906800000,
    372.85
  ],
  [
    1688252400000,
    270.5
  ],
  [
    1688338800000,
    269.65
  ],
  [
    1688511600000,
    269.71
  ],
  [
    1688857200000,
    267.9
  ],
  [
    1689030000000,
    269.6
  ],
  [
    1689116400000,
    350.685
  ],
  [
    1689375600000,
    280.012
  ],
  [
    1689548400000,
    279.76
  ],
  [
    1689721200000,
    276.573
  ],
  [
    1690326000000,
    283.39
  ],
  [
    1690498800000,
    268.38
  ],
  [
    1690844400000,
    287.97
  ],
  [
    1691103600000,
    285.71
  ],
  [
    1691190000000,
    289
  ],
  [
    1691449200000,
    300.06
  ],
  [
    1691708400000,
    306.65
  ],
  [
    1691794800000,
    311.71
  ],
  [
    1691881200000,
    320.152
  ],
  [
    1692054000000,
    353.97
  ],
  [
    1692399600000,
    298.08
  ],
  [
    1692486000000,
    298.26
  ],
  [
    1692658800000,
    270.3
  ],
  [
    1692831600000,
    286.897
  ],
  [
    1692918000000,
    281.65
  ],
  [
    1693177200000,
    294.83
  ],
  [
    1693263600000,
    295
  ],
  [
    1693350000000,
    320.53
  ],
  [
    1693436400000,
    356.55
  ],
  [
    1693522800000,
    360
  ],
  [
    1693782000000,
    342.15
  ],
  [
    1694214000000,
    345
  ],
  [
    1694386800000,
    295.59
  ],
  [
    1695250800000,
    312.88
  ],
  [
    1695423600000,
    314.23
  ],
  [
    1695510000000,
    328.481
  ],
  [
    1695596400000,
    355.706
  ],
  [
    1695855600000,
    390.51
  ],
  [
    1696374000000,
    517.15
  ],
  [
    1696892400000,
    330.02
  ],
  [
    1696978800000,
    331.98
  ],
  [
    1697065200000,
    333.81
  ],
  [
    1697151600000,
    334.98
  ],
  [
    1697583600000,
    345.928
  ],
  [
    1698102000000,
    423.009
  ],
  [
    1698188400000,
    330.48
  ],
  [
    1698361200000,
    316.99
  ],
  [
    1698447600000,
    317.37
  ],
  [
    1698710400000,
    425.06
  ],
  [
    1699142400000,
    432.196
  ],
  [
    1699747200000,
    341.49
  ],
  [
    1700092800000,
    261.205
  ],
  [
    1700265600000,
    285
  ],
  [
    1700697600000,
    446.46
  ],
  [
    1701388800000,
    289.671
  ],
  [
    1701561600000,
    370.88
  ],
  [
    1701734400000,
    272.8
  ],
  [
    1703808000000,
    305.64
  ],
  [
    1704326400000,
    296.84
  ],
  [
    1704499200000,
    304.537
  ],
  [
    1705363200000,
    299.66
  ],
  [
    1705449600000,
    295
  ],
  [
    1705881600000,
    293.95
  ],
  [
    1706054400000,
    325.59
  ],
  [
    1706745600000,
    343.41
  ],
  [
    1707868800000,
    298.861
  ],
  [
    1708387200000,
    313.8
  ],
  [
    1708473600000,
    293.11
  ],
  [
    1708992000000,
    364.87
  ],
  [
    1709424000000,
    291
  ],
  [
    1710806400000,
    365.88
  ],
  [
    1711152000000,
    335.42
  ],
  [
    1712098800000,
    318.23
  ],
  [
    1712444400000,
    324.18
  ],
  [
    1712617200000,
    331.4
  ],
  [
    1712876400000,
    375.55
  ],
  [
    1713135600000,
    411.58
  ],
  [
    1713394800000,
    337.421
  ],
  [
    1713913200000,
    335.16
  ],
  [
    1714086000000,
    341.98
  ],
  [
    1714863600000,
    382.695
  ],
  [
    1715122800000,
    415.013
  ],
  [
    1715295600000,
    361.75
  ],
  [
    1715900400000,
    380
  ],
  [
    1716508800000,
    385.95
  ],
  [
    1716724800000,
    412.05
  ],
  [
    1716868800000,
    386.67
  ],
  [
    1718884800000,
    418.05
  ],
  [
    1718956800000,
    419.03
  ]
]