[
  [
    1574121600000,
    0.231
  ],
  [
    1574208000000,
    0.23
  ],
  [
    1574294400000,
    0.256
  ],
  [
    1574380800000,
    0.272
  ],
  [
    1574467200000,
    0.253
  ],
  [
    1574553600000,
    0.298
  ],
  [
    1574640000000,
    0.218
  ],
  [
    1574726400000,
    0.254
  ],
  [
    1574812800000,
    0.27
  ],
  [
    1574899200000,
    0.269
  ],
  [
    1574985600000,
    0.259
  ],
  [
    1575072000000,
    0.32
  ],
  [
    1575158400000,
    0.35
  ],
  [
    1575244800000,
    0.444
  ],
  [
    1575331200000,
    0.651
  ],
  [
    1575417600000,
    0.294
  ],
  [
    1575504000000,
    0.275
  ],
  [
    1575590400000,
    0.257
  ],
  [
    1575676800000,
    0.269
  ],
  [
    1575763200000,
    0.29
  ],
  [
    1575849600000,
    0.445
  ],
  [
    1575936000000,
    0.349
  ],
  [
    1576022400000,
    0.308
  ],
  [
    1576108800000,
    0.307
  ],
  [
    1576195200000,
    0.319
  ],
  [
    1576281600000,
    0.314
  ],
  [
    1576368000000,
    0.279
  ],
  [
    1576454400000,
    0.283
  ],
  [
    1576540800000,
    0.29
  ],
  [
    1576627200000,
    0.272
  ],
  [
    1576713600000,
    0.275
  ],
  [
    1576800000000,
    0.244
  ],
  [
    1576886400000,
    0.307
  ],
  [
    1576972800000,
    0.402
  ],
  [
    1577059200000,
    0.279
  ],
  [
    1577145600000,
    0.307
  ],
  [
    1577232000000,
    0.326
  ],
  [
    1577318400000,
    0.434
  ],
  [
    1577404800000,
    0.308
  ],
  [
    1577491200000,
    0.33
  ],
  [
    1577577600000,
    0.292
  ],
  [
    1577664000000,
    0.301
  ],
  [
    1577750400000,
    0.303
  ],
  [
    1577836800000,
    0.289
  ],
  [
    1577923200000,
    0.312
  ],
  [
    1578009600000,
    0.275
  ],
  [
    1578096000000,
    0.286
  ],
  [
    1578182400000,
    0.291
  ],
  [
    1578268800000,
    0.291
  ],
  [
    1578355200000,
    0.378
  ],
  [
    1578441600000,
    0.295
  ],
  [
    1578528000000,
    0.299
  ],
  [
    1578614400000,
    0.318
  ],
  [
    1578700800000,
    0.323
  ],
  [
    1578787200000,
    0.294
  ],
  [
    1578873600000,
    0.336
  ],
  [
    1578960000000,
    0.326
  ],
  [
    1579046400000,
    0.326
  ],
  [
    1579132800000,
    0.334
  ],
  [
    1579219200000,
    0.369
  ],
  [
    1579305600000,
    0.34
  ],
  [
    1579392000000,
    0.319
  ],
  [
    1579478400000,
    0.338
  ],
  [
    1579564800000,
    0.338
  ],
  [
    1579651200000,
    0.312
  ],
  [
    1579737600000,
    0.326
  ],
  [
    1579824000000,
    0.344
  ],
  [
    1579910400000,
    0.343
  ],
  [
    1579996800000,
    0.339
  ],
  [
    1580083200000,
    8.007
  ],
  [
    1580169600000,
    0.336
  ],
  [
    1580256000000,
    6.189
  ],
  [
    1580342400000,
    0.327
  ],
  [
    1580428800000,
    0.38
  ],
  [
    1580515200000,
    0.376
  ],
  [
    1580601600000,
    0.397
  ],
  [
    1580688000000,
    0.6
  ],
  [
    1580774400000,
    0.989
  ],
  [
    1580860800000,
    0.831
  ],
  [
    1580947200000,
    0.661
  ],
  [
    1581033600000,
    0.576
  ],
  [
    1581120000000,
    0.492
  ],
  [
    1581206400000,
    0.481
  ],
  [
    1581292800000,
    0.481
  ],
  [
    1581379200000,
    0.477
  ],
  [
    1581465600000,
    0.448
  ],
  [
    1581552000000,
    0.467
  ],
  [
    1581638400000,
    0.471
  ],
  [
    1581724800000,
    0.474
  ],
  [
    1581811200000,
    0.471
  ],
  [
    1581897600000,
    0.484
  ],
  [
    1581984000000,
    0.506
  ],
  [
    1582070400000,
    0.45
  ],
  [
    1582156800000,
    0.443
  ],
  [
    1582243200000,
    0.436
  ],
  [
    1582329600000,
    0.444
  ],
  [
    1582416000000,
    0.556
  ],
  [
    1582502400000,
    0.719
  ],
  [
    1582588800000,
    0.677
  ],
  [
    1582675200000,
    0.584
  ],
  [
    1582761600000,
    0.538
  ],
  [
    1582848000000,
    0.59
  ],
  [
    1582934400000,
    0.634
  ],
  [
    1583020800000,
    0.64
  ],
  [
    1583107200000,
    0.584
  ],
  [
    1583193600000,
    0.595
  ],
  [
    1583280000000,
    0.592
  ],
  [
    1583366400000,
    0.544
  ],
  [
    1583452800000,
    0.521
  ],
  [
    1583539200000,
    0.507
  ],
  [
    1583625600000,
    0.504
  ],
  [
    1583712000000,
    0.492
  ],
  [
    1583798400000,
    0.472
  ],
  [
    1583884800000,
    0.45
  ],
  [
    1583971200000,
    0.461
  ],
  [
    1584057600000,
    0.468
  ],
  [
    1584144000000,
    1.189
  ],
  [
    1584230400000,
    0.478
  ],
  [
    1584316800000,
    0.458
  ],
  [
    1584403200000,
    0.458
  ],
  [
    1584489600000,
    0.47
  ],
  [
    1584576000000,
    0.507
  ],
  [
    1584662400000,
    0.511
  ],
  [
    1584748800000,
    0.538
  ],
  [
    1584835200000,
    0.529
  ],
  [
    1584921600000,
    0.516
  ],
  [
    1585008000000,
    0.5
  ],
  [
    1585094400000,
    0.51
  ],
  [
    1585180800000,
    0.537
  ],
  [
    1585267200000,
    0.539
  ],
  [
    1585353600000,
    0.55
  ],
  [
    1585440000000,
    0.567
  ],
  [
    1585522800000,
    0.557
  ],
  [
    1585609200000,
    0.536
  ],
  [
    1585695600000,
    0.515
  ],
  [
    1585782000000,
    0.506
  ],
  [
    1585868400000,
    0.496
  ],
  [
    1585954800000,
    0.509
  ],
  [
    1586041200000,
    0.509
  ],
  [
    1586127600000,
    0.498
  ],
  [
    1586214000000,
    0.513
  ],
  [
    1586300400000,
    0.507
  ],
  [
    1586386800000,
    0.492
  ],
  [
    1586473200000,
    0.496
  ],
  [
    1586559600000,
    0.499
  ],
  [
    1586646000000,
    0.491
  ],
  [
    1586732400000,
    0.479
  ],
  [
    1586818800000,
    0.461
  ],
  [
    1586905200000,
    0.492
  ],
  [
    1586991600000,
    0.5
  ],
  [
    1587078000000,
    0.508
  ],
  [
    1587164400000,
    0.538
  ],
  [
    1587250800000,
    0.621
  ],
  [
    1587337200000,
    0.547
  ],
  [
    1587423600000,
    0.59
  ],
  [
    1587510000000,
    0.564
  ],
  [
    1587596400000,
    0.537
  ],
  [
    1587682800000,
    0.59
  ],
  [
    1587769200000,
    0.604
  ],
  [
    1587855600000,
    0.59
  ],
  [
    1587942000000,
    0.609
  ],
  [
    1588028400000,
    0.586
  ],
  [
    1588114800000,
    0.645
  ],
  [
    1588201200000,
    0.7
  ],
  [
    1588287600000,
    0.718
  ],
  [
    1588374000000,
    0.719
  ],
  [
    1588460400000,
    0.757
  ],
  [
    1588546800000,
    0.807
  ],
  [
    1588633200000,
    0.836
  ],
  [
    1588719600000,
    0.939
  ],
  [
    1588806000000,
    0.843
  ],
  [
    1588892400000,
    0.798
  ],
  [
    1588978800000,
    0.832
  ],
  [
    1589065200000,
    0.811
  ],
  [
    1589151600000,
    0.839
  ],
  [
    1589238000000,
    0.894
  ],
  [
    1589324400000,
    0.877
  ],
  [
    1589410800000,
    0.837
  ],
  [
    1589497200000,
    0.908
  ],
  [
    1589583600000,
    0.976
  ],
  [
    1589670000000,
    1.116
  ],
  [
    1589756400000,
    1.248
  ],
  [
    1589842800000,
    1.092
  ],
  [
    1589929200000,
    1.299
  ],
  [
    1590015600000,
    1.155
  ],
  [
    1590102000000,
    1.196
  ],
  [
    1590188400000,
    1.138
  ],
  [
    1590274800000,
    1.119
  ],
  [
    1590361200000,
    1.017
  ],
  [
    1590447600000,
    1.069
  ],
  [
    1590534000000,
    1.048
  ],
  [
    1590620400000,
    0.936
  ],
  [
    1590706800000,
    1.054
  ],
  [
    1590793200000,
    0.987
  ],
  [
    1590879600000,
    0.994
  ],
  [
    1590966000000,
    0.993
  ],
  [
    1591052400000,
    1.025
  ],
  [
    1591138800000,
    1.217
  ],
  [
    1591225200000,
    1.206
  ],
  [
    1591311600000,
    1.059
  ],
  [
    1591398000000,
    1.044
  ],
  [
    1591484400000,
    1.06
  ],
  [
    1591570800000,
    1.056
  ],
  [
    1591657200000,
    0.993
  ],
  [
    1591743600000,
    0.964
  ],
  [
    1591830000000,
    0.973
  ],
  [
    1591916400000,
    0.995
  ],
  [
    1592002800000,
    1.007
  ],
  [
    1592089200000,
    0.905
  ],
  [
    1592175600000,
    0.892
  ],
  [
    1592262000000,
    0.933
  ],
  [
    1592348400000,
    0.911
  ],
  [
    1592434800000,
    0.888
  ],
  [
    1592521200000,
    0.928
  ],
  [
    1592607600000,
    0.899
  ],
  [
    1592694000000,
    0.912
  ],
  [
    1592780400000,
    0.794
  ],
  [
    1592866800000,
    0.846
  ],
  [
    1592953200000,
    0.875
  ],
  [
    1593039600000,
    0.825
  ],
  [
    1593126000000,
    0.82
  ],
  [
    1593212400000,
    0.813
  ],
  [
    1593298800000,
    0.854
  ],
  [
    1593385200000,
    0.853
  ],
  [
    1593471600000,
    0.885
  ],
  [
    1593558000000,
    0.925
  ],
  [
    1593644400000,
    1.046
  ],
  [
    1593730800000,
    0.91
  ],
  [
    1593817200000,
    0.942
  ],
  [
    1593903600000,
    0.896
  ],
  [
    1593990000000,
    0.882
  ],
  [
    1594076400000,
    0.904
  ],
  [
    1594162800000,
    0.869
  ],
  [
    1594249200000,
    0.922
  ],
  [
    1594335600000,
    0.925
  ],
  [
    1594422000000,
    0.974
  ],
  [
    1594508400000,
    0.974
  ],
  [
    1594594800000,
    1.135
  ],
  [
    1594681200000,
    0.94
  ],
  [
    1594767600000,
    0.972
  ],
  [
    1594854000000,
    0.967
  ],
  [
    1594940400000,
    1.153
  ],
  [
    1595026800000,
    1.028
  ],
  [
    1595113200000,
    1.042
  ],
  [
    1595199600000,
    1.05
  ],
  [
    1595286000000,
    1.003
  ],
  [
    1595372400000,
    0.952
  ],
  [
    1595458800000,
    1.046
  ],
  [
    1595545200000,
    1.083
  ],
  [
    1595631600000,
    1.112
  ],
  [
    1595718000000,
    1.175
  ],
  [
    1595804400000,
    1.219
  ],
  [
    1595890800000,
    1.13
  ],
  [
    1595977200000,
    1.137
  ],
  [
    1596063600000,
    1.11
  ],
  [
    1596150000000,
    1.108
  ],
  [
    1596236400000,
    1.1
  ],
  [
    1596322800000,
    1.077
  ],
  [
    1596409200000,
    1.125
  ],
  [
    1596495600000,
    1.113
  ],
  [
    1596582000000,
    1.017
  ],
  [
    1596668400000,
    1.133
  ],
  [
    1596754800000,
    1.123
  ],
  [
    1596841200000,
    1.065
  ],
  [
    1596927600000,
    1.09
  ],
  [
    1597014000000,
    1.084
  ],
  [
    1597100400000,
    1.109
  ],
  [
    1597186800000,
    1.124
  ],
  [
    1597273200000,
    1.074
  ],
  [
    1597359600000,
    1.069
  ],
  [
    1597446000000,
    1.107
  ],
  [
    1597532400000,
    1.094
  ],
  [
    1597618800000,
    1.139
  ],
  [
    1597705200000,
    1.154
  ],
  [
    1597791600000,
    1.092
  ],
  [
    1597878000000,
    1.089
  ],
  [
    1597964400000,
    1.063
  ],
  [
    1598050800000,
    1.058
  ],
  [
    1598137200000,
    1.206
  ],
  [
    1598223600000,
    1.086
  ],
  [
    1598310000000,
    2.155
  ],
  [
    1598396400000,
    1.023
  ],
  [
    1598482800000,
    1.03
  ],
  [
    1598569200000,
    1.02
  ],
  [
    1598655600000,
    1.001
  ],
  [
    1598742000000,
    0.936
  ],
  [
    1598828400000,
    0.994
  ],
  [
    1598914800000,
    1.012
  ],
  [
    1599001200000,
    1.008
  ],
  [
    1599087600000,
    0.974
  ],
  [
    1599174000000,
    0.997
  ],
  [
    1599260400000,
    1.155
  ],
  [
    1599346800000,
    1.035
  ],
  [
    1599433200000,
    1.025
  ],
  [
    1599519600000,
    1.09
  ],
  [
    1599606000000,
    1.007
  ],
  [
    1599692400000,
    1.02
  ],
  [
    1599778800000,
    1.041
  ],
  [
    1599865200000,
    1.034
  ],
  [
    1599951600000,
    1.046
  ],
  [
    1600038000000,
    1.083
  ],
  [
    1600124400000,
    1.059
  ],
  [
    1600210800000,
    1.078
  ],
  [
    1600297200000,
    1.087
  ],
  [
    1600383600000,
    1.059
  ],
  [
    1600470000000,
    1.022
  ],
  [
    1600556400000,
    1.092
  ],
  [
    1600642800000,
    1.082
  ],
  [
    1600729200000,
    1.018
  ],
  [
    1600815600000,
    1.189
  ],
  [
    1600902000000,
    1.143
  ],
  [
    1600988400000,
    1.161
  ],
  [
    1601074800000,
    1.186
  ],
  [
    1601161200000,
    1.206
  ],
  [
    1601247600000,
    1.228
  ],
  [
    1601334000000,
    1.255
  ],
  [
    1601420400000,
    1.515
  ],
  [
    1601506800000,
    1.186
  ],
  [
    1601593200000,
    1.094
  ],
  [
    1601679600000,
    1.163
  ],
  [
    1601766000000,
    1.173
  ],
  [
    1601852400000,
    1.2
  ],
  [
    1601938800000,
    1.115
  ],
  [
    1602025200000,
    1.209
  ],
  [
    1602111600000,
    1.243
  ],
  [
    1602198000000,
    1.296
  ],
  [
    1602284400000,
    1.166
  ],
  [
    1602370800000,
    1.136
  ],
  [
    1602457200000,
    1.204
  ],
  [
    1602543600000,
    1.216
  ],
  [
    1602630000000,
    1.207
  ],
  [
    1602716400000,
    1.242
  ],
  [
    1602802800000,
    1.301
  ],
  [
    1602889200000,
    1.361
  ],
  [
    1602975600000,
    1.334
  ],
  [
    1603062000000,
    1.363
  ],
  [
    1603148400000,
    1.41
  ],
  [
    1603234800000,
    1.393
  ],
  [
    1603321200000,
    1.381
  ],
  [
    1603407600000,
    1.373
  ],
  [
    1603494000000,
    1.403
  ],
  [
    1603580400000,
    1.381
  ],
  [
    1603670400000,
    1.34
  ],
  [
    1603756800000,
    1.286
  ],
  [
    1603843200000,
    1.325
  ],
  [
    1603929600000,
    1.283
  ],
  [
    1604016000000,
    1.256
  ],
  [
    1604102400000,
    1.257
  ],
  [
    1604188800000,
    1.296
  ],
  [
    1604275200000,
    1.276
  ],
  [
    1604361600000,
    1.313
  ],
  [
    1604448000000,
    1.382
  ],
  [
    1604534400000,
    1.248
  ],
  [
    1604620800000,
    1.164
  ],
  [
    1604707200000,
    1.323
  ],
  [
    1604793600000,
    1.339
  ],
  [
    1604880000000,
    1.301
  ],
  [
    1604966400000,
    1.356
  ],
  [
    1605052800000,
    1.278
  ],
  [
    1605139200000,
    1.296
  ],
  [
    1605225600000,
    1.288
  ],
  [
    1605312000000,
    1.299
  ],
  [
    1605398400000,
    1.363
  ],
  [
    1605484800000,
    1.23
  ],
  [
    1605571200000,
    1.307
  ],
  [
    1605657600000,
    1.28
  ],
  [
    1605744000000,
    1.287
  ],
  [
    1605830400000,
    1.311
  ],
  [
    1605916800000,
    1.267
  ],
  [
    1606003200000,
    1.195
  ],
  [
    1606089600000,
    1.2
  ],
  [
    1606176000000,
    1.227
  ],
  [
    1606262400000,
    1.197
  ],
  [
    1606348800000,
    1.22
  ],
  [
    1606435200000,
    1.175
  ],
  [
    1606521600000,
    1.191
  ],
  [
    1606608000000,
    1.183
  ],
  [
    1606694400000,
    1.15
  ],
  [
    1606780800000,
    1.165
  ],
  [
    1606867200000,
    1.203
  ],
  [
    1606953600000,
    1.253
  ],
  [
    1607040000000,
    1.155
  ],
  [
    1607126400000,
    1.04
  ],
  [
    1607212800000,
    1.123
  ],
  [
    1607299200000,
    1.2
  ],
  [
    1607385600000,
    1.051
  ],
  [
    1607472000000,
    0.965
  ],
  [
    1607558400000,
    0.966
  ],
  [
    1607644800000,
    1.017
  ],
  [
    1607731200000,
    1.033
  ],
  [
    1607817600000,
    1.077
  ],
  [
    1607904000000,
    1.041
  ],
  [
    1607990400000,
    1.039
  ],
  [
    1608076800000,
    0.998
  ],
  [
    1608163200000,
    1.031
  ],
  [
    1608249600000,
    1.882
  ],
  [
    1608336000000,
    1.095
  ],
  [
    1608422400000,
    1.011
  ],
  [
    1608508800000,
    1.262
  ],
  [
    1608595200000,
    1.056
  ],
  [
    1608681600000,
    0.995
  ],
  [
    1608768000000,
    1.041
  ],
  [
    1608854400000,
    1.029
  ],
  [
    1608940800000,
    1.048
  ],
  [
    1609027200000,
    1.024
  ],
  [
    1609113600000,
    1.098
  ],
  [
    1609200000000,
    1.255
  ],
  [
    1609286400000,
    1.261
  ],
  [
    1609372800000,
    1.382
  ],
  [
    1609459200000,
    1.347
  ],
  [
    1609545600000,
    1.408
  ],
  [
    1609632000000,
    1.437
  ],
  [
    1609718400000,
    1.615
  ],
  [
    1609804800000,
    1.682
  ],
  [
    1609891200000,
    1.608
  ],
  [
    1609977600000,
    1.695
  ],
  [
    1610064000000,
    1.72
  ],
  [
    1610150400000,
    1.7
  ],
  [
    1610236800000,
    1.59
  ],
  [
    1610323200000,
    2.485
  ],
  [
    1610409600000,
    1.79
  ],
  [
    1610496000000,
    1.679
  ],
  [
    1610582400000,
    2.948
  ],
  [
    1610668800000,
    1.799
  ],
  [
    1610755200000,
    1.892
  ],
  [
    1610841600000,
    1.895
  ],
  [
    1610928000000,
    2.022
  ],
  [
    1611014400000,
    1.874
  ],
  [
    1611100800000,
    1.724
  ],
  [
    1611187200000,
    2.094
  ],
  [
    1611273600000,
    1.601
  ],
  [
    1611360000000,
    2.448
  ],
  [
    1611446400000,
    2.087
  ],
  [
    1611532800000,
    1.682
  ],
  [
    1611619200000,
    1.659
  ],
  [
    1611705600000,
    1.952
  ],
  [
    1611792000000,
    1.711
  ],
  [
    1611878400000,
    1.643
  ],
  [
    1611964800000,
    1.729
  ],
  [
    1612051200000,
    1.921
  ],
  [
    1612137600000,
    1.988
  ],
  [
    1612224000000,
    2.005
  ],
  [
    1612310400000,
    1.816
  ],
  [
    1612396800000,
    1.911
  ],
  [
    1612483200000,
    2.001
  ],
  [
    1612569600000,
    1.868
  ],
  [
    1612656000000,
    1.971
  ],
  [
    1612742400000,
    2.054
  ],
  [
    1612828800000,
    2.177
  ],
  [
    1612915200000,
    1.797
  ],
  [
    1613001600000,
    1.957
  ],
  [
    1613088000000,
    1.841
  ],
  [
    1613174400000,
    1.745
  ],
  [
    1613260800000,
    1.646
  ],
  [
    1613347200000,
    1.604
  ],
  [
    1613433600000,
    1.638
  ],
  [
    1613520000000,
    1.958
  ],
  [
    1613606400000,
    1.634
  ],
  [
    1613692800000,
    2.008
  ],
  [
    1613779200000,
    1.796
  ],
  [
    1613865600000,
    1.858
  ],
  [
    1613952000000,
    2.033
  ],
  [
    1614038400000,
    1.956
  ],
  [
    1614124800000,
    1.852
  ],
  [
    1614211200000,
    1.978
  ],
  [
    1614297600000,
    1.923
  ],
  [
    1614384000000,
    2.162
  ],
  [
    1614470400000,
    1.651
  ],
  [
    1614556800000,
    1.907
  ],
  [
    1614643200000,
    1.933
  ],
  [
    1614729600000,
    1.99
  ],
  [
    1614816000000,
    2.152
  ],
  [
    1614902400000,
    2.169
  ],
  [
    1614988800000,
    2.262
  ],
  [
    1615075200000,
    2.275
  ],
  [
    1615161600000,
    2.533
  ],
  [
    1615248000000,
    2.677
  ],
  [
    1615334400000,
    2.294
  ],
  [
    1615420800000,
    4.377
  ],
  [
    1615507200000,
    2.691
  ],
  [
    1615593600000,
    2.273
  ],
  [
    1615680000000,
    2.751
  ],
  [
    1615766400000,
    2.147
  ],
  [
    1615852800000,
    2.031
  ],
  [
    1615939200000,
    2.035
  ],
  [
    1616025600000,
    2.106
  ],
  [
    1616112000000,
    2.07
  ],
  [
    1616198400000,
    2.203
  ],
  [
    1616284800000,
    2.447
  ],
  [
    1616371200000,
    2.868
  ],
  [
    1616457600000,
    3.308
  ],
  [
    1616544000000,
    3.43
  ],
  [
    1616630400000,
    3.367
  ],
  [
    1616716800000,
    3.639
  ],
  [
    1616803200000,
    3.137
  ],
  [
    1616889600000,
    3.487
  ],
  [
    1616972400000,
    3.542
  ],
  [
    1617058800000,
    3.303
  ],
  [
    1617145200000,
    3.232
  ],
  [
    1617231600000,
    3.7
  ],
  [
    1617318000000,
    2.896
  ],
  [
    1617404400000,
    3.041
  ],
  [
    1617490800000,
    3.076
  ],
  [
    1617577200000,
    3.009
  ],
  [
    1617663600000,
    3.468
  ],
  [
    1617750000000,
    3.483
  ],
  [
    1617836400000,
    3.082
  ],
  [
    1617922800000,
    2.79
  ],
  [
    1618009200000,
    2.951
  ],
  [
    1618095600000,
    2.826
  ],
  [
    1618182000000,
    2.849
  ],
  [
    1618268400000,
    2.996
  ],
  [
    1618354800000,
    3.263
  ],
  [
    1618441200000,
    3.003
  ],
  [
    1618527600000,
    3.257
  ],
  [
    1618614000000,
    3.258
  ],
  [
    1618700400000,
    3.507
  ],
  [
    1618786800000,
    3.398
  ],
  [
    1618873200000,
    3.321
  ],
  [
    1618959600000,
    3.368
  ],
  [
    1619046000000,
    3.025
  ],
  [
    1619132400000,
    3.367
  ],
  [
    1619218800000,
    3.134
  ],
  [
    1619305200000,
    2.807
  ],
  [
    1619391600000,
    3.173
  ],
  [
    1619478000000,
    3.105
  ],
  [
    1619564400000,
    2.716
  ],
  [
    1619650800000,
    3.369
  ],
  [
    1619737200000,
    3.535
  ],
  [
    1619823600000,
    3.67
  ],
  [
    1619910000000,
    3.924
  ],
  [
    1619996400000,
    3.984
  ],
  [
    1620082800000,
    4.158
  ],
  [
    1620169200000,
    4.11
  ],
  [
    1620255600000,
    3.96
  ],
  [
    1620342000000,
    4.716
  ],
  [
    1620428400000,
    3.922
  ],
  [
    1620514800000,
    4.317
  ],
  [
    1620601200000,
    3.776
  ],
  [
    1620687600000,
    3.883
  ],
  [
    1620774000000,
    3.957
  ],
  [
    1620860400000,
    3.96
  ],
  [
    1620946800000,
    4.099
  ],
  [
    1621033200000,
    3.999
  ],
  [
    1621119600000,
    3.903
  ],
  [
    1621206000000,
    4.169
  ],
  [
    1621292400000,
    4.318
  ],
  [
    1621378800000,
    4.515
  ],
  [
    1621465200000,
    4.928
  ],
  [
    1621551600000,
    5.122
  ],
  [
    1621638000000,
    5.838
  ],
  [
    1621724400000,
    5.908
  ],
  [
    1621810800000,
    6.65
  ],
  [
    1621897200000,
    7.058
  ],
  [
    1621983600000,
    8.333
  ],
  [
    1622070000000,
    9.021
  ],
  [
    1622156400000,
    9.089
  ],
  [
    1622242800000,
    8.958
  ],
  [
    1622329200000,
    8.518
  ],
  [
    1622415600000,
    7.757
  ],
  [
    1622502000000,
    7.93
  ],
  [
    1622588400000,
    8.349
  ],
  [
    1622674800000,
    9.805
  ],
  [
    1622761200000,
    10.337
  ],
  [
    1622847600000,
    10.994
  ],
  [
    1622934000000,
    10.435
  ],
  [
    1623020400000,
    10.414
  ],
  [
    1623106800000,
    10.143
  ],
  [
    1623193200000,
    10.285
  ],
  [
    1623279600000,
    10.212
  ],
  [
    1623366000000,
    12.478
  ],
  [
    1623452400000,
    11.53
  ],
  [
    1623538800000,
    10.677
  ],
  [
    1623625200000,
    8.624
  ],
  [
    1623711600000,
    10.883
  ],
  [
    1623798000000,
    10.922
  ],
  [
    1623884400000,
    10.78
  ],
  [
    1623970800000,
    10.371
  ],
  [
    1624057200000,
    10.379
  ],
  [
    1624143600000,
    10.398
  ],
  [
    1624230000000,
    9.309
  ],
  [
    1624316400000,
    8.408
  ],
  [
    1624402800000,
    9.141
  ],
  [
    1624489200000,
    9.326
  ],
  [
    1624575600000,
    8.672
  ],
  [
    1624662000000,
    8.832
  ],
  [
    1624748400000,
    8.382
  ],
  [
    1624834800000,
    8.397
  ],
  [
    1624921200000,
    8.421
  ],
  [
    1625007600000,
    8.505
  ],
  [
    1625094000000,
    18.076
  ],
  [
    1625180400000,
    8.308
  ],
  [
    1625266800000,
    7.785
  ],
  [
    1625353200000,
    7.873
  ],
  [
    1625439600000,
    7.881
  ],
  [
    1625526000000,
    7.514
  ],
  [
    1625612400000,
    7.203
  ],
  [
    1625698800000,
    7.43
  ],
  [
    1625785200000,
    7.694
  ],
  [
    1625871600000,
    7.247
  ],
  [
    1625958000000,
    7.029
  ],
  [
    1626044400000,
    7.206
  ],
  [
    1626130800000,
    7.245
  ],
  [
    1626217200000,
    7.241
  ],
  [
    1626303600000,
    7.27
  ],
  [
    1626390000000,
    6.943
  ],
  [
    1626476400000,
    6.97
  ],
  [
    1626562800000,
    6.82
  ],
  [
    1626649200000,
    7.68
  ],
  [
    1626735600000,
    7.064
  ],
  [
    1626822000000,
    7.361
  ],
  [
    1626908400000,
    7.141
  ],
  [
    1626994800000,
    7.307
  ],
  [
    1627081200000,
    7.316
  ],
  [
    1627167600000,
    7.419
  ],
  [
    1627254000000,
    7.249
  ],
  [
    1627340400000,
    8.963
  ],
  [
    1627426800000,
    8.61
  ],
  [
    1627513200000,
    7.283
  ],
  [
    1627599600000,
    7.358
  ],
  [
    1627686000000,
    6.622
  ],
  [
    1627772400000,
    7.784
  ],
  [
    1627858800000,
    7.722
  ],
  [
    1627945200000,
    7.912
  ],
  [
    1628031600000,
    7.458
  ],
  [
    1628118000000,
    6.914
  ],
  [
    1628204400000,
    7.311
  ],
  [
    1628290800000,
    7.412
  ],
  [
    1628377200000,
    7.511
  ],
  [
    1628550000000,
    7.09
  ],
  [
    1628636400000,
    7.544
  ],
  [
    1628722800000,
    6.592
  ],
  [
    1628809200000,
    6.495
  ],
  [
    1628895600000,
    6.401
  ],
  [
    1628982000000,
    6.635
  ],
  [
    1629068400000,
    8.804
  ],
  [
    1629154800000,
    6.729
  ],
  [
    1629241200000,
    6.497
  ],
  [
    1629327600000,
    5.891
  ],
  [
    1629414000000,
    6.155
  ],
  [
    1629500400000,
    6.253
  ],
  [
    1629586800000,
    6.315
  ],
  [
    1629673200000,
    6.3
  ],
  [
    1629759600000,
    6.438
  ],
  [
    1629846000000,
    6.901
  ],
  [
    1629932400000,
    7.272
  ],
  [
    1630018800000,
    9.252
  ],
  [
    1630105200000,
    6.536
  ],
  [
    1630191600000,
    6.532
  ],
  [
    1630278000000,
    6.602
  ],
  [
    1630364400000,
    6.418
  ],
  [
    1630450800000,
    7
  ],
  [
    1630537200000,
    7.514
  ],
  [
    1630623600000,
    6.475
  ],
  [
    1630710000000,
    6.475
  ],
  [
    1630796400000,
    4.991
  ],
  [
    1630882800000,
    6.419
  ],
  [
    1630969200000,
    6.656
  ],
  [
    1631055600000,
    6.376
  ],
  [
    1631142000000,
    6.758
  ],
  [
    1631228400000,
    6.23
  ],
  [
    1631314800000,
    5.307
  ],
  [
    1631401200000,
    6.537
  ],
  [
    1631487600000,
    8.938
  ],
  [
    1631574000000,
    6.755
  ],
  [
    1631660400000,
    6.405
  ],
  [
    1631746800000,
    6.287
  ],
  [
    1631833200000,
    6.235
  ],
  [
    1631919600000,
    6.486
  ],
  [
    1632006000000,
    6.421
  ],
  [
    1632092400000,
    5.995
  ],
  [
    1632178800000,
    6.404
  ],
  [
    1632265200000,
    5.491
  ],
  [
    1632351600000,
    3.998
  ],
  [
    1632438000000,
    4.565
  ],
  [
    1632524400000,
    5.033
  ],
  [
    1632610800000,
    5.124
  ],
  [
    1632697200000,
    5.324
  ],
  [
    1632783600000,
    5.116
  ],
  [
    1632870000000,
    5.14
  ],
  [
    1632956400000,
    5.836
  ],
  [
    1633042800000,
    4.227
  ],
  [
    1633215600000,
    4.928
  ],
  [
    1633302000000,
    4.982
  ],
  [
    1633388400000,
    4.953
  ],
  [
    1633474800000,
    4.67
  ],
  [
    1633561200000,
    4.757
  ],
  [
    1633647600000,
    4.655
  ],
  [
    1633734000000,
    4.668
  ],
  [
    1633820400000,
    4.747
  ],
  [
    1633906800000,
    4.757
  ],
  [
    1633993200000,
    4.74
  ],
  [
    1634079600000,
    4.8
  ],
  [
    1634166000000,
    4.73
  ],
  [
    1634252400000,
    4.865
  ],
  [
    1634338800000,
    4.801
  ],
  [
    1634425200000,
    5.954
  ],
  [
    1634511600000,
    4.664
  ],
  [
    1634598000000,
    4.757
  ],
  [
    1634684400000,
    4.365
  ],
  [
    1634770800000,
    4.746
  ],
  [
    1634857200000,
    4.593
  ],
  [
    1634943600000,
    4.862
  ],
  [
    1635030000000,
    4.426
  ],
  [
    1635116400000,
    4.38
  ],
  [
    1635202800000,
    4.403
  ],
  [
    1635289200000,
    4.444
  ],
  [
    1635375600000,
    4.265
  ],
  [
    1635462000000,
    4.948
  ],
  [
    1635548400000,
    4.409
  ],
  [
    1635634800000,
    4.581
  ],
  [
    1635724800000,
    4.805
  ],
  [
    1635811200000,
    4.578
  ],
  [
    1635897600000,
    4.744
  ],
  [
    1635984000000,
    4.423
  ],
  [
    1636070400000,
    4.91
  ],
  [
    1636156800000,
    5.476
  ],
  [
    1636243200000,
    5.231
  ],
  [
    1636329600000,
    4.338
  ],
  [
    1636416000000,
    4.675
  ],
  [
    1636502400000,
    4.401
  ],
  [
    1636588800000,
    4.557
  ],
  [
    1636675200000,
    4.392
  ],
  [
    1636761600000,
    4.327
  ],
  [
    1636848000000,
    3.176
  ],
  [
    1636934400000,
    4.827
  ],
  [
    1637020800000,
    4.599
  ],
  [
    1637107200000,
    5.052
  ],
  [
    1637193600000,
    5.206
  ],
  [
    1637280000000,
    5.429
  ],
  [
    1637366400000,
    5.458
  ],
  [
    1637452800000,
    6.847
  ],
  [
    1637539200000,
    5.554
  ],
  [
    1637625600000,
    5.344
  ],
  [
    1637798400000,
    5.59
  ],
  [
    1637884800000,
    5.761
  ],
  [
    1637971200000,
    5.721
  ],
  [
    1638057600000,
    5.261
  ],
  [
    1638144000000,
    5.54
  ],
  [
    1638230400000,
    5.001
  ],
  [
    1638316800000,
    5.374
  ],
  [
    1638403200000,
    5.635
  ],
  [
    1638489600000,
    5.669
  ],
  [
    1638576000000,
    6.028
  ],
  [
    1638662400000,
    6.45
  ],
  [
    1638748800000,
    6.416
  ],
  [
    1638835200000,
    6.54
  ],
  [
    1638921600000,
    6.57
  ],
  [
    1639094400000,
    6.857
  ],
  [
    1639180800000,
    7.487
  ],
  [
    1639267200000,
    8.552
  ],
  [
    1639353600000,
    6.792
  ],
  [
    1639440000000,
    6.372
  ],
  [
    1639526400000,
    7.431
  ],
  [
    1639612800000,
    6.224
  ],
  [
    1639699200000,
    6.337
  ],
  [
    1639785600000,
    5.994
  ],
  [
    1639872000000,
    6.161
  ],
  [
    1639958400000,
    6.189
  ],
  [
    1640044800000,
    6.101
  ],
  [
    1640131200000,
    5.98
  ],
  [
    1640217600000,
    6.091
  ],
  [
    1640304000000,
    6.592
  ],
  [
    1640476800000,
    6.449
  ],
  [
    1640563200000,
    6.57
  ],
  [
    1640649600000,
    6.288
  ],
  [
    1640736000000,
    6.787
  ],
  [
    1640822400000,
    6.79
  ],
  [
    1640908800000,
    6.536
  ],
  [
    1640995200000,
    6.957
  ],
  [
    1641081600000,
    6.813
  ],
  [
    1641168000000,
    7.077
  ],
  [
    1641254400000,
    6.951
  ],
  [
    1641340800000,
    7.487
  ],
  [
    1641427200000,
    6.99
  ],
  [
    1641513600000,
    6.953
  ],
  [
    1641600000000,
    7.331
  ],
  [
    1641686400000,
    7.408
  ],
  [
    1641772800000,
    6.91
  ],
  [
    1641859200000,
    6.78
  ],
  [
    1641945600000,
    6.885
  ],
  [
    1642032000000,
    7.11
  ],
  [
    1642118400000,
    7.373
  ],
  [
    1642204800000,
    7.419
  ],
  [
    1642291200000,
    7.995
  ],
  [
    1642377600000,
    9.16
  ],
  [
    1642464000000,
    7.462
  ],
  [
    1642550400000,
    7.602
  ],
  [
    1642636800000,
    7.144
  ],
  [
    1642723200000,
    7.18
  ],
  [
    1642809600000,
    7.466
  ],
  [
    1642896000000,
    5.8
  ],
  [
    1642982400000,
    7.018
  ],
  [
    1643068800000,
    7.334
  ],
  [
    1643155200000,
    7.315
  ],
  [
    1643241600000,
    6.915
  ],
  [
    1643328000000,
    7.147
  ],
  [
    1643414400000,
    7.093
  ],
  [
    1643500800000,
    7.165
  ],
  [
    1643587200000,
    6.529
  ],
  [
    1643673600000,
    6.682
  ],
  [
    1643760000000,
    6.853
  ],
  [
    1643846400000,
    6.446
  ],
  [
    1643932800000,
    6.496
  ],
  [
    1644019200000,
    6.505
  ],
  [
    1644105600000,
    6.143
  ],
  [
    1644192000000,
    6.4
  ],
  [
    1644278400000,
    6.01
  ],
  [
    1644364800000,
    6.498
  ],
  [
    1644451200000,
    6.577
  ],
  [
    1644537600000,
    6.246
  ],
  [
    1644624000000,
    6.744
  ],
  [
    1644710400000,
    8.126
  ],
  [
    1644796800000,
    6.897
  ],
  [
    1644883200000,
    6.86
  ],
  [
    1644969600000,
    6.702
  ],
  [
    1645056000000,
    7.19
  ],
  [
    1645142400000,
    7.089
  ],
  [
    1645228800000,
    6.387
  ],
  [
    1645315200000,
    6.727
  ],
  [
    1645401600000,
    16.642
  ],
  [
    1645488000000,
    5.93
  ],
  [
    1645574400000,
    6.621
  ],
  [
    1645660800000,
    14.812
  ],
  [
    1645747200000,
    6.925
  ],
  [
    1645833600000,
    6.398
  ],
  [
    1645920000000,
    6.616
  ],
  [
    1646006400000,
    6.187
  ],
  [
    1646092800000,
    6.485
  ],
  [
    1646179200000,
    8.374
  ],
  [
    1646265600000,
    6.74
  ],
  [
    1646352000000,
    6.751
  ],
  [
    1646438400000,
    7.071
  ],
  [
    1646524800000,
    6.59
  ],
  [
    1646611200000,
    6.522
  ],
  [
    1646697600000,
    6.89
  ],
  [
    1646784000000,
    6.38
  ],
  [
    1646870400000,
    6.86
  ],
  [
    1646956800000,
    6.684
  ],
  [
    1647043200000,
    7.093
  ],
  [
    1647129600000,
    7.337
  ],
  [
    1647216000000,
    6.994
  ],
  [
    1647302400000,
    6.86
  ],
  [
    1647388800000,
    8.556
  ],
  [
    1647475200000,
    7.16
  ],
  [
    1647561600000,
    7.028
  ],
  [
    1647648000000,
    7.709
  ],
  [
    1647734400000,
    7.592
  ],
  [
    1647907200000,
    7.59
  ],
  [
    1647993600000,
    7.172
  ],
  [
    1648080000000,
    7.715
  ],
  [
    1648166400000,
    8.218
  ],
  [
    1648252800000,
    7.842
  ],
  [
    1648339200000,
    7.68
  ],
  [
    1648422000000,
    7.573
  ],
  [
    1648508400000,
    6.919
  ],
  [
    1648681200000,
    11.104
  ],
  [
    1648767600000,
    8.246
  ],
  [
    1648854000000,
    8.118
  ],
  [
    1648940400000,
    8.671
  ],
  [
    1649026800000,
    9.068
  ],
  [
    1649113200000,
    8.927
  ],
  [
    1649199600000,
    7.95
  ],
  [
    1649286000000,
    8.853
  ],
  [
    1649372400000,
    7.995
  ],
  [
    1649458800000,
    8.39
  ],
  [
    1649631600000,
    8.93
  ],
  [
    1649718000000,
    8.884
  ],
  [
    1649804400000,
    7.731
  ],
  [
    1649890800000,
    8.515
  ],
  [
    1649977200000,
    8.062
  ],
  [
    1650063600000,
    8.324
  ],
  [
    1650150000000,
    8.463
  ],
  [
    1650236400000,
    8.71
  ],
  [
    1650322800000,
    8.75
  ],
  [
    1650409200000,
    9.043
  ],
  [
    1650582000000,
    9.419
  ],
  [
    1650668400000,
    9.666
  ],
  [
    1650754800000,
    9.72
  ],
  [
    1650841200000,
    8.87
  ],
  [
    1650927600000,
    9.517
  ],
  [
    1651014000000,
    9.948
  ],
  [
    1651100400000,
    9.75
  ],
  [
    1651186800000,
    22.142
  ],
  [
    1651273200000,
    8.469
  ],
  [
    1651359600000,
    9.06
  ],
  [
    1651446000000,
    9.142
  ],
  [
    1651532400000,
    9.08
  ],
  [
    1651618800000,
    8.561
  ],
  [
    1651705200000,
    8.457
  ],
  [
    1651791600000,
    8.864
  ],
  [
    1651878000000,
    8.066
  ],
  [
    1651964400000,
    8.358
  ],
  [
    1652050800000,
    7.89
  ],
  [
    1652137200000,
    8.716
  ],
  [
    1652223600000,
    8.321
  ],
  [
    1652310000000,
    8.83
  ],
  [
    1652396400000,
    9.034
  ],
  [
    1652482800000,
    8.608
  ],
  [
    1652569200000,
    8.881
  ],
  [
    1652655600000,
    8.79
  ],
  [
    1652742000000,
    8.65
  ],
  [
    1652828400000,
    8.345
  ],
  [
    1652914800000,
    9.374
  ],
  [
    1653001200000,
    8.25
  ],
  [
    1653087600000,
    8.28
  ],
  [
    1653174000000,
    8.415
  ],
  [
    1653260400000,
    8.969
  ],
  [
    1653346800000,
    8.153
  ],
  [
    1653433200000,
    8.807
  ],
  [
    1653519600000,
    9.225
  ],
  [
    1653692400000,
    8.094
  ],
  [
    1653778800000,
    7.688
  ],
  [
    1653865200000,
    8.096
  ],
  [
    1653951600000,
    7.947
  ],
  [
    1654038000000,
    8.346
  ],
  [
    1654124400000,
    8.722
  ],
  [
    1654210800000,
    7.825
  ],
  [
    1654297200000,
    8.339
  ],
  [
    1654383600000,
    8.163
  ],
  [
    1654470000000,
    8.084
  ],
  [
    1654556400000,
    8.615
  ],
  [
    1654642800000,
    8.518
  ],
  [
    1654729200000,
    8.02
  ],
  [
    1654815600000,
    8.606
  ],
  [
    1654902000000,
    8.248
  ],
  [
    1654988400000,
    8.272
  ],
  [
    1655074800000,
    7.379
  ],
  [
    1655161200000,
    8.622
  ],
  [
    1655247600000,
    7.898
  ],
  [
    1655334000000,
    8.73
  ],
  [
    1655420400000,
    8.385
  ],
  [
    1655506800000,
    7.32
  ],
  [
    1655593200000,
    7.638
  ],
  [
    1655679600000,
    7.853
  ],
  [
    1655766000000,
    7.833
  ],
  [
    1655852400000,
    8.06
  ],
  [
    1655938800000,
    7.68
  ],
  [
    1656025200000,
    7.43
  ],
  [
    1656111600000,
    7.893
  ],
  [
    1656284400000,
    7.422
  ],
  [
    1656370800000,
    8.329
  ],
  [
    1656457200000,
    7.39
  ],
  [
    1656543600000,
    7.771
  ],
  [
    1656630000000,
    7.697
  ],
  [
    1656716400000,
    7.633
  ],
  [
    1656802800000,
    7.19
  ],
  [
    1656889200000,
    7.704
  ],
  [
    1656975600000,
    7.532
  ],
  [
    1657062000000,
    7.333
  ],
  [
    1657148400000,
    7.288
  ],
  [
    1657234800000,
    8.333
  ],
  [
    1657321200000,
    6.865
  ],
  [
    1657407600000,
    7.251
  ],
  [
    1657494000000,
    7.602
  ],
  [
    1657580400000,
    7.37
  ],
  [
    1657666800000,
    7.33
  ],
  [
    1657753200000,
    7.33
  ],
  [
    1657926000000,
    8.135
  ],
  [
    1658012400000,
    7.836
  ],
  [
    1658185200000,
    7.881
  ],
  [
    1658271600000,
    8.26
  ],
  [
    1658358000000,
    7.754
  ],
  [
    1658530800000,
    8.14
  ],
  [
    1658617200000,
    7.605
  ],
  [
    1658703600000,
    7.863
  ],
  [
    1658790000000,
    7.794
  ],
  [
    1658876400000,
    8.027
  ],
  [
    1658962800000,
    7.97
  ],
  [
    1659049200000,
    7.586
  ],
  [
    1659135600000,
    7.783
  ],
  [
    1659222000000,
    7.742
  ],
  [
    1659308400000,
    8.089
  ],
  [
    1659394800000,
    8.134
  ],
  [
    1659481200000,
    8.029
  ],
  [
    1659567600000,
    8.34
  ],
  [
    1659654000000,
    8.369
  ],
  [
    1659740400000,
    8.042
  ],
  [
    1659826800000,
    7.695
  ],
  [
    1659913200000,
    7.828
  ],
  [
    1660086000000,
    6.96
  ],
  [
    1660172400000,
    7.797
  ],
  [
    1660258800000,
    9.194
  ],
  [
    1660345200000,
    8.026
  ],
  [
    1660431600000,
    7.549
  ],
  [
    1660518000000,
    7.942
  ],
  [
    1660604400000,
    7.748
  ],
  [
    1660690800000,
    7.562
  ],
  [
    1660777200000,
    7.725
  ],
  [
    1660863600000,
    7.62
  ],
  [
    1660950000000,
    7.679
  ],
  [
    1661036400000,
    7.958
  ],
  [
    1661122800000,
    8.586
  ],
  [
    1661209200000,
    8.368
  ],
  [
    1661295600000,
    8.875
  ],
  [
    1661382000000,
    8.03
  ],
  [
    1661468400000,
    8.88
  ],
  [
    1661641200000,
    9.034
  ],
  [
    1661727600000,
    8.544
  ],
  [
    1661814000000,
    8.491
  ],
  [
    1661900400000,
    8.005
  ],
  [
    1661986800000,
    8.379
  ],
  [
    1662073200000,
    8.336
  ],
  [
    1662159600000,
    8.398
  ],
  [
    1662246000000,
    8.52
  ],
  [
    1662332400000,
    8.34
  ],
  [
    1662418800000,
    7.467
  ],
  [
    1662505200000,
    9.06
  ],
  [
    1662591600000,
    8.734
  ],
  [
    1662678000000,
    8.917
  ],
  [
    1662764400000,
    8.403
  ],
  [
    1662850800000,
    9.751
  ],
  [
    1662937200000,
    8.445
  ],
  [
    1663023600000,
    8.877
  ],
  [
    1663110000000,
    8.273
  ],
  [
    1663196400000,
    9.128
  ],
  [
    1663282800000,
    8.807
  ],
  [
    1663369200000,
    8.671
  ],
  [
    1663455600000,
    6.625
  ],
  [
    1663542000000,
    9.084
  ],
  [
    1663628400000,
    9.388
  ],
  [
    1663714800000,
    8.25
  ],
  [
    1663801200000,
    8.351
  ],
  [
    1663887600000,
    8.353
  ],
  [
    1663974000000,
    8.432
  ],
  [
    1664060400000,
    8.528
  ],
  [
    1664146800000,
    8.4
  ],
  [
    1664319600000,
    8.716
  ],
  [
    1664406000000,
    8.51
  ],
  [
    1664578800000,
    8.954
  ],
  [
    1664665200000,
    9.34
  ],
  [
    1664751600000,
    9.252
  ],
  [
    1664838000000,
    9.298
  ],
  [
    1664924400000,
    7.983
  ],
  [
    1665010800000,
    8.423
  ],
  [
    1665097200000,
    9.529
  ],
  [
    1665183600000,
    9.225
  ],
  [
    1665270000000,
    9.604
  ],
  [
    1665356400000,
    9.255
  ],
  [
    1665442800000,
    9.28
  ],
  [
    1665529200000,
    9.602
  ],
  [
    1665615600000,
    9.85
  ],
  [
    1665702000000,
    10.44
  ],
  [
    1665788400000,
    10.302
  ],
  [
    1665874800000,
    10.223
  ],
  [
    1665961200000,
    10.625
  ],
  [
    1666047600000,
    11.355
  ],
  [
    1666220400000,
    11.62
  ],
  [
    1666306800000,
    10.18
  ],
  [
    1666393200000,
    11.238
  ],
  [
    1666479600000,
    8.97
  ],
  [
    1666566000000,
    10.246
  ],
  [
    1666738800000,
    9.39
  ],
  [
    1666825200000,
    11.485
  ],
  [
    1666911600000,
    10.02
  ],
  [
    1666998000000,
    10.664
  ],
  [
    1667084400000,
    11.079
  ],
  [
    1667174400000,
    10.98
  ],
  [
    1667260800000,
    10.791
  ],
  [
    1667347200000,
    11.041
  ],
  [
    1667433600000,
    11.05
  ],
  [
    1667520000000,
    11.213
  ],
  [
    1667606400000,
    12.935
  ],
  [
    1667692800000,
    10.3
  ],
  [
    1667779200000,
    12.05
  ],
  [
    1667952000000,
    11.576
  ],
  [
    1668038400000,
    11.01
  ],
  [
    1668124800000,
    11.42
  ],
  [
    1668297600000,
    11.284
  ],
  [
    1668470400000,
    10.156
  ],
  [
    1668643200000,
    11.14
  ],
  [
    1668729600000,
    11.985
  ],
  [
    1668816000000,
    11.631
  ],
  [
    1668902400000,
    10.865
  ],
  [
    1668988800000,
    11.233
  ],
  [
    1669075200000,
    11.405
  ],
  [
    1669161600000,
    10.87
  ],
  [
    1669248000000,
    11.342
  ],
  [
    1669334400000,
    11.698
  ],
  [
    1669420800000,
    10.618
  ],
  [
    1669507200000,
    10.733
  ],
  [
    1669593600000,
    10.542
  ],
  [
    1669680000000,
    11.869
  ],
  [
    1669766400000,
    10.74
  ],
  [
    1669852800000,
    12.002
  ],
  [
    1669939200000,
    11.745
  ],
  [
    1670025600000,
    12.327
  ],
  [
    1670198400000,
    12.385
  ],
  [
    1670284800000,
    11.35
  ],
  [
    1670371200000,
    11.317
  ],
  [
    1670457600000,
    12.02
  ],
  [
    1670544000000,
    12.773
  ],
  [
    1670630400000,
    12.104
  ],
  [
    1670716800000,
    11.67
  ],
  [
    1670803200000,
    12.576
  ],
  [
    1670889600000,
    11.926
  ],
  [
    1670976000000,
    11.832
  ],
  [
    1671062400000,
    12.055
  ],
  [
    1671148800000,
    13.01
  ],
  [
    1671235200000,
    13.55
  ],
  [
    1671408000000,
    10.942
  ],
  [
    1671494400000,
    12.586
  ],
  [
    1671580800000,
    11.579
  ],
  [
    1671667200000,
    12.657
  ],
  [
    1671753600000,
    12.008
  ],
  [
    1671840000000,
    11.375
  ],
  [
    1671926400000,
    11.946
  ],
  [
    1672012800000,
    10.962
  ],
  [
    1672099200000,
    11.597
  ],
  [
    1672185600000,
    12.033
  ],
  [
    1672444800000,
    11.01
  ],
  [
    1672531200000,
    12.184
  ],
  [
    1672617600000,
    11.01
  ],
  [
    1672704000000,
    11.148
  ],
  [
    1672790400000,
    10.652
  ],
  [
    1672876800000,
    12.081
  ],
  [
    1672963200000,
    11.915
  ],
  [
    1673049600000,
    10.89
  ],
  [
    1673136000000,
    12.75
  ],
  [
    1673222400000,
    12.22
  ],
  [
    1673308800000,
    12.737
  ],
  [
    1673395200000,
    11.965
  ],
  [
    1673481600000,
    12.339
  ],
  [
    1673568000000,
    12.447
  ],
  [
    1673654400000,
    11.93
  ],
  [
    1673740800000,
    12.253
  ],
  [
    1673827200000,
    11.903
  ],
  [
    1673913600000,
    11.857
  ],
  [
    1674000000000,
    11.602
  ],
  [
    1674172800000,
    13.942
  ],
  [
    1674259200000,
    11.58
  ],
  [
    1674345600000,
    11.408
  ],
  [
    1674432000000,
    11.75
  ],
  [
    1674518400000,
    12.261
  ],
  [
    1674604800000,
    12.446
  ],
  [
    1674691200000,
    12.641
  ],
  [
    1674777600000,
    11.89
  ],
  [
    1674864000000,
    12.29
  ],
  [
    1674950400000,
    13.301
  ],
  [
    1675036800000,
    11.715
  ],
  [
    1675123200000,
    12.777
  ],
  [
    1675209600000,
    11.93
  ],
  [
    1675296000000,
    12.102
  ],
  [
    1675382400000,
    12.365
  ],
  [
    1675468800000,
    12.818
  ],
  [
    1675555200000,
    12.995
  ],
  [
    1675641600000,
    12.33
  ],
  [
    1675728000000,
    13.56
  ],
  [
    1675814400000,
    12.436
  ],
  [
    1675900800000,
    12.15
  ],
  [
    1675987200000,
    12.194
  ],
  [
    1676073600000,
    12.558
  ],
  [
    1676160000000,
    12.055
  ],
  [
    1676246400000,
    12.097
  ],
  [
    1676332800000,
    12.976
  ],
  [
    1676419200000,
    12.21
  ],
  [
    1676505600000,
    12.625
  ],
  [
    1676592000000,
    13.243
  ],
  [
    1676678400000,
    13.198
  ],
  [
    1676764800000,
    12.177
  ],
  [
    1676851200000,
    12.729
  ],
  [
    1676937600000,
    11.28
  ],
  [
    1677024000000,
    11.787
  ],
  [
    1677110400000,
    12.19
  ],
  [
    1677196800000,
    12.619
  ],
  [
    1677283200000,
    11.683
  ],
  [
    1677369600000,
    13.507
  ],
  [
    1677542400000,
    11.7
  ],
  [
    1677628800000,
    12.212
  ],
  [
    1677715200000,
    12.098
  ],
  [
    1677801600000,
    11.913
  ],
  [
    1677888000000,
    12.338
  ],
  [
    1677974400000,
    12.539
  ],
  [
    1678060800000,
    11.98
  ],
  [
    1678147200000,
    12.635
  ],
  [
    1678233600000,
    11.215
  ],
  [
    1678320000000,
    12.239
  ],
  [
    1678406400000,
    12.866
  ],
  [
    1678492800000,
    12.144
  ],
  [
    1678579200000,
    13.247
  ],
  [
    1678665600000,
    11.925
  ],
  [
    1678752000000,
    12.23
  ],
  [
    1678838400000,
    11.76
  ],
  [
    1678924800000,
    12.237
  ],
  [
    1679011200000,
    12.037
  ],
  [
    1679097600000,
    9.841
  ],
  [
    1679184000000,
    11.91
  ],
  [
    1679270400000,
    12.263
  ],
  [
    1679356800000,
    12.143
  ],
  [
    1679443200000,
    12.443
  ],
  [
    1679529600000,
    12.478
  ],
  [
    1679616000000,
    11.563
  ],
  [
    1679702400000,
    12.977
  ],
  [
    1679788800000,
    14.066
  ],
  [
    1679871600000,
    13.608
  ],
  [
    1680044400000,
    12.293
  ],
  [
    1680130800000,
    11.862
  ],
  [
    1680217200000,
    12.029
  ],
  [
    1680303600000,
    12.525
  ],
  [
    1680476400000,
    16.65
  ],
  [
    1680562800000,
    12.133
  ],
  [
    1680649200000,
    12.2
  ],
  [
    1680735600000,
    12.262
  ],
  [
    1680822000000,
    12.272
  ],
  [
    1680908400000,
    12.413
  ],
  [
    1680994800000,
    12.47
  ],
  [
    1681081200000,
    12.151
  ],
  [
    1681167600000,
    11.876
  ],
  [
    1681254000000,
    12.265
  ],
  [
    1681340400000,
    13.346
  ],
  [
    1681426800000,
    13.863
  ],
  [
    1681513200000,
    12.884
  ],
  [
    1681599600000,
    14.93
  ],
  [
    1681686000000,
    14.357
  ],
  [
    1681772400000,
    12.58
  ],
  [
    1681858800000,
    13.102
  ],
  [
    1681945200000,
    15.21
  ],
  [
    1682031600000,
    15.202
  ],
  [
    1682118000000,
    15.451
  ],
  [
    1682204400000,
    14.825
  ],
  [
    1682290800000,
    15.199
  ],
  [
    1682377200000,
    15.032
  ],
  [
    1682463600000,
    13.158
  ],
  [
    1682550000000,
    14.873
  ],
  [
    1682636400000,
    13.743
  ],
  [
    1682722800000,
    13.236
  ],
  [
    1682809200000,
    14.13
  ],
  [
    1682895600000,
    13.302
  ],
  [
    1682982000000,
    12.891
  ],
  [
    1683068400000,
    13.688
  ],
  [
    1683154800000,
    30.205
  ],
  [
    1683241200000,
    12.706
  ],
  [
    1683327600000,
    11.275
  ],
  [
    1683414000000,
    12.456
  ],
  [
    1683500400000,
    13.481
  ],
  [
    1683586800000,
    12.885
  ],
  [
    1683673200000,
    12.166
  ],
  [
    1683759600000,
    13.865
  ],
  [
    1683932400000,
    13.957
  ],
  [
    1684018800000,
    13.227
  ],
  [
    1684105200000,
    13.652
  ],
  [
    1684191600000,
    16.358
  ],
  [
    1684278000000,
    14.15
  ],
  [
    1684364400000,
    13.987
  ],
  [
    1684450800000,
    14.522
  ],
  [
    1684623600000,
    13.395
  ],
  [
    1684710000000,
    12.224
  ],
  [
    1684796400000,
    14.497
  ],
  [
    1684882800000,
    18.51
  ],
  [
    1684969200000,
    14.256
  ],
  [
    1685055600000,
    14.089
  ],
  [
    1685142000000,
    13.89
  ],
  [
    1685228400000,
    15.023
  ],
  [
    1685314800000,
    15.708
  ],
  [
    1685401200000,
    17.532
  ],
  [
    1685487600000,
    16.441
  ],
  [
    1685574000000,
    16.172
  ],
  [
    1685660400000,
    16.684
  ],
  [
    1685746800000,
    17.37
  ],
  [
    1685833200000,
    11.5
  ],
  [
    1685919600000,
    15.61
  ],
  [
    1686006000000,
    15.685
  ],
  [
    1686092400000,
    15.891
  ],
  [
    1686178800000,
    16.495
  ],
  [
    1686351600000,
    17.088
  ],
  [
    1686438000000,
    16.722
  ],
  [
    1686524400000,
    14.964
  ],
  [
    1686697200000,
    17.03
  ],
  [
    1686783600000,
    14.843
  ],
  [
    1686870000000,
    17.319
  ],
  [
    1686956400000,
    18.197
  ],
  [
    1687042800000,
    17.097
  ],
  [
    1687129200000,
    18.69
  ],
  [
    1687215600000,
    19.097
  ],
  [
    1687302000000,
    18.6
  ],
  [
    1687388400000,
    17.999
  ],
  [
    1687474800000,
    18.521
  ],
  [
    1687561200000,
    17.954
  ],
  [
    1687647600000,
    17.214
  ],
  [
    1687734000000,
    16.62
  ],
  [
    1687820400000,
    18.207
  ],
  [
    1687906800000,
    17.54
  ],
  [
    1687993200000,
    19.216
  ],
  [
    1688166000000,
    19.447
  ],
  [
    1688252400000,
    16.174
  ],
  [
    1688425200000,
    21.32
  ],
  [
    1688511600000,
    18.529
  ],
  [
    1688598000000,
    20.218
  ],
  [
    1688770800000,
    18.059
  ],
  [
    1688857200000,
    17.454
  ],
  [
    1688943600000,
    15.02
  ],
  [
    1689116400000,
    16.403
  ],
  [
    1689202800000,
    15.007
  ],
  [
    1689289200000,
    17.74
  ],
  [
    1689462000000,
    11.174
  ],
  [
    1689548400000,
    16.177
  ],
  [
    1689634800000,
    16.11
  ],
  [
    1689721200000,
    16.969
  ],
  [
    1689807600000,
    16.01
  ],
  [
    1689894000000,
    15.704
  ],
  [
    1689980400000,
    17.065
  ],
  [
    1690066800000,
    15.873
  ],
  [
    1690153200000,
    15.86
  ],
  [
    1690239600000,
    21.66
  ],
  [
    1690326000000,
    16.385
  ],
  [
    1690412400000,
    16.613
  ],
  [
    1690498800000,
    17.054
  ],
  [
    1690585200000,
    17.467
  ],
  [
    1690671600000,
    18.419
  ],
  [
    1690758000000,
    15.97
  ],
  [
    1690844400000,
    16.475
  ],
  [
    1690930800000,
    17.383
  ],
  [
    1691017200000,
    17.129
  ],
  [
    1691103600000,
    18.024
  ],
  [
    1691190000000,
    17.549
  ],
  [
    1691276400000,
    19.285
  ],
  [
    1691362800000,
    14.888
  ],
  [
    1691449200000,
    17.95
  ],
  [
    1691622000000,
    16.667
  ],
  [
    1691708400000,
    17.772
  ],
  [
    1691794800000,
    16.401
  ],
  [
    1691881200000,
    17.83
  ],
  [
    1691967600000,
    16.569
  ],
  [
    1692054000000,
    16.705
  ],
  [
    1692140400000,
    17.605
  ],
  [
    1692313200000,
    16.28
  ],
  [
    1692399600000,
    16.17
  ],
  [
    1692486000000,
    19.38
  ],
  [
    1692831600000,
    19.74
  ],
  [
    1692918000000,
    22.355
  ],
  [
    1693004400000,
    19.824
  ],
  [
    1693090800000,
    17.27
  ],
  [
    1693177200000,
    17.76
  ],
  [
    1693350000000,
    16.545
  ],
  [
    1693436400000,
    16.645
  ],
  [
    1693522800000,
    17.578
  ],
  [
    1693609200000,
    16.53
  ],
  [
    1693782000000,
    18.726
  ],
  [
    1693868400000,
    17.735
  ],
  [
    1693954800000,
    17.517
  ],
  [
    1694041200000,
    18.106
  ],
  [
    1694127600000,
    17.675
  ],
  [
    1694214000000,
    18.34
  ],
  [
    1694300400000,
    18.289
  ],
  [
    1694386800000,
    18.13
  ],
  [
    1694473200000,
    18.76
  ],
  [
    1694559600000,
    18.741
  ],
  [
    1694646000000,
    22.291
  ],
  [
    1694732400000,
    18.95
  ],
  [
    1694905200000,
    19.414
  ],
  [
    1694991600000,
    17.075
  ],
  [
    1695078000000,
    21.855
  ],
  [
    1695510000000,
    22.897
  ],
  [
    1695596400000,
    21.656
  ],
  [
    1695855600000,
    18.528
  ],
  [
    1695942000000,
    19.998
  ],
  [
    1696028400000,
    18.07
  ],
  [
    1696114800000,
    18.742
  ],
  [
    1696201200000,
    18.845
  ],
  [
    1696287600000,
    19.637
  ],
  [
    1696374000000,
    18.955
  ],
  [
    1696460400000,
    20.895
  ],
  [
    1696546800000,
    18.93
  ],
  [
    1696633200000,
    20.965
  ],
  [
    1696719600000,
    19.706
  ],
  [
    1696806000000,
    20.323
  ],
  [
    1696892400000,
    20.56
  ],
  [
    1696978800000,
    19.954
  ],
  [
    1697065200000,
    21.092
  ],
  [
    1697151600000,
    20.315
  ],
  [
    1697238000000,
    20.77
  ],
  [
    1697324400000,
    20.62
  ],
  [
    1697410800000,
    21.095
  ],
  [
    1697497200000,
    21.99
  ],
  [
    1697583600000,
    20.959
  ],
  [
    1697670000000,
    20.176
  ],
  [
    1697756400000,
    22.253
  ],
  [
    1697842800000,
    18.525
  ],
  [
    1697929200000,
    24.189
  ],
  [
    1698015600000,
    45.849
  ],
  [
    1698188400000,
    20.678
  ],
  [
    1698274800000,
    20.617
  ],
  [
    1698361200000,
    19.8
  ],
  [
    1698447600000,
    21.887
  ],
  [
    1698534000000,
    18.867
  ],
  [
    1698624000000,
    18.28
  ],
  [
    1698710400000,
    22.26
  ],
  [
    1698883200000,
    20.25
  ],
  [
    1698969600000,
    20.767
  ],
  [
    1699228800000,
    19.651
  ],
  [
    1699315200000,
    21.57
  ],
  [
    1699488000000,
    21.532
  ],
  [
    1699574400000,
    20.09
  ],
  [
    1699660800000,
    19.49
  ],
  [
    1699747200000,
    17.43
  ],
  [
    1699833600000,
    23.282
  ],
  [
    1700006400000,
    18.943
  ],
  [
    1700092800000,
    21.715
  ],
  [
    1700179200000,
    22.32
  ],
  [
    1700265600000,
    22.461
  ],
  [
    1700352000000,
    18.72
  ],
  [
    1700524800000,
    19.18
  ],
  [
    1700611200000,
    20.004
  ],
  [
    1700784000000,
    19.09
  ],
  [
    1700870400000,
    19.18
  ],
  [
    1700956800000,
    19.519
  ],
  [
    1701043200000,
    18.14
  ],
  [
    1701129600000,
    18.05
  ],
  [
    1701216000000,
    19.417
  ],
  [
    1701388800000,
    17.77
  ],
  [
    1701561600000,
    18.78
  ],
  [
    1701734400000,
    19.353
  ],
  [
    1701820800000,
    20.097
  ],
  [
    1701907200000,
    20.785
  ],
  [
    1701993600000,
    20.75
  ],
  [
    1702080000000,
    20.67
  ],
  [
    1702166400000,
    21.09
  ],
  [
    1702252800000,
    21.64
  ],
  [
    1702339200000,
    23.64
  ],
  [
    1702425600000,
    21.786
  ],
  [
    1702512000000,
    21.36
  ],
  [
    1702598400000,
    22.72
  ],
  [
    1702771200000,
    20.977
  ],
  [
    1702857600000,
    19.437
  ],
  [
    1702944000000,
    21.96
  ],
  [
    1703030400000,
    21.388
  ],
  [
    1703116800000,
    21.267
  ],
  [
    1703203200000,
    21.815
  ],
  [
    1703289600000,
    21.77
  ],
  [
    1703376000000,
    22.879
  ],
  [
    1703548800000,
    18.417
  ],
  [
    1703721600000,
    21.147
  ],
  [
    1703808000000,
    20.692
  ],
  [
    1703894400000,
    23.26
  ],
  [
    1703980800000,
    23.909
  ],
  [
    1704067200000,
    20.44
  ],
  [
    1704153600000,
    20.43
  ],
  [
    1704240000000,
    21.84
  ],
  [
    1704412800000,
    21.287
  ],
  [
    1704499200000,
    21
  ],
  [
    1704585600000,
    22.128
  ],
  [
    1704672000000,
    22.44
  ],
  [
    1704844800000,
    23.694
  ],
  [
    1704931200000,
    23.57
  ],
  [
    1705017600000,
    22.934
  ],
  [
    1705190400000,
    23.743
  ],
  [
    1705363200000,
    23.515
  ],
  [
    1705449600000,
    23.43
  ],
  [
    1705622400000,
    21.52
  ],
  [
    1705708800000,
    20.61
  ],
  [
    1705795200000,
    20.4
  ],
  [
    1705881600000,
    26.032
  ],
  [
    1705968000000,
    20.44
  ],
  [
    1706054400000,
    22.655
  ],
  [
    1706140800000,
    19.66
  ],
  [
    1706227200000,
    19.12
  ],
  [
    1706313600000,
    22.2
  ],
  [
    1706400000000,
    21.49
  ],
  [
    1706486400000,
    23.083
  ],
  [
    1706659200000,
    22.628
  ],
  [
    1706832000000,
    20.87
  ],
  [
    1707004800000,
    21.62
  ],
  [
    1707177600000,
    23.592
  ],
  [
    1707350400000,
    20.04
  ],
  [
    1707436800000,
    19.64
  ],
  [
    1707523200000,
    21.108
  ],
  [
    1707609600000,
    23.48
  ],
  [
    1707696000000,
    18.07
  ],
  [
    1707955200000,
    32.14
  ],
  [
    1708041600000,
    22.094
  ],
  [
    1708214400000,
    22.319
  ],
  [
    1708300800000,
    23.3
  ],
  [
    1708387200000,
    22.83
  ],
  [
    1708473600000,
    23.61
  ],
  [
    1708560000000,
    25.009
  ],
  [
    1708646400000,
    23.43
  ],
  [
    1708732800000,
    19.146
  ],
  [
    1708819200000,
    21.16
  ],
  [
    1708905600000,
    21.135
  ],
  [
    1708992000000,
    22.575
  ],
  [
    1709078400000,
    23.59
  ],
  [
    1709164800000,
    31.08
  ],
  [
    1709251200000,
    23.682
  ],
  [
    1709337600000,
    24.697
  ],
  [
    1709510400000,
    26.8
  ],
  [
    1709596800000,
    26.92
  ],
  [
    1709683200000,
    26.33
  ],
  [
    1709942400000,
    27.17
  ],
  [
    1710115200000,
    25.62
  ],
  [
    1710288000000,
    24
  ],
  [
    1710460800000,
    23.215
  ],
  [
    1710547200000,
    23.157
  ],
  [
    1710633600000,
    23.08
  ],
  [
    1710892800000,
    23.04
  ],
  [
    1711065600000,
    24.832
  ],
  [
    1711238400000,
    22.89
  ],
  [
    1711324800000,
    22.97
  ],
  [
    1711411200000,
    27.432
  ],
  [
    1711497600000,
    22
  ],
  [
    1711584000000,
    24.246
  ],
  [
    1711670400000,
    25.313
  ],
  [
    1711756800000,
    22.86
  ],
  [
    1711843200000,
    24.546
  ],
  [
    1711926000000,
    19.51
  ],
  [
    1712012400000,
    25.306
  ],
  [
    1712098800000,
    26.19
  ],
  [
    1712271600000,
    25.99
  ],
  [
    1712358000000,
    24.818
  ],
  [
    1712444400000,
    23.42
  ],
  [
    1712530800000,
    22.67
  ],
  [
    1712617200000,
    24.07
  ],
  [
    1712790000000,
    21.73
  ],
  [
    1712876400000,
    26.5
  ],
  [
    1713049200000,
    25.406
  ],
  [
    1713135600000,
    23.122
  ],
  [
    1713222000000,
    25.531
  ],
  [
    1713308400000,
    26.94
  ],
  [
    1713394800000,
    24.7
  ],
  [
    1713567600000,
    23.47
  ],
  [
    1713654000000,
    28.68
  ],
  [
    1713826800000,
    28.1
  ],
  [
    1713913200000,
    27.098
  ],
  [
    1714172400000,
    27.85
  ],
  [
    1714431600000,
    27.396
  ],
  [
    1714604400000,
    20.652
  ],
  [
    1714690800000,
    28.062
  ],
  [
    1714863600000,
    26.82
  ],
  [
    1714950000000,
    27.1
  ],
  [
    1715036400000,
    27.387
  ],
  [
    1715122800000,
    29.93
  ],
  [
    1715209200000,
    30.393
  ],
  [
    1715295600000,
    30.53
  ],
  [
    1715468400000,
    32.31
  ],
  [
    1715554800000,
    30.36
  ],
  [
    1715641200000,
    32.372
  ],
  [
    1715727600000,
    30.42
  ],
  [
    1715814000000,
    31.8
  ],
  [
    1715900400000,
    30.47
  ],
  [
    1715986800000,
    33.574
  ],
  [
    1716159600000,
    27.65
  ],
  [
    1716595200000,
    26.767
  ],
  [
    1716670800000,
    34.9
  ],
  [
    1716746400000,
    31.28
  ],
  [
    1716984000000,
    31
  ],
  [
    1717189200000,
    29.99
  ],
  [
    1717210800000,
    38.64
  ],
  [
    1717225200000,
    37.393
  ],
  [
    1717300800000,
    32.54
  ],
  [
    1717862400000,
    32.54
  ],
  [
    1717905600000,
    34.467
  ],
  [
    1717984800000,
    37.967
  ],
  [
    1718078400000,
    34.807
  ],
  [
    1718103600000,
    34.59
  ],
  [
    1718107200000,
    34.59
  ],
  [
    1718110800000,
    34.34
  ],
  [
    1718132400000,
    32
  ],
  [
    1718236800000,
    33.9
  ],
  [
    1718276400000,
    33.59
  ],
  [
    1718370000000,
    33.9
  ],
  [
    1718438400000,
    32.01
  ],
  [
    1718449200000,
    32.75
  ],
  [
    1718532000000,
    35.811
  ],
  [
    1718636400000,
    32.74
  ],
  [
    1718643600000,
    32.685
  ],
  [
    1718647200000,
    29.99
  ],
  [
    1718740800000,
    24.7
  ],
  [
    1718784000000,
    32.82
  ],
  [
    1718812800000,
    32.77
  ],
  [
    1718884800000,
    32.86
  ],
  [
    1718906400000,
    31.94
  ]
]