[
  [
    1574121600000,
    0.127
  ],
  [
    1574208000000,
    0.109
  ],
  [
    1574294400000,
    0.17
  ],
  [
    1574380800000,
    0.191
  ],
  [
    1574467200000,
    0.267
  ],
  [
    1574553600000,
    0.166
  ],
  [
    1574640000000,
    0.137
  ],
  [
    1574726400000,
    0.169
  ],
  [
    1574812800000,
    0.164
  ],
  [
    1574899200000,
    0.172
  ],
  [
    1574985600000,
    0.205
  ],
  [
    1575072000000,
    0.183
  ],
  [
    1575158400000,
    0.249
  ],
  [
    1575244800000,
    0.27
  ],
  [
    1575331200000,
    0.276
  ],
  [
    1575417600000,
    0.201
  ],
  [
    1575504000000,
    0.18
  ],
  [
    1575590400000,
    12.389
  ],
  [
    1575676800000,
    0.232
  ],
  [
    1575763200000,
    0.21
  ],
  [
    1575849600000,
    0.306
  ],
  [
    1575936000000,
    0.274
  ],
  [
    1576022400000,
    0.248
  ],
  [
    1576108800000,
    0.288
  ],
  [
    1576195200000,
    0.268
  ],
  [
    1576281600000,
    0.213
  ],
  [
    1576368000000,
    0.226
  ],
  [
    1576454400000,
    0.22
  ],
  [
    1576540800000,
    0.208
  ],
  [
    1576627200000,
    0.199
  ],
  [
    1576713600000,
    0.217
  ],
  [
    1576800000000,
    0.207
  ],
  [
    1576886400000,
    0.218
  ],
  [
    1576972800000,
    0.204
  ],
  [
    1577059200000,
    0.208
  ],
  [
    1577145600000,
    0.223
  ],
  [
    1577232000000,
    0.209
  ],
  [
    1577318400000,
    0.224
  ],
  [
    1577404800000,
    0.233
  ],
  [
    1577491200000,
    0.249
  ],
  [
    1577577600000,
    0.214
  ],
  [
    1577664000000,
    0.223
  ],
  [
    1577750400000,
    2.852
  ],
  [
    1577836800000,
    0.21
  ],
  [
    1577923200000,
    0.182
  ],
  [
    1578009600000,
    0.172
  ],
  [
    1578096000000,
    0.188
  ],
  [
    1578182400000,
    0.163
  ],
  [
    1578268800000,
    0.19
  ],
  [
    1578355200000,
    0.213
  ],
  [
    1578441600000,
    0.229
  ],
  [
    1578528000000,
    0.241
  ],
  [
    1578614400000,
    0.483
  ],
  [
    1578700800000,
    0.195
  ],
  [
    1578787200000,
    0.134
  ],
  [
    1578873600000,
    0.128
  ],
  [
    1578960000000,
    0.162
  ],
  [
    1579046400000,
    0.136
  ],
  [
    1579132800000,
    0.159
  ],
  [
    1579219200000,
    0.205
  ],
  [
    1579305600000,
    0.266
  ],
  [
    1579392000000,
    0.243
  ],
  [
    1579478400000,
    0.248
  ],
  [
    1579564800000,
    0.261
  ],
  [
    1579651200000,
    0.269
  ],
  [
    1579737600000,
    0.237
  ],
  [
    1579824000000,
    0.223
  ],
  [
    1579910400000,
    0.222
  ],
  [
    1579996800000,
    2.956
  ],
  [
    1580083200000,
    0.208
  ],
  [
    1580169600000,
    0.276
  ],
  [
    1580256000000,
    0.259
  ],
  [
    1580342400000,
    0.744
  ],
  [
    1580428800000,
    0.263
  ],
  [
    1580515200000,
    0.258
  ],
  [
    1580601600000,
    0.262
  ],
  [
    1580688000000,
    0.238
  ],
  [
    1580774400000,
    0.501
  ],
  [
    1580860800000,
    0.357
  ],
  [
    1580947200000,
    0.39
  ],
  [
    1581033600000,
    0.395
  ],
  [
    1581120000000,
    0.366
  ],
  [
    1581206400000,
    0.304
  ],
  [
    1581292800000,
    0.36
  ],
  [
    1581379200000,
    0.318
  ],
  [
    1581465600000,
    0.346
  ],
  [
    1581552000000,
    0.318
  ],
  [
    1581638400000,
    0.34
  ],
  [
    1581724800000,
    0.318
  ],
  [
    1581811200000,
    0.354
  ],
  [
    1581897600000,
    0.353
  ],
  [
    1581984000000,
    0.348
  ],
  [
    1582070400000,
    0.313
  ],
  [
    1582156800000,
    0.297
  ],
  [
    1582243200000,
    0.286
  ],
  [
    1582329600000,
    0.363
  ],
  [
    1582416000000,
    0.391
  ],
  [
    1582502400000,
    0.469
  ],
  [
    1582588800000,
    0.399
  ],
  [
    1582675200000,
    0.376
  ],
  [
    1582761600000,
    0.406
  ],
  [
    1582848000000,
    0.439
  ],
  [
    1582934400000,
    0.494
  ],
  [
    1583020800000,
    0.407
  ],
  [
    1583107200000,
    0.448
  ],
  [
    1583193600000,
    1.053
  ],
  [
    1583280000000,
    0.456
  ],
  [
    1583366400000,
    0.43
  ],
  [
    1583452800000,
    0.351
  ],
  [
    1583539200000,
    0.339
  ],
  [
    1583625600000,
    0.354
  ],
  [
    1583712000000,
    0.355
  ],
  [
    1583798400000,
    0.359
  ],
  [
    1583884800000,
    0.336
  ],
  [
    1583971200000,
    0.404
  ],
  [
    1584057600000,
    0.346
  ],
  [
    1584144000000,
    0.352
  ],
  [
    1584230400000,
    0.353
  ],
  [
    1584316800000,
    0.332
  ],
  [
    1584403200000,
    0.336
  ],
  [
    1584489600000,
    0.35
  ],
  [
    1584576000000,
    0.361
  ],
  [
    1584662400000,
    0.393
  ],
  [
    1584748800000,
    0.438
  ],
  [
    1584835200000,
    0.431
  ],
  [
    1584921600000,
    0.394
  ],
  [
    1585008000000,
    0.396
  ],
  [
    1585094400000,
    0.407
  ],
  [
    1585180800000,
    0.367
  ],
  [
    1585267200000,
    0.422
  ],
  [
    1585353600000,
    0.461
  ],
  [
    1585440000000,
    0.448
  ],
  [
    1585522800000,
    0.439
  ],
  [
    1585609200000,
    0.378
  ],
  [
    1585695600000,
    0.366
  ],
  [
    1585782000000,
    0.392
  ],
  [
    1585868400000,
    0.386
  ],
  [
    1585954800000,
    0.395
  ],
  [
    1586041200000,
    0.405
  ],
  [
    1586127600000,
    0.809
  ],
  [
    1586214000000,
    0.403
  ],
  [
    1586300400000,
    0.313
  ],
  [
    1586386800000,
    0.407
  ],
  [
    1586473200000,
    0.424
  ],
  [
    1586559600000,
    0.429
  ],
  [
    1586646000000,
    0.42
  ],
  [
    1586732400000,
    0.403
  ],
  [
    1586818800000,
    0.413
  ],
  [
    1586905200000,
    0.391
  ],
  [
    1586991600000,
    0.36
  ],
  [
    1587078000000,
    0.403
  ],
  [
    1587164400000,
    0.422
  ],
  [
    1587250800000,
    0.436
  ],
  [
    1587337200000,
    0.434
  ],
  [
    1587423600000,
    0.398
  ],
  [
    1587510000000,
    0.362
  ],
  [
    1587596400000,
    0.429
  ],
  [
    1587682800000,
    0.437
  ],
  [
    1587769200000,
    0.485
  ],
  [
    1587855600000,
    0.421
  ],
  [
    1587942000000,
    0.478
  ],
  [
    1588028400000,
    0.492
  ],
  [
    1588114800000,
    0.522
  ],
  [
    1588201200000,
    0.512
  ],
  [
    1588287600000,
    0.525
  ],
  [
    1588374000000,
    0.557
  ],
  [
    1588460400000,
    0.621
  ],
  [
    1588546800000,
    0.646
  ],
  [
    1588633200000,
    0.672
  ],
  [
    1588719600000,
    0.655
  ],
  [
    1588806000000,
    0.705
  ],
  [
    1588892400000,
    0.653
  ],
  [
    1588978800000,
    0.677
  ],
  [
    1589065200000,
    0.671
  ],
  [
    1589151600000,
    0.702
  ],
  [
    1589238000000,
    0.775
  ],
  [
    1589324400000,
    0.752
  ],
  [
    1589410800000,
    0.66
  ],
  [
    1589497200000,
    0.749
  ],
  [
    1589583600000,
    0.772
  ],
  [
    1589670000000,
    0.818
  ],
  [
    1589756400000,
    0.813
  ],
  [
    1589842800000,
    0.824
  ],
  [
    1589929200000,
    0.848
  ],
  [
    1590015600000,
    0.75
  ],
  [
    1590102000000,
    0.842
  ],
  [
    1590188400000,
    0.693
  ],
  [
    1590274800000,
    0.861
  ],
  [
    1590361200000,
    1.047
  ],
  [
    1590447600000,
    0.705
  ],
  [
    1590534000000,
    0.73
  ],
  [
    1590620400000,
    0.726
  ],
  [
    1590706800000,
    0.567
  ],
  [
    1590793200000,
    0.73
  ],
  [
    1590879600000,
    0.74
  ],
  [
    1590966000000,
    0.828
  ],
  [
    1591052400000,
    0.796
  ],
  [
    1591138800000,
    0.85
  ],
  [
    1591311600000,
    0.83
  ],
  [
    1591398000000,
    0.863
  ],
  [
    1591570800000,
    0.86
  ],
  [
    1591657200000,
    0.737
  ],
  [
    1591743600000,
    0.63
  ],
  [
    1591830000000,
    0.817
  ],
  [
    1591916400000,
    0.776
  ],
  [
    1592002800000,
    0.85
  ],
  [
    1592089200000,
    0.852
  ],
  [
    1592262000000,
    0.837
  ],
  [
    1592348400000,
    1.875
  ],
  [
    1592521200000,
    0.768
  ],
  [
    1592607600000,
    0.794
  ],
  [
    1592694000000,
    0.719
  ],
  [
    1592780400000,
    0.79
  ],
  [
    1592866800000,
    0.748
  ],
  [
    1592953200000,
    0.683
  ],
  [
    1593039600000,
    0.655
  ],
  [
    1593126000000,
    0.658
  ],
  [
    1593212400000,
    0.658
  ],
  [
    1593298800000,
    0.735
  ],
  [
    1593385200000,
    0.658
  ],
  [
    1593471600000,
    0.515
  ],
  [
    1593558000000,
    0.523
  ],
  [
    1593644400000,
    0.638
  ],
  [
    1593730800000,
    0.715
  ],
  [
    1593817200000,
    0.733
  ],
  [
    1593903600000,
    0.723
  ],
  [
    1593990000000,
    0.719
  ],
  [
    1594076400000,
    0.758
  ],
  [
    1594162800000,
    0.774
  ],
  [
    1594249200000,
    0.766
  ],
  [
    1594335600000,
    0.821
  ],
  [
    1594422000000,
    0.791
  ],
  [
    1594508400000,
    0.884
  ],
  [
    1594594800000,
    0.71
  ],
  [
    1594681200000,
    0.984
  ],
  [
    1594767600000,
    0.865
  ],
  [
    1594854000000,
    0.802
  ],
  [
    1594940400000,
    0.932
  ],
  [
    1595026800000,
    1.584
  ],
  [
    1595199600000,
    0.993
  ],
  [
    1595286000000,
    0.591
  ],
  [
    1595372400000,
    1.283
  ],
  [
    1595458800000,
    1.091
  ],
  [
    1595631600000,
    0.942
  ],
  [
    1595718000000,
    1.007
  ],
  [
    1595804400000,
    1.081
  ],
  [
    1595977200000,
    1.085
  ],
  [
    1596063600000,
    1.105
  ],
  [
    1596150000000,
    1.018
  ],
  [
    1596409200000,
    0.956
  ],
  [
    1596495600000,
    1.055
  ],
  [
    1596582000000,
    0.939
  ],
  [
    1596668400000,
    0.84
  ],
  [
    1596754800000,
    0.96
  ],
  [
    1596841200000,
    0.423
  ],
  [
    1596927600000,
    39.521
  ],
  [
    1597100400000,
    0.957
  ],
  [
    1597186800000,
    0.954
  ],
  [
    1597273200000,
    0.909
  ],
  [
    1597359600000,
    0.979
  ],
  [
    1597446000000,
    0.895
  ],
  [
    1597532400000,
    1.081
  ],
  [
    1597618800000,
    0.903
  ],
  [
    1597791600000,
    1.04
  ],
  [
    1597878000000,
    0.942
  ],
  [
    1597964400000,
    1.004
  ],
  [
    1598050800000,
    0.988
  ],
  [
    1598137200000,
    0.954
  ],
  [
    1598310000000,
    0.846
  ],
  [
    1598482800000,
    1.15
  ],
  [
    1598569200000,
    1.051
  ],
  [
    1598655600000,
    0.73
  ],
  [
    1599174000000,
    0.918
  ],
  [
    1599260400000,
    0.36
  ],
  [
    1599346800000,
    0.971
  ],
  [
    1599433200000,
    0.054
  ],
  [
    1599519600000,
    1.028
  ],
  [
    1599606000000,
    0.876
  ],
  [
    1599692400000,
    0.999
  ],
  [
    1599778800000,
    0.981
  ],
  [
    1599865200000,
    42.467
  ],
  [
    1600038000000,
    0.912
  ],
  [
    1600124400000,
    0.973
  ],
  [
    1600210800000,
    1.016
  ],
  [
    1600297200000,
    1.016
  ],
  [
    1600383600000,
    1.031
  ],
  [
    1600470000000,
    1.032
  ],
  [
    1600556400000,
    0.955
  ],
  [
    1600642800000,
    1.013
  ],
  [
    1600729200000,
    0.982
  ],
  [
    1600815600000,
    1.006
  ],
  [
    1600902000000,
    0.968
  ],
  [
    1600988400000,
    1.056
  ],
  [
    1601074800000,
    1.034
  ],
  [
    1601161200000,
    1.037
  ],
  [
    1601247600000,
    1.09
  ],
  [
    1601334000000,
    1.135
  ],
  [
    1601593200000,
    0.707
  ],
  [
    1601766000000,
    0.98
  ],
  [
    1601852400000,
    0.762
  ],
  [
    1602111600000,
    1.061
  ],
  [
    1602198000000,
    1.314
  ],
  [
    1602284400000,
    1.152
  ],
  [
    1602457200000,
    1.15
  ],
  [
    1602543600000,
    1.289
  ],
  [
    1602802800000,
    1.136
  ],
  [
    1602975600000,
    1.225
  ],
  [
    1603062000000,
    1.266
  ],
  [
    1603148400000,
    1.34
  ],
  [
    1603321200000,
    1.168
  ],
  [
    1603407600000,
    1.229
  ],
  [
    1603494000000,
    1.25
  ],
  [
    1603580400000,
    1.125
  ],
  [
    1603756800000,
    1.12
  ],
  [
    1603843200000,
    1.254
  ],
  [
    1604016000000,
    1.26
  ],
  [
    1604188800000,
    1.177
  ],
  [
    1604275200000,
    1.22
  ],
  [
    1604361600000,
    1.177
  ],
  [
    1604448000000,
    1.15
  ],
  [
    1604534400000,
    1.236
  ],
  [
    1604620800000,
    1.368
  ],
  [
    1604707200000,
    1.12
  ],
  [
    1604966400000,
    1.09
  ],
  [
    1605052800000,
    1.234
  ],
  [
    1605225600000,
    1.193
  ],
  [
    1605312000000,
    1.06
  ],
  [
    1605398400000,
    1.205
  ],
  [
    1605484800000,
    1.228
  ],
  [
    1605571200000,
    1.077
  ],
  [
    1605657600000,
    1.158
  ],
  [
    1605744000000,
    1.187
  ],
  [
    1605916800000,
    1.19
  ],
  [
    1606003200000,
    0.946
  ],
  [
    1606089600000,
    1.109
  ],
  [
    1606176000000,
    1.2
  ],
  [
    1606262400000,
    1.085
  ],
  [
    1606435200000,
    1.172
  ],
  [
    1606608000000,
    1.05
  ],
  [
    1606694400000,
    1.03
  ],
  [
    1606780800000,
    1.03
  ],
  [
    1606867200000,
    1.161
  ],
  [
    1606953600000,
    1.015
  ],
  [
    1607040000000,
    1.185
  ],
  [
    1607126400000,
    1.01
  ],
  [
    1607212800000,
    0.978
  ],
  [
    1607385600000,
    0.926
  ],
  [
    1607472000000,
    0.862
  ],
  [
    1607558400000,
    1
  ],
  [
    1607644800000,
    0.84
  ],
  [
    1607731200000,
    0.805
  ],
  [
    1607817600000,
    0.78
  ],
  [
    1607904000000,
    0.88
  ],
  [
    1607990400000,
    0.893
  ],
  [
    1608076800000,
    0.853
  ],
  [
    1608249600000,
    0.887
  ],
  [
    1608336000000,
    0.902
  ],
  [
    1608422400000,
    0.89
  ],
  [
    1608508800000,
    0.781
  ],
  [
    1608595200000,
    0.877
  ],
  [
    1608681600000,
    0.88
  ],
  [
    1608768000000,
    0.925
  ],
  [
    1608940800000,
    1.017
  ],
  [
    1609027200000,
    1.032
  ],
  [
    1609113600000,
    1.034
  ],
  [
    1609200000000,
    0.872
  ],
  [
    1609286400000,
    1.078
  ],
  [
    1609372800000,
    1.246
  ],
  [
    1609459200000,
    1.039
  ],
  [
    1609545600000,
    1.344
  ],
  [
    1609632000000,
    1.38
  ],
  [
    1609718400000,
    1.39
  ],
  [
    1609804800000,
    1.469
  ],
  [
    1609891200000,
    1.631
  ],
  [
    1610064000000,
    1.71
  ],
  [
    1610150400000,
    1.34
  ],
  [
    1610409600000,
    1.229
  ],
  [
    1610496000000,
    1.62
  ],
  [
    1610582400000,
    1.977
  ],
  [
    1610668800000,
    1.03
  ],
  [
    1610755200000,
    1.071
  ],
  [
    1610841600000,
    1.446
  ],
  [
    1610928000000,
    1.35
  ],
  [
    1611014400000,
    1.782
  ],
  [
    1611100800000,
    1.697
  ],
  [
    1611273600000,
    1.745
  ],
  [
    1611360000000,
    1.282
  ],
  [
    1611446400000,
    1.73
  ],
  [
    1611532800000,
    1.454
  ],
  [
    1611705600000,
    1.46
  ],
  [
    1611792000000,
    1.4
  ],
  [
    1612137600000,
    1.664
  ],
  [
    1612224000000,
    1.47
  ],
  [
    1612310400000,
    1.653
  ],
  [
    1612396800000,
    1.77
  ],
  [
    1612569600000,
    2.008
  ],
  [
    1612656000000,
    1.51
  ],
  [
    1612915200000,
    1.545
  ],
  [
    1613001600000,
    1.846
  ],
  [
    1613088000000,
    1.602
  ],
  [
    1613260800000,
    1.072
  ],
  [
    1613347200000,
    1.254
  ],
  [
    1613433600000,
    1.524
  ],
  [
    1613520000000,
    0.88
  ],
  [
    1613606400000,
    1.579
  ],
  [
    1613692800000,
    1.65
  ],
  [
    1613779200000,
    1.675
  ],
  [
    1613865600000,
    1.698
  ],
  [
    1614124800000,
    1.838
  ],
  [
    1614211200000,
    1.72
  ],
  [
    1614297600000,
    1.708
  ],
  [
    1614384000000,
    1.8
  ],
  [
    1614470400000,
    1.831
  ],
  [
    1614556800000,
    1.137
  ],
  [
    1614643200000,
    1.862
  ],
  [
    1614729600000,
    1.819
  ],
  [
    1614816000000,
    1.66
  ],
  [
    1614902400000,
    1.804
  ],
  [
    1614988800000,
    1.979
  ],
  [
    1615161600000,
    1.99
  ],
  [
    1615248000000,
    2.093
  ],
  [
    1615420800000,
    1.887
  ],
  [
    1615593600000,
    1.67
  ],
  [
    1615852800000,
    1.675
  ],
  [
    1616025600000,
    1.737
  ],
  [
    1616112000000,
    1.919
  ],
  [
    1616284800000,
    1.769
  ],
  [
    1616371200000,
    2.154
  ],
  [
    1616457600000,
    2.741
  ],
  [
    1616630400000,
    3.035
  ],
  [
    1616716800000,
    2.748
  ],
  [
    1616803200000,
    3.14
  ],
  [
    1616972400000,
    1.63
  ],
  [
    1617058800000,
    3.14
  ],
  [
    1617231600000,
    2.5
  ],
  [
    1617318000000,
    1.93
  ],
  [
    1617490800000,
    3.447
  ],
  [
    1617577200000,
    2.3
  ],
  [
    1617750000000,
    3.87
  ],
  [
    1617836400000,
    2.412
  ],
  [
    1617922800000,
    2.508
  ],
  [
    1618009200000,
    2.336
  ],
  [
    1618095600000,
    2.672
  ],
  [
    1618268400000,
    2.805
  ],
  [
    1618354800000,
    2.922
  ],
  [
    1618441200000,
    3.01
  ],
  [
    1618614000000,
    2.822
  ],
  [
    1618873200000,
    2.515
  ],
  [
    1618959600000,
    3.064
  ],
  [
    1619046000000,
    2.891
  ],
  [
    1619132400000,
    2.933
  ],
  [
    1619218800000,
    2.799
  ],
  [
    1619391600000,
    2.668
  ],
  [
    1619478000000,
    2.66
  ],
  [
    1619564400000,
    2.496
  ],
  [
    1619650800000,
    3.02
  ],
  [
    1619737200000,
    2.854
  ],
  [
    1619823600000,
    3.387
  ],
  [
    1619910000000,
    3.515
  ],
  [
    1619996400000,
    3.735
  ],
  [
    1620082800000,
    3.517
  ],
  [
    1620342000000,
    3.551
  ],
  [
    1620428400000,
    3.647
  ],
  [
    1620514800000,
    3.553
  ],
  [
    1620687600000,
    3.638
  ],
  [
    1620774000000,
    3.95
  ],
  [
    1620860400000,
    3.627
  ],
  [
    1621033200000,
    3.544
  ],
  [
    1621119600000,
    3.54
  ],
  [
    1621206000000,
    3.728
  ],
  [
    1621292400000,
    4.031
  ],
  [
    1621378800000,
    4.372
  ],
  [
    1621551600000,
    4.927
  ],
  [
    1621638000000,
    5.35
  ],
  [
    1621724400000,
    4.33
  ],
  [
    1621810800000,
    4.4
  ],
  [
    1621897200000,
    6.787
  ],
  [
    1622070000000,
    7.101
  ],
  [
    1622156400000,
    7.018
  ],
  [
    1622242800000,
    7.76
  ],
  [
    1622329200000,
    5.58
  ],
  [
    1622588400000,
    7.719
  ],
  [
    1622674800000,
    8.993
  ],
  [
    1622761200000,
    8.701
  ],
  [
    1622934000000,
    8.7
  ],
  [
    1623106800000,
    10.127
  ],
  [
    1623452400000,
    7.186
  ],
  [
    1623625200000,
    8.71
  ],
  [
    1623711600000,
    8.9
  ],
  [
    1623798000000,
    9.76
  ],
  [
    1623884400000,
    9.86
  ],
  [
    1623970800000,
    9.2
  ],
  [
    1624230000000,
    9.22
  ],
  [
    1624489200000,
    9.446
  ],
  [
    1624575600000,
    8.68
  ],
  [
    1624662000000,
    7.96
  ],
  [
    1624748400000,
    5.33
  ],
  [
    1624921200000,
    6.899
  ],
  [
    1625007600000,
    7.075
  ],
  [
    1625094000000,
    5.822
  ],
  [
    1625180400000,
    5.22
  ],
  [
    1625266800000,
    7.633
  ],
  [
    1625353200000,
    6.558
  ],
  [
    1625439600000,
    6.53
  ],
  [
    1625526000000,
    6.22
  ],
  [
    1625785200000,
    6.649
  ],
  [
    1625958000000,
    6.24
  ],
  [
    1626044400000,
    6.261
  ],
  [
    1626130800000,
    4.8
  ],
  [
    1626217200000,
    6
  ],
  [
    1626303600000,
    6.25
  ],
  [
    1626390000000,
    5.78
  ],
  [
    1626649200000,
    5.84
  ],
  [
    1626735600000,
    5.783
  ],
  [
    1626908400000,
    6.003
  ],
  [
    1626994800000,
    6.533
  ],
  [
    1627167600000,
    6.15
  ],
  [
    1627254000000,
    7.153
  ],
  [
    1627426800000,
    7.315
  ],
  [
    1627686000000,
    6.83
  ],
  [
    1627858800000,
    7.426
  ],
  [
    1628118000000,
    6.48
  ],
  [
    1628204400000,
    7.102
  ],
  [
    1628550000000,
    6.49
  ],
  [
    1628809200000,
    6.06
  ],
  [
    1629068400000,
    5.89
  ],
  [
    1629241200000,
    5.46
  ],
  [
    1629673200000,
    6.308
  ],
  [
    1629759600000,
    5.771
  ],
  [
    1629846000000,
    6.3
  ],
  [
    1629932400000,
    5.45
  ],
  [
    1630191600000,
    5.642
  ],
  [
    1630364400000,
    6.507
  ],
  [
    1630623600000,
    6.54
  ],
  [
    1630969200000,
    6.23
  ],
  [
    1631228400000,
    5.822
  ],
  [
    1631314800000,
    6.634
  ],
  [
    1631660400000,
    5.71
  ],
  [
    1631746800000,
    5.826
  ],
  [
    1632092400000,
    6.1
  ],
  [
    1632265200000,
    5.358
  ],
  [
    1632697200000,
    3.034
  ],
  [
    1632870000000,
    2.852
  ],
  [
    1632956400000,
    2.73
  ],
  [
    1633129200000,
    2.949
  ],
  [
    1633388400000,
    4.667
  ],
  [
    1633647600000,
    4.075
  ],
  [
    1633906800000,
    4.058
  ],
  [
    1634166000000,
    4.23
  ],
  [
    1634252400000,
    3.362
  ],
  [
    1634338800000,
    4.39
  ],
  [
    1634511600000,
    4.298
  ],
  [
    1634770800000,
    4.311
  ],
  [
    1634857200000,
    3.855
  ],
  [
    1635202800000,
    3.887
  ],
  [
    1635289200000,
    4.165
  ],
  [
    1635375600000,
    4.242
  ],
  [
    1635548400000,
    3.954
  ],
  [
    1635811200000,
    4.2
  ],
  [
    1635897600000,
    3.853
  ],
  [
    1636070400000,
    4.4
  ],
  [
    1636243200000,
    4.043
  ],
  [
    1636329600000,
    4.341
  ],
  [
    1636502400000,
    4.022
  ],
  [
    1636588800000,
    3.59
  ],
  [
    1636675200000,
    3.939
  ],
  [
    1636761600000,
    3.988
  ],
  [
    1636848000000,
    4.32
  ],
  [
    1637107200000,
    4.313
  ],
  [
    1637193600000,
    4.66
  ],
  [
    1637280000000,
    4.687
  ],
  [
    1637452800000,
    4.85
  ],
  [
    1637798400000,
    4.925
  ],
  [
    1638144000000,
    3.803
  ],
  [
    1638489600000,
    4.732
  ],
  [
    1638576000000,
    5.382
  ],
  [
    1638748800000,
    4.463
  ],
  [
    1638835200000,
    6.22
  ],
  [
    1638921600000,
    6.284
  ],
  [
    1639008000000,
    6.108
  ],
  [
    1639267200000,
    6.573
  ],
  [
    1639353600000,
    5.553
  ],
  [
    1639440000000,
    6.498
  ],
  [
    1639785600000,
    5.56
  ],
  [
    1640476800000,
    6.096
  ],
  [
    1640563200000,
    6.11
  ],
  [
    1640908800000,
    6.292
  ],
  [
    1640995200000,
    6.32
  ],
  [
    1641081600000,
    6.93
  ],
  [
    1641254400000,
    6.78
  ],
  [
    1641600000000,
    6.49
  ],
  [
    1641859200000,
    6.657
  ],
  [
    1641945600000,
    6.67
  ],
  [
    1642032000000,
    6.99
  ],
  [
    1642118400000,
    6.85
  ],
  [
    1642550400000,
    7.03
  ],
  [
    1642636800000,
    7.073
  ],
  [
    1642723200000,
    6.418
  ],
  [
    1642896000000,
    3.408
  ],
  [
    1643155200000,
    6.37
  ],
  [
    1643241600000,
    5.94
  ],
  [
    1643328000000,
    5.86
  ],
  [
    1643587200000,
    6.431
  ],
  [
    1643846400000,
    5.6
  ],
  [
    1643932800000,
    6.52
  ],
  [
    1644624000000,
    6.496
  ],
  [
    1644710400000,
    6.464
  ],
  [
    1644796800000,
    6.602
  ],
  [
    1644969600000,
    6.23
  ],
  [
    1645142400000,
    6.67
  ],
  [
    1645228800000,
    5.9
  ],
  [
    1645574400000,
    5.737
  ],
  [
    1645920000000,
    6.13
  ],
  [
    1646092800000,
    5.82
  ],
  [
    1646179200000,
    5.733
  ],
  [
    1646265600000,
    6.002
  ],
  [
    1646524800000,
    5.46
  ],
  [
    1646611200000,
    5.67
  ],
  [
    1646784000000,
    5.887
  ],
  [
    1646870400000,
    6.025
  ],
  [
    1646956800000,
    6.639
  ],
  [
    1647129600000,
    5.9
  ],
  [
    1647388800000,
    6.884
  ],
  [
    1647561600000,
    5.95
  ],
  [
    1647648000000,
    5.75
  ],
  [
    1647820800000,
    6.442
  ],
  [
    1647907200000,
    6.103
  ],
  [
    1647993600000,
    6.879
  ],
  [
    1648166400000,
    7.085
  ],
  [
    1648252800000,
    6.3
  ],
  [
    1648508400000,
    6.667
  ],
  [
    1648594800000,
    6.18
  ],
  [
    1648681200000,
    7.24
  ],
  [
    1648767600000,
    7.64
  ],
  [
    1648854000000,
    7.38
  ],
  [
    1649199600000,
    7.3
  ],
  [
    1649286000000,
    7.426
  ],
  [
    1649372400000,
    7.407
  ],
  [
    1649458800000,
    8.115
  ],
  [
    1649545200000,
    7.03
  ],
  [
    1649718000000,
    7.794
  ],
  [
    1649804400000,
    8.008
  ],
  [
    1649977200000,
    8.431
  ],
  [
    1650150000000,
    8.83
  ],
  [
    1650754800000,
    10.286
  ],
  [
    1651791600000,
    8.853
  ],
  [
    1653174000000,
    7.39
  ],
  [
    1653519600000,
    8.34
  ],
  [
    1653778800000,
    7.45
  ],
  [
    1653951600000,
    9.249
  ],
  [
    1654210800000,
    8.59
  ],
  [
    1654297200000,
    8.51
  ],
  [
    1654470000000,
    8.33
  ],
  [
    1654556400000,
    7.715
  ],
  [
    1654642800000,
    8.3
  ],
  [
    1655420400000,
    7.627
  ],
  [
    1655593200000,
    7.323
  ],
  [
    1655938800000,
    6.385
  ],
  [
    1656025200000,
    7.161
  ],
  [
    1656543600000,
    6.34
  ],
  [
    1656716400000,
    6.849
  ],
  [
    1657753200000,
    7.13
  ],
  [
    1657839600000,
    7.092
  ],
  [
    1657926000000,
    6.27
  ],
  [
    1658012400000,
    7.558
  ],
  [
    1658530800000,
    6.896
  ],
  [
    1658703600000,
    6.35
  ],
  [
    1658876400000,
    7.097
  ],
  [
    1659135600000,
    7.41
  ],
  [
    1659740400000,
    7.13
  ],
  [
    1660086000000,
    7.09
  ],
  [
    1660172400000,
    6.98
  ],
  [
    1660431600000,
    7.712
  ],
  [
    1660518000000,
    7.32
  ],
  [
    1660604400000,
    7.97
  ],
  [
    1660777200000,
    7.93
  ],
  [
    1661468400000,
    7.852
  ],
  [
    1661554800000,
    7.843
  ],
  [
    1661641200000,
    7.71
  ],
  [
    1661814000000,
    9.1
  ],
  [
    1661986800000,
    21.47
  ],
  [
    1662073200000,
    6.768
  ],
  [
    1662505200000,
    7.56
  ],
  [
    1662678000000,
    7.56
  ],
  [
    1662850800000,
    9.108
  ],
  [
    1662937200000,
    7.55
  ],
  [
    1663023600000,
    8.142
  ],
  [
    1663196400000,
    7.56
  ],
  [
    1663282800000,
    8.117
  ],
  [
    1663455600000,
    7.48
  ],
  [
    1663542000000,
    7.8
  ],
  [
    1663801200000,
    8.83
  ],
  [
    1664060400000,
    8.165
  ],
  [
    1664146800000,
    7.5
  ],
  [
    1664838000000,
    8.576
  ],
  [
    1664924400000,
    8.398
  ],
  [
    1665010800000,
    7.53
  ],
  [
    1665270000000,
    8.78
  ],
  [
    1665356400000,
    8.708
  ],
  [
    1665442800000,
    8.735
  ],
  [
    1665529200000,
    9.16
  ],
  [
    1665874800000,
    8.2
  ],
  [
    1666047600000,
    10.003
  ],
  [
    1666220400000,
    8.64
  ],
  [
    1666825200000,
    8.3
  ],
  [
    1667779200000,
    9.715
  ],
  [
    1668038400000,
    8.01
  ],
  [
    1668124800000,
    12.604
  ],
  [
    1669334400000,
    13.14
  ],
  [
    1669507200000,
    8.627
  ],
  [
    1669680000000,
    9.7
  ],
  [
    1669939200000,
    11.049
  ],
  [
    1670025600000,
    10.053
  ],
  [
    1670112000000,
    10.015
  ],
  [
    1670198400000,
    11.995
  ],
  [
    1670716800000,
    11.476
  ],
  [
    1670803200000,
    11.895
  ],
  [
    1671235200000,
    12.11
  ],
  [
    1671408000000,
    10.01
  ],
  [
    1671580800000,
    11.704
  ],
  [
    1672185600000,
    10.421
  ],
  [
    1673481600000,
    10.704
  ],
  [
    1674432000000,
    10.075
  ],
  [
    1674604800000,
    11.179
  ],
  [
    1674777600000,
    12.219
  ],
  [
    1674864000000,
    12.33
  ],
  [
    1675296000000,
    11.155
  ],
  [
    1675900800000,
    10.37
  ],
  [
    1675987200000,
    10.32
  ],
  [
    1676073600000,
    11.88
  ],
  [
    1676678400000,
    11.696
  ],
  [
    1676851200000,
    11.68
  ],
  [
    1677024000000,
    12.59
  ],
  [
    1677110400000,
    11.996
  ],
  [
    1677456000000,
    11.512
  ],
  [
    1677542400000,
    11.525
  ],
  [
    1677715200000,
    11.495
  ],
  [
    1677974400000,
    12.469
  ],
  [
    1678579200000,
    6.04
  ],
  [
    1678752000000,
    10.82
  ],
  [
    1679443200000,
    11.23
  ],
  [
    1679529600000,
    10.575
  ],
  [
    1679616000000,
    12.65
  ],
  [
    1679702400000,
    11.28
  ],
  [
    1679871600000,
    11.221
  ],
  [
    1679958000000,
    11.211
  ],
  [
    1680044400000,
    10.35
  ],
  [
    1680476400000,
    10.9
  ],
  [
    1680562800000,
    11.771
  ],
  [
    1680735600000,
    10.934
  ],
  [
    1680822000000,
    12.962
  ],
  [
    1681167600000,
    11.588
  ],
  [
    1681254000000,
    11.299
  ],
  [
    1681426800000,
    11.017
  ],
  [
    1681599600000,
    12.074
  ],
  [
    1681858800000,
    12.853
  ],
  [
    1682031600000,
    12.873
  ],
  [
    1682118000000,
    13.247
  ],
  [
    1682204400000,
    11.62
  ],
  [
    1682290800000,
    13.788
  ],
  [
    1682377200000,
    14.701
  ],
  [
    1682463600000,
    14.697
  ],
  [
    1682722800000,
    16.449
  ],
  [
    1683241200000,
    10.197
  ],
  [
    1683500400000,
    11.42
  ],
  [
    1683673200000,
    11.405
  ],
  [
    1684018800000,
    14.46
  ],
  [
    1684191600000,
    13.19
  ],
  [
    1684278000000,
    10.739
  ],
  [
    1684364400000,
    12.176
  ],
  [
    1684623600000,
    8.556
  ],
  [
    1684882800000,
    13.91
  ],
  [
    1685142000000,
    13.919
  ],
  [
    1685746800000,
    15
  ],
  [
    1685833200000,
    13.35
  ],
  [
    1686006000000,
    13.107
  ],
  [
    1686092400000,
    14.725
  ],
  [
    1686178800000,
    13.37
  ],
  [
    1686265200000,
    13.37
  ],
  [
    1686351600000,
    15.96
  ],
  [
    1686438000000,
    15.888
  ],
  [
    1686524400000,
    17.561
  ],
  [
    1686870000000,
    16.22
  ],
  [
    1687042800000,
    16.437
  ],
  [
    1687215600000,
    13.871
  ],
  [
    1687474800000,
    18.765
  ],
  [
    1687993200000,
    15.007
  ],
  [
    1688079600000,
    14.721
  ],
  [
    1688166000000,
    13.07
  ],
  [
    1688770800000,
    8.281
  ],
  [
    1688943600000,
    12.935
  ],
  [
    1689375600000,
    13.15
  ],
  [
    1689462000000,
    13.15
  ],
  [
    1689548400000,
    16.146
  ],
  [
    1689807600000,
    19.21
  ],
  [
    1690153200000,
    16.3
  ],
  [
    1690498800000,
    16.736
  ],
  [
    1690585200000,
    15.84
  ],
  [
    1691881200000,
    17.03
  ],
  [
    1691967600000,
    13.5
  ],
  [
    1692140400000,
    17.055
  ],
  [
    1693263600000,
    16.9
  ],
  [
    1693609200000,
    16.812
  ],
  [
    1693695600000,
    16.71
  ],
  [
    1693782000000,
    17.99
  ],
  [
    1693868400000,
    17.432
  ],
  [
    1694127600000,
    16.06
  ],
  [
    1694300400000,
    16.47
  ],
  [
    1694732400000,
    17.832
  ],
  [
    1694905200000,
    17.595
  ],
  [
    1694991600000,
    19.168
  ],
  [
    1695164400000,
    16.05
  ],
  [
    1695596400000,
    19
  ],
  [
    1696201200000,
    17.238
  ],
  [
    1696374000000,
    15.72
  ],
  [
    1696460400000,
    16.929
  ],
  [
    1696546800000,
    16.007
  ],
  [
    1697151600000,
    18.671
  ],
  [
    1697238000000,
    18.978
  ],
  [
    1698188400000,
    17.45
  ],
  [
    1698447600000,
    23.001
  ],
  [
    1698796800000,
    19.999
  ],
  [
    1699920000000,
    20.01
  ],
  [
    1701734400000,
    17.84
  ],
  [
    1701907200000,
    18.009
  ],
  [
    1702425600000,
    19.836
  ],
  [
    1704240000000,
    19.569
  ],
  [
    1704931200000,
    20.226
  ],
  [
    1705276800000,
    21.645
  ],
  [
    1705622400000,
    20.62
  ],
  [
    1705708800000,
    19.362
  ],
  [
    1705795200000,
    20.614
  ],
  [
    1707091200000,
    20.591
  ],
  [
    1708128000000,
    16.53
  ],
  [
    1708214400000,
    20.929
  ],
  [
    1708300800000,
    20.971
  ],
  [
    1708473600000,
    26.612
  ],
  [
    1708819200000,
    26.747
  ],
  [
    1709251200000,
    29.801
  ],
  [
    1709337600000,
    31.219
  ],
  [
    1709769600000,
    31.843
  ],
  [
    1709942400000,
    30.61
  ],
  [
    1710028800000,
    23.02
  ],
  [
    1710115200000,
    35.362
  ],
  [
    1710460800000,
    26.078
  ],
  [
    1710547200000,
    22.098
  ],
  [
    1710806400000,
    21.48
  ],
  [
    1710892800000,
    19.69
  ],
  [
    1710979200000,
    19.05
  ],
  [
    1711065600000,
    19.503
  ],
  [
    1711152000000,
    21.174
  ],
  [
    1711238400000,
    19.725
  ],
  [
    1711411200000,
    21.171
  ],
  [
    1711584000000,
    21.206
  ],
  [
    1711843200000,
    20.65
  ],
  [
    1711926000000,
    21.615
  ],
  [
    1712098800000,
    21.449
  ],
  [
    1712271600000,
    22.85
  ],
  [
    1712444400000,
    22.773
  ],
  [
    1712703600000,
    21.3
  ],
  [
    1712790000000,
    21.878
  ],
  [
    1713394800000,
    18.053
  ],
  [
    1713567600000,
    23.98
  ],
  [
    1713654000000,
    15.631
  ],
  [
    1714690800000,
    15.626
  ],
  [
    1716447600000,
    28.031
  ],
  [
    1716534000000,
    25.53
  ],
  [
    1716616800000,
    29.095
  ],
  [
    1716670800000,
    25.016
  ],
  [
    1717038000000,
    30.14
  ],
  [
    1717455600000,
    31.188
  ],
  [
    1717884000000,
    30.544
  ],
  [
    1718190000000,
    31.01
  ],
  [
    1718895600000,
    24.38
  ]
]