[
  [
    1574121600000,
    1.575
  ],
  [
    1574208000000,
    2.019
  ],
  [
    1574294400000,
    2.001
  ],
  [
    1574380800000,
    2.271
  ],
  [
    1574467200000,
    2.177
  ],
  [
    1574553600000,
    1.89
  ],
  [
    1574640000000,
    1.749
  ],
  [
    1574726400000,
    1.798
  ],
  [
    1574812800000,
    2.082
  ],
  [
    1574899200000,
    2.193
  ],
  [
    1574985600000,
    2.38
  ],
  [
    1575072000000,
    2.572
  ],
  [
    1575158400000,
    2.918
  ],
  [
    1575244800000,
    2.855
  ],
  [
    1575331200000,
    2.446
  ],
  [
    1575417600000,
    2.119
  ],
  [
    1575504000000,
    2.487
  ],
  [
    1575590400000,
    2.192
  ],
  [
    1575676800000,
    2.371
  ],
  [
    1575763200000,
    2.652
  ],
  [
    1575849600000,
    2.826
  ],
  [
    1575936000000,
    3.02
  ],
  [
    1576022400000,
    3.228
  ],
  [
    1576108800000,
    2.768
  ],
  [
    1576195200000,
    2.869
  ],
  [
    1576281600000,
    2.922
  ],
  [
    1576368000000,
    3.034
  ],
  [
    1576454400000,
    3.351
  ],
  [
    1576540800000,
    2.704
  ],
  [
    1576627200000,
    2.707
  ],
  [
    1576713600000,
    2.562
  ],
  [
    1576800000000,
    2.698
  ],
  [
    1576886400000,
    2.685
  ],
  [
    1576972800000,
    2.958
  ],
  [
    1577059200000,
    2.697
  ],
  [
    1577145600000,
    2.829
  ],
  [
    1577232000000,
    2.722
  ],
  [
    1577318400000,
    2.693
  ],
  [
    1577404800000,
    2.579
  ],
  [
    1577491200000,
    2.589
  ],
  [
    1577577600000,
    2.629
  ],
  [
    1577664000000,
    2.79
  ],
  [
    1577750400000,
    2.574
  ],
  [
    1577836800000,
    2.385
  ],
  [
    1577923200000,
    2.405
  ],
  [
    1578009600000,
    2.672
  ],
  [
    1578096000000,
    2.71
  ],
  [
    1578182400000,
    2.841
  ],
  [
    1578268800000,
    2.533
  ],
  [
    1578355200000,
    3.296
  ],
  [
    1578441600000,
    2.685
  ],
  [
    1578528000000,
    2.789
  ],
  [
    1578614400000,
    2.832
  ],
  [
    1578700800000,
    2.789
  ],
  [
    1578787200000,
    2.827
  ],
  [
    1578873600000,
    3.179
  ],
  [
    1578960000000,
    3.063
  ],
  [
    1579046400000,
    3.222
  ],
  [
    1579132800000,
    3.221
  ],
  [
    1579219200000,
    3.128
  ],
  [
    1579305600000,
    3.43
  ],
  [
    1579392000000,
    3.025
  ],
  [
    1579478400000,
    3.266
  ],
  [
    1579564800000,
    3.302
  ],
  [
    1579651200000,
    3.364
  ],
  [
    1579737600000,
    3.19
  ],
  [
    1579824000000,
    2.964
  ],
  [
    1579910400000,
    2.985
  ],
  [
    1579996800000,
    2.925
  ],
  [
    1580083200000,
    2.915
  ],
  [
    1580169600000,
    2.819
  ],
  [
    1580256000000,
    3.293
  ],
  [
    1580342400000,
    3.128
  ],
  [
    1580428800000,
    3.31
  ],
  [
    1580515200000,
    3.6
  ],
  [
    1580601600000,
    4.374
  ],
  [
    1580688000000,
    4.129
  ],
  [
    1580774400000,
    6.246
  ],
  [
    1580860800000,
    5.444
  ],
  [
    1580947200000,
    5.604
  ],
  [
    1581033600000,
    4.355
  ],
  [
    1581120000000,
    4.147
  ],
  [
    1581206400000,
    3.775
  ],
  [
    1581292800000,
    4.122
  ],
  [
    1581379200000,
    3.862
  ],
  [
    1581465600000,
    3.988
  ],
  [
    1581552000000,
    3.868
  ],
  [
    1581638400000,
    4.129
  ],
  [
    1581724800000,
    4.159
  ],
  [
    1581811200000,
    4.034
  ],
  [
    1581897600000,
    3.939
  ],
  [
    1581984000000,
    4.547
  ],
  [
    1582070400000,
    3.839
  ],
  [
    1582156800000,
    3.927
  ],
  [
    1582243200000,
    3.886
  ],
  [
    1582329600000,
    4.081
  ],
  [
    1582416000000,
    5.084
  ],
  [
    1582502400000,
    6.095
  ],
  [
    1582588800000,
    5.92
  ],
  [
    1582675200000,
    4.853
  ],
  [
    1582761600000,
    4.834
  ],
  [
    1582848000000,
    5.702
  ],
  [
    1582934400000,
    6.55
  ],
  [
    1583020800000,
    5.716
  ],
  [
    1583107200000,
    5.651
  ],
  [
    1583193600000,
    5.351
  ],
  [
    1583280000000,
    5.366
  ],
  [
    1583366400000,
    5.123
  ],
  [
    1583452800000,
    4.749
  ],
  [
    1583539200000,
    4.677
  ],
  [
    1583625600000,
    4.611
  ],
  [
    1583712000000,
    4.928
  ],
  [
    1583798400000,
    4.869
  ],
  [
    1583884800000,
    4.354
  ],
  [
    1583971200000,
    4.591
  ],
  [
    1584057600000,
    4.397
  ],
  [
    1584144000000,
    4.321
  ],
  [
    1584230400000,
    4.477
  ],
  [
    1584316800000,
    4.228
  ],
  [
    1584403200000,
    4.461
  ],
  [
    1584489600000,
    4.441
  ],
  [
    1584576000000,
    4.548
  ],
  [
    1584662400000,
    4.914
  ],
  [
    1584748800000,
    4.751
  ],
  [
    1584835200000,
    4.959
  ],
  [
    1584921600000,
    5.208
  ],
  [
    1585008000000,
    4.888
  ],
  [
    1585094400000,
    5.014
  ],
  [
    1585180800000,
    5.066
  ],
  [
    1585267200000,
    5.138
  ],
  [
    1585353600000,
    5.692
  ],
  [
    1585440000000,
    4.959
  ],
  [
    1585522800000,
    5.277
  ],
  [
    1585609200000,
    4.769
  ],
  [
    1585695600000,
    4.894
  ],
  [
    1585782000000,
    4.51
  ],
  [
    1585868400000,
    4.482
  ],
  [
    1585954800000,
    4.483
  ],
  [
    1586041200000,
    4.338
  ],
  [
    1586127600000,
    4.402
  ],
  [
    1586214000000,
    4.458
  ],
  [
    1586300400000,
    4.777
  ],
  [
    1586386800000,
    4.244
  ],
  [
    1586473200000,
    4.46
  ],
  [
    1586559600000,
    4.364
  ],
  [
    1586646000000,
    4.242
  ],
  [
    1586732400000,
    4.247
  ],
  [
    1586818800000,
    4.048
  ],
  [
    1586905200000,
    4.365
  ],
  [
    1586991600000,
    5.001
  ],
  [
    1587078000000,
    4.553
  ],
  [
    1587164400000,
    4.419
  ],
  [
    1587250800000,
    4.995
  ],
  [
    1587337200000,
    4.719
  ],
  [
    1587423600000,
    4.526
  ],
  [
    1587510000000,
    4.636
  ],
  [
    1587596400000,
    5.017
  ],
  [
    1587682800000,
    4.855
  ],
  [
    1587769200000,
    4.913
  ],
  [
    1587855600000,
    4.935
  ],
  [
    1587942000000,
    4.866
  ],
  [
    1588028400000,
    4.893
  ],
  [
    1588114800000,
    5.549
  ],
  [
    1588201200000,
    5.424
  ],
  [
    1588287600000,
    5.596
  ],
  [
    1588374000000,
    5.919
  ],
  [
    1588460400000,
    6.051
  ],
  [
    1588546800000,
    5.786
  ],
  [
    1588633200000,
    6.266
  ],
  [
    1588719600000,
    6.439
  ],
  [
    1588806000000,
    6.24
  ],
  [
    1588892400000,
    6.232
  ],
  [
    1588978800000,
    7.335
  ],
  [
    1589065200000,
    7.184
  ],
  [
    1589151600000,
    6.545
  ],
  [
    1589238000000,
    7.156
  ],
  [
    1589324400000,
    7.265
  ],
  [
    1589410800000,
    8.518
  ],
  [
    1589497200000,
    6.94
  ],
  [
    1589583600000,
    7.578
  ],
  [
    1589670000000,
    8.209
  ],
  [
    1589756400000,
    7.459
  ],
  [
    1589842800000,
    7.289
  ],
  [
    1589929200000,
    7.436
  ],
  [
    1590015600000,
    7.534
  ],
  [
    1590102000000,
    7.386
  ],
  [
    1590188400000,
    8.363
  ],
  [
    1590274800000,
    8.019
  ],
  [
    1590361200000,
    7.579
  ],
  [
    1590447600000,
    6.664
  ],
  [
    1590534000000,
    6.429
  ],
  [
    1590620400000,
    6.724
  ],
  [
    1590706800000,
    7.111
  ],
  [
    1590793200000,
    7.489
  ],
  [
    1590879600000,
    7.875
  ],
  [
    1590966000000,
    7.418
  ],
  [
    1591052400000,
    7.47
  ],
  [
    1591138800000,
    7.794
  ],
  [
    1591225200000,
    7.81
  ],
  [
    1591311600000,
    7.679
  ],
  [
    1591398000000,
    7.319
  ],
  [
    1591484400000,
    7.3
  ],
  [
    1591570800000,
    6.663
  ],
  [
    1591657200000,
    6.439
  ],
  [
    1591743600000,
    7.033
  ],
  [
    1591830000000,
    6.891
  ],
  [
    1591916400000,
    7.182
  ],
  [
    1592002800000,
    7.294
  ],
  [
    1592089200000,
    7.209
  ],
  [
    1592175600000,
    8.163
  ],
  [
    1592262000000,
    6.841
  ],
  [
    1592348400000,
    6.544
  ],
  [
    1592434800000,
    6.779
  ],
  [
    1592521200000,
    6.639
  ],
  [
    1592607600000,
    6.677
  ],
  [
    1592694000000,
    6.724
  ],
  [
    1592780400000,
    6.653
  ],
  [
    1592866800000,
    6.775
  ],
  [
    1592953200000,
    6.33
  ],
  [
    1593039600000,
    6.195
  ],
  [
    1593126000000,
    6.235
  ],
  [
    1593212400000,
    6.059
  ],
  [
    1593298800000,
    5.951
  ],
  [
    1593385200000,
    6.447
  ],
  [
    1593471600000,
    6.421
  ],
  [
    1593558000000,
    6.263
  ],
  [
    1593644400000,
    6.425
  ],
  [
    1593730800000,
    6.554
  ],
  [
    1593817200000,
    6.767
  ],
  [
    1593903600000,
    6.176
  ],
  [
    1593990000000,
    6.386
  ],
  [
    1594076400000,
    6.452
  ],
  [
    1594162800000,
    7.266
  ],
  [
    1594249200000,
    6.756
  ],
  [
    1594335600000,
    6.721
  ],
  [
    1594422000000,
    7.03
  ],
  [
    1594508400000,
    7.138
  ],
  [
    1594594800000,
    6.996
  ],
  [
    1594681200000,
    7.018
  ],
  [
    1594767600000,
    7.641
  ],
  [
    1594854000000,
    6.733
  ],
  [
    1594940400000,
    7.055
  ],
  [
    1595026800000,
    7.567
  ],
  [
    1595113200000,
    7.389
  ],
  [
    1595199600000,
    7.089
  ],
  [
    1595286000000,
    7.693
  ],
  [
    1595372400000,
    8.261
  ],
  [
    1595458800000,
    8.301
  ],
  [
    1595545200000,
    8.038
  ],
  [
    1595631600000,
    8.101
  ],
  [
    1595718000000,
    10.328
  ],
  [
    1595804400000,
    7.772
  ],
  [
    1595890800000,
    7.461
  ],
  [
    1595977200000,
    7.926
  ],
  [
    1596063600000,
    8.496
  ],
  [
    1596150000000,
    7.573
  ],
  [
    1596236400000,
    7.838
  ],
  [
    1596322800000,
    8.054
  ],
  [
    1596409200000,
    8.336
  ],
  [
    1596495600000,
    7.725
  ],
  [
    1596582000000,
    7.644
  ],
  [
    1596668400000,
    8.508
  ],
  [
    1596754800000,
    8.586
  ],
  [
    1596841200000,
    9.463
  ],
  [
    1596927600000,
    7.973
  ],
  [
    1597014000000,
    8.173
  ],
  [
    1597100400000,
    8.133
  ],
  [
    1597186800000,
    7.747
  ],
  [
    1597273200000,
    8.057
  ],
  [
    1597359600000,
    7.753
  ],
  [
    1597446000000,
    7.531
  ],
  [
    1597532400000,
    7.607
  ],
  [
    1597618800000,
    7.198
  ],
  [
    1597705200000,
    7.823
  ],
  [
    1597791600000,
    8.082
  ],
  [
    1597878000000,
    7.929
  ],
  [
    1597964400000,
    7.854
  ],
  [
    1598050800000,
    7.214
  ],
  [
    1598137200000,
    7.873
  ],
  [
    1598223600000,
    7.768
  ],
  [
    1598310000000,
    7.216
  ],
  [
    1598396400000,
    7.558
  ],
  [
    1598482800000,
    8.113
  ],
  [
    1598569200000,
    6.896
  ],
  [
    1598655600000,
    7.868
  ],
  [
    1598742000000,
    7.391
  ],
  [
    1598828400000,
    7.854
  ],
  [
    1598914800000,
    7.316
  ],
  [
    1599001200000,
    7.291
  ],
  [
    1599087600000,
    7.602
  ],
  [
    1599174000000,
    7.426
  ],
  [
    1599260400000,
    6.968
  ],
  [
    1599346800000,
    6.822
  ],
  [
    1599433200000,
    7.4
  ],
  [
    1599519600000,
    7.033
  ],
  [
    1599606000000,
    6.997
  ],
  [
    1599692400000,
    7.658
  ],
  [
    1599778800000,
    6.794
  ],
  [
    1599865200000,
    7.41
  ],
  [
    1599951600000,
    7.225
  ],
  [
    1600038000000,
    7.514
  ],
  [
    1600124400000,
    7.344
  ],
  [
    1600210800000,
    7.743
  ],
  [
    1600297200000,
    7.67
  ],
  [
    1600383600000,
    7.597
  ],
  [
    1600470000000,
    7.754
  ],
  [
    1600556400000,
    7.755
  ],
  [
    1600642800000,
    7.873
  ],
  [
    1600729200000,
    8.388
  ],
  [
    1600815600000,
    8.067
  ],
  [
    1600902000000,
    8.356
  ],
  [
    1600988400000,
    8.196
  ],
  [
    1601074800000,
    8.443
  ],
  [
    1601161200000,
    9.008
  ],
  [
    1601247600000,
    8.183
  ],
  [
    1601334000000,
    8.405
  ],
  [
    1601420400000,
    8.611
  ],
  [
    1601506800000,
    8.366
  ],
  [
    1601593200000,
    8.911
  ],
  [
    1601679600000,
    8.811
  ],
  [
    1601766000000,
    8.926
  ],
  [
    1601852400000,
    8.336
  ],
  [
    1601938800000,
    8.06
  ],
  [
    1602025200000,
    8.453
  ],
  [
    1602111600000,
    8.84
  ],
  [
    1602198000000,
    8.92
  ],
  [
    1602284400000,
    8.522
  ],
  [
    1602370800000,
    8.963
  ],
  [
    1602457200000,
    8.743
  ],
  [
    1602543600000,
    9.335
  ],
  [
    1602630000000,
    9.165
  ],
  [
    1602716400000,
    9.575
  ],
  [
    1602802800000,
    9.336
  ],
  [
    1602889200000,
    8.854
  ],
  [
    1602975600000,
    9.721
  ],
  [
    1603062000000,
    9.404
  ],
  [
    1603148400000,
    9.077
  ],
  [
    1603234800000,
    9.06
  ],
  [
    1603321200000,
    9.21
  ],
  [
    1603407600000,
    9.202
  ],
  [
    1603494000000,
    8.985
  ],
  [
    1603580400000,
    9.417
  ],
  [
    1603670400000,
    9.515
  ],
  [
    1603756800000,
    9.357
  ],
  [
    1603843200000,
    9.54
  ],
  [
    1603929600000,
    9.323
  ],
  [
    1604016000000,
    10.635
  ],
  [
    1604102400000,
    8.845
  ],
  [
    1604188800000,
    9.143
  ],
  [
    1604275200000,
    9.987
  ],
  [
    1604361600000,
    9.17
  ],
  [
    1604448000000,
    9.433
  ],
  [
    1604534400000,
    9.189
  ],
  [
    1604620800000,
    9.18
  ],
  [
    1604707200000,
    9.132
  ],
  [
    1604793600000,
    9.331
  ],
  [
    1604880000000,
    9.199
  ],
  [
    1604966400000,
    9.294
  ],
  [
    1605052800000,
    9.335
  ],
  [
    1605139200000,
    9.163
  ],
  [
    1605225600000,
    9.358
  ],
  [
    1605312000000,
    9.056
  ],
  [
    1605398400000,
    9.388
  ],
  [
    1605484800000,
    8.963
  ],
  [
    1605571200000,
    8.718
  ],
  [
    1605657600000,
    9.459
  ],
  [
    1605744000000,
    8.838
  ],
  [
    1605830400000,
    8.409
  ],
  [
    1605916800000,
    8.904
  ],
  [
    1606003200000,
    9.118
  ],
  [
    1606089600000,
    8.775
  ],
  [
    1606176000000,
    8.543
  ],
  [
    1606262400000,
    8.374
  ],
  [
    1606348800000,
    9.746
  ],
  [
    1606521600000,
    8.436
  ],
  [
    1606608000000,
    8.375
  ],
  [
    1606694400000,
    8.708
  ],
  [
    1606780800000,
    8.914
  ],
  [
    1606867200000,
    8.723
  ],
  [
    1606953600000,
    9.12
  ],
  [
    1607040000000,
    8.007
  ],
  [
    1607126400000,
    7.66
  ],
  [
    1607212800000,
    7.45
  ],
  [
    1607385600000,
    7.325
  ],
  [
    1607472000000,
    6.68
  ],
  [
    1607558400000,
    7.224
  ],
  [
    1607644800000,
    7.291
  ],
  [
    1607731200000,
    7.45
  ],
  [
    1607817600000,
    7.072
  ],
  [
    1607904000000,
    6.942
  ],
  [
    1607990400000,
    7.454
  ],
  [
    1608076800000,
    7.452
  ],
  [
    1608163200000,
    7.982
  ],
  [
    1608249600000,
    7.109
  ],
  [
    1608336000000,
    7.73
  ],
  [
    1608422400000,
    8.087
  ],
  [
    1608508800000,
    7.259
  ],
  [
    1608595200000,
    7.476
  ],
  [
    1608681600000,
    7.938
  ],
  [
    1608768000000,
    8.236
  ],
  [
    1608854400000,
    8.165
  ],
  [
    1608940800000,
    7.58
  ],
  [
    1609027200000,
    8.443
  ],
  [
    1609113600000,
    8.329
  ],
  [
    1609200000000,
    9.449
  ],
  [
    1609286400000,
    9.321
  ],
  [
    1609372800000,
    11.051
  ],
  [
    1609459200000,
    11.29
  ],
  [
    1609545600000,
    11.09
  ],
  [
    1609632000000,
    11.304
  ],
  [
    1609718400000,
    11.262
  ],
  [
    1609804800000,
    12.201
  ],
  [
    1609977600000,
    12.682
  ],
  [
    1610064000000,
    12.047
  ],
  [
    1610150400000,
    12.252
  ],
  [
    1610236800000,
    11.174
  ],
  [
    1610323200000,
    11.5
  ],
  [
    1610409600000,
    12.21
  ],
  [
    1610496000000,
    14.002
  ],
  [
    1610582400000,
    11.864
  ],
  [
    1610668800000,
    11.689
  ],
  [
    1610755200000,
    11.18
  ],
  [
    1610841600000,
    11.916
  ],
  [
    1610928000000,
    11.795
  ],
  [
    1611014400000,
    12.005
  ],
  [
    1611100800000,
    12.31
  ],
  [
    1611187200000,
    12.543
  ],
  [
    1611273600000,
    11.621
  ],
  [
    1611360000000,
    12.484
  ],
  [
    1611446400000,
    10.985
  ],
  [
    1611532800000,
    13.4
  ],
  [
    1611619200000,
    12.544
  ],
  [
    1611705600000,
    12.096
  ],
  [
    1611792000000,
    12.067
  ],
  [
    1611878400000,
    12.558
  ],
  [
    1611964800000,
    12.439
  ],
  [
    1612051200000,
    12.543
  ],
  [
    1612137600000,
    12.701
  ],
  [
    1612224000000,
    13.388
  ],
  [
    1612310400000,
    13.935
  ],
  [
    1612396800000,
    13.92
  ],
  [
    1612483200000,
    14.146
  ],
  [
    1612569600000,
    14.277
  ],
  [
    1612656000000,
    13.86
  ],
  [
    1612742400000,
    13.502
  ],
  [
    1612828800000,
    12.918
  ],
  [
    1612915200000,
    12.655
  ],
  [
    1613001600000,
    11.883
  ],
  [
    1613088000000,
    11.89
  ],
  [
    1613174400000,
    11.873
  ],
  [
    1613260800000,
    11.375
  ],
  [
    1613347200000,
    10.547
  ],
  [
    1613433600000,
    11.625
  ],
  [
    1613520000000,
    11.509
  ],
  [
    1613606400000,
    10.953
  ],
  [
    1613692800000,
    10.942
  ],
  [
    1613779200000,
    11.909
  ],
  [
    1613865600000,
    13.225
  ],
  [
    1613952000000,
    11.488
  ],
  [
    1614038400000,
    12.735
  ],
  [
    1614124800000,
    12.378
  ],
  [
    1614211200000,
    11.962
  ],
  [
    1614297600000,
    11.288
  ],
  [
    1614384000000,
    12.358
  ],
  [
    1614470400000,
    11.944
  ],
  [
    1614643200000,
    12.844
  ],
  [
    1614729600000,
    11.78
  ],
  [
    1614816000000,
    11.945
  ],
  [
    1614902400000,
    12.812
  ],
  [
    1614988800000,
    14.295
  ],
  [
    1615075200000,
    12.844
  ],
  [
    1615161600000,
    12.938
  ],
  [
    1615248000000,
    13.662
  ],
  [
    1615334400000,
    12.57
  ],
  [
    1615420800000,
    12.559
  ],
  [
    1615507200000,
    14.291
  ],
  [
    1615593600000,
    14.278
  ],
  [
    1615680000000,
    12.23
  ],
  [
    1615766400000,
    11.65
  ],
  [
    1615852800000,
    12.193
  ],
  [
    1615939200000,
    12.95
  ],
  [
    1616025600000,
    14.165
  ],
  [
    1616112000000,
    12.74
  ],
  [
    1616198400000,
    13.255
  ],
  [
    1616284800000,
    14.587
  ],
  [
    1616371200000,
    18.019
  ],
  [
    1616457600000,
    16.626
  ],
  [
    1616544000000,
    18.341
  ],
  [
    1616630400000,
    18.49
  ],
  [
    1616716800000,
    19.211
  ],
  [
    1616803200000,
    18.95
  ],
  [
    1616889600000,
    19.951
  ],
  [
    1616972400000,
    16.116
  ],
  [
    1617058800000,
    18.77
  ],
  [
    1617145200000,
    18.823
  ],
  [
    1617231600000,
    15.947
  ],
  [
    1617318000000,
    18.13
  ],
  [
    1617404400000,
    17.929
  ],
  [
    1617490800000,
    17.676
  ],
  [
    1617577200000,
    17.359
  ],
  [
    1617663600000,
    17.724
  ],
  [
    1617750000000,
    17.584
  ],
  [
    1617836400000,
    17.178
  ],
  [
    1617922800000,
    16.179
  ],
  [
    1618009200000,
    16.782
  ],
  [
    1618095600000,
    16.861
  ],
  [
    1618182000000,
    16.746
  ],
  [
    1618268400000,
    16.858
  ],
  [
    1618441200000,
    17.506
  ],
  [
    1618527600000,
    18.024
  ],
  [
    1618614000000,
    18.202
  ],
  [
    1618700400000,
    18.42
  ],
  [
    1618786800000,
    18.235
  ],
  [
    1618873200000,
    18.499
  ],
  [
    1618959600000,
    18.507
  ],
  [
    1619046000000,
    18.93
  ],
  [
    1619132400000,
    18.061
  ],
  [
    1619218800000,
    15.989
  ],
  [
    1619305200000,
    17.718
  ],
  [
    1619391600000,
    18.712
  ],
  [
    1619478000000,
    19.115
  ],
  [
    1619564400000,
    19.098
  ],
  [
    1619650800000,
    22.71
  ],
  [
    1619737200000,
    22.484
  ],
  [
    1619823600000,
    23.958
  ],
  [
    1619910000000,
    26.096
  ],
  [
    1619996400000,
    24.46
  ],
  [
    1620082800000,
    25.692
  ],
  [
    1620169200000,
    27.17
  ],
  [
    1620255600000,
    27.229
  ],
  [
    1620342000000,
    24.779
  ],
  [
    1620514800000,
    25.368
  ],
  [
    1620601200000,
    22.895
  ],
  [
    1620687600000,
    23.115
  ],
  [
    1620774000000,
    21.083
  ],
  [
    1620860400000,
    25.295
  ],
  [
    1620946800000,
    23.877
  ],
  [
    1621033200000,
    26.249
  ],
  [
    1621206000000,
    26.033
  ],
  [
    1621292400000,
    27.658
  ],
  [
    1621378800000,
    25.931
  ],
  [
    1621465200000,
    28.867
  ],
  [
    1621551600000,
    35.559
  ],
  [
    1621638000000,
    34.05
  ],
  [
    1621724400000,
    44
  ],
  [
    1621810800000,
    39.299
  ],
  [
    1621983600000,
    54.306
  ],
  [
    1622070000000,
    57.334
  ],
  [
    1622156400000,
    54.79
  ],
  [
    1622242800000,
    52.875
  ],
  [
    1622329200000,
    49.573
  ],
  [
    1622415600000,
    49.645
  ],
  [
    1622502000000,
    50.93
  ],
  [
    1622588400000,
    64.257
  ],
  [
    1622674800000,
    70.011
  ],
  [
    1622761200000,
    66.186
  ],
  [
    1622847600000,
    82.08
  ],
  [
    1623020400000,
    68.47
  ],
  [
    1623106800000,
    69.09
  ],
  [
    1623193200000,
    73.91
  ],
  [
    1623279600000,
    73.285
  ],
  [
    1623366000000,
    74.703
  ],
  [
    1623452400000,
    73.995
  ],
  [
    1623538800000,
    69.33
  ],
  [
    1623625200000,
    55.067
  ],
  [
    1623711600000,
    66.297
  ],
  [
    1623798000000,
    71.44
  ],
  [
    1623884400000,
    64.88
  ],
  [
    1623970800000,
    65.87
  ],
  [
    1624057200000,
    65.094
  ],
  [
    1624143600000,
    62.881
  ],
  [
    1624230000000,
    57.84
  ],
  [
    1624316400000,
    55.173
  ],
  [
    1624402800000,
    57.623
  ],
  [
    1624489200000,
    55.742
  ],
  [
    1624575600000,
    54.94
  ],
  [
    1624662000000,
    55.307
  ],
  [
    1624748400000,
    50.791
  ],
  [
    1624834800000,
    49.582
  ],
  [
    1624921200000,
    52.885
  ],
  [
    1625007600000,
    44.253
  ],
  [
    1625094000000,
    46.55
  ],
  [
    1625180400000,
    46.79
  ],
  [
    1625266800000,
    48.304
  ],
  [
    1625353200000,
    46.923
  ],
  [
    1625439600000,
    44.55
  ],
  [
    1625526000000,
    43.74
  ],
  [
    1625612400000,
    43.189
  ],
  [
    1625698800000,
    45.471
  ],
  [
    1625785200000,
    40.088
  ],
  [
    1625871600000,
    75.024
  ],
  [
    1625958000000,
    39.994
  ],
  [
    1626044400000,
    41.08
  ],
  [
    1626130800000,
    42.043
  ],
  [
    1626217200000,
    40.34
  ],
  [
    1626390000000,
    44.645
  ],
  [
    1626562800000,
    40.563
  ],
  [
    1626735600000,
    38.697
  ],
  [
    1626822000000,
    40.945
  ],
  [
    1626994800000,
    39.53
  ],
  [
    1627081200000,
    41.683
  ],
  [
    1627167600000,
    42.612
  ],
  [
    1627254000000,
    44.346
  ],
  [
    1627340400000,
    44.14
  ],
  [
    1627513200000,
    45.626
  ],
  [
    1627599600000,
    43.99
  ],
  [
    1627686000000,
    41.721
  ],
  [
    1627772400000,
    55.072
  ],
  [
    1627858800000,
    41.016
  ],
  [
    1628031600000,
    41.987
  ],
  [
    1628204400000,
    41.295
  ],
  [
    1628290800000,
    40.736
  ],
  [
    1628463600000,
    50
  ],
  [
    1628550000000,
    37.97
  ],
  [
    1628636400000,
    35.81
  ],
  [
    1628722800000,
    40.278
  ],
  [
    1628895600000,
    38.854
  ],
  [
    1628982000000,
    36.34
  ],
  [
    1629154800000,
    35.098
  ],
  [
    1629327600000,
    34.93
  ],
  [
    1629414000000,
    35.74
  ],
  [
    1629500400000,
    35.8
  ],
  [
    1629586800000,
    35.785
  ],
  [
    1629673200000,
    36.61
  ],
  [
    1629759600000,
    35.561
  ],
  [
    1629846000000,
    35.14
  ],
  [
    1629932400000,
    37.822
  ],
  [
    1630018800000,
    36.929
  ],
  [
    1630105200000,
    38.022
  ],
  [
    1630191600000,
    39.077
  ],
  [
    1630278000000,
    35.201
  ],
  [
    1630364400000,
    22.95
  ],
  [
    1630450800000,
    38.7
  ],
  [
    1630710000000,
    34.98
  ],
  [
    1630796400000,
    35.07
  ],
  [
    1630882800000,
    35.23
  ],
  [
    1631055600000,
    36
  ],
  [
    1631142000000,
    36.639
  ],
  [
    1631228400000,
    36.19
  ],
  [
    1631314800000,
    36.18
  ],
  [
    1631401200000,
    37.574
  ],
  [
    1631487600000,
    37.586
  ],
  [
    1631574000000,
    34.61
  ],
  [
    1631660400000,
    36.263
  ],
  [
    1631746800000,
    37.166
  ],
  [
    1631833200000,
    36.156
  ],
  [
    1631919600000,
    37.015
  ],
  [
    1632006000000,
    37.41
  ],
  [
    1632092400000,
    38.206
  ],
  [
    1632178800000,
    35.947
  ],
  [
    1632265200000,
    30.576
  ],
  [
    1632351600000,
    29.378
  ],
  [
    1632438000000,
    27.835
  ],
  [
    1632524400000,
    26.437
  ],
  [
    1632610800000,
    27.64
  ],
  [
    1632697200000,
    28.306
  ],
  [
    1632783600000,
    29.889
  ],
  [
    1632870000000,
    26.487
  ],
  [
    1632956400000,
    28.722
  ],
  [
    1633042800000,
    29.884
  ],
  [
    1633129200000,
    27.681
  ],
  [
    1633215600000,
    26.65
  ],
  [
    1633302000000,
    28.287
  ],
  [
    1633388400000,
    27.603
  ],
  [
    1633474800000,
    25.232
  ],
  [
    1633561200000,
    29.255
  ],
  [
    1633734000000,
    28.135
  ],
  [
    1633906800000,
    28.788
  ],
  [
    1633993200000,
    22.76
  ],
  [
    1634079600000,
    34.619
  ],
  [
    1634166000000,
    30.237
  ],
  [
    1634252400000,
    28.37
  ],
  [
    1634338800000,
    28.38
  ],
  [
    1634425200000,
    30.145
  ],
  [
    1634511600000,
    28.027
  ],
  [
    1634598000000,
    27.386
  ],
  [
    1634684400000,
    30.664
  ],
  [
    1634857200000,
    25.864
  ],
  [
    1634943600000,
    24.657
  ],
  [
    1635030000000,
    25.177
  ],
  [
    1635116400000,
    25.163
  ],
  [
    1635202800000,
    26.733
  ],
  [
    1635289200000,
    26.046
  ],
  [
    1635375600000,
    23.2
  ],
  [
    1635462000000,
    24.5
  ],
  [
    1635548400000,
    25.95
  ],
  [
    1635634800000,
    26.12
  ],
  [
    1635724800000,
    26.79
  ],
  [
    1635811200000,
    28.446
  ],
  [
    1635897600000,
    26.44
  ],
  [
    1635984000000,
    25.73
  ],
  [
    1636070400000,
    27.663
  ],
  [
    1636156800000,
    28.272
  ],
  [
    1636243200000,
    27.174
  ],
  [
    1636329600000,
    29.631
  ],
  [
    1636416000000,
    24.685
  ],
  [
    1636502400000,
    26.563
  ],
  [
    1636588800000,
    26.35
  ],
  [
    1636675200000,
    24.94
  ],
  [
    1636761600000,
    25.021
  ],
  [
    1636848000000,
    29.842
  ],
  [
    1636934400000,
    26.245
  ],
  [
    1637020800000,
    26.531
  ],
  [
    1637107200000,
    27.695
  ],
  [
    1637193600000,
    29.893
  ],
  [
    1637280000000,
    28.031
  ],
  [
    1637366400000,
    26.45
  ],
  [
    1637452800000,
    26.31
  ],
  [
    1637539200000,
    26.783
  ],
  [
    1637625600000,
    32.311
  ],
  [
    1637712000000,
    27.04
  ],
  [
    1637798400000,
    31.195
  ],
  [
    1637884800000,
    34.35
  ],
  [
    1637971200000,
    35.94
  ],
  [
    1638057600000,
    27.34
  ],
  [
    1638144000000,
    28.03
  ],
  [
    1638230400000,
    27.513
  ],
  [
    1638316800000,
    34.417
  ],
  [
    1638403200000,
    27.985
  ],
  [
    1638576000000,
    31.983
  ],
  [
    1638662400000,
    33.455
  ],
  [
    1638748800000,
    35.532
  ],
  [
    1638835200000,
    35.399
  ],
  [
    1638921600000,
    37.944
  ],
  [
    1639008000000,
    36.568
  ],
  [
    1639094400000,
    37.762
  ],
  [
    1639180800000,
    35.53
  ],
  [
    1639267200000,
    40.912
  ],
  [
    1639440000000,
    35.007
  ],
  [
    1639526400000,
    35.74
  ],
  [
    1639612800000,
    33.495
  ],
  [
    1639699200000,
    34.24
  ],
  [
    1639785600000,
    37.49
  ],
  [
    1639958400000,
    38.966
  ],
  [
    1640044800000,
    34.34
  ],
  [
    1640131200000,
    33.82
  ],
  [
    1640217600000,
    33.312
  ],
  [
    1640304000000,
    34.631
  ],
  [
    1640390400000,
    39.94
  ],
  [
    1640476800000,
    34.44
  ],
  [
    1640563200000,
    36.167
  ],
  [
    1640822400000,
    36.393
  ],
  [
    1640908800000,
    35.53
  ],
  [
    1640995200000,
    35.97
  ],
  [
    1641081600000,
    36.035
  ],
  [
    1641254400000,
    37.632
  ],
  [
    1641340800000,
    41
  ],
  [
    1641427200000,
    39.635
  ],
  [
    1641513600000,
    46.663
  ],
  [
    1641600000000,
    43.011
  ],
  [
    1641686400000,
    39.56
  ],
  [
    1641859200000,
    38.39
  ],
  [
    1641945600000,
    38.45
  ],
  [
    1642032000000,
    36.886
  ],
  [
    1642118400000,
    38.61
  ],
  [
    1642204800000,
    39.019
  ],
  [
    1642291200000,
    37.705
  ],
  [
    1642377600000,
    36.9
  ],
  [
    1642464000000,
    39.012
  ],
  [
    1642550400000,
    38.041
  ],
  [
    1642636800000,
    36.831
  ],
  [
    1642723200000,
    42.149
  ],
  [
    1642809600000,
    37.577
  ],
  [
    1642896000000,
    39.166
  ],
  [
    1642982400000,
    36.2
  ],
  [
    1643155200000,
    35.335
  ],
  [
    1643241600000,
    40.204
  ],
  [
    1643414400000,
    37.362
  ],
  [
    1643500800000,
    36.365
  ],
  [
    1643673600000,
    33.96
  ],
  [
    1643760000000,
    34.769
  ],
  [
    1643932800000,
    34.47
  ],
  [
    1644105600000,
    29.496
  ],
  [
    1644192000000,
    36.002
  ],
  [
    1644364800000,
    34.754
  ],
  [
    1644537600000,
    35.915
  ],
  [
    1644624000000,
    38.535
  ],
  [
    1644710400000,
    34.93
  ],
  [
    1644883200000,
    34.93
  ],
  [
    1644969600000,
    34.93
  ],
  [
    1645056000000,
    33.99
  ],
  [
    1645142400000,
    33.4
  ],
  [
    1645228800000,
    38.222
  ],
  [
    1645401600000,
    38.329
  ],
  [
    1645488000000,
    35.825
  ],
  [
    1645660800000,
    33.85
  ],
  [
    1645747200000,
    36.269
  ],
  [
    1645833600000,
    34.692
  ],
  [
    1646006400000,
    35.665
  ],
  [
    1646092800000,
    38.09
  ],
  [
    1646179200000,
    35.012
  ],
  [
    1646265600000,
    42.126
  ],
  [
    1646438400000,
    37.677
  ],
  [
    1646524800000,
    38.91
  ],
  [
    1646611200000,
    32.565
  ],
  [
    1646697600000,
    34.22
  ],
  [
    1646956800000,
    36.26
  ],
  [
    1647043200000,
    34.45
  ],
  [
    1647129600000,
    38.44
  ],
  [
    1647216000000,
    36.77
  ],
  [
    1647302400000,
    41
  ],
  [
    1647475200000,
    35.71
  ],
  [
    1647561600000,
    40.472
  ],
  [
    1647648000000,
    36.26
  ],
  [
    1647734400000,
    38.025
  ],
  [
    1647907200000,
    40.402
  ],
  [
    1647993600000,
    55.109
  ],
  [
    1648080000000,
    40.45
  ],
  [
    1648166400000,
    40.491
  ],
  [
    1648252800000,
    39.621
  ],
  [
    1648422000000,
    42.667
  ],
  [
    1648508400000,
    39
  ],
  [
    1648594800000,
    38.2
  ],
  [
    1648767600000,
    40.741
  ],
  [
    1648940400000,
    40.82
  ],
  [
    1649026800000,
    40.312
  ],
  [
    1649113200000,
    39.76
  ],
  [
    1649199600000,
    42.832
  ],
  [
    1649286000000,
    40.44
  ],
  [
    1649372400000,
    55.38
  ],
  [
    1649458800000,
    43.348
  ],
  [
    1649718000000,
    42.595
  ],
  [
    1649804400000,
    47.036
  ],
  [
    1649890800000,
    41.432
  ],
  [
    1650150000000,
    44.18
  ],
  [
    1650582000000,
    50.72
  ],
  [
    1650668400000,
    51.195
  ],
  [
    1651100400000,
    48.5
  ],
  [
    1651618800000,
    46.81
  ],
  [
    1651705200000,
    51.65
  ],
  [
    1651791600000,
    46.43
  ],
  [
    1651878000000,
    46.41
  ],
  [
    1651964400000,
    45.01
  ],
  [
    1652050800000,
    43.67
  ],
  [
    1652223600000,
    43.66
  ],
  [
    1652310000000,
    48.149
  ],
  [
    1652482800000,
    44.04
  ],
  [
    1652569200000,
    44.59
  ],
  [
    1652655600000,
    44.59
  ],
  [
    1652914800000,
    45.28
  ],
  [
    1653174000000,
    42.88
  ],
  [
    1653260400000,
    47.85
  ],
  [
    1653346800000,
    47.429
  ],
  [
    1653606000000,
    40.75
  ],
  [
    1653692400000,
    42.28
  ],
  [
    1653951600000,
    40.373
  ],
  [
    1654038000000,
    45.22
  ],
  [
    1654124400000,
    40.68
  ],
  [
    1654210800000,
    40.64
  ],
  [
    1654470000000,
    43.9
  ],
  [
    1654642800000,
    41.26
  ],
  [
    1654729200000,
    43.837
  ],
  [
    1654815600000,
    40.551
  ],
  [
    1654902000000,
    40.23
  ],
  [
    1654988400000,
    39.083
  ],
  [
    1655161200000,
    39.528
  ],
  [
    1655247600000,
    39.196
  ],
  [
    1655334000000,
    37.96
  ],
  [
    1655420400000,
    38.578
  ],
  [
    1655506800000,
    37.92
  ],
  [
    1655593200000,
    38.59
  ],
  [
    1655679600000,
    37.9
  ],
  [
    1655852400000,
    37.88
  ],
  [
    1655938800000,
    37.127
  ],
  [
    1656457200000,
    37.28
  ],
  [
    1656543600000,
    36.26
  ],
  [
    1656630000000,
    37.735
  ],
  [
    1656802800000,
    114.37
  ],
  [
    1656889200000,
    37.107
  ],
  [
    1656975600000,
    33.655
  ],
  [
    1657062000000,
    38.922
  ],
  [
    1657148400000,
    38.57
  ],
  [
    1657234800000,
    37.021
  ],
  [
    1657494000000,
    38.96
  ],
  [
    1657580400000,
    37.62
  ],
  [
    1657839600000,
    37.258
  ],
  [
    1658098800000,
    39
  ],
  [
    1658185200000,
    41.21
  ],
  [
    1658271600000,
    107.996
  ],
  [
    1658530800000,
    40.492
  ],
  [
    1658703600000,
    39.61
  ],
  [
    1658790000000,
    39.6
  ],
  [
    1658876400000,
    39.562
  ],
  [
    1659049200000,
    40.9
  ],
  [
    1659135600000,
    41.14
  ],
  [
    1659222000000,
    41.14
  ],
  [
    1659308400000,
    42.763
  ],
  [
    1659481200000,
    41.13
  ],
  [
    1659567600000,
    42.017
  ],
  [
    1659654000000,
    37.86
  ],
  [
    1659740400000,
    41.12
  ],
  [
    1659826800000,
    41.113
  ],
  [
    1659913200000,
    43.65
  ],
  [
    1659999600000,
    40.63
  ],
  [
    1660172400000,
    40.68
  ],
  [
    1660258800000,
    40.65
  ],
  [
    1660518000000,
    40.65
  ],
  [
    1660604400000,
    40.184
  ],
  [
    1660690800000,
    41.082
  ],
  [
    1660777200000,
    39.99
  ],
  [
    1660950000000,
    40.422
  ],
  [
    1661122800000,
    40.76
  ],
  [
    1661295600000,
    40.355
  ],
  [
    1661382000000,
    41.42
  ],
  [
    1661554800000,
    41.89
  ],
  [
    1661641200000,
    44.25
  ],
  [
    1661727600000,
    44.36
  ],
  [
    1661814000000,
    44.36
  ],
  [
    1661986800000,
    43.45
  ],
  [
    1662159600000,
    44.404
  ],
  [
    1662332400000,
    42.75
  ],
  [
    1662505200000,
    39.99
  ],
  [
    1662591600000,
    41.92
  ],
  [
    1662764400000,
    43.895
  ],
  [
    1662937200000,
    43.169
  ],
  [
    1663023600000,
    44.111
  ],
  [
    1663110000000,
    42.122
  ],
  [
    1663196400000,
    39.99
  ],
  [
    1663369200000,
    40.56
  ],
  [
    1663628400000,
    45.894
  ],
  [
    1663714800000,
    41.26
  ],
  [
    1663801200000,
    40.75
  ],
  [
    1663887600000,
    39.986
  ],
  [
    1663974000000,
    37.97
  ],
  [
    1664060400000,
    37.796
  ],
  [
    1664146800000,
    40.237
  ],
  [
    1664319600000,
    38.44
  ],
  [
    1664578800000,
    39.26
  ],
  [
    1664665200000,
    39.26
  ],
  [
    1664751600000,
    39.334
  ],
  [
    1664838000000,
    39.29
  ],
  [
    1665010800000,
    39.107
  ],
  [
    1665442800000,
    42.275
  ],
  [
    1665529200000,
    42.21
  ],
  [
    1665615600000,
    42.715
  ],
  [
    1665702000000,
    42.98
  ],
  [
    1665788400000,
    43.02
  ],
  [
    1665874800000,
    42.98
  ],
  [
    1666134000000,
    44.255
  ],
  [
    1666220400000,
    45.56
  ],
  [
    1666393200000,
    42.766
  ],
  [
    1666479600000,
    43.67
  ],
  [
    1666825200000,
    44.02
  ],
  [
    1666911600000,
    48
  ],
  [
    1666998000000,
    46.24
  ],
  [
    1667084400000,
    46.425
  ],
  [
    1667347200000,
    46.8
  ],
  [
    1667692800000,
    49.905
  ],
  [
    1667779200000,
    45.82
  ],
  [
    1668124800000,
    49.24
  ],
  [
    1668211200000,
    50.05
  ],
  [
    1668297600000,
    55.753
  ],
  [
    1668470400000,
    48.13
  ],
  [
    1668729600000,
    51.935
  ],
  [
    1668816000000,
    52.29
  ],
  [
    1668902400000,
    51.77
  ],
  [
    1668988800000,
    46.13
  ],
  [
    1669075200000,
    52.187
  ],
  [
    1669161600000,
    51.15
  ],
  [
    1669248000000,
    50.74
  ],
  [
    1669593600000,
    51.19
  ],
  [
    1669680000000,
    51.3
  ],
  [
    1669766400000,
    60.394
  ],
  [
    1669852800000,
    52.81
  ],
  [
    1670025600000,
    53.003
  ],
  [
    1670198400000,
    54.461
  ],
  [
    1670457600000,
    52.41
  ],
  [
    1670803200000,
    56.99
  ],
  [
    1670889600000,
    52.64
  ],
  [
    1671148800000,
    53.1
  ],
  [
    1671321600000,
    56.453
  ],
  [
    1671408000000,
    63.68
  ],
  [
    1671667200000,
    53.56
  ],
  [
    1671840000000,
    54.46
  ],
  [
    1671926400000,
    54.4
  ],
  [
    1672012800000,
    45.59
  ],
  [
    1672185600000,
    36.94
  ],
  [
    1672358400000,
    64.985
  ],
  [
    1672444800000,
    53.56
  ],
  [
    1672704000000,
    53.72
  ],
  [
    1672790400000,
    49.95
  ],
  [
    1672876800000,
    53.52
  ],
  [
    1672963200000,
    54.116
  ],
  [
    1673049600000,
    58.43
  ],
  [
    1673136000000,
    58.503
  ],
  [
    1673481600000,
    55.4
  ],
  [
    1673654400000,
    62
  ],
  [
    1674000000000,
    52.17
  ],
  [
    1674086400000,
    64.795
  ],
  [
    1674172800000,
    61.93
  ],
  [
    1674518400000,
    59.661
  ],
  [
    1674691200000,
    59.01
  ],
  [
    1674777600000,
    53.69
  ],
  [
    1675036800000,
    61.001
  ],
  [
    1675123200000,
    57.149
  ],
  [
    1675209600000,
    58.42
  ],
  [
    1675296000000,
    59.017
  ],
  [
    1675382400000,
    55.47
  ],
  [
    1675468800000,
    57.581
  ],
  [
    1675555200000,
    58.81
  ],
  [
    1675728000000,
    58.35
  ],
  [
    1675987200000,
    59.13
  ],
  [
    1676246400000,
    64.897
  ],
  [
    1676332800000,
    60.99
  ],
  [
    1676505600000,
    61.61
  ],
  [
    1676678400000,
    62.6
  ],
  [
    1676764800000,
    64.454
  ],
  [
    1676851200000,
    63.25
  ],
  [
    1676937600000,
    63.22
  ],
  [
    1677196800000,
    61.97
  ],
  [
    1677283200000,
    60
  ],
  [
    1677369600000,
    63.952
  ],
  [
    1677456000000,
    53.813
  ],
  [
    1677542400000,
    61.485
  ],
  [
    1677628800000,
    59.043
  ],
  [
    1677715200000,
    61.345
  ],
  [
    1677801600000,
    58.85
  ],
  [
    1677888000000,
    62.088
  ],
  [
    1677974400000,
    59.905
  ],
  [
    1678060800000,
    60
  ],
  [
    1678320000000,
    62.64
  ],
  [
    1678406400000,
    81.69
  ],
  [
    1678492800000,
    64.5
  ],
  [
    1678579200000,
    64.037
  ],
  [
    1678665600000,
    56.89
  ],
  [
    1678752000000,
    65.26
  ],
  [
    1678838400000,
    63.26
  ],
  [
    1679011200000,
    64.015
  ],
  [
    1679097600000,
    64.03
  ],
  [
    1679184000000,
    62.22
  ],
  [
    1679270400000,
    64.03
  ],
  [
    1679356800000,
    60.45
  ],
  [
    1679443200000,
    60.92
  ],
  [
    1679529600000,
    61.38
  ],
  [
    1679616000000,
    68.482
  ],
  [
    1679702400000,
    61.51
  ],
  [
    1679788800000,
    61.69
  ],
  [
    1679871600000,
    59.528
  ],
  [
    1679958000000,
    61.727
  ],
  [
    1680044400000,
    63.217
  ],
  [
    1680130800000,
    60.95
  ],
  [
    1680303600000,
    70.641
  ],
  [
    1680390000000,
    65.123
  ],
  [
    1680476400000,
    58.985
  ],
  [
    1680562800000,
    68.096
  ],
  [
    1680649200000,
    67.869
  ],
  [
    1680735600000,
    67.077
  ],
  [
    1680908400000,
    70.446
  ],
  [
    1680994800000,
    72.591
  ],
  [
    1681167600000,
    62.078
  ],
  [
    1681254000000,
    64.29
  ],
  [
    1681426800000,
    77.01
  ],
  [
    1681513200000,
    64.37
  ],
  [
    1681686000000,
    73.131
  ],
  [
    1681772400000,
    72.38
  ],
  [
    1681858800000,
    73.91
  ],
  [
    1681945200000,
    86.138
  ],
  [
    1682031600000,
    79.498
  ],
  [
    1682204400000,
    83.53
  ],
  [
    1682290800000,
    90.893
  ],
  [
    1682377200000,
    84.02
  ],
  [
    1682463600000,
    91.837
  ],
  [
    1682550000000,
    81.97
  ],
  [
    1682636400000,
    74.023
  ],
  [
    1682722800000,
    80.76
  ],
  [
    1682809200000,
    72.971
  ],
  [
    1683154800000,
    91.488
  ],
  [
    1683241200000,
    80.856
  ],
  [
    1683327600000,
    70.935
  ],
  [
    1683414000000,
    77.604
  ],
  [
    1683500400000,
    68.567
  ],
  [
    1683586800000,
    70.323
  ],
  [
    1683673200000,
    64.765
  ],
  [
    1683846000000,
    70.821
  ],
  [
    1683932400000,
    65.24
  ],
  [
    1684018800000,
    67.512
  ],
  [
    1684105200000,
    74.675
  ],
  [
    1684191600000,
    74.877
  ],
  [
    1684364400000,
    66.225
  ],
  [
    1684450800000,
    70.97
  ],
  [
    1684710000000,
    67.163
  ],
  [
    1684796400000,
    64.845
  ],
  [
    1684882800000,
    66.339
  ],
  [
    1684969200000,
    82.095
  ],
  [
    1685228400000,
    67.781
  ],
  [
    1685314800000,
    73.561
  ],
  [
    1685401200000,
    69.655
  ],
  [
    1685487600000,
    70.24
  ],
  [
    1685574000000,
    71.44
  ],
  [
    1685660400000,
    70.28
  ],
  [
    1685746800000,
    70.35
  ],
  [
    1685833200000,
    73.543
  ],
  [
    1685919600000,
    74.003
  ],
  [
    1686092400000,
    76.079
  ],
  [
    1686265200000,
    82.116
  ],
  [
    1686697200000,
    96.833
  ],
  [
    1686783600000,
    96.84
  ],
  [
    1686870000000,
    80.66
  ],
  [
    1686956400000,
    81.695
  ],
  [
    1687042800000,
    90.703
  ],
  [
    1687129200000,
    81.66
  ],
  [
    1687215600000,
    83.52
  ],
  [
    1687388400000,
    81
  ],
  [
    1687474800000,
    83.96
  ],
  [
    1687561200000,
    83.33
  ],
  [
    1687647600000,
    72.86
  ],
  [
    1687734000000,
    81.164
  ],
  [
    1687820400000,
    77.925
  ],
  [
    1688079600000,
    79.553
  ],
  [
    1688166000000,
    78.645
  ],
  [
    1688252400000,
    79.13
  ],
  [
    1688338800000,
    79.3
  ],
  [
    1688511600000,
    131.287
  ],
  [
    1688684400000,
    79.7
  ],
  [
    1689030000000,
    82.985
  ],
  [
    1689462000000,
    78.54
  ],
  [
    1689634800000,
    82.652
  ],
  [
    1690326000000,
    83.69
  ],
  [
    1690412400000,
    83.8
  ],
  [
    1690844400000,
    81.49
  ],
  [
    1691017200000,
    84.835
  ],
  [
    1691103600000,
    81.91
  ],
  [
    1691362800000,
    82.08
  ],
  [
    1691794800000,
    83.05
  ],
  [
    1691967600000,
    83.85
  ],
  [
    1692054000000,
    83.8
  ],
  [
    1692313200000,
    83.81
  ],
  [
    1692486000000,
    92.7
  ],
  [
    1693090800000,
    100.87
  ],
  [
    1693695600000,
    93.195
  ],
  [
    1694300400000,
    87.22
  ],
  [
    1694559600000,
    88.06
  ],
  [
    1694646000000,
    88.06
  ],
  [
    1694905200000,
    90.82
  ],
  [
    1694991600000,
    90.85
  ],
  [
    1695164400000,
    91.705
  ],
  [
    1695596400000,
    104.8
  ],
  [
    1695769200000,
    95.622
  ],
  [
    1696374000000,
    97.03
  ],
  [
    1696546800000,
    95.76
  ],
  [
    1696633200000,
    97.8
  ],
  [
    1696719600000,
    96.595
  ],
  [
    1696806000000,
    101.61
  ],
  [
    1696978800000,
    94.45
  ],
  [
    1697238000000,
    101.62
  ],
  [
    1697324400000,
    126.216
  ],
  [
    1697497200000,
    90.885
  ],
  [
    1697670000000,
    97.3
  ],
  [
    1697756400000,
    102.255
  ],
  [
    1697842800000,
    102.6
  ],
  [
    1698447600000,
    103.498
  ],
  [
    1698624000000,
    95.25
  ],
  [
    1698883200000,
    95.63
  ],
  [
    1698969600000,
    96.369
  ],
  [
    1699142400000,
    95.653
  ],
  [
    1699574400000,
    91.665
  ],
  [
    1700179200000,
    91.72
  ],
  [
    1700352000000,
    101.3
  ],
  [
    1700438400000,
    92.071
  ],
  [
    1701302400000,
    89.67
  ],
  [
    1701820800000,
    91.449
  ],
  [
    1702080000000,
    88.78
  ],
  [
    1702166400000,
    89.71
  ],
  [
    1702252800000,
    96.835
  ],
  [
    1702684800000,
    94.04
  ],
  [
    1703116800000,
    94.03
  ],
  [
    1703548800000,
    92.57
  ],
  [
    1704067200000,
    94.57
  ],
  [
    1704153600000,
    94.267
  ],
  [
    1704499200000,
    95.93
  ],
  [
    1704844800000,
    95.03
  ],
  [
    1705536000000,
    95.35
  ],
  [
    1705881600000,
    98.45
  ],
  [
    1705968000000,
    112.65
  ],
  [
    1706572800000,
    91.51
  ],
  [
    1707091200000,
    91.73
  ],
  [
    1707350400000,
    95.81
  ],
  [
    1707955200000,
    91.705
  ],
  [
    1708041600000,
    87.06
  ],
  [
    1708214400000,
    101.36
  ],
  [
    1708300800000,
    99.992
  ],
  [
    1708560000000,
    93.63
  ],
  [
    1708646400000,
    93.75
  ],
  [
    1708905600000,
    98.26
  ],
  [
    1709856000000,
    100
  ],
  [
    1710115200000,
    99.64
  ],
  [
    1710201600000,
    105.63
  ],
  [
    1710288000000,
    91.63
  ],
  [
    1710720000000,
    101.066
  ],
  [
    1711411200000,
    107.557
  ],
  [
    1711497600000,
    103.718
  ],
  [
    1711584000000,
    100.3
  ],
  [
    1711843200000,
    100.465
  ],
  [
    1712098800000,
    103.411
  ],
  [
    1712185200000,
    101.958
  ],
  [
    1712271600000,
    101.67
  ],
  [
    1712530800000,
    105.495
  ],
  [
    1712617200000,
    107.36
  ],
  [
    1712790000000,
    120.41
  ],
  [
    1713567600000,
    125.61
  ],
  [
    1713826800000,
    105.73
  ],
  [
    1713999600000,
    112.25
  ],
  [
    1714431600000,
    111.61
  ],
  [
    1715036400000,
    118.57
  ],
  [
    1715986800000,
    124.562
  ],
  [
    1716332400000,
    127.465
  ],
  [
    1716854400000,
    130.93
  ],
  [
    1717297200000,
    152.07
  ],
  [
    1718038800000,
    142.683
  ],
  [
    1718902800000,
    127.21
  ]
]