[
  [
    1574121600000,
    0.734
  ],
  [
    1574208000000,
    0.159
  ],
  [
    1574294400000,
    0.196
  ],
  [
    1574380800000,
    0.195
  ],
  [
    1574467200000,
    0.184
  ],
  [
    1574553600000,
    0.159
  ],
  [
    1574640000000,
    0.17
  ],
  [
    1574726400000,
    0.166
  ],
  [
    1574812800000,
    0.174
  ],
  [
    1574899200000,
    0.217
  ],
  [
    1574985600000,
    0.203
  ],
  [
    1575072000000,
    0.192
  ],
  [
    1575158400000,
    0.252
  ],
  [
    1575244800000,
    0.224
  ],
  [
    1575331200000,
    0.244
  ],
  [
    1575417600000,
    0.203
  ],
  [
    1575504000000,
    0.194
  ],
  [
    1575590400000,
    0.173
  ],
  [
    1575676800000,
    0.221
  ],
  [
    1575763200000,
    0.208
  ],
  [
    1575849600000,
    0.271
  ],
  [
    1575936000000,
    0.289
  ],
  [
    1576022400000,
    0.28
  ],
  [
    1576108800000,
    0.243
  ],
  [
    1576195200000,
    0.243
  ],
  [
    1576281600000,
    0.232
  ],
  [
    1576368000000,
    0.21
  ],
  [
    1576454400000,
    0.223
  ],
  [
    1576540800000,
    0.207
  ],
  [
    1576627200000,
    0.219
  ],
  [
    1576713600000,
    7.538
  ],
  [
    1576800000000,
    0.192
  ],
  [
    1576886400000,
    0.212
  ],
  [
    1576972800000,
    0.216
  ],
  [
    1577059200000,
    0.185
  ],
  [
    1577145600000,
    0.246
  ],
  [
    1577232000000,
    0.227
  ],
  [
    1577318400000,
    0.238
  ],
  [
    1577404800000,
    21.229
  ],
  [
    1577491200000,
    0.229
  ],
  [
    1577577600000,
    0.174
  ],
  [
    1577664000000,
    0.207
  ],
  [
    1577750400000,
    0.247
  ],
  [
    1577836800000,
    0.217
  ],
  [
    1577923200000,
    0.195
  ],
  [
    1578009600000,
    0.196
  ],
  [
    1578096000000,
    0.213
  ],
  [
    1578182400000,
    0.212
  ],
  [
    1578268800000,
    0.198
  ],
  [
    1578355200000,
    0.248
  ],
  [
    1578441600000,
    0.244
  ],
  [
    1578528000000,
    0.215
  ],
  [
    1578614400000,
    0.255
  ],
  [
    1578700800000,
    0.21
  ],
  [
    1578787200000,
    0.245
  ],
  [
    1578873600000,
    0.191
  ],
  [
    1578960000000,
    0.216
  ],
  [
    1579046400000,
    0.205
  ],
  [
    1579132800000,
    0.219
  ],
  [
    1579219200000,
    0.246
  ],
  [
    1579305600000,
    0.244
  ],
  [
    1579392000000,
    0.245
  ],
  [
    1579478400000,
    0.227
  ],
  [
    1579564800000,
    0.252
  ],
  [
    1579651200000,
    0.251
  ],
  [
    1579737600000,
    1.551
  ],
  [
    1579824000000,
    0.228
  ],
  [
    1579910400000,
    0.202
  ],
  [
    1579996800000,
    0.265
  ],
  [
    1580083200000,
    0.261
  ],
  [
    1580169600000,
    0.268
  ],
  [
    1580256000000,
    0.229
  ],
  [
    1580342400000,
    0.237
  ],
  [
    1580428800000,
    0.233
  ],
  [
    1580515200000,
    0.26
  ],
  [
    1580601600000,
    0.285
  ],
  [
    1580688000000,
    0.326
  ],
  [
    1580774400000,
    0.593
  ],
  [
    1580860800000,
    0.609
  ],
  [
    1580947200000,
    0.479
  ],
  [
    1581033600000,
    0.421
  ],
  [
    1581120000000,
    0.342
  ],
  [
    1581206400000,
    0.306
  ],
  [
    1581292800000,
    0.329
  ],
  [
    1581379200000,
    0.335
  ],
  [
    1581465600000,
    0.33
  ],
  [
    1581552000000,
    0.332
  ],
  [
    1581638400000,
    0.341
  ],
  [
    1581724800000,
    0.34
  ],
  [
    1581811200000,
    11.351
  ],
  [
    1581897600000,
    0.365
  ],
  [
    1581984000000,
    0.351
  ],
  [
    1582070400000,
    0.321
  ],
  [
    1582156800000,
    0.308
  ],
  [
    1582243200000,
    0.31
  ],
  [
    1582329600000,
    0.351
  ],
  [
    1582416000000,
    0.409
  ],
  [
    1582502400000,
    0.419
  ],
  [
    1582588800000,
    0.409
  ],
  [
    1582675200000,
    0.41
  ],
  [
    1582761600000,
    0.441
  ],
  [
    1582848000000,
    0.442
  ],
  [
    1582934400000,
    0.501
  ],
  [
    1583020800000,
    1.619
  ],
  [
    1583107200000,
    0.443
  ],
  [
    1583193600000,
    0.446
  ],
  [
    1583280000000,
    0.419
  ],
  [
    1583366400000,
    0.413
  ],
  [
    1583452800000,
    0.383
  ],
  [
    1583539200000,
    0.354
  ],
  [
    1583625600000,
    0.372
  ],
  [
    1583712000000,
    0.357
  ],
  [
    1583798400000,
    0.364
  ],
  [
    1583884800000,
    0.341
  ],
  [
    1583971200000,
    0.37
  ],
  [
    1584057600000,
    0.385
  ],
  [
    1584144000000,
    0.363
  ],
  [
    1584230400000,
    0.361
  ],
  [
    1584316800000,
    0.35
  ],
  [
    1584403200000,
    0.35
  ],
  [
    1584489600000,
    0.372
  ],
  [
    1584576000000,
    0.392
  ],
  [
    1584662400000,
    0.419
  ],
  [
    1584748800000,
    0.448
  ],
  [
    1584835200000,
    0.412
  ],
  [
    1584921600000,
    0.419
  ],
  [
    1585008000000,
    0.396
  ],
  [
    1585094400000,
    0.434
  ],
  [
    1585180800000,
    0.423
  ],
  [
    1585267200000,
    0.422
  ],
  [
    1585353600000,
    0.45
  ],
  [
    1585440000000,
    0.497
  ],
  [
    1585522800000,
    0.553
  ],
  [
    1585609200000,
    0.419
  ],
  [
    1585695600000,
    0.407
  ],
  [
    1585782000000,
    0.397
  ],
  [
    1585868400000,
    0.405
  ],
  [
    1585954800000,
    0.446
  ],
  [
    1586041200000,
    0.393
  ],
  [
    1586127600000,
    0.434
  ],
  [
    1586214000000,
    0.436
  ],
  [
    1586300400000,
    0.444
  ],
  [
    1586386800000,
    0.409
  ],
  [
    1586473200000,
    0.422
  ],
  [
    1586559600000,
    0.41
  ],
  [
    1586646000000,
    0.421
  ],
  [
    1586732400000,
    0.387
  ],
  [
    1586818800000,
    0.421
  ],
  [
    1586905200000,
    0.413
  ],
  [
    1586991600000,
    0.398
  ],
  [
    1587078000000,
    0.405
  ],
  [
    1587164400000,
    0.419
  ],
  [
    1587250800000,
    0.43
  ],
  [
    1587337200000,
    0.42
  ],
  [
    1587423600000,
    0.404
  ],
  [
    1587510000000,
    0.457
  ],
  [
    1587596400000,
    0.453
  ],
  [
    1587682800000,
    0.457
  ],
  [
    1587769200000,
    0.461
  ],
  [
    1587855600000,
    0.432
  ],
  [
    1587942000000,
    0.447
  ],
  [
    1588028400000,
    0.503
  ],
  [
    1588114800000,
    0.483
  ],
  [
    1588201200000,
    0.553
  ],
  [
    1588287600000,
    0.529
  ],
  [
    1588374000000,
    0.563
  ],
  [
    1588460400000,
    0.623
  ],
  [
    1588546800000,
    0.631
  ],
  [
    1588633200000,
    0.638
  ],
  [
    1588719600000,
    0.664
  ],
  [
    1588806000000,
    0.748
  ],
  [
    1588892400000,
    0.634
  ],
  [
    1588978800000,
    0.689
  ],
  [
    1589065200000,
    0.778
  ],
  [
    1589151600000,
    0.79
  ],
  [
    1589238000000,
    0.74
  ],
  [
    1589324400000,
    0.761
  ],
  [
    1589410800000,
    0.752
  ],
  [
    1589497200000,
    0.779
  ],
  [
    1589583600000,
    0.808
  ],
  [
    1589670000000,
    0.752
  ],
  [
    1589756400000,
    0.882
  ],
  [
    1589842800000,
    0.907
  ],
  [
    1589929200000,
    0.853
  ],
  [
    1590015600000,
    0.677
  ],
  [
    1590102000000,
    0.89
  ],
  [
    1590188400000,
    0.806
  ],
  [
    1590274800000,
    0.808
  ],
  [
    1590361200000,
    0.877
  ],
  [
    1590447600000,
    0.771
  ],
  [
    1590534000000,
    0.793
  ],
  [
    1590620400000,
    0.772
  ],
  [
    1590706800000,
    0.805
  ],
  [
    1590793200000,
    0.823
  ],
  [
    1590879600000,
    0.733
  ],
  [
    1590966000000,
    0.791
  ],
  [
    1591052400000,
    0.8
  ],
  [
    1591225200000,
    0.79
  ],
  [
    1591311600000,
    0.781
  ],
  [
    1591484400000,
    0.802
  ],
  [
    1591570800000,
    0.787
  ],
  [
    1591657200000,
    0.786
  ],
  [
    1591743600000,
    0.821
  ],
  [
    1591830000000,
    0.857
  ],
  [
    1591916400000,
    0.844
  ],
  [
    1592002800000,
    0.849
  ],
  [
    1592089200000,
    0.798
  ],
  [
    1592175600000,
    0.773
  ],
  [
    1592348400000,
    0.75
  ],
  [
    1592434800000,
    0.78
  ],
  [
    1592521200000,
    0.71
  ],
  [
    1592607600000,
    0.749
  ],
  [
    1592694000000,
    0.746
  ],
  [
    1592780400000,
    0.772
  ],
  [
    1592866800000,
    0.776
  ],
  [
    1592953200000,
    0.81
  ],
  [
    1593039600000,
    0.57
  ],
  [
    1593126000000,
    0.699
  ],
  [
    1593212400000,
    0.661
  ],
  [
    1593298800000,
    0.66
  ],
  [
    1593385200000,
    0.667
  ],
  [
    1593471600000,
    0.644
  ],
  [
    1593558000000,
    0.696
  ],
  [
    1593644400000,
    0.689
  ],
  [
    1593730800000,
    0.749
  ],
  [
    1593817200000,
    0.717
  ],
  [
    1593903600000,
    0.72
  ],
  [
    1593990000000,
    0.736
  ],
  [
    1594162800000,
    0.696
  ],
  [
    1594249200000,
    0.745
  ],
  [
    1594335600000,
    0.837
  ],
  [
    1594422000000,
    0.827
  ],
  [
    1594508400000,
    0.859
  ],
  [
    1594594800000,
    0.79
  ],
  [
    1594681200000,
    0.822
  ],
  [
    1594767600000,
    0.937
  ],
  [
    1594854000000,
    0.918
  ],
  [
    1594940400000,
    0.962
  ],
  [
    1595026800000,
    0.911
  ],
  [
    1595199600000,
    0.856
  ],
  [
    1595286000000,
    0.85
  ],
  [
    1595372400000,
    0.893
  ],
  [
    1595458800000,
    0.839
  ],
  [
    1595631600000,
    0.991
  ],
  [
    1595718000000,
    0.964
  ],
  [
    1595804400000,
    0.976
  ],
  [
    1596063600000,
    1.118
  ],
  [
    1596150000000,
    1.024
  ],
  [
    1596236400000,
    0.948
  ],
  [
    1596409200000,
    0.96
  ],
  [
    1596495600000,
    0.964
  ],
  [
    1596582000000,
    0.962
  ],
  [
    1596754800000,
    0.86
  ],
  [
    1596841200000,
    1.009
  ],
  [
    1596927600000,
    1.003
  ],
  [
    1597014000000,
    0.957
  ],
  [
    1597100400000,
    1.01
  ],
  [
    1597186800000,
    1.111
  ],
  [
    1597273200000,
    0.973
  ],
  [
    1597359600000,
    1.041
  ],
  [
    1597446000000,
    0.966
  ],
  [
    1597532400000,
    1.011
  ],
  [
    1597618800000,
    0.841
  ],
  [
    1597705200000,
    0.959
  ],
  [
    1597791600000,
    0.94
  ],
  [
    1597878000000,
    0.947
  ],
  [
    1597964400000,
    1.023
  ],
  [
    1598050800000,
    1.039
  ],
  [
    1598137200000,
    1.069
  ],
  [
    1598223600000,
    0.916
  ],
  [
    1598310000000,
    0.958
  ],
  [
    1598396400000,
    0.899
  ],
  [
    1598482800000,
    0.943
  ],
  [
    1598569200000,
    0.949
  ],
  [
    1598655600000,
    1.057
  ],
  [
    1598742000000,
    0.925
  ],
  [
    1598828400000,
    0.913
  ],
  [
    1598914800000,
    1.007
  ],
  [
    1599001200000,
    0.61
  ],
  [
    1599174000000,
    1.143
  ],
  [
    1599260400000,
    0.885
  ],
  [
    1599346800000,
    0.958
  ],
  [
    1599433200000,
    0.893
  ],
  [
    1599606000000,
    0.845
  ],
  [
    1599692400000,
    0.907
  ],
  [
    1599778800000,
    0.988
  ],
  [
    1599865200000,
    0.9
  ],
  [
    1599951600000,
    0.97
  ],
  [
    1600038000000,
    0.941
  ],
  [
    1600124400000,
    0.973
  ],
  [
    1600210800000,
    0.917
  ],
  [
    1600297200000,
    0.889
  ],
  [
    1600383600000,
    1.017
  ],
  [
    1600470000000,
    1.071
  ],
  [
    1600556400000,
    0.899
  ],
  [
    1600729200000,
    0.968
  ],
  [
    1600815600000,
    0.959
  ],
  [
    1600902000000,
    0.913
  ],
  [
    1601074800000,
    0.877
  ],
  [
    1601161200000,
    0.951
  ],
  [
    1601247600000,
    0.922
  ],
  [
    1601420400000,
    1.018
  ],
  [
    1601506800000,
    1.098
  ],
  [
    1601593200000,
    1.073
  ],
  [
    1601679600000,
    1.117
  ],
  [
    1601852400000,
    1.121
  ],
  [
    1601938800000,
    1.03
  ],
  [
    1602025200000,
    1.191
  ],
  [
    1602111600000,
    1.203
  ],
  [
    1602198000000,
    0.971
  ],
  [
    1602284400000,
    0.896
  ],
  [
    1602370800000,
    1.078
  ],
  [
    1602457200000,
    1.201
  ],
  [
    1602543600000,
    1.106
  ],
  [
    1602630000000,
    1.162
  ],
  [
    1602889200000,
    1.228
  ],
  [
    1602975600000,
    0.993
  ],
  [
    1603062000000,
    1.2
  ],
  [
    1603148400000,
    1.169
  ],
  [
    1603234800000,
    1.159
  ],
  [
    1603321200000,
    1.288
  ],
  [
    1603407600000,
    1.186
  ],
  [
    1603580400000,
    1.243
  ],
  [
    1603670400000,
    1.1
  ],
  [
    1603843200000,
    1.27
  ],
  [
    1603929600000,
    1.305
  ],
  [
    1604016000000,
    1.2
  ],
  [
    1604102400000,
    1.245
  ],
  [
    1604188800000,
    1.01
  ],
  [
    1604275200000,
    0.859
  ],
  [
    1604361600000,
    1.174
  ],
  [
    1604448000000,
    1.118
  ],
  [
    1604534400000,
    1.2
  ],
  [
    1604620800000,
    1.207
  ],
  [
    1604707200000,
    1.165
  ],
  [
    1604793600000,
    1.197
  ],
  [
    1604880000000,
    1.086
  ],
  [
    1604966400000,
    1.186
  ],
  [
    1605052800000,
    1.172
  ],
  [
    1605139200000,
    1.205
  ],
  [
    1605225600000,
    1.246
  ],
  [
    1605312000000,
    0.988
  ],
  [
    1605398400000,
    1.21
  ],
  [
    1605571200000,
    1.057
  ],
  [
    1605657600000,
    1.095
  ],
  [
    1605830400000,
    1.044
  ],
  [
    1605916800000,
    1.208
  ],
  [
    1606003200000,
    1.26
  ],
  [
    1606176000000,
    1.046
  ],
  [
    1606262400000,
    1.193
  ],
  [
    1606435200000,
    1.094
  ],
  [
    1606521600000,
    1.063
  ],
  [
    1606608000000,
    1.086
  ],
  [
    1606694400000,
    1.091
  ],
  [
    1606780800000,
    0.533
  ],
  [
    1606953600000,
    1.038
  ],
  [
    1607040000000,
    0.944
  ],
  [
    1607126400000,
    0.845
  ],
  [
    1607385600000,
    0.887
  ],
  [
    1607558400000,
    0.93
  ],
  [
    1607644800000,
    0.807
  ],
  [
    1607731200000,
    0.878
  ],
  [
    1607904000000,
    0.891
  ],
  [
    1607990400000,
    0.79
  ],
  [
    1608076800000,
    0.778
  ],
  [
    1608163200000,
    0.802
  ],
  [
    1608249600000,
    0.814
  ],
  [
    1608336000000,
    0.902
  ],
  [
    1608422400000,
    0.87
  ],
  [
    1608508800000,
    0.861
  ],
  [
    1608595200000,
    0.869
  ],
  [
    1608681600000,
    0.922
  ],
  [
    1608768000000,
    0.944
  ],
  [
    1608854400000,
    0.963
  ],
  [
    1608940800000,
    0.973
  ],
  [
    1609027200000,
    1.006
  ],
  [
    1609113600000,
    1.031
  ],
  [
    1609286400000,
    1.205
  ],
  [
    1609372800000,
    1.081
  ],
  [
    1609545600000,
    1.207
  ],
  [
    1609632000000,
    1.489
  ],
  [
    1609718400000,
    1.229
  ],
  [
    1609804800000,
    1.32
  ],
  [
    1609891200000,
    1.353
  ],
  [
    1609977600000,
    1.513
  ],
  [
    1610064000000,
    1.493
  ],
  [
    1610150400000,
    1.589
  ],
  [
    1610236800000,
    1.677
  ],
  [
    1610323200000,
    1.4
  ],
  [
    1610409600000,
    1.666
  ],
  [
    1610496000000,
    1.61
  ],
  [
    1610582400000,
    1.609
  ],
  [
    1610668800000,
    1.881
  ],
  [
    1610841600000,
    1.698
  ],
  [
    1611014400000,
    1.51
  ],
  [
    1611100800000,
    1.599
  ],
  [
    1611187200000,
    1.38
  ],
  [
    1611446400000,
    1.482
  ],
  [
    1611532800000,
    1.463
  ],
  [
    1611619200000,
    1.365
  ],
  [
    1611705600000,
    1.589
  ],
  [
    1611792000000,
    1.337
  ],
  [
    1611964800000,
    1.535
  ],
  [
    1612051200000,
    1.586
  ],
  [
    1612137600000,
    1.548
  ],
  [
    1612224000000,
    1.696
  ],
  [
    1612310400000,
    1.37
  ],
  [
    1612396800000,
    1.688
  ],
  [
    1612483200000,
    1.826
  ],
  [
    1612656000000,
    1.72
  ],
  [
    1612828800000,
    1.975
  ],
  [
    1612915200000,
    1.695
  ],
  [
    1613001600000,
    1.793
  ],
  [
    1613088000000,
    1.63
  ],
  [
    1613174400000,
    1.389
  ],
  [
    1613260800000,
    1.543
  ],
  [
    1613347200000,
    1.083
  ],
  [
    1613433600000,
    1.562
  ],
  [
    1613520000000,
    1.51
  ],
  [
    1613692800000,
    1.661
  ],
  [
    1613779200000,
    1.587
  ],
  [
    1613952000000,
    1.868
  ],
  [
    1614124800000,
    1.532
  ],
  [
    1614211200000,
    1.53
  ],
  [
    1614297600000,
    1.737
  ],
  [
    1614470400000,
    1.505
  ],
  [
    1614556800000,
    1.499
  ],
  [
    1614643200000,
    1.81
  ],
  [
    1614729600000,
    1.802
  ],
  [
    1614816000000,
    1.725
  ],
  [
    1614902400000,
    1.885
  ],
  [
    1615075200000,
    1.852
  ],
  [
    1615161600000,
    2.067
  ],
  [
    1615248000000,
    1.495
  ],
  [
    1615593600000,
    1.87
  ],
  [
    1615766400000,
    1.984
  ],
  [
    1616112000000,
    2.004
  ],
  [
    1616198400000,
    1.767
  ],
  [
    1616284800000,
    2.049
  ],
  [
    1616371200000,
    1.955
  ],
  [
    1616457600000,
    1.118
  ],
  [
    1616630400000,
    2.831
  ],
  [
    1616716800000,
    2.717
  ],
  [
    1616972400000,
    2.67
  ],
  [
    1617058800000,
    1.34
  ],
  [
    1617318000000,
    2.624
  ],
  [
    1617577200000,
    2.54
  ],
  [
    1617836400000,
    2.517
  ],
  [
    1617922800000,
    2.447
  ],
  [
    1618009200000,
    1.894
  ],
  [
    1618095600000,
    2.824
  ],
  [
    1618182000000,
    2.57
  ],
  [
    1618268400000,
    2.566
  ],
  [
    1618354800000,
    2.872
  ],
  [
    1618441200000,
    3.011
  ],
  [
    1618527600000,
    2.982
  ],
  [
    1618614000000,
    2.795
  ],
  [
    1618700400000,
    2.479
  ],
  [
    1618873200000,
    3.14
  ],
  [
    1618959600000,
    2.828
  ],
  [
    1619046000000,
    2.81
  ],
  [
    1619218800000,
    3.204
  ],
  [
    1619650800000,
    2.91
  ],
  [
    1619737200000,
    3.231
  ],
  [
    1619823600000,
    3.45
  ],
  [
    1620082800000,
    2.855
  ],
  [
    1620255600000,
    3.485
  ],
  [
    1620342000000,
    3.591
  ],
  [
    1620428400000,
    3.895
  ],
  [
    1620514800000,
    3.51
  ],
  [
    1620601200000,
    3.54
  ],
  [
    1620687600000,
    3.547
  ],
  [
    1621119600000,
    3.426
  ],
  [
    1621206000000,
    4.03
  ],
  [
    1621292400000,
    3.98
  ],
  [
    1621378800000,
    4.263
  ],
  [
    1621465200000,
    4.05
  ],
  [
    1621551600000,
    4.69
  ],
  [
    1621638000000,
    5.617
  ],
  [
    1621724400000,
    6.15
  ],
  [
    1621810800000,
    6.37
  ],
  [
    1621897200000,
    6.258
  ],
  [
    1622070000000,
    8.111
  ],
  [
    1622156400000,
    11.5
  ],
  [
    1622242800000,
    8.339
  ],
  [
    1622329200000,
    8.35
  ],
  [
    1622502000000,
    6.561
  ],
  [
    1622588400000,
    8.11
  ],
  [
    1622674800000,
    8.89
  ],
  [
    1622761200000,
    9.36
  ],
  [
    1622847600000,
    7.75
  ],
  [
    1623020400000,
    7.44
  ],
  [
    1623106800000,
    7.49
  ],
  [
    1623193200000,
    9.994
  ],
  [
    1623366000000,
    9.692
  ],
  [
    1623452400000,
    8.142
  ],
  [
    1623538800000,
    11.177
  ],
  [
    1623625200000,
    8.64
  ],
  [
    1623711600000,
    10.72
  ],
  [
    1623884400000,
    8.97
  ],
  [
    1623970800000,
    9.496
  ],
  [
    1624057200000,
    8.89
  ],
  [
    1624143600000,
    8.75
  ],
  [
    1624575600000,
    8.63
  ],
  [
    1624662000000,
    8.34
  ],
  [
    1624834800000,
    8.01
  ],
  [
    1624921200000,
    7.73
  ],
  [
    1625180400000,
    6.97
  ],
  [
    1625526000000,
    6.8
  ],
  [
    1625612400000,
    7.62
  ],
  [
    1625698800000,
    7.665
  ],
  [
    1625785200000,
    6.41
  ],
  [
    1626044400000,
    8.376
  ],
  [
    1626476400000,
    6.18
  ],
  [
    1626649200000,
    6.63
  ],
  [
    1626735600000,
    6.99
  ],
  [
    1626822000000,
    6.857
  ],
  [
    1626908400000,
    6.053
  ],
  [
    1626994800000,
    6.939
  ],
  [
    1627254000000,
    7.188
  ],
  [
    1627340400000,
    7.282
  ],
  [
    1627426800000,
    7.315
  ],
  [
    1627772400000,
    7.28
  ],
  [
    1627945200000,
    7.191
  ],
  [
    1628204400000,
    6.549
  ],
  [
    1628463600000,
    6.382
  ],
  [
    1628722800000,
    6.76
  ],
  [
    1628809200000,
    6.75
  ],
  [
    1628895600000,
    6.47
  ],
  [
    1629154800000,
    6.22
  ],
  [
    1629241200000,
    6.016
  ],
  [
    1629327600000,
    5.608
  ],
  [
    1629673200000,
    4.61
  ],
  [
    1629932400000,
    6.367
  ],
  [
    1630018800000,
    5.911
  ],
  [
    1630191600000,
    5.69
  ],
  [
    1630364400000,
    5.585
  ],
  [
    1630537200000,
    6.134
  ],
  [
    1630623600000,
    5.908
  ],
  [
    1630796400000,
    5.85
  ],
  [
    1631142000000,
    5.905
  ],
  [
    1631228400000,
    5.3
  ],
  [
    1631401200000,
    6.419
  ],
  [
    1631574000000,
    6
  ],
  [
    1631833200000,
    6.23
  ],
  [
    1632524400000,
    3.87
  ],
  [
    1632870000000,
    4.147
  ],
  [
    1633129200000,
    4.283
  ],
  [
    1633474800000,
    3.74
  ],
  [
    1633734000000,
    3.804
  ],
  [
    1633820400000,
    4.492
  ],
  [
    1633993200000,
    3.83
  ],
  [
    1634252400000,
    3.83
  ],
  [
    1634425200000,
    3.83
  ],
  [
    1634598000000,
    3.56
  ],
  [
    1634857200000,
    4.095
  ],
  [
    1635030000000,
    3.75
  ],
  [
    1635116400000,
    3.931
  ],
  [
    1635634800000,
    3.813
  ],
  [
    1635724800000,
    4.242
  ],
  [
    1635811200000,
    4.323
  ],
  [
    1635984000000,
    3.772
  ],
  [
    1636156800000,
    4.279
  ],
  [
    1636329600000,
    4.034
  ],
  [
    1636502400000,
    4.415
  ],
  [
    1636848000000,
    4.35
  ],
  [
    1637020800000,
    4.254
  ],
  [
    1637107200000,
    4.328
  ],
  [
    1637193600000,
    3.71
  ],
  [
    1637366400000,
    4.836
  ],
  [
    1637452800000,
    5.013
  ],
  [
    1637712000000,
    4.97
  ],
  [
    1637798400000,
    4.524
  ],
  [
    1638057600000,
    4.08
  ],
  [
    1638144000000,
    4.024
  ],
  [
    1638230400000,
    3.77
  ],
  [
    1638403200000,
    4.995
  ],
  [
    1638489600000,
    4.947
  ],
  [
    1638576000000,
    5.523
  ],
  [
    1638662400000,
    5.65
  ],
  [
    1638748800000,
    5.66
  ],
  [
    1638921600000,
    6.32
  ],
  [
    1639267200000,
    6.493
  ],
  [
    1639440000000,
    6.33
  ],
  [
    1639526400000,
    6.37
  ],
  [
    1639612800000,
    6.357
  ],
  [
    1639785600000,
    5.425
  ],
  [
    1640304000000,
    5.26
  ],
  [
    1640995200000,
    5.81
  ],
  [
    1641081600000,
    6.698
  ],
  [
    1641254400000,
    6.79
  ],
  [
    1641340800000,
    5.43
  ],
  [
    1641513600000,
    5.405
  ],
  [
    1641600000000,
    6.81
  ],
  [
    1641772800000,
    6.83
  ],
  [
    1641859200000,
    6.583
  ],
  [
    1642118400000,
    6.713
  ],
  [
    1642204800000,
    6.99
  ],
  [
    1642636800000,
    6.99
  ],
  [
    1642723200000,
    6.955
  ],
  [
    1642809600000,
    6.5
  ],
  [
    1643328000000,
    5.9
  ],
  [
    1643500800000,
    6.38
  ],
  [
    1643673600000,
    5.919
  ],
  [
    1643760000000,
    6
  ],
  [
    1643846400000,
    5.521
  ],
  [
    1644192000000,
    5.68
  ],
  [
    1644278400000,
    4.71
  ],
  [
    1644537600000,
    5.71
  ],
  [
    1644624000000,
    6.532
  ],
  [
    1644796800000,
    6.761
  ],
  [
    1645574400000,
    5.721
  ],
  [
    1645660800000,
    6.24
  ],
  [
    1645747200000,
    6.519
  ],
  [
    1646092800000,
    5.54
  ],
  [
    1646179200000,
    5.47
  ],
  [
    1646438400000,
    5.889
  ],
  [
    1646870400000,
    6.4
  ],
  [
    1646956800000,
    6.594
  ],
  [
    1647302400000,
    5.641
  ],
  [
    1647388800000,
    4.94
  ],
  [
    1647561600000,
    6.67
  ],
  [
    1647648000000,
    5.66
  ],
  [
    1647734400000,
    7.21
  ],
  [
    1647993600000,
    7.205
  ],
  [
    1648080000000,
    6.98
  ],
  [
    1648252800000,
    7.467
  ],
  [
    1648422000000,
    6.963
  ],
  [
    1648508400000,
    7.138
  ],
  [
    1648767600000,
    6.99
  ],
  [
    1648854000000,
    7.527
  ],
  [
    1648940400000,
    7.584
  ],
  [
    1649890800000,
    6.429
  ],
  [
    1650150000000,
    6.12
  ],
  [
    1650668400000,
    8.75
  ],
  [
    1650754800000,
    9.525
  ],
  [
    1650841200000,
    9.325
  ],
  [
    1651014000000,
    10.062
  ],
  [
    1651964400000,
    8.996
  ],
  [
    1652482800000,
    8.911
  ],
  [
    1652742000000,
    7.664
  ],
  [
    1653778800000,
    8.25
  ],
  [
    1654210800000,
    7.711
  ],
  [
    1654297200000,
    7.065
  ],
  [
    1654556400000,
    7.15
  ],
  [
    1654729200000,
    7.356
  ],
  [
    1655420400000,
    7.174
  ],
  [
    1656025200000,
    6.98
  ],
  [
    1656111600000,
    6.761
  ],
  [
    1656457200000,
    6.39
  ],
  [
    1656975600000,
    6.04
  ],
  [
    1657148400000,
    6.18
  ],
  [
    1657321200000,
    6.49
  ],
  [
    1658617200000,
    6.18
  ],
  [
    1658703600000,
    5.59
  ],
  [
    1658962800000,
    6.715
  ],
  [
    1659049200000,
    7.27
  ],
  [
    1659222000000,
    7.4
  ],
  [
    1659308400000,
    6.746
  ],
  [
    1659481200000,
    7.484
  ],
  [
    1659567600000,
    7.46
  ],
  [
    1659654000000,
    7.005
  ],
  [
    1660086000000,
    6.97
  ],
  [
    1660258800000,
    7.955
  ],
  [
    1660690800000,
    7.113
  ],
  [
    1661036400000,
    6.75
  ],
  [
    1661468400000,
    6.47
  ],
  [
    1661641200000,
    8.01
  ],
  [
    1661727600000,
    8.07
  ],
  [
    1661814000000,
    6.48
  ],
  [
    1661900400000,
    7.83
  ],
  [
    1662159600000,
    8.053
  ],
  [
    1662246000000,
    7.497
  ],
  [
    1662332400000,
    7.998
  ],
  [
    1662418800000,
    8.29
  ],
  [
    1662591600000,
    5.75
  ],
  [
    1662937200000,
    8.015
  ],
  [
    1663282800000,
    8.47
  ],
  [
    1664233200000,
    6.87
  ],
  [
    1664492400000,
    8.762
  ],
  [
    1664751600000,
    8.039
  ],
  [
    1665097200000,
    8.639
  ],
  [
    1665529200000,
    9
  ],
  [
    1665788400000,
    9.496
  ],
  [
    1665874800000,
    9.9
  ],
  [
    1665961200000,
    9.818
  ],
  [
    1666134000000,
    10.38
  ],
  [
    1666220400000,
    10.7
  ],
  [
    1666566000000,
    8.636
  ],
  [
    1666652400000,
    8.63
  ],
  [
    1666738800000,
    9.656
  ],
  [
    1667084400000,
    8.53
  ],
  [
    1667174400000,
    10.524
  ],
  [
    1667260800000,
    9.465
  ],
  [
    1667347200000,
    8.44
  ],
  [
    1667433600000,
    10.372
  ],
  [
    1667520000000,
    10.36
  ],
  [
    1668211200000,
    10.408
  ],
  [
    1668384000000,
    9.01
  ],
  [
    1668470400000,
    8.25
  ],
  [
    1668643200000,
    10.616
  ],
  [
    1668729600000,
    10.462
  ],
  [
    1668816000000,
    9.33
  ],
  [
    1668902400000,
    10.708
  ],
  [
    1669075200000,
    7.45
  ],
  [
    1669248000000,
    10.647
  ],
  [
    1669766400000,
    8.64
  ],
  [
    1670112000000,
    10.306
  ],
  [
    1670457600000,
    11.53
  ],
  [
    1670803200000,
    9.329
  ],
  [
    1670889600000,
    9.257
  ],
  [
    1671235200000,
    10.986
  ],
  [
    1671494400000,
    10.685
  ],
  [
    1671580800000,
    12.415
  ],
  [
    1671667200000,
    8.51
  ],
  [
    1672358400000,
    9.4
  ],
  [
    1672617600000,
    9.06
  ],
  [
    1672790400000,
    9.146
  ],
  [
    1674259200000,
    10.55
  ],
  [
    1674345600000,
    12.67
  ],
  [
    1674777600000,
    9.8
  ],
  [
    1674864000000,
    10.982
  ],
  [
    1674950400000,
    10.55
  ],
  [
    1675036800000,
    12.006
  ],
  [
    1675209600000,
    11.75
  ],
  [
    1675296000000,
    12.051
  ],
  [
    1675468800000,
    12.595
  ],
  [
    1675641600000,
    12.342
  ],
  [
    1675728000000,
    10.88
  ],
  [
    1676160000000,
    10.88
  ],
  [
    1676246400000,
    10.87
  ],
  [
    1676505600000,
    12.54
  ],
  [
    1676592000000,
    13.07
  ],
  [
    1676764800000,
    10.38
  ],
  [
    1677456000000,
    10.75
  ],
  [
    1677715200000,
    10.42
  ],
  [
    1677801600000,
    10.78
  ],
  [
    1677974400000,
    10.89
  ],
  [
    1678147200000,
    11.55
  ],
  [
    1678579200000,
    11.81
  ],
  [
    1678665600000,
    12.25
  ],
  [
    1678752000000,
    12.285
  ],
  [
    1678838400000,
    9.86
  ],
  [
    1679270400000,
    10.35
  ],
  [
    1679356800000,
    11.905
  ],
  [
    1679443200000,
    12.193
  ],
  [
    1679616000000,
    10.44
  ],
  [
    1679871600000,
    9.9
  ],
  [
    1679958000000,
    11.334
  ],
  [
    1680044400000,
    10.953
  ],
  [
    1680303600000,
    12.007
  ],
  [
    1680390000000,
    11.175
  ],
  [
    1680476400000,
    10.09
  ],
  [
    1680649200000,
    12.063
  ],
  [
    1680735600000,
    12.049
  ],
  [
    1680822000000,
    12.559
  ],
  [
    1681167600000,
    10.02
  ],
  [
    1681513200000,
    10.733
  ],
  [
    1681686000000,
    11.58
  ],
  [
    1682031600000,
    12.609
  ],
  [
    1682118000000,
    12.727
  ],
  [
    1682463600000,
    12.65
  ],
  [
    1682722800000,
    12.125
  ],
  [
    1683500400000,
    12.96
  ],
  [
    1683586800000,
    12.15
  ],
  [
    1683759600000,
    12.627
  ],
  [
    1683846000000,
    13.033
  ],
  [
    1683932400000,
    13.35
  ],
  [
    1684018800000,
    13.05
  ],
  [
    1684191600000,
    13.057
  ],
  [
    1684450800000,
    12.5
  ],
  [
    1685228400000,
    14.28
  ],
  [
    1685401200000,
    14.248
  ],
  [
    1685574000000,
    14.308
  ],
  [
    1685660400000,
    14.85
  ],
  [
    1685746800000,
    15.08
  ],
  [
    1686006000000,
    14.19
  ],
  [
    1686092400000,
    14.266
  ],
  [
    1686351600000,
    13.84
  ],
  [
    1686956400000,
    16.76
  ],
  [
    1687129200000,
    17.46
  ],
  [
    1687302000000,
    14.801
  ],
  [
    1687388400000,
    15.14
  ],
  [
    1687906800000,
    16.334
  ],
  [
    1687993200000,
    17.044
  ],
  [
    1688079600000,
    18.248
  ],
  [
    1688338800000,
    15.15
  ],
  [
    1688598000000,
    14.89
  ],
  [
    1689116400000,
    14.96
  ],
  [
    1689894000000,
    14.169
  ],
  [
    1690585200000,
    13.341
  ],
  [
    1690671600000,
    16.01
  ],
  [
    1690758000000,
    16.483
  ],
  [
    1690844400000,
    16.41
  ],
  [
    1691276400000,
    16.47
  ],
  [
    1692399600000,
    13.12
  ],
  [
    1693609200000,
    12.935
  ],
  [
    1694386800000,
    17.283
  ],
  [
    1694473200000,
    14.35
  ],
  [
    1694559600000,
    14.22
  ],
  [
    1694646000000,
    15.6
  ],
  [
    1694905200000,
    17.232
  ],
  [
    1694991600000,
    17.005
  ],
  [
    1695250800000,
    15.76
  ],
  [
    1695769200000,
    15.649
  ],
  [
    1696201200000,
    16.93
  ],
  [
    1696546800000,
    17.033
  ],
  [
    1696719600000,
    18.227
  ],
  [
    1696806000000,
    18.389
  ],
  [
    1697324400000,
    18.545
  ],
  [
    1698274800000,
    15.86
  ],
  [
    1698710400000,
    17.74
  ],
  [
    1699056000000,
    18.985
  ],
  [
    1699315200000,
    18.77
  ],
  [
    1699401600000,
    18.85
  ],
  [
    1699920000000,
    18.493
  ],
  [
    1700092800000,
    16.455
  ],
  [
    1701129600000,
    17.771
  ],
  [
    1702252800000,
    19.475
  ],
  [
    1702684800000,
    14.56
  ],
  [
    1704153600000,
    14.58
  ],
  [
    1704585600000,
    15.04
  ],
  [
    1705536000000,
    20.768
  ],
  [
    1705622400000,
    21.658
  ],
  [
    1706313600000,
    21.943
  ],
  [
    1706400000000,
    22.757
  ],
  [
    1706572800000,
    24.84
  ],
  [
    1707350400000,
    29.034
  ],
  [
    1707782400000,
    38.278
  ],
  [
    1708041600000,
    42.984
  ],
  [
    1708128000000,
    37.093
  ],
  [
    1708214400000,
    37.088
  ],
  [
    1708646400000,
    25.765
  ],
  [
    1708732800000,
    27.561
  ],
  [
    1708905600000,
    41.111
  ],
  [
    1708992000000,
    31.17
  ],
  [
    1709251200000,
    27.828
  ],
  [
    1709337600000,
    26.75
  ],
  [
    1709424000000,
    21.45
  ],
  [
    1709510400000,
    20.602
  ],
  [
    1709683200000,
    19.98
  ],
  [
    1709769600000,
    21.528
  ],
  [
    1710374400000,
    17.03
  ],
  [
    1710547200000,
    19.894
  ],
  [
    1710633600000,
    18.683
  ],
  [
    1710806400000,
    19.85
  ],
  [
    1711324800000,
    18.935
  ],
  [
    1711497600000,
    19.534
  ],
  [
    1711584000000,
    19.885
  ],
  [
    1711670400000,
    15.755
  ],
  [
    1711843200000,
    18.409
  ],
  [
    1711926000000,
    18.649
  ],
  [
    1712012400000,
    21.538
  ],
  [
    1712185200000,
    22.428
  ],
  [
    1712530800000,
    20.56
  ],
  [
    1712703600000,
    23.253
  ],
  [
    1712790000000,
    24.186
  ],
  [
    1712962800000,
    19.337
  ],
  [
    1713222000000,
    21.31
  ],
  [
    1713913200000,
    24.42
  ],
  [
    1714172400000,
    24.56
  ],
  [
    1714258800000,
    25.36
  ],
  [
    1714690800000,
    23.82
  ],
  [
    1714863600000,
    25.73
  ],
  [
    1717484400000,
    32.552
  ],
  [
    1717822800000,
    33.699
  ]
]