[
  [
    1379631600000,
    1.965
  ],
  [
    1379718000000,
    0.357
  ],
  [
    1379804400000,
    0.139
  ],
  [
    1379890800000,
    0.142
  ],
  [
    1379977200000,
    0.13
  ],
  [
    1380063600000,
    0.162
  ],
  [
    1380150000000,
    0.107
  ],
  [
    1380236400000,
    0.229
  ],
  [
    1380322800000,
    0.125
  ],
  [
    1380409200000,
    0.195
  ],
  [
    1380495600000,
    0.103
  ],
  [
    1380582000000,
    0.066
  ],
  [
    1380668400000,
    0.251
  ],
  [
    1380754800000,
    0.084
  ],
  [
    1380841200000,
    0.097
  ],
  [
    1380927600000,
    0.104
  ],
  [
    1381014000000,
    0.081
  ],
  [
    1381100400000,
    0.089
  ],
  [
    1381186800000,
    0.079
  ],
  [
    1381273200000,
    0.082
  ],
  [
    1381359600000,
    0.08
  ],
  [
    1381446000000,
    0.068
  ],
  [
    1381532400000,
    0.053
  ],
  [
    1381618800000,
    0.061
  ],
  [
    1381705200000,
    0.048
  ],
  [
    1381791600000,
    0.068
  ],
  [
    1381878000000,
    0.07
  ],
  [
    1381964400000,
    0.061
  ],
  [
    1382050800000,
    0.055
  ],
  [
    1382137200000,
    0.072
  ],
  [
    1382223600000,
    0.053
  ],
  [
    1382310000000,
    0.052
  ],
  [
    1382396400000,
    0.046
  ],
  [
    1382482800000,
    0.052
  ],
  [
    1382569200000,
    0.048
  ],
  [
    1382655600000,
    0.049
  ],
  [
    1382742000000,
    0.046
  ],
  [
    1382828400000,
    0.051
  ],
  [
    1382918400000,
    0.052
  ],
  [
    1383004800000,
    0.041
  ],
  [
    1383091200000,
    0.045
  ],
  [
    1383177600000,
    0.039
  ],
  [
    1383264000000,
    0.051
  ],
  [
    1383350400000,
    0.047
  ],
  [
    1383436800000,
    0.04
  ],
  [
    1383523200000,
    0.036
  ],
  [
    1383609600000,
    0.036
  ],
  [
    1383696000000,
    0.043
  ],
  [
    1383782400000,
    0.041
  ],
  [
    1383868800000,
    0.039
  ],
  [
    1383955200000,
    0.038
  ],
  [
    1384041600000,
    0.042
  ],
  [
    1384128000000,
    0.035
  ],
  [
    1384214400000,
    0.03
  ],
  [
    1384300800000,
    0.04
  ],
  [
    1384387200000,
    0.032
  ],
  [
    1384473600000,
    0.032
  ],
  [
    1384560000000,
    0.038
  ],
  [
    1384646400000,
    0.04
  ],
  [
    1384732800000,
    0.031
  ],
  [
    1384819200000,
    0.048
  ],
  [
    1384905600000,
    0.053
  ],
  [
    1384992000000,
    0.031
  ],
  [
    1385078400000,
    0.043
  ],
  [
    1385164800000,
    0.037
  ],
  [
    1385251200000,
    0.039
  ],
  [
    1385337600000,
    0.038
  ],
  [
    1385424000000,
    0.03
  ],
  [
    1385510400000,
    0.036
  ],
  [
    1385596800000,
    0.032
  ],
  [
    1385683200000,
    0.03
  ],
  [
    1385769600000,
    0.034
  ],
  [
    1385856000000,
    0.036
  ],
  [
    1385942400000,
    0.039
  ],
  [
    1386028800000,
    0.04
  ],
  [
    1386115200000,
    0.041
  ],
  [
    1386201600000,
    0.049
  ],
  [
    1386288000000,
    0.037
  ],
  [
    1386374400000,
    0.038
  ],
  [
    1386460800000,
    0.045
  ],
  [
    1386547200000,
    0.044
  ],
  [
    1386633600000,
    0.039
  ],
  [
    1386720000000,
    0.031
  ],
  [
    1386806400000,
    0.039
  ],
  [
    1386892800000,
    0.036
  ],
  [
    1386979200000,
    0.038
  ],
  [
    1387065600000,
    0.035
  ],
  [
    1387152000000,
    0.036
  ],
  [
    1387238400000,
    0.033
  ],
  [
    1387324800000,
    0.031
  ],
  [
    1387411200000,
    0.034
  ],
  [
    1387497600000,
    0.032
  ],
  [
    1387584000000,
    0.03
  ],
  [
    1387670400000,
    0.047
  ],
  [
    1387756800000,
    0.032
  ],
  [
    1387843200000,
    0.044
  ],
  [
    1387929600000,
    0.032
  ],
  [
    1388016000000,
    0.03
  ],
  [
    1388102400000,
    0.037
  ],
  [
    1388188800000,
    0.038
  ],
  [
    1388275200000,
    0.037
  ],
  [
    1388361600000,
    0.036
  ],
  [
    1388448000000,
    0.036
  ],
  [
    1388534400000,
    0.035
  ],
  [
    1388620800000,
    0.032
  ],
  [
    1388707200000,
    0.033
  ],
  [
    1388793600000,
    0.034
  ],
  [
    1388880000000,
    0.03
  ],
  [
    1388966400000,
    0.037
  ],
  [
    1389052800000,
    0.03
  ],
  [
    1389139200000,
    0.033
  ],
  [
    1389225600000,
    0.03
  ],
  [
    1389312000000,
    0.036
  ],
  [
    1389398400000,
    0.032
  ],
  [
    1389484800000,
    0.032
  ],
  [
    1389571200000,
    0.03
  ],
  [
    1389657600000,
    0.03
  ],
  [
    1389744000000,
    0.035
  ],
  [
    1389830400000,
    0.032
  ],
  [
    1389916800000,
    0.03
  ],
  [
    1390003200000,
    0.032
  ],
  [
    1390089600000,
    0.033
  ],
  [
    1390176000000,
    0.03
  ],
  [
    1390262400000,
    0.035
  ],
  [
    1390348800000,
    0.032
  ],
  [
    1390435200000,
    0.03
  ],
  [
    1390521600000,
    0.03
  ],
  [
    1390608000000,
    0.03
  ],
  [
    1390694400000,
    0.036
  ],
  [
    1390780800000,
    0.03
  ],
  [
    1390867200000,
    0.03
  ],
  [
    1390953600000,
    0.03
  ],
  [
    1391040000000,
    0.03
  ],
  [
    1391126400000,
    0.03
  ],
  [
    1391212800000,
    0.034
  ],
  [
    1391299200000,
    0.03
  ],
  [
    1391385600000,
    0.031
  ],
  [
    1391472000000,
    0.038
  ],
  [
    1391558400000,
    0.031
  ],
  [
    1391644800000,
    0.033
  ],
  [
    1391731200000,
    0.03
  ],
  [
    1391817600000,
    0.03
  ],
  [
    1391904000000,
    0.03
  ],
  [
    1391990400000,
    0.036
  ],
  [
    1392076800000,
    0.03
  ],
  [
    1392163200000,
    0.032
  ],
  [
    1392249600000,
    0.03
  ],
  [
    1392336000000,
    0.03
  ],
  [
    1392422400000,
    0.03
  ],
  [
    1392508800000,
    0.03
  ],
  [
    1392595200000,
    0.03
  ],
  [
    1392681600000,
    0.03
  ],
  [
    1392768000000,
    0.03
  ],
  [
    1392854400000,
    0.03
  ],
  [
    1392940800000,
    0.03
  ],
  [
    1393027200000,
    0.03
  ],
  [
    1393113600000,
    0.031
  ],
  [
    1393200000000,
    0.03
  ],
  [
    1393286400000,
    0.034
  ],
  [
    1393372800000,
    0.03
  ],
  [
    1393459200000,
    0.03
  ],
  [
    1393545600000,
    0.03
  ],
  [
    1393632000000,
    0.03
  ],
  [
    1393718400000,
    0.03
  ],
  [
    1393804800000,
    0.031
  ],
  [
    1393891200000,
    0.03
  ],
  [
    1393977600000,
    0.03
  ],
  [
    1394064000000,
    0.03
  ],
  [
    1394150400000,
    0.03
  ],
  [
    1394236800000,
    0.03
  ],
  [
    1394323200000,
    0.034
  ],
  [
    1394409600000,
    0.03
  ],
  [
    1394496000000,
    0.066
  ],
  [
    1394582400000,
    0.031
  ],
  [
    1394668800000,
    0.03
  ],
  [
    1394755200000,
    0.03
  ],
  [
    1394841600000,
    0.03
  ],
  [
    1394928000000,
    0.03
  ],
  [
    1395014400000,
    0.03
  ],
  [
    1395100800000,
    0.03
  ],
  [
    1395187200000,
    0.033
  ],
  [
    1395273600000,
    0.03
  ],
  [
    1395360000000,
    0.03
  ],
  [
    1395446400000,
    0.034
  ],
  [
    1395532800000,
    0.03
  ],
  [
    1395619200000,
    0.03
  ],
  [
    1395705600000,
    0.03
  ],
  [
    1395792000000,
    0.03
  ],
  [
    1395878400000,
    0.03
  ],
  [
    1395964800000,
    0.03
  ],
  [
    1396051200000,
    0.032
  ],
  [
    1396137600000,
    0.03
  ],
  [
    1396220400000,
    0.03
  ],
  [
    1396306800000,
    0.037
  ],
  [
    1396393200000,
    0.03
  ],
  [
    1396479600000,
    0.03
  ],
  [
    1396566000000,
    0.03
  ],
  [
    1396652400000,
    0.034
  ],
  [
    1396738800000,
    0.03
  ],
  [
    1396825200000,
    0.03
  ],
  [
    1396911600000,
    0.03
  ],
  [
    1396998000000,
    0.03
  ],
  [
    1397084400000,
    0.03
  ],
  [
    1397170800000,
    0.033
  ],
  [
    1397257200000,
    0.03
  ],
  [
    1397343600000,
    0.034
  ],
  [
    1397430000000,
    0.03
  ],
  [
    1397516400000,
    0.033
  ],
  [
    1397602800000,
    0.032
  ],
  [
    1397689200000,
    0.03
  ],
  [
    1397775600000,
    0.031
  ],
  [
    1397862000000,
    0.03
  ],
  [
    1397948400000,
    0.03
  ],
  [
    1398034800000,
    0.039
  ],
  [
    1398121200000,
    0.033
  ],
  [
    1398207600000,
    0.03
  ],
  [
    1398294000000,
    0.031
  ],
  [
    1398380400000,
    0.043
  ],
  [
    1398466800000,
    0.033
  ],
  [
    1398553200000,
    0.037
  ],
  [
    1398639600000,
    0.03
  ],
  [
    1398726000000,
    0.03
  ],
  [
    1398812400000,
    0.03
  ],
  [
    1398898800000,
    0.032
  ],
  [
    1398985200000,
    0.032
  ],
  [
    1399071600000,
    0.03
  ],
  [
    1399158000000,
    0.03
  ],
  [
    1399244400000,
    0.031
  ],
  [
    1399330800000,
    0.034
  ],
  [
    1399417200000,
    0.03
  ],
  [
    1399503600000,
    0.03
  ],
  [
    1399590000000,
    0.033
  ],
  [
    1399676400000,
    0.03
  ],
  [
    1399762800000,
    0.03
  ],
  [
    1399849200000,
    0.03
  ],
  [
    1399935600000,
    0.03
  ],
  [
    1400022000000,
    0.03
  ],
  [
    1400108400000,
    0.038
  ],
  [
    1400194800000,
    0.03
  ],
  [
    1400281200000,
    0.039
  ],
  [
    1400367600000,
    0.041
  ],
  [
    1400454000000,
    0.04
  ],
  [
    1400540400000,
    0.03
  ],
  [
    1400626800000,
    0.049
  ],
  [
    1400713200000,
    0.041
  ],
  [
    1400799600000,
    0.031
  ],
  [
    1400886000000,
    0.038
  ],
  [
    1400972400000,
    0.037
  ],
  [
    1401058800000,
    0.03
  ],
  [
    1401145200000,
    0.034
  ],
  [
    1401231600000,
    0.048
  ],
  [
    1401318000000,
    0.034
  ],
  [
    1401404400000,
    0.039
  ],
  [
    1401490800000,
    0.033
  ],
  [
    1401577200000,
    0.03
  ],
  [
    1401663600000,
    0.03
  ],
  [
    1401750000000,
    0.043
  ],
  [
    1401836400000,
    0.031
  ],
  [
    1401922800000,
    0.03
  ],
  [
    1402009200000,
    0.035
  ],
  [
    1402095600000,
    0.037
  ],
  [
    1402182000000,
    0.034
  ],
  [
    1402268400000,
    0.041
  ],
  [
    1402354800000,
    0.038
  ],
  [
    1402441200000,
    0.035
  ],
  [
    1402527600000,
    0.033
  ],
  [
    1402614000000,
    0.038
  ],
  [
    1402700400000,
    0.031
  ],
  [
    1402786800000,
    0.04
  ],
  [
    1402873200000,
    0.034
  ],
  [
    1402959600000,
    0.03
  ],
  [
    1403046000000,
    0.043
  ],
  [
    1403132400000,
    0.037
  ],
  [
    1403218800000,
    0.03
  ],
  [
    1403305200000,
    0.03
  ],
  [
    1403391600000,
    0.03
  ],
  [
    1403478000000,
    0.03
  ],
  [
    1403564400000,
    0.03
  ],
  [
    1403650800000,
    0.034
  ],
  [
    1403737200000,
    0.03
  ],
  [
    1403823600000,
    0.03
  ],
  [
    1403910000000,
    0.034
  ],
  [
    1403996400000,
    0.032
  ],
  [
    1404082800000,
    0.031
  ],
  [
    1404169200000,
    0.042
  ],
  [
    1404255600000,
    0.036
  ],
  [
    1404342000000,
    0.036
  ],
  [
    1404428400000,
    0.035
  ],
  [
    1404514800000,
    0.041
  ],
  [
    1404601200000,
    0.043
  ],
  [
    1404687600000,
    0.049
  ],
  [
    1404774000000,
    0.046
  ],
  [
    1404860400000,
    0.039
  ],
  [
    1404946800000,
    0.038
  ],
  [
    1405033200000,
    0.056
  ],
  [
    1405119600000,
    0.039
  ],
  [
    1405206000000,
    0.052
  ],
  [
    1405292400000,
    0.034
  ],
  [
    1405378800000,
    0.032
  ],
  [
    1405465200000,
    0.041
  ],
  [
    1405551600000,
    0.033
  ],
  [
    1405638000000,
    0.044
  ],
  [
    1405724400000,
    0.042
  ],
  [
    1405810800000,
    0.036
  ],
  [
    1405897200000,
    0.042
  ],
  [
    1405983600000,
    0.04
  ],
  [
    1406070000000,
    0.033
  ],
  [
    1406156400000,
    0.03
  ],
  [
    1406242800000,
    0.041
  ],
  [
    1406329200000,
    0.045
  ],
  [
    1406415600000,
    0.088
  ],
  [
    1406502000000,
    0.049
  ],
  [
    1406588400000,
    0.039
  ],
  [
    1406674800000,
    0.056
  ],
  [
    1406761200000,
    0.043
  ],
  [
    1406847600000,
    0.053
  ],
  [
    1406934000000,
    0.041
  ],
  [
    1407020400000,
    0.043
  ],
  [
    1407106800000,
    0.05
  ],
  [
    1407193200000,
    0.047
  ],
  [
    1407279600000,
    0.039
  ],
  [
    1407366000000,
    0.048
  ],
  [
    1407452400000,
    0.038
  ],
  [
    1407538800000,
    0.045
  ],
  [
    1407625200000,
    0.039
  ],
  [
    1407711600000,
    0.042
  ],
  [
    1407798000000,
    0.043
  ],
  [
    1407884400000,
    0.052
  ],
  [
    1407970800000,
    0.042
  ],
  [
    1408057200000,
    0.045
  ],
  [
    1408143600000,
    0.052
  ],
  [
    1408230000000,
    0.055
  ],
  [
    1408316400000,
    0.041
  ],
  [
    1408402800000,
    0.054
  ],
  [
    1408489200000,
    0.044
  ],
  [
    1408575600000,
    0.046
  ],
  [
    1408662000000,
    0.048
  ],
  [
    1408748400000,
    0.046
  ],
  [
    1408834800000,
    0.051
  ],
  [
    1408921200000,
    0.051
  ],
  [
    1409007600000,
    0.052
  ],
  [
    1409094000000,
    0.047
  ],
  [
    1409180400000,
    0.058
  ],
  [
    1409266800000,
    0.048
  ],
  [
    1409353200000,
    0.047
  ],
  [
    1409439600000,
    0.051
  ],
  [
    1409526000000,
    0.051
  ],
  [
    1409612400000,
    0.049
  ],
  [
    1409698800000,
    0.053
  ],
  [
    1409785200000,
    0.053
  ],
  [
    1409871600000,
    0.054
  ],
  [
    1409958000000,
    0.059
  ],
  [
    1410044400000,
    0.061
  ],
  [
    1410130800000,
    0.056
  ],
  [
    1410217200000,
    0.059
  ],
  [
    1410303600000,
    0.06
  ],
  [
    1410390000000,
    0.044
  ],
  [
    1410476400000,
    0.049
  ],
  [
    1410562800000,
    0.06
  ],
  [
    1410649200000,
    0.066
  ],
  [
    1410735600000,
    0.055
  ],
  [
    1410822000000,
    0.06
  ],
  [
    1410908400000,
    0.054
  ],
  [
    1410994800000,
    0.058
  ],
  [
    1411081200000,
    0.047
  ],
  [
    1411167600000,
    0.059
  ],
  [
    1411254000000,
    0.071
  ],
  [
    1411340400000,
    0.054
  ],
  [
    1411426800000,
    0.049
  ],
  [
    1411513200000,
    0.056
  ],
  [
    1411599600000,
    0.064
  ],
  [
    1411686000000,
    0.063
  ],
  [
    1411772400000,
    0.083
  ],
  [
    1411858800000,
    0.096
  ],
  [
    1411945200000,
    0.08
  ],
  [
    1412031600000,
    0.073
  ],
  [
    1412118000000,
    0.073
  ],
  [
    1412204400000,
    0.076
  ],
  [
    1412290800000,
    0.061
  ],
  [
    1412377200000,
    0.082
  ],
  [
    1412463600000,
    0.074
  ],
  [
    1412550000000,
    0.063
  ],
  [
    1412636400000,
    0.082
  ],
  [
    1412722800000,
    0.069
  ],
  [
    1412809200000,
    0.074
  ],
  [
    1412895600000,
    0.073
  ],
  [
    1412982000000,
    0.066
  ],
  [
    1413068400000,
    0.055
  ],
  [
    1413154800000,
    0.085
  ],
  [
    1413241200000,
    0.053
  ],
  [
    1413327600000,
    0.075
  ],
  [
    1413414000000,
    0.084
  ],
  [
    1413500400000,
    0.068
  ],
  [
    1413586800000,
    0.065
  ],
  [
    1413673200000,
    0.066
  ],
  [
    1413759600000,
    0.058
  ],
  [
    1413846000000,
    0.075
  ],
  [
    1413932400000,
    0.065
  ],
  [
    1414018800000,
    0.085
  ],
  [
    1414105200000,
    0.065
  ],
  [
    1414191600000,
    0.077
  ],
  [
    1414278000000,
    0.071
  ],
  [
    1414368000000,
    0.061
  ],
  [
    1414454400000,
    0.083
  ],
  [
    1414540800000,
    0.066
  ],
  [
    1414627200000,
    0.128
  ],
  [
    1414713600000,
    0.063
  ],
  [
    1414800000000,
    0.063
  ],
  [
    1414886400000,
    0.064
  ],
  [
    1414972800000,
    0.059
  ],
  [
    1415059200000,
    0.065
  ],
  [
    1415145600000,
    0.057
  ],
  [
    1415232000000,
    0.06
  ],
  [
    1415318400000,
    0.069
  ],
  [
    1415404800000,
    0.083
  ],
  [
    1415491200000,
    0.075
  ],
  [
    1415577600000,
    0.186
  ],
  [
    1415664000000,
    0.092
  ],
  [
    1415750400000,
    0.064
  ],
  [
    1415836800000,
    0.091
  ],
  [
    1415923200000,
    0.097
  ],
  [
    1416009600000,
    0.087
  ],
  [
    1416096000000,
    0.085
  ],
  [
    1416182400000,
    0.079
  ],
  [
    1416268800000,
    0.076
  ],
  [
    1416355200000,
    0.097
  ],
  [
    1416441600000,
    0.072
  ],
  [
    1416528000000,
    0.075
  ],
  [
    1416614400000,
    0.055
  ],
  [
    1416700800000,
    0.06
  ],
  [
    1416787200000,
    0.069
  ],
  [
    1416873600000,
    0.061
  ],
  [
    1416960000000,
    0.062
  ],
  [
    1417046400000,
    0.102
  ],
  [
    1417132800000,
    0.065
  ],
  [
    1417219200000,
    0.084
  ],
  [
    1417305600000,
    0.054
  ],
  [
    1417392000000,
    0.053
  ],
  [
    1417478400000,
    0.046
  ],
  [
    1417564800000,
    0.052
  ],
  [
    1417651200000,
    0.052
  ],
  [
    1417737600000,
    0.065
  ],
  [
    1417824000000,
    0.055
  ],
  [
    1417910400000,
    0.055
  ],
  [
    1417996800000,
    0.06
  ],
  [
    1418083200000,
    0.069
  ],
  [
    1418169600000,
    0.062
  ],
  [
    1418256000000,
    0.051
  ],
  [
    1418342400000,
    0.06
  ],
  [
    1418428800000,
    0.054
  ],
  [
    1418515200000,
    0.06
  ],
  [
    1418601600000,
    0.053
  ],
  [
    1418688000000,
    0.054
  ],
  [
    1418774400000,
    0.078
  ],
  [
    1418860800000,
    0.07
  ],
  [
    1418947200000,
    0.077
  ],
  [
    1419033600000,
    0.067
  ],
  [
    1419120000000,
    0.054
  ],
  [
    1419206400000,
    0.046
  ],
  [
    1419292800000,
    0.055
  ],
  [
    1419379200000,
    0.045
  ],
  [
    1419465600000,
    0.067
  ],
  [
    1419552000000,
    0.06
  ],
  [
    1419638400000,
    0.058
  ],
  [
    1419724800000,
    0.061
  ],
  [
    1419811200000,
    0.06
  ],
  [
    1419897600000,
    0.059
  ],
  [
    1419984000000,
    0.069
  ],
  [
    1420070400000,
    0.094
  ],
  [
    1420156800000,
    0.07
  ],
  [
    1420243200000,
    0.091
  ],
  [
    1420329600000,
    0.084
  ],
  [
    1420416000000,
    0.096
  ],
  [
    1420502400000,
    0.084
  ],
  [
    1420588800000,
    0.096
  ],
  [
    1420675200000,
    0.109
  ],
  [
    1420761600000,
    0.233
  ],
  [
    1420848000000,
    0.222
  ],
  [
    1420934400000,
    0.127
  ],
  [
    1421020800000,
    0.14
  ],
  [
    1421107200000,
    0.15
  ],
  [
    1421193600000,
    0.149
  ],
  [
    1421280000000,
    0.154
  ],
  [
    1421366400000,
    0.212
  ],
  [
    1421452800000,
    0.166
  ],
  [
    1421539200000,
    0.149
  ],
  [
    1421625600000,
    0.14
  ],
  [
    1421712000000,
    0.151
  ],
  [
    1421798400000,
    0.123
  ],
  [
    1421884800000,
    0.14
  ],
  [
    1421971200000,
    0.119
  ],
  [
    1422057600000,
    0.144
  ],
  [
    1422144000000,
    0.134
  ],
  [
    1422230400000,
    0.125
  ],
  [
    1422316800000,
    0.127
  ],
  [
    1422403200000,
    0.134
  ],
  [
    1422489600000,
    0.135
  ],
  [
    1422576000000,
    0.106
  ],
  [
    1422662400000,
    5.101
  ],
  [
    1422748800000,
    0.141
  ],
  [
    1422835200000,
    0.125
  ],
  [
    1422921600000,
    0.115
  ],
  [
    1423008000000,
    0.133
  ],
  [
    1423094400000,
    0.12
  ],
  [
    1423180800000,
    0.129
  ],
  [
    1423267200000,
    0.123
  ],
  [
    1423353600000,
    0.115
  ],
  [
    1423440000000,
    0.124
  ],
  [
    1423526400000,
    0.122
  ],
  [
    1423612800000,
    0.109
  ],
  [
    1423699200000,
    0.127
  ],
  [
    1423785600000,
    0.127
  ],
  [
    1423872000000,
    0.133
  ],
  [
    1423958400000,
    0.132
  ],
  [
    1424044800000,
    0.129
  ],
  [
    1424131200000,
    0.112
  ],
  [
    1424217600000,
    0.113
  ],
  [
    1424304000000,
    0.11
  ],
  [
    1424390400000,
    0.073
  ],
  [
    1424476800000,
    0.09
  ],
  [
    1424563200000,
    0.104
  ],
  [
    1424649600000,
    0.126
  ],
  [
    1424736000000,
    0.107
  ],
  [
    1424822400000,
    0.115
  ],
  [
    1424908800000,
    0.131
  ],
  [
    1424995200000,
    0.117
  ],
  [
    1425081600000,
    0.114
  ],
  [
    1425168000000,
    0.104
  ],
  [
    1425254400000,
    0.101
  ],
  [
    1425340800000,
    0.09
  ],
  [
    1425427200000,
    0.111
  ],
  [
    1425513600000,
    0.106
  ],
  [
    1425600000000,
    0.104
  ],
  [
    1425686400000,
    0.092
  ],
  [
    1425772800000,
    0.108
  ],
  [
    1425859200000,
    0.12
  ],
  [
    1425945600000,
    0.1
  ],
  [
    1426032000000,
    0.083
  ],
  [
    1426118400000,
    0.12
  ],
  [
    1426204800000,
    0.77
  ],
  [
    1426291200000,
    0.742
  ],
  [
    1426377600000,
    0.49
  ],
  [
    1426464000000,
    1.792
  ],
  [
    1426550400000,
    0.817
  ],
  [
    1426636800000,
    0.415
  ],
  [
    1426723200000,
    0.402
  ],
  [
    1426809600000,
    0.642
  ],
  [
    1426896000000,
    2.625
  ],
  [
    1426982400000,
    2.733
  ],
  [
    1427068800000,
    0.596
  ],
  [
    1427155200000,
    0.182
  ],
  [
    1427241600000,
    0.087
  ],
  [
    1427328000000,
    0.182
  ],
  [
    1427414400000,
    0.159
  ],
  [
    1427500800000,
    0.124
  ],
  [
    1427587200000,
    0.103
  ],
  [
    1427670000000,
    0.089
  ],
  [
    1427756400000,
    0.087
  ],
  [
    1427842800000,
    0.103
  ],
  [
    1427929200000,
    0.109
  ],
  [
    1428015600000,
    0.104
  ],
  [
    1428102000000,
    0.105
  ],
  [
    1428188400000,
    0.096
  ],
  [
    1428274800000,
    1.791
  ],
  [
    1428361200000,
    0.466
  ],
  [
    1428447600000,
    0.156
  ],
  [
    1428534000000,
    0.361
  ],
  [
    1428620400000,
    0.391
  ],
  [
    1428706800000,
    0.287
  ],
  [
    1428793200000,
    0.265
  ],
  [
    1428879600000,
    0.248
  ],
  [
    1428966000000,
    0.224
  ],
  [
    1429052400000,
    0.243
  ],
  [
    1429138800000,
    0.249
  ],
  [
    1429225200000,
    0.183
  ],
  [
    1429311600000,
    0.194
  ],
  [
    1429398000000,
    0.174
  ],
  [
    1429484400000,
    0.152
  ],
  [
    1429570800000,
    0.151
  ],
  [
    1429657200000,
    0.159
  ],
  [
    1429743600000,
    0.151
  ],
  [
    1429830000000,
    0.188
  ],
  [
    1429916400000,
    0.176
  ],
  [
    1430002800000,
    0.211
  ],
  [
    1430089200000,
    0.178
  ],
  [
    1430175600000,
    0.165
  ],
  [
    1430262000000,
    0.162
  ],
  [
    1430348400000,
    0.141
  ],
  [
    1430434800000,
    0.128
  ],
  [
    1430521200000,
    0.124
  ],
  [
    1430607600000,
    0.107
  ],
  [
    1430694000000,
    0.109
  ],
  [
    1430780400000,
    0.121
  ],
  [
    1430866800000,
    0.129
  ],
  [
    1430953200000,
    0.146
  ],
  [
    1431039600000,
    0.147
  ],
  [
    1431126000000,
    0.161
  ],
  [
    1431212400000,
    0.126
  ],
  [
    1431298800000,
    0.141
  ],
  [
    1431385200000,
    0.149
  ],
  [
    1431471600000,
    0.17
  ],
  [
    1431558000000,
    0.308
  ],
  [
    1431644400000,
    0.211
  ],
  [
    1431730800000,
    0.2
  ],
  [
    1431817200000,
    0.215
  ],
  [
    1431903600000,
    0.153
  ],
  [
    1431990000000,
    0.122
  ],
  [
    1432076400000,
    1.809
  ],
  [
    1432162800000,
    0.121
  ],
  [
    1432249200000,
    0.163
  ],
  [
    1432335600000,
    0.128
  ],
  [
    1432422000000,
    0.145
  ],
  [
    1432508400000,
    0.235
  ],
  [
    1432594800000,
    0.749
  ],
  [
    1432681200000,
    0.571
  ],
  [
    1432767600000,
    0.251
  ],
  [
    1432854000000,
    0.211
  ],
  [
    1432940400000,
    0.209
  ],
  [
    1433026800000,
    0.191
  ],
  [
    1433113200000,
    0.205
  ],
  [
    1433199600000,
    0.209
  ],
  [
    1433286000000,
    0.183
  ],
  [
    1433372400000,
    0.03
  ],
  [
    1433458800000,
    0.164
  ],
  [
    1433545200000,
    0.131
  ],
  [
    1433631600000,
    0.134
  ],
  [
    1433718000000,
    0.127
  ],
  [
    1433804400000,
    0.143
  ],
  [
    1433890800000,
    0.106
  ],
  [
    1433977200000,
    0.114
  ],
  [
    1434063600000,
    0.094
  ],
  [
    1434150000000,
    0.096
  ],
  [
    1434236400000,
    0.081
  ],
  [
    1434322800000,
    0.083
  ],
  [
    1434409200000,
    0.142
  ],
  [
    1434495600000,
    0.182
  ],
  [
    1434582000000,
    0.182
  ],
  [
    1434668400000,
    0.153
  ],
  [
    1434754800000,
    0.132
  ],
  [
    1434841200000,
    0.135
  ],
  [
    1434927600000,
    0.112
  ],
  [
    1435014000000,
    0.108
  ],
  [
    1435100400000,
    0.099
  ],
  [
    1435186800000,
    0.121
  ],
  [
    1435273200000,
    0.13
  ],
  [
    1435359600000,
    0.117
  ],
  [
    1435446000000,
    0.127
  ],
  [
    1435532400000,
    0.477
  ],
  [
    1435618800000,
    0.26
  ],
  [
    1435705200000,
    0.204
  ],
  [
    1435791600000,
    0.301
  ],
  [
    1435878000000,
    0.179
  ],
  [
    1435964400000,
    0.262
  ],
  [
    1436050800000,
    0.189
  ],
  [
    1436137200000,
    0.175
  ],
  [
    1436223600000,
    0.173
  ],
  [
    1436310000000,
    0.136
  ],
  [
    1436396400000,
    0.169
  ],
  [
    1436482800000,
    0.15
  ],
  [
    1436569200000,
    0.142
  ],
  [
    1436655600000,
    0.135
  ],
  [
    1436742000000,
    0.161
  ],
  [
    1436828400000,
    0.138
  ],
  [
    1436914800000,
    0.144
  ],
  [
    1437001200000,
    0.149
  ],
  [
    1437087600000,
    0.181
  ],
  [
    1437174000000,
    0.264
  ],
  [
    1437260400000,
    0.224
  ],
  [
    1437346800000,
    0.303
  ],
  [
    1437433200000,
    0.233
  ],
  [
    1437519600000,
    0.24
  ],
  [
    1437606000000,
    0.216
  ],
  [
    1437692400000,
    0.214
  ],
  [
    1437865200000,
    0.178
  ],
  [
    1437951600000,
    0.191
  ],
  [
    1438038000000,
    0.175
  ],
  [
    1438124400000,
    0.193
  ],
  [
    1438210800000,
    0.176
  ],
  [
    1438297200000,
    0.202
  ],
  [
    1438383600000,
    1.832
  ],
  [
    1438470000000,
    0.218
  ],
  [
    1438556400000,
    16.723
  ],
  [
    1438642800000,
    0.216
  ],
  [
    1438729200000,
    0.246
  ],
  [
    1438815600000,
    0.246
  ],
  [
    1438902000000,
    0.18
  ],
  [
    1438988400000,
    0.246
  ],
  [
    1439074800000,
    0.288
  ],
  [
    1439161200000,
    0.328
  ],
  [
    1439247600000,
    0.221
  ],
  [
    1439334000000,
    0.214
  ],
  [
    1439420400000,
    0.267
  ],
  [
    1439506800000,
    0.228
  ],
  [
    1439593200000,
    0.215
  ],
  [
    1439679600000,
    0.175
  ],
  [
    1439766000000,
    5.91
  ],
  [
    1439852400000,
    0.211
  ],
  [
    1439938800000,
    0.238
  ],
  [
    1440025200000,
    0.166
  ],
  [
    1440111600000,
    0.147
  ],
  [
    1440198000000,
    0.134
  ],
  [
    1440284400000,
    0.144
  ],
  [
    1440370800000,
    0.118
  ],
  [
    1440457200000,
    0.172
  ],
  [
    1440543600000,
    0.177
  ],
  [
    1440630000000,
    0.129
  ],
  [
    1440716400000,
    0.207
  ],
  [
    1440802800000,
    0.224
  ],
  [
    1440889200000,
    0.854
  ],
  [
    1440975600000,
    0.475
  ],
  [
    1441148400000,
    0.239
  ],
  [
    1441234800000,
    0.189
  ],
  [
    1441321200000,
    0.194
  ],
  [
    1441407600000,
    0.187
  ],
  [
    1441494000000,
    0.179
  ],
  [
    1441580400000,
    0.196
  ],
  [
    1441666800000,
    0.2
  ],
  [
    1441753200000,
    0.186
  ],
  [
    1441839600000,
    0.245
  ],
  [
    1441926000000,
    0.4
  ],
  [
    1442012400000,
    0.219
  ],
  [
    1442098800000,
    0.234
  ],
  [
    1442185200000,
    0.282
  ],
  [
    1442271600000,
    0.276
  ],
  [
    1442358000000,
    0.244
  ],
  [
    1442444400000,
    0.187
  ],
  [
    1442530800000,
    0.264
  ],
  [
    1442617200000,
    0.162
  ],
  [
    1442703600000,
    0.206
  ],
  [
    1442790000000,
    0.202
  ],
  [
    1442876400000,
    0.177
  ],
  [
    1442962800000,
    0.205
  ],
  [
    1443049200000,
    0.249
  ],
  [
    1443135600000,
    0.247
  ],
  [
    1443222000000,
    0.283
  ],
  [
    1443308400000,
    0.266
  ],
  [
    1443394800000,
    0.227
  ],
  [
    1443481200000,
    0.206
  ],
  [
    1443567600000,
    0.229
  ],
  [
    1443654000000,
    0.223
  ],
  [
    1443740400000,
    5.538
  ],
  [
    1443826800000,
    0.475
  ],
  [
    1443913200000,
    0.346
  ],
  [
    1443999600000,
    0.231
  ],
  [
    1444086000000,
    0.251
  ],
  [
    1444172400000,
    0.222
  ],
  [
    1444258800000,
    0.211
  ],
  [
    1444345200000,
    0.276
  ],
  [
    1444431600000,
    0.244
  ],
  [
    1444518000000,
    0.257
  ],
  [
    1444604400000,
    0.18
  ],
  [
    1444690800000,
    0.27
  ],
  [
    1444777200000,
    0.171
  ],
  [
    1444863600000,
    0.222
  ],
  [
    1444950000000,
    0.246
  ],
  [
    1445036400000,
    0.289
  ],
  [
    1445122800000,
    0.272
  ],
  [
    1445209200000,
    0.228
  ],
  [
    1445295600000,
    0.667
  ],
  [
    1445382000000,
    0.166
  ],
  [
    1445468400000,
    0.132
  ],
  [
    1445554800000,
    0.163
  ],
  [
    1445641200000,
    0.197
  ],
  [
    1445727600000,
    0.195
  ],
  [
    1445817600000,
    0.205
  ],
  [
    1445904000000,
    0.167
  ],
  [
    1445990400000,
    7.607
  ],
  [
    1446076800000,
    0.381
  ],
  [
    1446163200000,
    0.285
  ],
  [
    1446249600000,
    0.162
  ],
  [
    1446336000000,
    0.13
  ],
  [
    1446422400000,
    0.141
  ],
  [
    1446508800000,
    0.156
  ],
  [
    1446595200000,
    0.187
  ],
  [
    1446681600000,
    0.17
  ],
  [
    1446768000000,
    0.188
  ],
  [
    1446854400000,
    0.191
  ],
  [
    1446940800000,
    0.233
  ],
  [
    1447027200000,
    0.25
  ],
  [
    1447113600000,
    0.271
  ],
  [
    1447200000000,
    0.272
  ],
  [
    1447286400000,
    0.264
  ],
  [
    1447372800000,
    0.239
  ],
  [
    1447459200000,
    0.28
  ],
  [
    1447545600000,
    0.254
  ],
  [
    1447632000000,
    0.392
  ],
  [
    1447718400000,
    0.266
  ],
  [
    1447804800000,
    0.21
  ],
  [
    1447891200000,
    0.17
  ],
  [
    1447977600000,
    0.223
  ],
  [
    1448064000000,
    0.239
  ],
  [
    1448150400000,
    0.289
  ],
  [
    1448323200000,
    0.273
  ],
  [
    1448409600000,
    0.242
  ],
  [
    1448496000000,
    0.257
  ],
  [
    1448582400000,
    0.249
  ],
  [
    1448668800000,
    3.312
  ],
  [
    1448755200000,
    0.211
  ],
  [
    1448841600000,
    0.219
  ],
  [
    1448928000000,
    0.263
  ],
  [
    1449014400000,
    0.249
  ],
  [
    1449100800000,
    0.271
  ],
  [
    1449187200000,
    0.298
  ],
  [
    1449273600000,
    0.37
  ],
  [
    1449360000000,
    0.355
  ],
  [
    1449446400000,
    0.315
  ],
  [
    1449532800000,
    0.383
  ],
  [
    1449619200000,
    0.363
  ],
  [
    1449705600000,
    0.334
  ],
  [
    1449792000000,
    0.368
  ],
  [
    1449878400000,
    0.307
  ],
  [
    1449964800000,
    0.271
  ],
  [
    1450051200000,
    0.269
  ],
  [
    1450137600000,
    0.295
  ],
  [
    1450224000000,
    0.334
  ],
  [
    1450310400000,
    0.367
  ],
  [
    1450396800000,
    0.181
  ],
  [
    1450483200000,
    0.291
  ],
  [
    1450569600000,
    0.277
  ],
  [
    1450656000000,
    0.284
  ],
  [
    1450742400000,
    0.283
  ],
  [
    1450828800000,
    0.307
  ],
  [
    1450915200000,
    0.323
  ],
  [
    1451001600000,
    0.301
  ],
  [
    1451088000000,
    3.977
  ],
  [
    1451174400000,
    0.352
  ],
  [
    1451260800000,
    0.337
  ],
  [
    1451347200000,
    0.285
  ],
  [
    1451433600000,
    0.296
  ],
  [
    1451520000000,
    0.376
  ],
  [
    1451606400000,
    0.279
  ],
  [
    1451692800000,
    0.296
  ],
  [
    1451779200000,
    0.34
  ],
  [
    1451865600000,
    0.347
  ],
  [
    1451952000000,
    0.249
  ],
  [
    1452038400000,
    0.365
  ],
  [
    1452124800000,
    0.305
  ],
  [
    1452211200000,
    0.301
  ],
  [
    1452297600000,
    0.31
  ],
  [
    1452384000000,
    0.357
  ],
  [
    1452470400000,
    0.374
  ],
  [
    1452556800000,
    0.37
  ],
  [
    1452643200000,
    0.242
  ],
  [
    1452729600000,
    0.19
  ],
  [
    1452816000000,
    0.293
  ],
  [
    1452902400000,
    0.347
  ],
  [
    1452988800000,
    0.365
  ],
  [
    1453075200000,
    0.334
  ],
  [
    1453161600000,
    0.268
  ],
  [
    1453248000000,
    0.327
  ],
  [
    1453334400000,
    0.329
  ],
  [
    1453420800000,
    0.314
  ],
  [
    1453507200000,
    0.262
  ],
  [
    1453593600000,
    0.278
  ],
  [
    1453680000000,
    0.287
  ],
  [
    1453766400000,
    0.247
  ],
  [
    1453852800000,
    0.29
  ],
  [
    1453939200000,
    0.26
  ],
  [
    1454025600000,
    0.272
  ],
  [
    1454112000000,
    0.299
  ],
  [
    1454198400000,
    0.298
  ],
  [
    1454284800000,
    0.3
  ],
  [
    1454457600000,
    0.294
  ],
  [
    1454544000000,
    0.285
  ],
  [
    1454630400000,
    0.283
  ],
  [
    1454716800000,
    0.29
  ],
  [
    1454803200000,
    0.301
  ],
  [
    1454889600000,
    0.252
  ],
  [
    1454976000000,
    0.248
  ],
  [
    1455062400000,
    0.274
  ],
  [
    1455148800000,
    0.258
  ],
  [
    1455235200000,
    0.235
  ],
  [
    1455321600000,
    0.209
  ],
  [
    1455408000000,
    0.248
  ],
  [
    1455494400000,
    0.274
  ],
  [
    1455580800000,
    0.276
  ],
  [
    1455667200000,
    0.281
  ],
  [
    1455753600000,
    0.257
  ],
  [
    1455840000000,
    0.263
  ],
  [
    1455926400000,
    0.308
  ],
  [
    1456012800000,
    0.299
  ],
  [
    1456099200000,
    0.339
  ],
  [
    1456185600000,
    0.274
  ],
  [
    1456272000000,
    0.306
  ],
  [
    1456358400000,
    0.282
  ],
  [
    1456444800000,
    0.316
  ],
  [
    1456531200000,
    0.321
  ],
  [
    1456617600000,
    0.269
  ],
  [
    1456704000000,
    0.296
  ],
  [
    1456790400000,
    0.32
  ],
  [
    1456876800000,
    0.362
  ],
  [
    1456963200000,
    0.345
  ],
  [
    1457049600000,
    0.304
  ],
  [
    1457136000000,
    0.351
  ],
  [
    1457222400000,
    0.343
  ],
  [
    1457308800000,
    0.328
  ],
  [
    1457395200000,
    0.376
  ],
  [
    1457481600000,
    0.284
  ],
  [
    1457654400000,
    0.338
  ],
  [
    1457740800000,
    0.313
  ],
  [
    1457827200000,
    0.347
  ],
  [
    1457913600000,
    0.344
  ],
  [
    1458000000000,
    0.32
  ],
  [
    1458086400000,
    0.341
  ],
  [
    1458172800000,
    0.349
  ],
  [
    1458259200000,
    0.389
  ],
  [
    1458345600000,
    0.445
  ],
  [
    1458518400000,
    0.473
  ],
  [
    1458604800000,
    0.311
  ],
  [
    1458777600000,
    0.458
  ],
  [
    1458864000000,
    0.431
  ],
  [
    1458950400000,
    0.406
  ],
  [
    1459036800000,
    0.357
  ],
  [
    1459119600000,
    0.453
  ],
  [
    1459206000000,
    0.765
  ],
  [
    1459292400000,
    0.895
  ],
  [
    1459378800000,
    0.339
  ],
  [
    1459465200000,
    0.503
  ],
  [
    1459551600000,
    0.348
  ],
  [
    1459638000000,
    0.566
  ],
  [
    1459724400000,
    0.768
  ],
  [
    1459810800000,
    0.866
  ],
  [
    1459897200000,
    0.939
  ],
  [
    1460070000000,
    0.888
  ],
  [
    1460156400000,
    0.915
  ],
  [
    1460329200000,
    0.641
  ],
  [
    1460502000000,
    0.875
  ],
  [
    1460674800000,
    0.825
  ],
  [
    1460847600000,
    0.818
  ],
  [
    1460934000000,
    0.827
  ],
  [
    1461020400000,
    0.767
  ],
  [
    1461106800000,
    0.965
  ],
  [
    1461193200000,
    0.643
  ],
  [
    1461279600000,
    0.63
  ],
  [
    1461452400000,
    0.639
  ],
  [
    1461538800000,
    0.57
  ],
  [
    1461625200000,
    0.618
  ],
  [
    1461711600000,
    0.615
  ],
  [
    1461798000000,
    0.636
  ],
  [
    1461884400000,
    0.907
  ],
  [
    1461970800000,
    0.912
  ],
  [
    1462143600000,
    0.701
  ],
  [
    1462230000000,
    0.716
  ],
  [
    1462316400000,
    0.701
  ],
  [
    1462402800000,
    0.68
  ],
  [
    1462575600000,
    0.88
  ],
  [
    1462662000000,
    0.883
  ],
  [
    1462834800000,
    0.617
  ],
  [
    1462921200000,
    0.73
  ],
  [
    1463007600000,
    0.61
  ],
  [
    1463180400000,
    0.663
  ],
  [
    1463266800000,
    0.876
  ],
  [
    1463439600000,
    0.42
  ],
  [
    1463526000000,
    0.919
  ],
  [
    1463612400000,
    0.689
  ],
  [
    1463698800000,
    0.755
  ],
  [
    1463785200000,
    0.57
  ],
  [
    1463958000000,
    0.642
  ],
  [
    1464044400000,
    0.593
  ],
  [
    1464130800000,
    0.601
  ],
  [
    1464303600000,
    0.707
  ],
  [
    1464390000000,
    0.532
  ],
  [
    1464649200000,
    0.508
  ],
  [
    1464735600000,
    0.583
  ],
  [
    1464822000000,
    0.579
  ],
  [
    1464994800000,
    0.483
  ],
  [
    1465081200000,
    0.429
  ],
  [
    1465167600000,
    0.429
  ],
  [
    1465254000000,
    0.457
  ],
  [
    1465340400000,
    0.477
  ],
  [
    1465426800000,
    0.352
  ],
  [
    1465513200000,
    0.43
  ],
  [
    1465772400000,
    0.429
  ],
  [
    1465858800000,
    0.635
  ],
  [
    1466118000000,
    0.662
  ],
  [
    1466204400000,
    0.435
  ],
  [
    1466377200000,
    67.749
  ],
  [
    1466463600000,
    1.398
  ],
  [
    1466550000000,
    1.042
  ],
  [
    1466809200000,
    0.83
  ],
  [
    1466895600000,
    0.747
  ],
  [
    1466982000000,
    0.512
  ],
  [
    1467068400000,
    0.956
  ],
  [
    1467154800000,
    0.998
  ],
  [
    1467327600000,
    1.017
  ],
  [
    1467586800000,
    0.763
  ],
  [
    1467673200000,
    0.706
  ],
  [
    1467759600000,
    0.731
  ],
  [
    1467932400000,
    0.762
  ],
  [
    1468018800000,
    0.551
  ],
  [
    1468105200000,
    0.661
  ],
  [
    1468191600000,
    0.739
  ],
  [
    1468278000000,
    0.725
  ],
  [
    1468364400000,
    0.626
  ],
  [
    1468537200000,
    0.614
  ],
  [
    1468623600000,
    0.611
  ],
  [
    1468882800000,
    0.51
  ],
  [
    1468969200000,
    0.43
  ],
  [
    1469055600000,
    0.527
  ],
  [
    1469142000000,
    0.421
  ],
  [
    1469314800000,
    0.385
  ],
  [
    1469401200000,
    0.52
  ],
  [
    1469574000000,
    0.49
  ],
  [
    1469660400000,
    0.499
  ],
  [
    1469746800000,
    0.499
  ],
  [
    1469833200000,
    0.512
  ],
  [
    1469919600000,
    0.423
  ],
  [
    1470006000000,
    0.506
  ],
  [
    1470092400000,
    0.55
  ],
  [
    1470265200000,
    0.412
  ],
  [
    1470351600000,
    0.5
  ],
  [
    1470438000000,
    0.45
  ],
  [
    1470524400000,
    0.459
  ],
  [
    1470610800000,
    0.471
  ],
  [
    1470697200000,
    0.454
  ],
  [
    1471042800000,
    0.44
  ],
  [
    1471129200000,
    0.41
  ],
  [
    1471215600000,
    0.435
  ],
  [
    1471302000000,
    0.383
  ],
  [
    1471388400000,
    0.361
  ],
  [
    1471474800000,
    0.447
  ],
  [
    1471561200000,
    0.422
  ],
  [
    1471647600000,
    0.423
  ],
  [
    1471906800000,
    0.548
  ],
  [
    1471993200000,
    10.86
  ],
  [
    1472079600000,
    7.285
  ],
  [
    1472166000000,
    13.896
  ],
  [
    1472252400000,
    9.044
  ],
  [
    1472338800000,
    4.071
  ],
  [
    1472425200000,
    10.882
  ],
  [
    1472511600000,
    6.15
  ],
  [
    1472598000000,
    6.432
  ],
  [
    1472684400000,
    9.251
  ],
  [
    1472770800000,
    5.311
  ],
  [
    1472857200000,
    1.585
  ],
  [
    1472943600000,
    0.795
  ],
  [
    1473030000000,
    1.154
  ],
  [
    1473116400000,
    0.717
  ],
  [
    1473289200000,
    0.609
  ],
  [
    1473375600000,
    1.385
  ],
  [
    1473462000000,
    1.05
  ],
  [
    1473634800000,
    0.853
  ],
  [
    1473721200000,
    1.179
  ],
  [
    1473807600000,
    1.198
  ],
  [
    1473894000000,
    2.027
  ],
  [
    1474066800000,
    1.33
  ],
  [
    1474239600000,
    1.995
  ],
  [
    1474326000000,
    1.96
  ],
  [
    1474412400000,
    1.684
  ],
  [
    1474498800000,
    1.932
  ],
  [
    1475103600000,
    0.671
  ],
  [
    1475449200000,
    0.727
  ],
  [
    1475622000000,
    0.604
  ],
  [
    1475881200000,
    0.703
  ],
  [
    1475967600000,
    0.417
  ],
  [
    1476140400000,
    0.48
  ],
  [
    1476226800000,
    0.391
  ],
  [
    1476313200000,
    0.299
  ],
  [
    1476399600000,
    0.404
  ],
  [
    1476486000000,
    0.407
  ],
  [
    1476572400000,
    0.398
  ],
  [
    1476658800000,
    0.43
  ],
  [
    1476831600000,
    0.427
  ],
  [
    1476918000000,
    0.459
  ],
  [
    1477004400000,
    0.46
  ],
  [
    1477263600000,
    0.445
  ],
  [
    1477522800000,
    0.34
  ],
  [
    1477958400000,
    0.327
  ],
  [
    1478044800000,
    0.398
  ],
  [
    1478304000000,
    0.389
  ],
  [
    1478390400000,
    0.38
  ],
  [
    1478476800000,
    0.384
  ],
  [
    1478649600000,
    0.38
  ],
  [
    1478736000000,
    0.33
  ],
  [
    1478822400000,
    0.317
  ],
  [
    1478908800000,
    0.347
  ],
  [
    1478995200000,
    0.378
  ],
  [
    1479081600000,
    0.381
  ],
  [
    1479340800000,
    0.37
  ],
  [
    1479427200000,
    0.374
  ],
  [
    1479600000000,
    0.363
  ],
  [
    1479686400000,
    0.36
  ],
  [
    1479772800000,
    0.359
  ],
  [
    1479859200000,
    0.6
  ],
  [
    1480032000000,
    0.617
  ],
  [
    1480118400000,
    0.448
  ],
  [
    1480204800000,
    0.36
  ],
  [
    1480291200000,
    0.424
  ],
  [
    1480464000000,
    0.646
  ],
  [
    1480550400000,
    0.488
  ],
  [
    1480896000000,
    0.391
  ],
  [
    1480982400000,
    0.779
  ],
  [
    1481068800000,
    0.782
  ],
  [
    1481155200000,
    0.654
  ],
  [
    1481241600000,
    0.594
  ],
  [
    1481846400000,
    0.584
  ],
  [
    1481932800000,
    0.815
  ],
  [
    1482019200000,
    0.54
  ],
  [
    1482278400000,
    1.019
  ],
  [
    1482364800000,
    1.184
  ],
  [
    1482451200000,
    1.2
  ],
  [
    1482537600000,
    1.189
  ],
  [
    1482710400000,
    1.011
  ],
  [
    1483142400000,
    0.684
  ],
  [
    1483228800000,
    0.747
  ],
  [
    1483315200000,
    0.75
  ],
  [
    1483488000000,
    0.659
  ],
  [
    1483574400000,
    0.731
  ],
  [
    1483833600000,
    0.664
  ],
  [
    1484006400000,
    0.706
  ],
  [
    1484265600000,
    0.721
  ],
  [
    1484352000000,
    0.702
  ],
  [
    1484956800000,
    0.52
  ],
  [
    1485216000000,
    0.583
  ],
  [
    1485388800000,
    0.388
  ],
  [
    1485561600000,
    0.545
  ],
  [
    1485648000000,
    0.492
  ],
  [
    1485734400000,
    0.434
  ],
  [
    1485820800000,
    0.42
  ],
  [
    1485907200000,
    0.489
  ],
  [
    1486166400000,
    0.43
  ],
  [
    1486425600000,
    0.46
  ],
  [
    1486512000000,
    0.406
  ],
  [
    1486598400000,
    0.447
  ],
  [
    1486684800000,
    0.212
  ],
  [
    1486771200000,
    0.269
  ],
  [
    1486944000000,
    0.458
  ],
  [
    1487030400000,
    0.46
  ],
  [
    1487203200000,
    0.26
  ],
  [
    1487289600000,
    0.434
  ],
  [
    1487376000000,
    0.415
  ],
  [
    1487635200000,
    0.441
  ],
  [
    1487721600000,
    0.474
  ],
  [
    1487808000000,
    0.463
  ],
  [
    1487894400000,
    0.455
  ],
  [
    1487980800000,
    0.469
  ],
  [
    1488067200000,
    0.488
  ],
  [
    1488240000000,
    0.485
  ],
  [
    1488499200000,
    0.49
  ],
  [
    1488585600000,
    0.42
  ],
  [
    1488931200000,
    0.395
  ],
  [
    1489017600000,
    0.414
  ],
  [
    1489104000000,
    0.372
  ],
  [
    1489190400000,
    0.455
  ],
  [
    1489276800000,
    0.37
  ],
  [
    1489449600000,
    0.532
  ],
  [
    1489536000000,
    0.534
  ],
  [
    1489795200000,
    0.31
  ],
  [
    1489881600000,
    0.504
  ],
  [
    1489968000000,
    0.548
  ],
  [
    1490054400000,
    0.655
  ],
  [
    1490140800000,
    0.866
  ],
  [
    1490313600000,
    0.486
  ],
  [
    1490400000000,
    0.75
  ],
  [
    1490828400000,
    0.5
  ],
  [
    1491001200000,
    0.478
  ],
  [
    1491087600000,
    0.576
  ],
  [
    1491174000000,
    0.594
  ],
  [
    1491260400000,
    0.604
  ],
  [
    1491346800000,
    0.655
  ],
  [
    1491433200000,
    0.65
  ],
  [
    1491519600000,
    0.654
  ],
  [
    1491606000000,
    0.732
  ],
  [
    1491692400000,
    0.637
  ],
  [
    1492038000000,
    0.732
  ],
  [
    1492124400000,
    0.72
  ],
  [
    1492210800000,
    0.53
  ],
  [
    1492297200000,
    0.632
  ],
  [
    1492470000000,
    0.574
  ],
  [
    1492729200000,
    0.55
  ],
  [
    1492815600000,
    0.566
  ],
  [
    1492902000000,
    0.609
  ],
  [
    1492988400000,
    0.61
  ],
  [
    1493161200000,
    0.55
  ],
  [
    1493679600000,
    0.534
  ],
  [
    1493766000000,
    0.553
  ],
  [
    1494198000000,
    0.547
  ],
  [
    1494284400000,
    0.59
  ],
  [
    1494543600000,
    0.459
  ],
  [
    1494630000000,
    0.55
  ],
  [
    1494716400000,
    0.567
  ],
  [
    1494802800000,
    0.643
  ],
  [
    1494889200000,
    0.811
  ],
  [
    1494975600000,
    0.989
  ],
  [
    1495407600000,
    0.692
  ],
  [
    1495494000000,
    0.69
  ],
  [
    1495580400000,
    1.414
  ],
  [
    1495666800000,
    0.66
  ],
  [
    1495839600000,
    0.667
  ],
  [
    1495926000000,
    0.659
  ],
  [
    1496012400000,
    0.67
  ],
  [
    1496098800000,
    0.697
  ],
  [
    1496271600000,
    0.677
  ],
  [
    1496358000000,
    0.884
  ],
  [
    1497049200000,
    0.77
  ],
  [
    1497394800000,
    0.761
  ],
  [
    1497481200000,
    0.955
  ],
  [
    1497999600000,
    0.8
  ],
  [
    1498086000000,
    0.872
  ],
  [
    1498172400000,
    0.965
  ],
  [
    1498258800000,
    0.71
  ],
  [
    1498345200000,
    1.101
  ],
  [
    1498431600000,
    29.208
  ],
  [
    1498518000000,
    37.18
  ],
  [
    1498604400000,
    16.813
  ],
  [
    1498690800000,
    33.09
  ],
  [
    1498777200000,
    37.023
  ],
  [
    1498950000000,
    10.659
  ],
  [
    1499036400000,
    25.334
  ],
  [
    1499122800000,
    19.73
  ],
  [
    1499209200000,
    13.952
  ],
  [
    1499295600000,
    37.075
  ],
  [
    1499382000000,
    37.172
  ],
  [
    1499468400000,
    34.133
  ],
  [
    1499641200000,
    11.659
  ],
  [
    1499727600000,
    17.251
  ],
  [
    1499814000000,
    1.711
  ],
  [
    1499900400000,
    4.312
  ],
  [
    1499986800000,
    4.059
  ],
  [
    1500073200000,
    4.98
  ],
  [
    1500246000000,
    3.45
  ],
  [
    1500332400000,
    3.395
  ],
  [
    1500418800000,
    3.454
  ],
  [
    1500678000000,
    4.298
  ],
  [
    1500764400000,
    4.33
  ],
  [
    1500850800000,
    5.951
  ],
  [
    1501110000000,
    9.424
  ],
  [
    1501282800000,
    9.2
  ],
  [
    1501455600000,
    4.11
  ],
  [
    1501542000000,
    8.81
  ],
  [
    1501714800000,
    3.755
  ],
  [
    1501801200000,
    4.261
  ],
  [
    1501887600000,
    3.144
  ],
  [
    1501974000000,
    4.427
  ],
  [
    1502146800000,
    3.804
  ],
  [
    1502406000000,
    3.724
  ],
  [
    1502665200000,
    3
  ],
  [
    1502751600000,
    3
  ],
  [
    1503010800000,
    2.565
  ],
  [
    1503183600000,
    2.911
  ],
  [
    1503356400000,
    2.84
  ],
  [
    1503442800000,
    2.27
  ],
  [
    1504393200000,
    1.765
  ],
  [
    1504566000000,
    1.55
  ],
  [
    1504998000000,
    3.25
  ],
  [
    1505257200000,
    2.73
  ],
  [
    1505602800000,
    26.15
  ],
  [
    1505775600000,
    9.425
  ],
  [
    1505862000000,
    7.71
  ],
  [
    1506034800000,
    2.278
  ],
  [
    1506207600000,
    2.011
  ],
  [
    1506294000000,
    1.794
  ],
  [
    1506380400000,
    2.03
  ],
  [
    1506466800000,
    1.801
  ],
  [
    1506553200000,
    1.524
  ],
  [
    1506639600000,
    1.494
  ],
  [
    1506726000000,
    1.75
  ],
  [
    1507330800000,
    1.713
  ],
  [
    1508108400000,
    1.759
  ],
  [
    1508281200000,
    1.62
  ],
  [
    1508713200000,
    1.863
  ],
  [
    1508799600000,
    1.874
  ],
  [
    1508886000000,
    1.833
  ],
  [
    1508972400000,
    1.851
  ],
  [
    1509145200000,
    1.762
  ],
  [
    1509231600000,
    1.862
  ],
  [
    1509408000000,
    1.63
  ],
  [
    1509494400000,
    1.977
  ],
  [
    1510358400000,
    1.58
  ],
  [
    1510531200000,
    1.58
  ],
  [
    1510704000000,
    1.505
  ],
  [
    1510790400000,
    1.41
  ],
  [
    1511222400000,
    1.306
  ],
  [
    1511481600000,
    1.012
  ],
  [
    1511654400000,
    1.56
  ],
  [
    1511740800000,
    1.421
  ],
  [
    1512172800000,
    1.648
  ],
  [
    1512259200000,
    1.749
  ],
  [
    1512345600000,
    1.834
  ],
  [
    1512432000000,
    1.61
  ],
  [
    1512691200000,
    1.45
  ],
  [
    1512777600000,
    1.782
  ],
  [
    1514419200000,
    1.445
  ],
  [
    1515024000000,
    1.272
  ],
  [
    1515110400000,
    1.276
  ],
  [
    1515196800000,
    1.262
  ],
  [
    1515628800000,
    1.033
  ],
  [
    1515715200000,
    1.037
  ],
  [
    1515801600000,
    1.023
  ],
  [
    1516492800000,
    0.619
  ],
  [
    1516665600000,
    1.01
  ],
  [
    1517184000000,
    0.801
  ],
  [
    1517270400000,
    0.901
  ],
  [
    1517443200000,
    0.856
  ],
  [
    1517788800000,
    0.873
  ],
  [
    1518307200000,
    0.925
  ],
  [
    1518393600000,
    0.927
  ],
  [
    1518480000000,
    0.845
  ],
  [
    1518652800000,
    0.805
  ],
  [
    1518912000000,
    0.921
  ],
  [
    1519171200000,
    0.741
  ],
  [
    1519344000000,
    0.736
  ],
  [
    1519430400000,
    0.897
  ],
  [
    1519776000000,
    0.87
  ],
  [
    1522450800000,
    0.649
  ],
  [
    1522882800000,
    0.49
  ],
  [
    1522969200000,
    0.5
  ],
  [
    1523055600000,
    0.379
  ],
  [
    1523401200000,
    0.618
  ],
  [
    1524006000000,
    0.43
  ],
  [
    1524178800000,
    0.444
  ],
  [
    1524438000000,
    0.624
  ],
  [
    1524697200000,
    0.263
  ],
  [
    1525215600000,
    0.42
  ],
  [
    1525388400000,
    0.451
  ],
  [
    1525474800000,
    0.601
  ],
  [
    1525561200000,
    0.473
  ],
  [
    1525734000000,
    0.602
  ],
  [
    1526338800000,
    0.43
  ],
  [
    1526857200000,
    0.47
  ],
  [
    1526943600000,
    0.47
  ],
  [
    1527202800000,
    0.5
  ],
  [
    1527289200000,
    0.361
  ],
  [
    1527375600000,
    0.383
  ],
  [
    1527462000000,
    0.35
  ],
  [
    1527634800000,
    0.416
  ],
  [
    1527721200000,
    0.427
  ],
  [
    1527807600000,
    0.511
  ],
  [
    1527894000000,
    0.607
  ],
  [
    1528930800000,
    0.453
  ],
  [
    1529362800000,
    0.348
  ],
  [
    1529449200000,
    0.464
  ],
  [
    1529535600000,
    0.353
  ],
  [
    1529708400000,
    0.419
  ],
  [
    1530226800000,
    0.357
  ],
  [
    1530399600000,
    0.27
  ],
  [
    1530486000000,
    0.363
  ],
  [
    1530918000000,
    0.353
  ],
  [
    1531004400000,
    0.34
  ],
  [
    1531350000000,
    0.352
  ],
  [
    1531609200000,
    0.361
  ],
  [
    1531695600000,
    0.369
  ],
  [
    1531868400000,
    0.39
  ],
  [
    1532127600000,
    0.391
  ],
  [
    1532214000000,
    0.391
  ],
  [
    1532732400000,
    0.401
  ],
  [
    1532991600000,
    0.207
  ],
  [
    1533078000000,
    0.268
  ],
  [
    1533250800000,
    0.196
  ],
  [
    1533337200000,
    0.37
  ],
  [
    1533423600000,
    0.387
  ],
  [
    1534028400000,
    0.37
  ],
  [
    1534201200000,
    0.17
  ],
  [
    1534546800000,
    0.205
  ],
  [
    1534633200000,
    0.366
  ],
  [
    1534892400000,
    0.161
  ],
  [
    1534978800000,
    0.321
  ],
  [
    1535497200000,
    0.117
  ],
  [
    1535583600000,
    0.315
  ],
  [
    1535756400000,
    0.324
  ],
  [
    1535842800000,
    0.174
  ],
  [
    1536361200000,
    0.312
  ],
  [
    1536706800000,
    0.303
  ],
  [
    1536879600000,
    0.276
  ],
  [
    1537311600000,
    0.315
  ],
  [
    1537484400000,
    0.328
  ],
  [
    1537570800000,
    0.34
  ],
  [
    1537830000000,
    0.33
  ],
  [
    1538866800000,
    0.252
  ],
  [
    1539298800000,
    0.345
  ],
  [
    1539385200000,
    0.316
  ],
  [
    1539558000000,
    0.358
  ],
  [
    1539644400000,
    0.404
  ],
  [
    1540076400000,
    0.286
  ],
  [
    1540162800000,
    0.287
  ],
  [
    1540249200000,
    0.287
  ],
  [
    1540508400000,
    0.249
  ],
  [
    1540771200000,
    0.406
  ],
  [
    1541203200000,
    0.404
  ],
  [
    1542672000000,
    0.348
  ],
  [
    1542844800000,
    0.365
  ],
  [
    1542931200000,
    0.268
  ],
  [
    1543017600000,
    0.36
  ],
  [
    1543276800000,
    0.366
  ],
  [
    1543708800000,
    0.309
  ],
  [
    1543795200000,
    0.367
  ],
  [
    1544227200000,
    0.266
  ],
  [
    1544313600000,
    0.353
  ],
  [
    1545177600000,
    0.363
  ],
  [
    1545350400000,
    0.286
  ],
  [
    1545436800000,
    0.354
  ],
  [
    1545523200000,
    0.251
  ],
  [
    1545609600000,
    0.225
  ],
  [
    1545696000000,
    0.336
  ],
  [
    1545955200000,
    0.331
  ],
  [
    1546041600000,
    0.269
  ],
  [
    1546128000000,
    0.348
  ],
  [
    1546214400000,
    0.331
  ],
  [
    1546560000000,
    0.03
  ],
  [
    1546646400000,
    0.22
  ],
  [
    1546732800000,
    0.29
  ],
  [
    1546905600000,
    0.352
  ],
  [
    1546992000000,
    0.356
  ],
  [
    1547078400000,
    0.356
  ],
  [
    1547251200000,
    0.347
  ],
  [
    1547337600000,
    0.356
  ],
  [
    1547510400000,
    0.368
  ],
  [
    1547596800000,
    0.296
  ],
  [
    1547683200000,
    0.366
  ],
  [
    1547769600000,
    0.344
  ],
  [
    1547856000000,
    0.362
  ],
  [
    1547942400000,
    0.301
  ],
  [
    1548028800000,
    0.291
  ],
  [
    1548288000000,
    0.37
  ],
  [
    1548374400000,
    0.379
  ],
  [
    1548547200000,
    0.15
  ],
  [
    1548720000000,
    0.387
  ],
  [
    1548806400000,
    0.367
  ],
  [
    1548892800000,
    0.381
  ],
  [
    1548979200000,
    0.379
  ],
  [
    1549065600000,
    0.788
  ],
  [
    1549152000000,
    0.398
  ],
  [
    1549411200000,
    0.388
  ],
  [
    1549497600000,
    0.352
  ],
  [
    1549584000000,
    0.303
  ],
  [
    1549670400000,
    0.337
  ],
  [
    1549756800000,
    0.408
  ],
  [
    1549843200000,
    0.435
  ],
  [
    1550275200000,
    0.542
  ],
  [
    1550620800000,
    0.597
  ],
  [
    1550707200000,
    0.589
  ],
  [
    1550793600000,
    0.446
  ],
  [
    1550880000000,
    0.536
  ],
  [
    1551484800000,
    0.63
  ],
  [
    1551916800000,
    0.403
  ],
  [
    1552003200000,
    0.36
  ],
  [
    1552089600000,
    0.4
  ],
  [
    1552176000000,
    0.465
  ],
  [
    1552608000000,
    0.429
  ],
  [
    1552694400000,
    0.511
  ],
  [
    1552953600000,
    0.45
  ],
  [
    1553299200000,
    0.57
  ],
  [
    1553731200000,
    0.308
  ],
  [
    1553817600000,
    0.556
  ],
  [
    1553904000000,
    0.651
  ],
  [
    1554505200000,
    0.458
  ],
  [
    1554591600000,
    0.382
  ],
  [
    1554678000000,
    0.437
  ],
  [
    1554937200000,
    0.405
  ],
  [
    1555110000000,
    0.468
  ],
  [
    1555801200000,
    0.447
  ],
  [
    1555974000000,
    0.451
  ],
  [
    1556060400000,
    0.588
  ],
  [
    1556233200000,
    0.469
  ],
  [
    1556492400000,
    0.574
  ],
  [
    1556578800000,
    0.307
  ],
  [
    1556751600000,
    0.621
  ],
  [
    1556838000000,
    0.495
  ],
  [
    1556924400000,
    0.383
  ],
  [
    1557356400000,
    0.379
  ],
  [
    1558047600000,
    0.378
  ],
  [
    1558220400000,
    0.348
  ],
  [
    1558479600000,
    0.256
  ],
  [
    1558652400000,
    0.52
  ],
  [
    1558825200000,
    0.51
  ],
  [
    1559170800000,
    0.356
  ],
  [
    1559343600000,
    0.12
  ],
  [
    1559430000000,
    0.368
  ],
  [
    1559516400000,
    0.371
  ],
  [
    1559862000000,
    0.325
  ],
  [
    1560380400000,
    0.367
  ],
  [
    1560466800000,
    0.482
  ],
  [
    1560553200000,
    0.483
  ],
  [
    1560812400000,
    0.587
  ],
  [
    1560898800000,
    0.368
  ],
  [
    1560985200000,
    0.461
  ],
  [
    1561158000000,
    0.502
  ],
  [
    1561762800000,
    0.379
  ],
  [
    1562281200000,
    0.442
  ],
  [
    1562454000000,
    0.351
  ],
  [
    1562540400000,
    0.437
  ],
  [
    1562626800000,
    0.448
  ],
  [
    1562799600000,
    0.39
  ],
  [
    1562972400000,
    0.391
  ],
  [
    1563404400000,
    0.474
  ],
  [
    1563577200000,
    0.382
  ],
  [
    1564182000000,
    0.472
  ],
  [
    1564268400000,
    0.511
  ],
  [
    1564441200000,
    0.393
  ],
  [
    1564873200000,
    0.521
  ],
  [
    1564959600000,
    0.576
  ],
  [
    1565046000000,
    0.552
  ],
  [
    1565132400000,
    0.374
  ],
  [
    1565391600000,
    0.582
  ],
  [
    1565650800000,
    0.627
  ],
  [
    1565823600000,
    0.666
  ],
  [
    1566601200000,
    0.522
  ],
  [
    1566774000000,
    0.453
  ],
  [
    1566946800000,
    0.573
  ],
  [
    1567033200000,
    0.46
  ],
  [
    1567119600000,
    0.394
  ],
  [
    1567724400000,
    0.6
  ],
  [
    1568242800000,
    0.509
  ],
  [
    1568502000000,
    0.382
  ],
  [
    1569020400000,
    0.413
  ],
  [
    1569279600000,
    0.505
  ],
  [
    1569452400000,
    0.48
  ],
  [
    1569798000000,
    0.479
  ],
  [
    1569970800000,
    0.493
  ],
  [
    1570143600000,
    0.491
  ],
  [
    1570316400000,
    0.49
  ],
  [
    1570575600000,
    0.363
  ],
  [
    1570662000000,
    0.324
  ],
  [
    1571094000000,
    0.414
  ],
  [
    1571439600000,
    0.451
  ],
  [
    1571698800000,
    0.494
  ],
  [
    1571871600000,
    0.494
  ],
  [
    1572044400000,
    0.487
  ],
  [
    1572220800000,
    0.495
  ],
  [
    1572393600000,
    0.719
  ],
  [
    1572566400000,
    0.489
  ],
  [
    1572652800000,
    0.362
  ],
  [
    1572998400000,
    0.364
  ],
  [
    1573171200000,
    0.49
  ],
  [
    1573257600000,
    0.485
  ],
  [
    1573516800000,
    0.414
  ],
  [
    1573689600000,
    0.48
  ],
  [
    1573776000000,
    0.51
  ],
  [
    1573948800000,
    0.492
  ],
  [
    1574121600000,
    0.49
  ],
  [
    1574208000000,
    0.389
  ],
  [
    1574294400000,
    0.35
  ],
  [
    1574467200000,
    0.354
  ],
  [
    1574640000000,
    0.386
  ],
  [
    1574726400000,
    0.417
  ],
  [
    1574812800000,
    0.422
  ],
  [
    1574899200000,
    0.418
  ],
  [
    1574985600000,
    0.265
  ],
  [
    1575072000000,
    0.488
  ],
  [
    1575158400000,
    0.505
  ],
  [
    1575590400000,
    0.422
  ],
  [
    1575849600000,
    0.482
  ],
  [
    1576022400000,
    0.361
  ],
  [
    1576368000000,
    0.488
  ],
  [
    1576454400000,
    0.413
  ],
  [
    1576627200000,
    0.468
  ],
  [
    1576713600000,
    0.494
  ],
  [
    1577145600000,
    0.49
  ],
  [
    1577318400000,
    0.352
  ],
  [
    1577577600000,
    0.388
  ],
  [
    1577664000000,
    0.454
  ],
  [
    1578009600000,
    0.449
  ],
  [
    1578182400000,
    0.494
  ],
  [
    1578268800000,
    0.485
  ],
  [
    1578441600000,
    0.483
  ],
  [
    1578700800000,
    0.475
  ],
  [
    1578873600000,
    0.48
  ],
  [
    1578960000000,
    0.488
  ],
  [
    1579046400000,
    0.485
  ],
  [
    1579219200000,
    0.494
  ],
  [
    1579305600000,
    0.477
  ],
  [
    1579737600000,
    0.494
  ],
  [
    1579824000000,
    0.483
  ],
  [
    1580083200000,
    0.474
  ],
  [
    1580428800000,
    0.479
  ],
  [
    1580515200000,
    0.472
  ],
  [
    1580688000000,
    0.487
  ],
  [
    1580774400000,
    0.497
  ],
  [
    1580860800000,
    0.473
  ],
  [
    1581120000000,
    0.494
  ],
  [
    1581206400000,
    0.468
  ],
  [
    1581465600000,
    0.437
  ],
  [
    1581638400000,
    0.488
  ],
  [
    1581724800000,
    0.494
  ],
  [
    1581811200000,
    0.369
  ],
  [
    1581984000000,
    0.497
  ],
  [
    1582329600000,
    0.484
  ],
  [
    1582502400000,
    0.485
  ],
  [
    1582848000000,
    0.265
  ],
  [
    1582934400000,
    0.466
  ],
  [
    1583020800000,
    0.421
  ],
  [
    1583107200000,
    0.473
  ],
  [
    1583280000000,
    0.423
  ],
  [
    1583452800000,
    0.465
  ],
  [
    1583539200000,
    0.512
  ],
  [
    1583712000000,
    0.603
  ],
  [
    1584230400000,
    0.61
  ],
  [
    1584316800000,
    0.801
  ],
  [
    1584576000000,
    0.857
  ],
  [
    1584748800000,
    1.118
  ],
  [
    1584835200000,
    1.073
  ],
  [
    1585180800000,
    0.909
  ],
  [
    1585267200000,
    0.894
  ],
  [
    1585609200000,
    0.712
  ],
  [
    1585695600000,
    0.663
  ],
  [
    1586041200000,
    0.587
  ],
  [
    1586127600000,
    0.57
  ],
  [
    1586214000000,
    0.764
  ],
  [
    1586386800000,
    0.588
  ],
  [
    1586473200000,
    0.553
  ],
  [
    1586559600000,
    0.618
  ],
  [
    1586646000000,
    0.609
  ],
  [
    1586732400000,
    0.492
  ],
  [
    1586818800000,
    0.639
  ],
  [
    1586905200000,
    0.678
  ],
  [
    1586991600000,
    0.652
  ],
  [
    1587337200000,
    0.563
  ],
  [
    1587423600000,
    0.413
  ],
  [
    1587510000000,
    0.498
  ],
  [
    1587682800000,
    0.65
  ],
  [
    1587855600000,
    0.584
  ],
  [
    1587942000000,
    0.649
  ],
  [
    1588028400000,
    0.662
  ],
  [
    1588114800000,
    0.702
  ],
  [
    1588374000000,
    0.596
  ],
  [
    1588546800000,
    0.546
  ],
  [
    1588633200000,
    0.714
  ],
  [
    1588719600000,
    0.548
  ],
  [
    1588806000000,
    0.53
  ],
  [
    1588978800000,
    0.542
  ],
  [
    1589324400000,
    0.529
  ],
  [
    1589410800000,
    0.622
  ],
  [
    1589583600000,
    0.569
  ],
  [
    1589756400000,
    0.528
  ],
  [
    1589842800000,
    0.589
  ],
  [
    1589929200000,
    0.523
  ],
  [
    1590015600000,
    0.521
  ],
  [
    1590102000000,
    0.48
  ],
  [
    1590361200000,
    0.557
  ],
  [
    1590620400000,
    0.518
  ],
  [
    1590706800000,
    0.59
  ],
  [
    1590793200000,
    0.597
  ],
  [
    1590879600000,
    0.506
  ],
  [
    1590966000000,
    0.608
  ],
  [
    1591225200000,
    0.52
  ],
  [
    1591311600000,
    0.601
  ],
  [
    1591398000000,
    0.486
  ],
  [
    1592002800000,
    0.476
  ],
  [
    1592089200000,
    0.452
  ],
  [
    1592175600000,
    0.465
  ],
  [
    1592262000000,
    0.452
  ],
  [
    1592348400000,
    8.992
  ],
  [
    1592521200000,
    0.384
  ],
  [
    1592607600000,
    0.477
  ],
  [
    1592694000000,
    0.464
  ],
  [
    1592780400000,
    0.46
  ],
  [
    1592866800000,
    0.455
  ],
  [
    1592953200000,
    0.29
  ],
  [
    1593039600000,
    0.431
  ],
  [
    1593126000000,
    1.419
  ],
  [
    1593298800000,
    0.4
  ],
  [
    1593385200000,
    0.49
  ],
  [
    1593471600000,
    0.492
  ],
  [
    1593558000000,
    0.415
  ],
  [
    1593644400000,
    0.458
  ],
  [
    1593730800000,
    0.445
  ],
  [
    1593903600000,
    0.482
  ],
  [
    1593990000000,
    0.485
  ],
  [
    1594076400000,
    0.491
  ],
  [
    1594162800000,
    0.484
  ],
  [
    1594249200000,
    0.483
  ],
  [
    1594422000000,
    0.482
  ],
  [
    1594681200000,
    0.507
  ],
  [
    1594940400000,
    0.496
  ],
  [
    1595113200000,
    0.543
  ],
  [
    1595199600000,
    0.565
  ],
  [
    1595286000000,
    0.365
  ],
  [
    1595545200000,
    0.515
  ],
  [
    1595631600000,
    0.517
  ],
  [
    1595718000000,
    0.558
  ],
  [
    1595804400000,
    0.532
  ],
  [
    1595890800000,
    0.486
  ],
  [
    1595977200000,
    0.563
  ],
  [
    1596063600000,
    0.57
  ],
  [
    1596150000000,
    0.617
  ],
  [
    1596409200000,
    0.475
  ],
  [
    1596582000000,
    0.575
  ],
  [
    1596668400000,
    0.664
  ],
  [
    1596841200000,
    0.452
  ],
  [
    1596927600000,
    0.54
  ],
  [
    1597014000000,
    0.676
  ],
  [
    1597273200000,
    0.672
  ],
  [
    1597359600000,
    0.664
  ],
  [
    1597532400000,
    0.512
  ],
  [
    1597618800000,
    0.679
  ],
  [
    1597791600000,
    0.66
  ],
  [
    1597878000000,
    0.513
  ],
  [
    1598050800000,
    0.623
  ],
  [
    1598137200000,
    0.74
  ],
  [
    1598223600000,
    0.657
  ],
  [
    1598396400000,
    0.655
  ],
  [
    1598482800000,
    0.65
  ],
  [
    1598655600000,
    0.653
  ],
  [
    1598742000000,
    0.712
  ],
  [
    1599174000000,
    0.53
  ],
  [
    1599260400000,
    0.68
  ],
  [
    1599606000000,
    0.788
  ],
  [
    1599778800000,
    0.734
  ],
  [
    1599951600000,
    0.536
  ],
  [
    1600124400000,
    0.51
  ],
  [
    1600210800000,
    0.668
  ],
  [
    1600297200000,
    0.675
  ],
  [
    1600383600000,
    0.74
  ],
  [
    1600556400000,
    0.685
  ],
  [
    1600729200000,
    0.53
  ],
  [
    1600815600000,
    0.714
  ],
  [
    1600988400000,
    0.53
  ],
  [
    1601074800000,
    0.521
  ],
  [
    1601161200000,
    0.575
  ],
  [
    1601420400000,
    0.524
  ],
  [
    1601593200000,
    0.42
  ],
  [
    1601679600000,
    0.534
  ],
  [
    1601852400000,
    0.567
  ],
  [
    1602025200000,
    0.529
  ],
  [
    1602457200000,
    0.591
  ],
  [
    1602543600000,
    0.643
  ],
  [
    1602630000000,
    4.041
  ],
  [
    1602802800000,
    0.502
  ],
  [
    1602975600000,
    0.501
  ],
  [
    1603062000000,
    0.478
  ],
  [
    1603494000000,
    0.659
  ],
  [
    1603580400000,
    0.523
  ],
  [
    1603756800000,
    0.65
  ],
  [
    1604016000000,
    0.551
  ],
  [
    1604188800000,
    0.529
  ],
  [
    1604448000000,
    0.549
  ],
  [
    1604534400000,
    0.643
  ],
  [
    1604620800000,
    0.632
  ],
  [
    1604707200000,
    0.641
  ],
  [
    1604793600000,
    0.606
  ],
  [
    1604966400000,
    0.565
  ],
  [
    1605225600000,
    0.569
  ],
  [
    1605312000000,
    0.573
  ],
  [
    1605484800000,
    0.541
  ],
  [
    1605830400000,
    0.64
  ],
  [
    1606003200000,
    0.631
  ],
  [
    1606348800000,
    0.511
  ],
  [
    1606435200000,
    0.553
  ],
  [
    1606521600000,
    0.602
  ],
  [
    1606694400000,
    0.569
  ],
  [
    1607212800000,
    0.539
  ],
  [
    1607558400000,
    0.53
  ],
  [
    1607644800000,
    0.46
  ],
  [
    1607731200000,
    0.46
  ],
  [
    1607990400000,
    0.47
  ],
  [
    1608163200000,
    0.53
  ],
  [
    1608336000000,
    0.543
  ],
  [
    1608422400000,
    0.516
  ],
  [
    1608508800000,
    0.543
  ],
  [
    1608595200000,
    0.572
  ],
  [
    1608768000000,
    0.548
  ],
  [
    1609113600000,
    0.599
  ],
  [
    1609200000000,
    0.598
  ],
  [
    1609286400000,
    0.57
  ],
  [
    1609372800000,
    0.405
  ],
  [
    1609459200000,
    0.55
  ],
  [
    1609718400000,
    0.524
  ],
  [
    1609891200000,
    0.61
  ],
  [
    1609977600000,
    0.467
  ],
  [
    1610236800000,
    0.522
  ],
  [
    1610409600000,
    0.527
  ],
  [
    1610496000000,
    0.515
  ],
  [
    1610582400000,
    0.62
  ],
  [
    1610668800000,
    0.504
  ],
  [
    1610928000000,
    0.485
  ],
  [
    1611014400000,
    0.471
  ],
  [
    1611273600000,
    0.628
  ],
  [
    1611360000000,
    0.613
  ],
  [
    1611619200000,
    0.594
  ],
  [
    1611792000000,
    0.551
  ],
  [
    1611878400000,
    0.656
  ],
  [
    1612137600000,
    0.48
  ],
  [
    1612396800000,
    0.82
  ],
  [
    1612742400000,
    0.65
  ],
  [
    1612828800000,
    0.925
  ],
  [
    1613001600000,
    0.743
  ],
  [
    1613088000000,
    0.66
  ],
  [
    1613174400000,
    0.634
  ],
  [
    1613433600000,
    0.62
  ],
  [
    1613606400000,
    0.518
  ],
  [
    1613692800000,
    0.519
  ],
  [
    1614038400000,
    0.553
  ],
  [
    1614297600000,
    0.612
  ],
  [
    1614384000000,
    0.633
  ],
  [
    1614470400000,
    0.55
  ],
  [
    1614643200000,
    0.518
  ],
  [
    1614729600000,
    0.518
  ],
  [
    1614816000000,
    0.554
  ],
  [
    1615075200000,
    0.689
  ],
  [
    1615334400000,
    0.59
  ],
  [
    1615507200000,
    0.575
  ],
  [
    1615593600000,
    0.66
  ],
  [
    1615680000000,
    0.625
  ],
  [
    1616112000000,
    0.736
  ],
  [
    1616198400000,
    0.558
  ],
  [
    1616457600000,
    0.69
  ],
  [
    1616630400000,
    0.452
  ],
  [
    1616889600000,
    0.624
  ],
  [
    1616972400000,
    0.645
  ],
  [
    1617318000000,
    0.553
  ],
  [
    1617663600000,
    0.629
  ],
  [
    1617750000000,
    0.71
  ],
  [
    1617836400000,
    0.525
  ],
  [
    1617922800000,
    0.712
  ],
  [
    1618095600000,
    0.742
  ],
  [
    1618268400000,
    0.793
  ],
  [
    1618614000000,
    0.558
  ],
  [
    1618873200000,
    0.392
  ],
  [
    1618959600000,
    0.449
  ],
  [
    1619046000000,
    0.711
  ],
  [
    1619218800000,
    0.679
  ],
  [
    1619564400000,
    0.58
  ],
  [
    1619650800000,
    0.566
  ],
  [
    1619737200000,
    0.574
  ],
  [
    1620169200000,
    0.539
  ],
  [
    1620255600000,
    0.564
  ],
  [
    1620342000000,
    0.545
  ],
  [
    1620428400000,
    0.574
  ],
  [
    1620514800000,
    0.57
  ],
  [
    1620601200000,
    0.543
  ],
  [
    1620946800000,
    0.531
  ],
  [
    1621033200000,
    0.607
  ],
  [
    1621119600000,
    0.593
  ],
  [
    1621292400000,
    0.539
  ],
  [
    1621465200000,
    0.642
  ],
  [
    1621551600000,
    0.562
  ],
  [
    1621724400000,
    0.48
  ],
  [
    1621810800000,
    0.623
  ],
  [
    1621897200000,
    0.69
  ],
  [
    1622156400000,
    0.687
  ],
  [
    1622415600000,
    0.664
  ],
  [
    1622502000000,
    0.648
  ],
  [
    1622761200000,
    0.711
  ],
  [
    1623020400000,
    0.871
  ],
  [
    1623538800000,
    0.936
  ],
  [
    1623711600000,
    0.967
  ],
  [
    1623884400000,
    0.777
  ],
  [
    1623970800000,
    1.053
  ],
  [
    1624230000000,
    0.85
  ],
  [
    1624316400000,
    0.819
  ],
  [
    1624575600000,
    1.234
  ],
  [
    1624662000000,
    1.04
  ],
  [
    1625439600000,
    0.981
  ],
  [
    1625698800000,
    0.984
  ],
  [
    1626562800000,
    0.732
  ],
  [
    1626649200000,
    0.673
  ],
  [
    1626735600000,
    0.802
  ],
  [
    1626994800000,
    0.793
  ],
  [
    1627167600000,
    0.831
  ],
  [
    1627426800000,
    0.883
  ],
  [
    1627686000000,
    0.76
  ],
  [
    1627858800000,
    0.866
  ],
  [
    1627945200000,
    0.947
  ],
  [
    1628204400000,
    0.741
  ],
  [
    1628290800000,
    0.802
  ],
  [
    1628377200000,
    0.883
  ],
  [
    1628463600000,
    0.954
  ],
  [
    1628550000000,
    1.116
  ],
  [
    1628636400000,
    1.215
  ],
  [
    1629673200000,
    1.207
  ],
  [
    1629759600000,
    1.195
  ],
  [
    1630018800000,
    0.99
  ],
  [
    1630882800000,
    1.051
  ],
  [
    1631055600000,
    0.95
  ],
  [
    1631142000000,
    0.679
  ],
  [
    1631833200000,
    0.942
  ],
  [
    1632006000000,
    0.958
  ],
  [
    1632351600000,
    1.023
  ],
  [
    1632524400000,
    1.034
  ],
  [
    1633042800000,
    1.061
  ],
  [
    1633302000000,
    0.686
  ],
  [
    1633561200000,
    0.7
  ],
  [
    1633734000000,
    0.97
  ],
  [
    1633820400000,
    0.971
  ],
  [
    1634252400000,
    0.789
  ],
  [
    1635375600000,
    0.897
  ],
  [
    1635462000000,
    0.64
  ],
  [
    1635811200000,
    0.888
  ],
  [
    1635897600000,
    0.678
  ],
  [
    1636070400000,
    0.55
  ],
  [
    1636156800000,
    0.623
  ],
  [
    1636416000000,
    0.8
  ],
  [
    1636588800000,
    0.57
  ],
  [
    1636848000000,
    1.01
  ],
  [
    1636934400000,
    0.63
  ],
  [
    1637020800000,
    0.703
  ],
  [
    1637452800000,
    0.66
  ],
  [
    1637539200000,
    0.626
  ],
  [
    1637798400000,
    0.491
  ],
  [
    1638230400000,
    0.46
  ],
  [
    1638403200000,
    0.356
  ],
  [
    1638489600000,
    0.389
  ],
  [
    1638576000000,
    0.61
  ],
  [
    1638662400000,
    0.575
  ],
  [
    1638835200000,
    0.612
  ],
  [
    1638921600000,
    0.579
  ],
  [
    1639008000000,
    0.598
  ],
  [
    1639094400000,
    0.62
  ],
  [
    1639267200000,
    0.62
  ],
  [
    1639353600000,
    0.676
  ],
  [
    1639440000000,
    0.576
  ],
  [
    1639526400000,
    0.608
  ],
  [
    1639612800000,
    0.774
  ],
  [
    1639699200000,
    0.54
  ],
  [
    1639872000000,
    0.563
  ],
  [
    1639958400000,
    0.863
  ],
  [
    1640044800000,
    0.53
  ],
  [
    1640131200000,
    0.55
  ],
  [
    1640390400000,
    0.52
  ],
  [
    1640563200000,
    0.528
  ],
  [
    1640995200000,
    0.54
  ],
  [
    1641081600000,
    0.579
  ],
  [
    1641254400000,
    0.562
  ],
  [
    1641340800000,
    0.54
  ],
  [
    1641427200000,
    0.552
  ],
  [
    1641600000000,
    0.557
  ],
  [
    1641686400000,
    0.556
  ],
  [
    1642550400000,
    0.72
  ],
  [
    1643155200000,
    0.769
  ],
  [
    1643241600000,
    0.702
  ],
  [
    1644192000000,
    0.727
  ],
  [
    1644364800000,
    0.64
  ],
  [
    1644796800000,
    0.865
  ],
  [
    1644883200000,
    0.674
  ],
  [
    1645315200000,
    0.861
  ],
  [
    1646006400000,
    0.765
  ],
  [
    1646352000000,
    0.727
  ],
  [
    1646611200000,
    0.603
  ],
  [
    1646697600000,
    0.566
  ],
  [
    1646870400000,
    0.711
  ],
  [
    1646956800000,
    0.5
  ],
  [
    1647302400000,
    0.569
  ],
  [
    1647388800000,
    0.547
  ],
  [
    1647561600000,
    0.598
  ],
  [
    1647734400000,
    0.609
  ],
  [
    1647820800000,
    0.725
  ],
  [
    1647907200000,
    0.866
  ],
  [
    1648252800000,
    0.55
  ],
  [
    1648508400000,
    0.822
  ],
  [
    1648594800000,
    0.848
  ],
  [
    1649545200000,
    0.77
  ],
  [
    1649718000000,
    0.968
  ],
  [
    1649804400000,
    0.872
  ],
  [
    1649890800000,
    0.913
  ],
  [
    1649977200000,
    0.993
  ],
  [
    1650582000000,
    0.64
  ],
  [
    1650754800000,
    0.866
  ],
  [
    1651446000000,
    0.882
  ],
  [
    1651532400000,
    0.85
  ],
  [
    1651705200000,
    0.875
  ],
  [
    1651964400000,
    0.741
  ],
  [
    1652310000000,
    0.808
  ],
  [
    1652569200000,
    0.879
  ],
  [
    1652914800000,
    0.686
  ],
  [
    1653001200000,
    0.917
  ],
  [
    1653260400000,
    0.79
  ],
  [
    1653519600000,
    0.924
  ],
  [
    1653606000000,
    0.977
  ],
  [
    1653951600000,
    0.85
  ],
  [
    1654470000000,
    0.933
  ],
  [
    1654988400000,
    0.77
  ],
  [
    1655161200000,
    0.888
  ],
  [
    1655506800000,
    0.602
  ],
  [
    1655593200000,
    0.71
  ],
  [
    1655852400000,
    0.677
  ],
  [
    1656630000000,
    0.69
  ],
  [
    1656716400000,
    0.853
  ],
  [
    1656802800000,
    0.897
  ],
  [
    1656889200000,
    0.73
  ],
  [
    1656975600000,
    0.898
  ],
  [
    1657148400000,
    0.66
  ],
  [
    1657494000000,
    0.843
  ],
  [
    1657839600000,
    0.871
  ],
  [
    1658358000000,
    0.834
  ],
  [
    1658617200000,
    0.878
  ],
  [
    1658703600000,
    0.717
  ],
  [
    1658876400000,
    0.769
  ],
  [
    1658962800000,
    0.66
  ],
  [
    1659049200000,
    0.902
  ],
  [
    1659135600000,
    0.65
  ],
  [
    1659308400000,
    0.88
  ],
  [
    1659654000000,
    0.2
  ],
  [
    1659740400000,
    0.805
  ],
  [
    1660172400000,
    0.911
  ],
  [
    1660604400000,
    0.79
  ],
  [
    1661122800000,
    0.73
  ],
  [
    1661295600000,
    0.78
  ],
  [
    1662159600000,
    0.695
  ],
  [
    1662505200000,
    0.72
  ],
  [
    1663023600000,
    0.908
  ],
  [
    1663282800000,
    0.829
  ],
  [
    1663542000000,
    0.951
  ],
  [
    1663628400000,
    0.919
  ],
  [
    1663714800000,
    0.73
  ],
  [
    1663801200000,
    0.89
  ],
  [
    1664060400000,
    0.884
  ],
  [
    1664233200000,
    0.873
  ],
  [
    1664838000000,
    0.69
  ],
  [
    1665010800000,
    0.869
  ],
  [
    1665183600000,
    0.735
  ],
  [
    1665356400000,
    0.616
  ],
  [
    1665442800000,
    0.886
  ],
  [
    1665615600000,
    0.844
  ],
  [
    1665788400000,
    0.886
  ],
  [
    1666047600000,
    0.66
  ],
  [
    1666134000000,
    0.853
  ],
  [
    1666220400000,
    0.917
  ],
  [
    1666393200000,
    0.925
  ],
  [
    1666652400000,
    0.838
  ],
  [
    1666911600000,
    0.918
  ],
  [
    1667260800000,
    0.792
  ],
  [
    1667347200000,
    0.73
  ],
  [
    1667433600000,
    0.91
  ],
  [
    1667779200000,
    0.72
  ],
  [
    1667865600000,
    0.89
  ],
  [
    1667952000000,
    0.907
  ],
  [
    1668124800000,
    0.973
  ],
  [
    1668211200000,
    0.72
  ],
  [
    1668470400000,
    0.722
  ],
  [
    1668816000000,
    0.885
  ],
  [
    1669075200000,
    0.862
  ],
  [
    1669766400000,
    1.216
  ],
  [
    1669939200000,
    0.904
  ],
  [
    1670198400000,
    0.929
  ],
  [
    1670284800000,
    0.918
  ],
  [
    1670371200000,
    0.76
  ],
  [
    1670716800000,
    0.795
  ],
  [
    1670976000000,
    0.906
  ],
  [
    1671062400000,
    0.709
  ],
  [
    1671408000000,
    0.76
  ],
  [
    1671494400000,
    0.863
  ],
  [
    1671753600000,
    0.807
  ],
  [
    1671840000000,
    0.71
  ],
  [
    1672012800000,
    0.75
  ],
  [
    1672099200000,
    0.875
  ],
  [
    1672185600000,
    1.026
  ],
  [
    1672272000000,
    0.66
  ],
  [
    1672358400000,
    0.69
  ],
  [
    1672444800000,
    0.793
  ],
  [
    1672617600000,
    0.51
  ],
  [
    1672704000000,
    0.76
  ],
  [
    1672790400000,
    0.736
  ],
  [
    1673049600000,
    0.766
  ],
  [
    1673308800000,
    0.65
  ],
  [
    1673568000000,
    0.807
  ],
  [
    1673654400000,
    1.08
  ],
  [
    1673827200000,
    0.864
  ],
  [
    1673913600000,
    1.117
  ],
  [
    1674172800000,
    0.709
  ],
  [
    1674259200000,
    0.89
  ],
  [
    1674432000000,
    1.633
  ],
  [
    1674691200000,
    1.35
  ],
  [
    1675036800000,
    1.63
  ],
  [
    1675123200000,
    1.215
  ],
  [
    1675382400000,
    1.524
  ],
  [
    1675468800000,
    1.5
  ],
  [
    1675814400000,
    1.259
  ],
  [
    1676332800000,
    1.302
  ],
  [
    1676419200000,
    1.119
  ],
  [
    1676678400000,
    1.489
  ],
  [
    1677110400000,
    1.589
  ],
  [
    1677542400000,
    1.225
  ],
  [
    1677628800000,
    1.24
  ],
  [
    1677801600000,
    1.13
  ],
  [
    1677974400000,
    1.11
  ],
  [
    1678060800000,
    1.16
  ],
  [
    1678233600000,
    1.35
  ],
  [
    1678492800000,
    1.58
  ],
  [
    1678838400000,
    1.475
  ],
  [
    1678924800000,
    1.617
  ],
  [
    1679011200000,
    1.637
  ],
  [
    1679184000000,
    0.897
  ],
  [
    1679270400000,
    1.623
  ],
  [
    1679356800000,
    1.46
  ],
  [
    1679443200000,
    1.545
  ],
  [
    1679529600000,
    1.405
  ],
  [
    1679788800000,
    1.68
  ],
  [
    1679958000000,
    1.61
  ],
  [
    1680130800000,
    1.447
  ],
  [
    1680217200000,
    1.533
  ],
  [
    1680476400000,
    1.43
  ],
  [
    1680994800000,
    1.564
  ],
  [
    1681254000000,
    1.136
  ],
  [
    1681426800000,
    0.878
  ],
  [
    1681513200000,
    1.49
  ],
  [
    1681599600000,
    1.493
  ],
  [
    1681686000000,
    1.27
  ],
  [
    1681858800000,
    1.22
  ],
  [
    1681945200000,
    1.434
  ],
  [
    1682031600000,
    1.331
  ],
  [
    1682377200000,
    0.987
  ],
  [
    1682550000000,
    1.385
  ],
  [
    1682722800000,
    1.242
  ],
  [
    1682809200000,
    1.191
  ],
  [
    1682895600000,
    1.465
  ],
  [
    1682982000000,
    1.319
  ],
  [
    1683241200000,
    1.12
  ],
  [
    1683414000000,
    1.334
  ],
  [
    1683673200000,
    1.256
  ],
  [
    1684191600000,
    1.297
  ],
  [
    1684623600000,
    1.435
  ],
  [
    1684710000000,
    1.15
  ],
  [
    1685228400000,
    1.149
  ],
  [
    1685401200000,
    1.403
  ],
  [
    1685487600000,
    1.367
  ],
  [
    1685660400000,
    1.439
  ],
  [
    1685746800000,
    1.485
  ],
  [
    1686092400000,
    1.35
  ],
  [
    1686178800000,
    1.393
  ],
  [
    1686351600000,
    1.463
  ],
  [
    1686438000000,
    1.5
  ],
  [
    1686524400000,
    1.268
  ],
  [
    1686870000000,
    1.23
  ],
  [
    1687042800000,
    1.495
  ],
  [
    1687129200000,
    1.094
  ],
  [
    1687215600000,
    1.295
  ],
  [
    1687647600000,
    1.426
  ],
  [
    1688079600000,
    1.331
  ],
  [
    1688166000000,
    1.368
  ],
  [
    1688425200000,
    1.291
  ],
  [
    1688511600000,
    1.01
  ],
  [
    1688598000000,
    1.4
  ],
  [
    1688770800000,
    1.587
  ],
  [
    1688857200000,
    0.99
  ],
  [
    1689030000000,
    1.033
  ],
  [
    1689116400000,
    1.28
  ],
  [
    1689202800000,
    0.99
  ],
  [
    1689289200000,
    0.851
  ],
  [
    1689375600000,
    1.161
  ],
  [
    1689634800000,
    1.187
  ],
  [
    1689721200000,
    1.229
  ],
  [
    1689894000000,
    1.208
  ],
  [
    1690153200000,
    0.972
  ],
  [
    1690326000000,
    1.106
  ],
  [
    1690671600000,
    1.077
  ],
  [
    1690758000000,
    1.137
  ],
  [
    1690930800000,
    1.19
  ],
  [
    1691017200000,
    1.254
  ],
  [
    1691276400000,
    1.253
  ],
  [
    1691362800000,
    1.242
  ],
  [
    1691449200000,
    1.241
  ],
  [
    1691708400000,
    0.97
  ],
  [
    1691967600000,
    1.137
  ],
  [
    1692054000000,
    0.93
  ],
  [
    1692399600000,
    1.207
  ],
  [
    1692658800000,
    1.154
  ],
  [
    1692745200000,
    1.251
  ],
  [
    1692831600000,
    0.94
  ],
  [
    1693090800000,
    1.275
  ],
  [
    1693177200000,
    0.89
  ],
  [
    1693350000000,
    0.99
  ],
  [
    1693609200000,
    0.89
  ],
  [
    1693695600000,
    1.23
  ],
  [
    1693782000000,
    1.06
  ],
  [
    1693868400000,
    1.01
  ],
  [
    1693954800000,
    1.296
  ],
  [
    1694041200000,
    1.08
  ],
  [
    1694127600000,
    1.282
  ],
  [
    1694214000000,
    1.26
  ],
  [
    1694300400000,
    1.89
  ],
  [
    1694386800000,
    1.86
  ],
  [
    1694473200000,
    1.26
  ],
  [
    1694559600000,
    1.46
  ],
  [
    1694646000000,
    1.649
  ],
  [
    1694732400000,
    1.46
  ],
  [
    1694905200000,
    1.75
  ],
  [
    1695078000000,
    1.62
  ],
  [
    1695164400000,
    1.785
  ],
  [
    1695596400000,
    0.89
  ],
  [
    1695682800000,
    1.483
  ],
  [
    1696028400000,
    1.49
  ],
  [
    1696287600000,
    1.395
  ],
  [
    1696374000000,
    1.808
  ],
  [
    1696460400000,
    1.35
  ],
  [
    1696546800000,
    1.35
  ],
  [
    1696633200000,
    1.566
  ],
  [
    1696719600000,
    1.483
  ],
  [
    1696978800000,
    1.64
  ],
  [
    1697151600000,
    1.976
  ],
  [
    1697324400000,
    1.931
  ],
  [
    1697670000000,
    1.972
  ],
  [
    1697756400000,
    2.267
  ],
  [
    1697929200000,
    2.418
  ],
  [
    1698188400000,
    2.218
  ],
  [
    1698361200000,
    2.19
  ],
  [
    1698796800000,
    2.01
  ],
  [
    1699056000000,
    1.57
  ],
  [
    1699228800000,
    2.18
  ],
  [
    1699401600000,
    1.62
  ],
  [
    1699574400000,
    1.657
  ],
  [
    1699660800000,
    2.162
  ],
  [
    1699747200000,
    2.16
  ],
  [
    1699833600000,
    1.998
  ],
  [
    1699920000000,
    2.197
  ],
  [
    1700352000000,
    2.249
  ],
  [
    1700524800000,
    2.009
  ],
  [
    1700697600000,
    1.62
  ],
  [
    1701216000000,
    1.74
  ],
  [
    1701302400000,
    2.267
  ],
  [
    1701648000000,
    3.746
  ],
  [
    1701734400000,
    3.31
  ],
  [
    1701993600000,
    3.996
  ],
  [
    1702944000000,
    4.545
  ],
  [
    1703030400000,
    4.586
  ],
  [
    1703462400000,
    4.598
  ],
  [
    1703635200000,
    4.628
  ],
  [
    1704672000000,
    2.553
  ],
  [
    1704931200000,
    4.75
  ],
  [
    1705363200000,
    4.985
  ],
  [
    1705449600000,
    5.07
  ],
  [
    1705881600000,
    3.254
  ],
  [
    1706313600000,
    4.345
  ],
  [
    1706400000000,
    5.17
  ],
  [
    1706572800000,
    5.21
  ],
  [
    1706659200000,
    3.79
  ],
  [
    1707004800000,
    4.98
  ],
  [
    1707264000000,
    4.402
  ],
  [
    1707696000000,
    4.85
  ],
  [
    1708128000000,
    3.3
  ],
  [
    1708819200000,
    4.055
  ],
  [
    1708905600000,
    4.459
  ],
  [
    1709337600000,
    3.77
  ],
  [
    1709769600000,
    3.57
  ],
  [
    1709856000000,
    3.63
  ],
  [
    1710028800000,
    4.08
  ],
  [
    1710201600000,
    3.53
  ],
  [
    1710374400000,
    3.623
  ],
  [
    1710460800000,
    2.72
  ],
  [
    1710633600000,
    3.2
  ],
  [
    1710979200000,
    2.71
  ],
  [
    1711065600000,
    2.503
  ],
  [
    1711238400000,
    2.852
  ],
  [
    1711497600000,
    2.839
  ],
  [
    1711926000000,
    2.718
  ],
  [
    1712012400000,
    2.89
  ],
  [
    1712098800000,
    3.015
  ],
  [
    1712358000000,
    3.195
  ],
  [
    1712444400000,
    3.045
  ],
  [
    1712790000000,
    3.23
  ],
  [
    1712876400000,
    3.05
  ],
  [
    1712962800000,
    3.71
  ],
  [
    1713394800000,
    4.1
  ],
  [
    1713481200000,
    4.12
  ],
  [
    1713826800000,
    4.123
  ],
  [
    1714086000000,
    4
  ],
  [
    1714258800000,
    4.282
  ],
  [
    1714863600000,
    4.945
  ],
  [
    1715295600000,
    3.5
  ],
  [
    1715382000000,
    3.36
  ],
  [
    1715468400000,
    3.002
  ],
  [
    1715554800000,
    3.434
  ],
  [
    1715814000000,
    3.29
  ],
  [
    1715986800000,
    3.733
  ],
  [
    1716159600000,
    3.662
  ],
  [
    1716508800000,
    3.91
  ],
  [
    1717099200000,
    3.73
  ],
  [
    1717146000000,
    3.84
  ],
  [
    1717207200000,
    3.93
  ],
  [
    1717261200000,
    3.945
  ],
  [
    1717282800000,
    3.97
  ],
  [
    1717293600000,
    3.98
  ],
  [
    1717365600000,
    4.025
  ],
  [
    1717624800000,
    4.389
  ],
  [
    1717693200000,
    4.38
  ],
  [
    1717783200000,
    4.488
  ],
  [
    1717891200000,
    3.921
  ],
  [
    1719000000000,
    9.863
  ]
]