[
  [
    1574121600000,
    0.238
  ],
  [
    1574208000000,
    0.288
  ],
  [
    1574294400000,
    0.326
  ],
  [
    1574380800000,
    1.545
  ],
  [
    1574467200000,
    0.305
  ],
  [
    1574553600000,
    0.288
  ],
  [
    1574640000000,
    0.268
  ],
  [
    1574726400000,
    0.286
  ],
  [
    1574812800000,
    0.262
  ],
  [
    1574899200000,
    0.298
  ],
  [
    1574985600000,
    0.338
  ],
  [
    1575072000000,
    0.396
  ],
  [
    1575158400000,
    0.392
  ],
  [
    1575244800000,
    0.467
  ],
  [
    1575331200000,
    0.407
  ],
  [
    1575417600000,
    0.315
  ],
  [
    1575504000000,
    0.315
  ],
  [
    1575590400000,
    0.267
  ],
  [
    1575676800000,
    0.28
  ],
  [
    1575763200000,
    1.518
  ],
  [
    1575849600000,
    0.296
  ],
  [
    1575936000000,
    0.35
  ],
  [
    1576022400000,
    0.324
  ],
  [
    1576108800000,
    0.327
  ],
  [
    1576195200000,
    0.31
  ],
  [
    1576281600000,
    0.31
  ],
  [
    1576368000000,
    0.298
  ],
  [
    1576454400000,
    3.451
  ],
  [
    1576540800000,
    1.092
  ],
  [
    1576627200000,
    0.29
  ],
  [
    1576713600000,
    0.299
  ],
  [
    1576800000000,
    0.256
  ],
  [
    1576886400000,
    0.34
  ],
  [
    1576972800000,
    0.387
  ],
  [
    1577059200000,
    0.629
  ],
  [
    1577145600000,
    0.379
  ],
  [
    1577232000000,
    0.34
  ],
  [
    1577318400000,
    0.319
  ],
  [
    1577404800000,
    0.329
  ],
  [
    1577491200000,
    0.369
  ],
  [
    1577577600000,
    0.313
  ],
  [
    1577664000000,
    0.303
  ],
  [
    1577750400000,
    1.817
  ],
  [
    1577836800000,
    0.291
  ],
  [
    1577923200000,
    0.315
  ],
  [
    1578009600000,
    0.285
  ],
  [
    1578096000000,
    0.291
  ],
  [
    1578182400000,
    0.297
  ],
  [
    1578268800000,
    0.301
  ],
  [
    1578355200000,
    0.345
  ],
  [
    1578441600000,
    0.317
  ],
  [
    1578528000000,
    0.32
  ],
  [
    1578614400000,
    0.325
  ],
  [
    1578700800000,
    0.325
  ],
  [
    1578787200000,
    0.315
  ],
  [
    1578873600000,
    0.335
  ],
  [
    1578960000000,
    0.353
  ],
  [
    1579046400000,
    0.398
  ],
  [
    1579132800000,
    0.351
  ],
  [
    1579219200000,
    3.236
  ],
  [
    1579305600000,
    0.351
  ],
  [
    1579392000000,
    0.383
  ],
  [
    1579478400000,
    3.914
  ],
  [
    1579564800000,
    0.34
  ],
  [
    1579651200000,
    0.346
  ],
  [
    1579737600000,
    0.388
  ],
  [
    1579824000000,
    0.366
  ],
  [
    1579910400000,
    0.354
  ],
  [
    1579996800000,
    0.617
  ],
  [
    1580083200000,
    0.317
  ],
  [
    1580169600000,
    0.354
  ],
  [
    1580256000000,
    0.358
  ],
  [
    1580342400000,
    0.35
  ],
  [
    1580428800000,
    0.387
  ],
  [
    1580515200000,
    0.409
  ],
  [
    1580601600000,
    0.452
  ],
  [
    1580688000000,
    0.662
  ],
  [
    1580774400000,
    1.057
  ],
  [
    1580860800000,
    0.947
  ],
  [
    1580947200000,
    0.74
  ],
  [
    1581033600000,
    0.565
  ],
  [
    1581120000000,
    0.516
  ],
  [
    1581206400000,
    0.485
  ],
  [
    1581292800000,
    0.47
  ],
  [
    1581379200000,
    0.493
  ],
  [
    1581465600000,
    0.465
  ],
  [
    1581552000000,
    0.49
  ],
  [
    1581638400000,
    0.482
  ],
  [
    1581724800000,
    0.506
  ],
  [
    1581811200000,
    0.532
  ],
  [
    1581897600000,
    0.516
  ],
  [
    1581984000000,
    0.513
  ],
  [
    1582070400000,
    0.456
  ],
  [
    1582156800000,
    0.435
  ],
  [
    1582243200000,
    0.45
  ],
  [
    1582329600000,
    0.451
  ],
  [
    1582416000000,
    0.552
  ],
  [
    1582502400000,
    0.728
  ],
  [
    1582588800000,
    0.656
  ],
  [
    1582675200000,
    0.61
  ],
  [
    1582761600000,
    0.582
  ],
  [
    1582848000000,
    0.604
  ],
  [
    1582934400000,
    0.689
  ],
  [
    1583020800000,
    0.674
  ],
  [
    1583107200000,
    0.613
  ],
  [
    1583193600000,
    0.609
  ],
  [
    1583280000000,
    0.595
  ],
  [
    1583366400000,
    0.574
  ],
  [
    1583452800000,
    0.563
  ],
  [
    1583539200000,
    0.505
  ],
  [
    1583625600000,
    0.512
  ],
  [
    1583712000000,
    0.507
  ],
  [
    1583798400000,
    0.492
  ],
  [
    1583884800000,
    0.507
  ],
  [
    1583971200000,
    0.492
  ],
  [
    1584057600000,
    0.484
  ],
  [
    1584144000000,
    0.477
  ],
  [
    1584230400000,
    0.486
  ],
  [
    1584316800000,
    0.459
  ],
  [
    1584403200000,
    0.458
  ],
  [
    1584489600000,
    0.478
  ],
  [
    1584576000000,
    0.503
  ],
  [
    1584662400000,
    0.495
  ],
  [
    1584748800000,
    0.523
  ],
  [
    1584835200000,
    0.549
  ],
  [
    1584921600000,
    0.534
  ],
  [
    1585008000000,
    0.517
  ],
  [
    1585094400000,
    0.516
  ],
  [
    1585180800000,
    0.533
  ],
  [
    1585267200000,
    0.571
  ],
  [
    1585353600000,
    0.559
  ],
  [
    1585440000000,
    0.582
  ],
  [
    1585522800000,
    0.615
  ],
  [
    1585609200000,
    0.527
  ],
  [
    1585695600000,
    0.522
  ],
  [
    1585782000000,
    0.519
  ],
  [
    1585868400000,
    0.481
  ],
  [
    1585954800000,
    0.51
  ],
  [
    1586041200000,
    0.516
  ],
  [
    1586127600000,
    0.509
  ],
  [
    1586214000000,
    0.511
  ],
  [
    1586300400000,
    0.527
  ],
  [
    1586386800000,
    0.512
  ],
  [
    1586473200000,
    0.491
  ],
  [
    1586559600000,
    0.51
  ],
  [
    1586646000000,
    0.513
  ],
  [
    1586732400000,
    0.486
  ],
  [
    1586818800000,
    0.478
  ],
  [
    1586905200000,
    0.52
  ],
  [
    1586991600000,
    0.506
  ],
  [
    1587078000000,
    0.511
  ],
  [
    1587164400000,
    0.628
  ],
  [
    1587250800000,
    0.652
  ],
  [
    1587337200000,
    0.571
  ],
  [
    1587423600000,
    0.624
  ],
  [
    1587510000000,
    0.55
  ],
  [
    1587596400000,
    0.554
  ],
  [
    1587682800000,
    0.584
  ],
  [
    1587769200000,
    0.606
  ],
  [
    1587855600000,
    0.59
  ],
  [
    1587942000000,
    0.603
  ],
  [
    1588028400000,
    0.622
  ],
  [
    1588114800000,
    0.667
  ],
  [
    1588201200000,
    0.698
  ],
  [
    1588287600000,
    0.715
  ],
  [
    1588374000000,
    0.709
  ],
  [
    1588460400000,
    0.883
  ],
  [
    1588546800000,
    0.828
  ],
  [
    1588633200000,
    0.882
  ],
  [
    1588719600000,
    0.877
  ],
  [
    1588806000000,
    0.809
  ],
  [
    1588892400000,
    0.941
  ],
  [
    1588978800000,
    0.831
  ],
  [
    1589065200000,
    0.852
  ],
  [
    1589151600000,
    0.905
  ],
  [
    1589238000000,
    0.913
  ],
  [
    1589324400000,
    0.863
  ],
  [
    1589410800000,
    0.848
  ],
  [
    1589497200000,
    0.956
  ],
  [
    1589583600000,
    1.009
  ],
  [
    1589670000000,
    1.211
  ],
  [
    1589756400000,
    1.254
  ],
  [
    1589842800000,
    1.122
  ],
  [
    1589929200000,
    1.114
  ],
  [
    1590015600000,
    1.147
  ],
  [
    1590102000000,
    1.087
  ],
  [
    1590188400000,
    1.091
  ],
  [
    1590274800000,
    1.142
  ],
  [
    1590361200000,
    1.058
  ],
  [
    1590447600000,
    1.058
  ],
  [
    1590534000000,
    1.046
  ],
  [
    1590620400000,
    1.039
  ],
  [
    1590706800000,
    1.035
  ],
  [
    1590793200000,
    1.105
  ],
  [
    1590879600000,
    1.031
  ],
  [
    1590966000000,
    1.027
  ],
  [
    1591052400000,
    1.051
  ],
  [
    1591138800000,
    1.142
  ],
  [
    1591225200000,
    1.046
  ],
  [
    1591311600000,
    1.023
  ],
  [
    1591398000000,
    1.057
  ],
  [
    1591484400000,
    1.069
  ],
  [
    1591570800000,
    1.016
  ],
  [
    1591657200000,
    0.955
  ],
  [
    1591743600000,
    1.016
  ],
  [
    1591830000000,
    1.025
  ],
  [
    1591916400000,
    1.017
  ],
  [
    1592002800000,
    1.023
  ],
  [
    1592089200000,
    0.994
  ],
  [
    1592175600000,
    0.938
  ],
  [
    1592262000000,
    0.961
  ],
  [
    1592348400000,
    0.928
  ],
  [
    1592434800000,
    0.955
  ],
  [
    1592521200000,
    1.097
  ],
  [
    1592607600000,
    1.031
  ],
  [
    1592694000000,
    0.967
  ],
  [
    1592780400000,
    0.931
  ],
  [
    1592866800000,
    0.963
  ],
  [
    1592953200000,
    0.962
  ],
  [
    1593039600000,
    0.869
  ],
  [
    1593126000000,
    0.9
  ],
  [
    1593212400000,
    0.83
  ],
  [
    1593298800000,
    0.868
  ],
  [
    1593385200000,
    0.953
  ],
  [
    1593471600000,
    0.912
  ],
  [
    1593558000000,
    0.936
  ],
  [
    1593644400000,
    0.887
  ],
  [
    1593730800000,
    0.957
  ],
  [
    1593817200000,
    0.945
  ],
  [
    1593903600000,
    0.938
  ],
  [
    1593990000000,
    0.928
  ],
  [
    1594076400000,
    0.892
  ],
  [
    1594162800000,
    0.954
  ],
  [
    1594249200000,
    0.922
  ],
  [
    1594335600000,
    0.928
  ],
  [
    1594422000000,
    0.976
  ],
  [
    1594508400000,
    1.853
  ],
  [
    1594594800000,
    0.932
  ],
  [
    1594681200000,
    0.965
  ],
  [
    1594767600000,
    1.283
  ],
  [
    1594854000000,
    0.95
  ],
  [
    1594940400000,
    1.013
  ],
  [
    1595026800000,
    1.064
  ],
  [
    1595113200000,
    1.024
  ],
  [
    1595199600000,
    1.039
  ],
  [
    1595286000000,
    1.07
  ],
  [
    1595372400000,
    1.067
  ],
  [
    1595458800000,
    1.132
  ],
  [
    1595545200000,
    1.15
  ],
  [
    1595631600000,
    1.136
  ],
  [
    1595718000000,
    1.139
  ],
  [
    1595804400000,
    1.311
  ],
  [
    1595890800000,
    1.401
  ],
  [
    1595977200000,
    1.2
  ],
  [
    1596063600000,
    1.379
  ],
  [
    1596150000000,
    1.34
  ],
  [
    1596236400000,
    1.14
  ],
  [
    1596322800000,
    1.065
  ],
  [
    1596409200000,
    1.123
  ],
  [
    1596495600000,
    1.132
  ],
  [
    1596582000000,
    1.355
  ],
  [
    1596668400000,
    1.217
  ],
  [
    1596754800000,
    1.159
  ],
  [
    1596841200000,
    1.246
  ],
  [
    1596927600000,
    1.146
  ],
  [
    1597014000000,
    1.08
  ],
  [
    1597100400000,
    1.12
  ],
  [
    1597186800000,
    1.203
  ],
  [
    1597273200000,
    1.057
  ],
  [
    1597359600000,
    1.077
  ],
  [
    1597446000000,
    1.04
  ],
  [
    1597532400000,
    1.112
  ],
  [
    1597618800000,
    1.078
  ],
  [
    1597705200000,
    1.121
  ],
  [
    1597791600000,
    1.224
  ],
  [
    1597878000000,
    1.037
  ],
  [
    1597964400000,
    1.082
  ],
  [
    1598050800000,
    2.878
  ],
  [
    1598137200000,
    1.118
  ],
  [
    1598223600000,
    1.383
  ],
  [
    1598310000000,
    1.048
  ],
  [
    1598396400000,
    1.094
  ],
  [
    1598482800000,
    1.051
  ],
  [
    1598569200000,
    1.125
  ],
  [
    1598655600000,
    1.123
  ],
  [
    1598742000000,
    1.028
  ],
  [
    1598828400000,
    1.12
  ],
  [
    1598914800000,
    1.1
  ],
  [
    1599001200000,
    1.027
  ],
  [
    1599087600000,
    1.019
  ],
  [
    1599174000000,
    1.032
  ],
  [
    1599260400000,
    0.991
  ],
  [
    1599346800000,
    1.029
  ],
  [
    1599433200000,
    0.958
  ],
  [
    1599519600000,
    1.015
  ],
  [
    1599606000000,
    1.022
  ],
  [
    1599692400000,
    0.997
  ],
  [
    1599778800000,
    1.116
  ],
  [
    1599865200000,
    0.977
  ],
  [
    1599951600000,
    1.147
  ],
  [
    1600038000000,
    1.098
  ],
  [
    1600124400000,
    1.087
  ],
  [
    1600210800000,
    1.085
  ],
  [
    1600297200000,
    1.063
  ],
  [
    1600383600000,
    1.102
  ],
  [
    1600470000000,
    1.128
  ],
  [
    1600556400000,
    1.126
  ],
  [
    1600642800000,
    1.091
  ],
  [
    1600729200000,
    1.125
  ],
  [
    1600815600000,
    1.113
  ],
  [
    1600902000000,
    1.156
  ],
  [
    1600988400000,
    1.127
  ],
  [
    1601074800000,
    1.156
  ],
  [
    1601161200000,
    1.096
  ],
  [
    1601247600000,
    1.221
  ],
  [
    1601334000000,
    1.232
  ],
  [
    1601420400000,
    1.281
  ],
  [
    1601506800000,
    1.171
  ],
  [
    1601593200000,
    1.278
  ],
  [
    1601679600000,
    1.414
  ],
  [
    1601766000000,
    0.995
  ],
  [
    1601852400000,
    1.166
  ],
  [
    1601938800000,
    1.206
  ],
  [
    1602025200000,
    1.215
  ],
  [
    1602111600000,
    1.204
  ],
  [
    1602198000000,
    1.214
  ],
  [
    1602284400000,
    1.212
  ],
  [
    1602370800000,
    1.195
  ],
  [
    1602457200000,
    1.323
  ],
  [
    1602543600000,
    1.319
  ],
  [
    1602630000000,
    1.367
  ],
  [
    1602716400000,
    1.299
  ],
  [
    1602802800000,
    1.308
  ],
  [
    1602889200000,
    1.331
  ],
  [
    1602975600000,
    1.304
  ],
  [
    1603062000000,
    1.475
  ],
  [
    1603148400000,
    1.383
  ],
  [
    1603234800000,
    1.541
  ],
  [
    1603321200000,
    1.389
  ],
  [
    1603407600000,
    1.423
  ],
  [
    1603494000000,
    1.485
  ],
  [
    1603580400000,
    1.457
  ],
  [
    1603670400000,
    1.349
  ],
  [
    1603756800000,
    1.29
  ],
  [
    1603843200000,
    1.339
  ],
  [
    1603929600000,
    1.234
  ],
  [
    1604016000000,
    1.356
  ],
  [
    1604102400000,
    1.276
  ],
  [
    1604188800000,
    1.347
  ],
  [
    1604275200000,
    1.314
  ],
  [
    1604361600000,
    1.381
  ],
  [
    1604448000000,
    1.458
  ],
  [
    1604534400000,
    1.337
  ],
  [
    1604620800000,
    1.375
  ],
  [
    1604707200000,
    1.272
  ],
  [
    1604793600000,
    1.32
  ],
  [
    1604880000000,
    1.311
  ],
  [
    1604966400000,
    1.307
  ],
  [
    1605052800000,
    1.246
  ],
  [
    1605139200000,
    1.318
  ],
  [
    1605225600000,
    1.269
  ],
  [
    1605312000000,
    1.281
  ],
  [
    1605398400000,
    1.306
  ],
  [
    1605484800000,
    1.328
  ],
  [
    1605571200000,
    1.304
  ],
  [
    1605657600000,
    1.247
  ],
  [
    1605744000000,
    1.326
  ],
  [
    1605830400000,
    1.302
  ],
  [
    1605916800000,
    1.327
  ],
  [
    1606003200000,
    1.335
  ],
  [
    1606089600000,
    1.281
  ],
  [
    1606176000000,
    1.313
  ],
  [
    1606262400000,
    1.235
  ],
  [
    1606348800000,
    1.252
  ],
  [
    1606435200000,
    1.17
  ],
  [
    1606521600000,
    1.103
  ],
  [
    1606608000000,
    1.141
  ],
  [
    1606694400000,
    1.168
  ],
  [
    1606780800000,
    1.262
  ],
  [
    1606867200000,
    1.176
  ],
  [
    1606953600000,
    1.233
  ],
  [
    1607040000000,
    1.096
  ],
  [
    1607126400000,
    1.087
  ],
  [
    1607212800000,
    1.117
  ],
  [
    1607299200000,
    1.064
  ],
  [
    1607385600000,
    1.036
  ],
  [
    1607472000000,
    1.065
  ],
  [
    1607558400000,
    1.022
  ],
  [
    1607644800000,
    1.056
  ],
  [
    1607731200000,
    1.995
  ],
  [
    1607817600000,
    1.101
  ],
  [
    1607904000000,
    1.057
  ],
  [
    1607990400000,
    1.049
  ],
  [
    1608076800000,
    1.033
  ],
  [
    1608163200000,
    1.087
  ],
  [
    1608249600000,
    1.06
  ],
  [
    1608336000000,
    1.165
  ],
  [
    1608422400000,
    1.077
  ],
  [
    1608508800000,
    1.147
  ],
  [
    1608595200000,
    1.049
  ],
  [
    1608681600000,
    1.058
  ],
  [
    1608768000000,
    1.048
  ],
  [
    1608854400000,
    1.082
  ],
  [
    1608940800000,
    1.079
  ],
  [
    1609027200000,
    1.111
  ],
  [
    1609113600000,
    1.192
  ],
  [
    1609200000000,
    1.235
  ],
  [
    1609286400000,
    1.365
  ],
  [
    1609372800000,
    1.452
  ],
  [
    1609459200000,
    1.349
  ],
  [
    1609545600000,
    1.47
  ],
  [
    1609632000000,
    1.571
  ],
  [
    1609718400000,
    1.64
  ],
  [
    1609804800000,
    1.723
  ],
  [
    1609891200000,
    1.756
  ],
  [
    1609977600000,
    3.267
  ],
  [
    1610064000000,
    1.786
  ],
  [
    1610150400000,
    1.741
  ],
  [
    1610236800000,
    1.875
  ],
  [
    1610323200000,
    1.88
  ],
  [
    1610409600000,
    1.777
  ],
  [
    1610496000000,
    1.879
  ],
  [
    1610582400000,
    1.727
  ],
  [
    1610668800000,
    1.765
  ],
  [
    1610755200000,
    1.605
  ],
  [
    1610841600000,
    1.756
  ],
  [
    1610928000000,
    1.769
  ],
  [
    1611014400000,
    1.994
  ],
  [
    1611100800000,
    1.789
  ],
  [
    1611187200000,
    1.799
  ],
  [
    1611273600000,
    1.768
  ],
  [
    1611360000000,
    1.712
  ],
  [
    1611446400000,
    1.738
  ],
  [
    1611532800000,
    1.781
  ],
  [
    1611619200000,
    1.85
  ],
  [
    1611705600000,
    1.764
  ],
  [
    1611792000000,
    1.879
  ],
  [
    1611878400000,
    1.844
  ],
  [
    1611964800000,
    1.728
  ],
  [
    1612051200000,
    1.84
  ],
  [
    1612137600000,
    1.971
  ],
  [
    1612224000000,
    1.834
  ],
  [
    1612310400000,
    2.141
  ],
  [
    1612396800000,
    2.075
  ],
  [
    1612483200000,
    1.936
  ],
  [
    1612569600000,
    2.087
  ],
  [
    1612656000000,
    1.972
  ],
  [
    1612742400000,
    1.891
  ],
  [
    1612828800000,
    2.2
  ],
  [
    1612915200000,
    2.139
  ],
  [
    1613001600000,
    2.336
  ],
  [
    1613088000000,
    1.74
  ],
  [
    1613174400000,
    2.043
  ],
  [
    1613260800000,
    1.722
  ],
  [
    1613347200000,
    1.741
  ],
  [
    1613433600000,
    1.741
  ],
  [
    1613520000000,
    2.01
  ],
  [
    1613606400000,
    3.15
  ],
  [
    1613692800000,
    1.953
  ],
  [
    1613779200000,
    1.918
  ],
  [
    1613865600000,
    1.949
  ],
  [
    1613952000000,
    1.895
  ],
  [
    1614038400000,
    1.966
  ],
  [
    1614124800000,
    1.867
  ],
  [
    1614211200000,
    2.116
  ],
  [
    1614297600000,
    2.452
  ],
  [
    1614384000000,
    1.888
  ],
  [
    1614470400000,
    2.071
  ],
  [
    1614556800000,
    1.852
  ],
  [
    1614643200000,
    2.045
  ],
  [
    1614729600000,
    2.001
  ],
  [
    1614816000000,
    2.152
  ],
  [
    1614902400000,
    2.021
  ],
  [
    1614988800000,
    2.108
  ],
  [
    1615075200000,
    2.351
  ],
  [
    1615161600000,
    2.236
  ],
  [
    1615248000000,
    2.444
  ],
  [
    1615334400000,
    2.588
  ],
  [
    1615420800000,
    2.219
  ],
  [
    1615507200000,
    2.501
  ],
  [
    1615593600000,
    2.377
  ],
  [
    1615680000000,
    2.281
  ],
  [
    1615766400000,
    1.995
  ],
  [
    1615852800000,
    2.189
  ],
  [
    1615939200000,
    1.94
  ],
  [
    1616025600000,
    2.093
  ],
  [
    1616112000000,
    2.154
  ],
  [
    1616198400000,
    2.435
  ],
  [
    1616284800000,
    2.558
  ],
  [
    1616371200000,
    3.4
  ],
  [
    1616457600000,
    4.27
  ],
  [
    1616544000000,
    3.27
  ],
  [
    1616630400000,
    3.447
  ],
  [
    1616716800000,
    2.352
  ],
  [
    1616803200000,
    3.777
  ],
  [
    1616889600000,
    3.531
  ],
  [
    1616972400000,
    3.601
  ],
  [
    1617058800000,
    4.476
  ],
  [
    1617145200000,
    3.681
  ],
  [
    1617231600000,
    3.418
  ],
  [
    1617318000000,
    3.111
  ],
  [
    1617404400000,
    2.902
  ],
  [
    1617490800000,
    2.855
  ],
  [
    1617577200000,
    3.029
  ],
  [
    1617663600000,
    3.16
  ],
  [
    1617750000000,
    3.086
  ],
  [
    1617836400000,
    2.887
  ],
  [
    1617922800000,
    2.915
  ],
  [
    1618009200000,
    2.956
  ],
  [
    1618095600000,
    2.709
  ],
  [
    1618182000000,
    3.065
  ],
  [
    1618268400000,
    3.089
  ],
  [
    1618354800000,
    3.224
  ],
  [
    1618441200000,
    3.406
  ],
  [
    1618527600000,
    2.734
  ],
  [
    1618614000000,
    3.23
  ],
  [
    1618700400000,
    3.264
  ],
  [
    1618786800000,
    3.311
  ],
  [
    1618873200000,
    3.779
  ],
  [
    1618959600000,
    3.458
  ],
  [
    1619046000000,
    3.182
  ],
  [
    1619132400000,
    3.323
  ],
  [
    1619218800000,
    3.332
  ],
  [
    1619305200000,
    3.115
  ],
  [
    1619391600000,
    3.1
  ],
  [
    1619478000000,
    3.063
  ],
  [
    1619564400000,
    3.113
  ],
  [
    1619650800000,
    3.331
  ],
  [
    1619737200000,
    3.582
  ],
  [
    1619823600000,
    3.612
  ],
  [
    1619910000000,
    3.822
  ],
  [
    1619996400000,
    4.074
  ],
  [
    1620082800000,
    4.371
  ],
  [
    1620169200000,
    3.551
  ],
  [
    1620255600000,
    4.091
  ],
  [
    1620342000000,
    4.125
  ],
  [
    1620428400000,
    3.985
  ],
  [
    1620514800000,
    3.879
  ],
  [
    1620601200000,
    3.538
  ],
  [
    1620687600000,
    3.71
  ],
  [
    1620774000000,
    3.945
  ],
  [
    1620860400000,
    4.032
  ],
  [
    1620946800000,
    3.699
  ],
  [
    1621033200000,
    4.105
  ],
  [
    1621119600000,
    4.175
  ],
  [
    1621206000000,
    4.545
  ],
  [
    1621292400000,
    4.261
  ],
  [
    1621378800000,
    4.308
  ],
  [
    1621465200000,
    5.034
  ],
  [
    1621551600000,
    4.922
  ],
  [
    1621638000000,
    6.063
  ],
  [
    1621724400000,
    6.284
  ],
  [
    1621810800000,
    6.765
  ],
  [
    1621897200000,
    7.354
  ],
  [
    1621983600000,
    10.365
  ],
  [
    1622070000000,
    9.314
  ],
  [
    1622156400000,
    9.223
  ],
  [
    1622242800000,
    8.442
  ],
  [
    1622329200000,
    8.164
  ],
  [
    1622415600000,
    8.208
  ],
  [
    1622502000000,
    8.523
  ],
  [
    1622588400000,
    9.114
  ],
  [
    1622674800000,
    9.916
  ],
  [
    1622761200000,
    11.521
  ],
  [
    1622847600000,
    10.969
  ],
  [
    1622934000000,
    11.557
  ],
  [
    1623020400000,
    10.847
  ],
  [
    1623106800000,
    10.049
  ],
  [
    1623193200000,
    10.454
  ],
  [
    1623279600000,
    10.792
  ],
  [
    1623366000000,
    11.672
  ],
  [
    1623452400000,
    12.428
  ],
  [
    1623538800000,
    12.768
  ],
  [
    1623625200000,
    13.805
  ],
  [
    1623711600000,
    10.975
  ],
  [
    1623798000000,
    10.904
  ],
  [
    1623884400000,
    10.743
  ],
  [
    1623970800000,
    10.971
  ],
  [
    1624057200000,
    10.992
  ],
  [
    1624143600000,
    10.213
  ],
  [
    1624230000000,
    11.269
  ],
  [
    1624316400000,
    9.112
  ],
  [
    1624402800000,
    9.539
  ],
  [
    1624489200000,
    9.479
  ],
  [
    1624575600000,
    8.102
  ],
  [
    1624662000000,
    8.838
  ],
  [
    1624748400000,
    8.408
  ],
  [
    1624834800000,
    8.705
  ],
  [
    1624921200000,
    8.438
  ],
  [
    1625007600000,
    8.446
  ],
  [
    1625094000000,
    8.939
  ],
  [
    1625180400000,
    8.469
  ],
  [
    1625266800000,
    8.356
  ],
  [
    1625353200000,
    8.391
  ],
  [
    1625439600000,
    8.447
  ],
  [
    1625526000000,
    7.831
  ],
  [
    1625612400000,
    7.558
  ],
  [
    1625698800000,
    7.468
  ],
  [
    1625785200000,
    7.371
  ],
  [
    1625871600000,
    7.967
  ],
  [
    1625958000000,
    7.71
  ],
  [
    1626044400000,
    6.544
  ],
  [
    1626130800000,
    9.219
  ],
  [
    1626217200000,
    7.939
  ],
  [
    1626303600000,
    7.064
  ],
  [
    1626390000000,
    7.388
  ],
  [
    1626476400000,
    7.554
  ],
  [
    1626562800000,
    7.183
  ],
  [
    1626649200000,
    7
  ],
  [
    1626735600000,
    6.68
  ],
  [
    1626822000000,
    7.151
  ],
  [
    1626908400000,
    7.47
  ],
  [
    1626994800000,
    6.991
  ],
  [
    1627081200000,
    7.128
  ],
  [
    1627167600000,
    7.15
  ],
  [
    1627254000000,
    7.223
  ],
  [
    1627340400000,
    7.506
  ],
  [
    1627426800000,
    8.584
  ],
  [
    1627513200000,
    7.28
  ],
  [
    1627599600000,
    7.81
  ],
  [
    1627686000000,
    7.79
  ],
  [
    1627772400000,
    8.011
  ],
  [
    1627858800000,
    7.577
  ],
  [
    1627945200000,
    8.223
  ],
  [
    1628031600000,
    7.854
  ],
  [
    1628118000000,
    7.705
  ],
  [
    1628204400000,
    7.702
  ],
  [
    1628290800000,
    7.811
  ],
  [
    1628377200000,
    7.603
  ],
  [
    1628463600000,
    7.224
  ],
  [
    1628550000000,
    7.152
  ],
  [
    1628636400000,
    7.36
  ],
  [
    1628722800000,
    6.851
  ],
  [
    1628809200000,
    6.881
  ],
  [
    1628895600000,
    6.503
  ],
  [
    1628982000000,
    6.453
  ],
  [
    1629068400000,
    6.566
  ],
  [
    1629154800000,
    6.064
  ],
  [
    1629241200000,
    6.244
  ],
  [
    1629327600000,
    5.855
  ],
  [
    1629414000000,
    5.992
  ],
  [
    1629500400000,
    6.213
  ],
  [
    1629586800000,
    6.502
  ],
  [
    1629673200000,
    7.615
  ],
  [
    1629759600000,
    6.225
  ],
  [
    1629846000000,
    6.517
  ],
  [
    1629932400000,
    6.634
  ],
  [
    1630018800000,
    6.566
  ],
  [
    1630105200000,
    8.042
  ],
  [
    1630191600000,
    6.799
  ],
  [
    1630278000000,
    6.63
  ],
  [
    1630364400000,
    7.383
  ],
  [
    1630450800000,
    6.451
  ],
  [
    1630537200000,
    6.403
  ],
  [
    1630623600000,
    6.881
  ],
  [
    1630710000000,
    6.58
  ],
  [
    1630796400000,
    7.211
  ],
  [
    1630882800000,
    6.992
  ],
  [
    1630969200000,
    6.498
  ],
  [
    1631055600000,
    6.588
  ],
  [
    1631142000000,
    7.249
  ],
  [
    1631228400000,
    6.234
  ],
  [
    1631314800000,
    5.646
  ],
  [
    1631401200000,
    6.49
  ],
  [
    1631487600000,
    6.602
  ],
  [
    1631574000000,
    6.62
  ],
  [
    1631660400000,
    6.678
  ],
  [
    1631746800000,
    6.753
  ],
  [
    1631833200000,
    6.244
  ],
  [
    1631919600000,
    6.225
  ],
  [
    1632006000000,
    6.659
  ],
  [
    1632178800000,
    6.26
  ],
  [
    1632265200000,
    4.985
  ],
  [
    1632351600000,
    5.288
  ],
  [
    1632438000000,
    4.592
  ],
  [
    1632524400000,
    4.946
  ],
  [
    1632610800000,
    4.328
  ],
  [
    1632697200000,
    5.306
  ],
  [
    1632783600000,
    5.054
  ],
  [
    1632870000000,
    5.055
  ],
  [
    1632956400000,
    5.249
  ],
  [
    1633042800000,
    5.301
  ],
  [
    1633129200000,
    5.305
  ],
  [
    1633215600000,
    5.073
  ],
  [
    1633302000000,
    5.18
  ],
  [
    1633388400000,
    5.001
  ],
  [
    1633474800000,
    4.914
  ],
  [
    1633561200000,
    4.961
  ],
  [
    1633647600000,
    4.665
  ],
  [
    1633734000000,
    4.81
  ],
  [
    1633820400000,
    4.835
  ],
  [
    1633906800000,
    5.445
  ],
  [
    1633993200000,
    4.57
  ],
  [
    1634079600000,
    4.417
  ],
  [
    1634166000000,
    4.372
  ],
  [
    1634252400000,
    4.233
  ],
  [
    1634338800000,
    4.998
  ],
  [
    1634425200000,
    4.871
  ],
  [
    1634511600000,
    5.276
  ],
  [
    1634598000000,
    5.32
  ],
  [
    1634684400000,
    4.46
  ],
  [
    1634770800000,
    4.805
  ],
  [
    1634857200000,
    4.441
  ],
  [
    1634943600000,
    4.303
  ],
  [
    1635030000000,
    4.252
  ],
  [
    1635116400000,
    4.055
  ],
  [
    1635202800000,
    4.148
  ],
  [
    1635289200000,
    4.326
  ],
  [
    1635375600000,
    4.507
  ],
  [
    1635462000000,
    4.332
  ],
  [
    1635548400000,
    3.65
  ],
  [
    1635634800000,
    4.459
  ],
  [
    1635724800000,
    4.415
  ],
  [
    1635811200000,
    4.548
  ],
  [
    1635897600000,
    4.754
  ],
  [
    1635984000000,
    4.825
  ],
  [
    1636070400000,
    5.203
  ],
  [
    1636156800000,
    4.71
  ],
  [
    1636243200000,
    5.575
  ],
  [
    1636329600000,
    4.454
  ],
  [
    1636416000000,
    4.583
  ],
  [
    1636502400000,
    4.618
  ],
  [
    1636588800000,
    4.625
  ],
  [
    1636675200000,
    4.731
  ],
  [
    1636761600000,
    4.061
  ],
  [
    1636848000000,
    4.898
  ],
  [
    1636934400000,
    4.64
  ],
  [
    1637020800000,
    5.116
  ],
  [
    1637107200000,
    5.225
  ],
  [
    1637193600000,
    5.355
  ],
  [
    1637280000000,
    5.263
  ],
  [
    1637366400000,
    5.808
  ],
  [
    1637452800000,
    5.264
  ],
  [
    1637539200000,
    5.746
  ],
  [
    1637625600000,
    5.844
  ],
  [
    1637712000000,
    6.394
  ],
  [
    1637884800000,
    5.562
  ],
  [
    1637971200000,
    5.726
  ],
  [
    1638057600000,
    5.346
  ],
  [
    1638144000000,
    5.756
  ],
  [
    1638230400000,
    5.801
  ],
  [
    1638316800000,
    5.49
  ],
  [
    1638403200000,
    10.807
  ],
  [
    1638489600000,
    5.807
  ],
  [
    1638576000000,
    6.119
  ],
  [
    1638662400000,
    6.351
  ],
  [
    1638748800000,
    6.521
  ],
  [
    1638835200000,
    6.638
  ],
  [
    1638921600000,
    6.937
  ],
  [
    1639008000000,
    6.952
  ],
  [
    1639094400000,
    7.586
  ],
  [
    1639180800000,
    7.402
  ],
  [
    1639267200000,
    7.078
  ],
  [
    1639353600000,
    6.881
  ],
  [
    1639440000000,
    6.673
  ],
  [
    1639526400000,
    6.713
  ],
  [
    1639612800000,
    6.202
  ],
  [
    1639699200000,
    6.418
  ],
  [
    1639785600000,
    5.955
  ],
  [
    1639872000000,
    6.286
  ],
  [
    1639958400000,
    6.167
  ],
  [
    1640044800000,
    6.812
  ],
  [
    1640131200000,
    6.679
  ],
  [
    1640217600000,
    6.588
  ],
  [
    1640304000000,
    6.656
  ],
  [
    1640390400000,
    6.693
  ],
  [
    1640563200000,
    5.255
  ],
  [
    1640649600000,
    6.898
  ],
  [
    1640736000000,
    6.6
  ],
  [
    1640822400000,
    6.898
  ],
  [
    1640908800000,
    7.516
  ],
  [
    1640995200000,
    7.01
  ],
  [
    1641081600000,
    7.399
  ],
  [
    1641254400000,
    7.178
  ],
  [
    1641340800000,
    7.584
  ],
  [
    1641427200000,
    8.093
  ],
  [
    1641513600000,
    10.808
  ],
  [
    1641600000000,
    7.657
  ],
  [
    1641772800000,
    7.95
  ],
  [
    1641859200000,
    7.157
  ],
  [
    1641945600000,
    7.728
  ],
  [
    1642032000000,
    8.251
  ],
  [
    1642118400000,
    7.602
  ],
  [
    1642204800000,
    7.489
  ],
  [
    1642291200000,
    8.132
  ],
  [
    1642377600000,
    7.363
  ],
  [
    1642464000000,
    7.845
  ],
  [
    1642550400000,
    8.829
  ],
  [
    1642636800000,
    7.307
  ],
  [
    1642723200000,
    8.397
  ],
  [
    1642809600000,
    7.692
  ],
  [
    1642896000000,
    9.69
  ],
  [
    1642982400000,
    7.737
  ],
  [
    1643068800000,
    7.886
  ],
  [
    1643155200000,
    8.787
  ],
  [
    1643241600000,
    8.258
  ],
  [
    1643328000000,
    8.632
  ],
  [
    1643414400000,
    7.034
  ],
  [
    1643500800000,
    8.944
  ],
  [
    1643587200000,
    7.122
  ],
  [
    1643673600000,
    14.156
  ],
  [
    1643760000000,
    7.061
  ],
  [
    1643846400000,
    6.937
  ],
  [
    1643932800000,
    6.746
  ],
  [
    1644019200000,
    6.711
  ],
  [
    1644105600000,
    6.227
  ],
  [
    1644192000000,
    6.29
  ],
  [
    1644278400000,
    6.57
  ],
  [
    1644364800000,
    6.396
  ],
  [
    1644451200000,
    6.786
  ],
  [
    1644537600000,
    6.779
  ],
  [
    1644624000000,
    6.752
  ],
  [
    1644710400000,
    6.97
  ],
  [
    1644796800000,
    6.686
  ],
  [
    1644883200000,
    6.903
  ],
  [
    1644969600000,
    6.932
  ],
  [
    1645056000000,
    6.631
  ],
  [
    1645142400000,
    6.996
  ],
  [
    1645228800000,
    6.85
  ],
  [
    1645315200000,
    6.727
  ],
  [
    1645401600000,
    10.903
  ],
  [
    1645488000000,
    6.585
  ],
  [
    1645574400000,
    6.513
  ],
  [
    1645660800000,
    10.648
  ],
  [
    1645747200000,
    6.675
  ],
  [
    1645833600000,
    6.475
  ],
  [
    1645920000000,
    6.821
  ],
  [
    1646006400000,
    6.41
  ],
  [
    1646092800000,
    6.495
  ],
  [
    1646179200000,
    6.457
  ],
  [
    1646265600000,
    6.633
  ],
  [
    1646352000000,
    6.646
  ],
  [
    1646438400000,
    6.238
  ],
  [
    1646524800000,
    7
  ],
  [
    1646611200000,
    6.579
  ],
  [
    1646697600000,
    7.355
  ],
  [
    1646784000000,
    7.158
  ],
  [
    1646870400000,
    6.851
  ],
  [
    1646956800000,
    7.201
  ],
  [
    1647043200000,
    6.856
  ],
  [
    1647129600000,
    6.803
  ],
  [
    1647216000000,
    7.044
  ],
  [
    1647302400000,
    7.1
  ],
  [
    1647388800000,
    6.64
  ],
  [
    1647475200000,
    9.129
  ],
  [
    1647561600000,
    7.293
  ],
  [
    1647648000000,
    6.968
  ],
  [
    1647734400000,
    7.872
  ],
  [
    1647820800000,
    7.989
  ],
  [
    1647907200000,
    7.871
  ],
  [
    1647993600000,
    8.68
  ],
  [
    1648080000000,
    7.637
  ],
  [
    1648166400000,
    8.045
  ],
  [
    1648252800000,
    7.906
  ],
  [
    1648339200000,
    9.743
  ],
  [
    1648422000000,
    7.572
  ],
  [
    1648508400000,
    8.177
  ],
  [
    1648681200000,
    10.73
  ],
  [
    1648767600000,
    7.75
  ],
  [
    1648854000000,
    10.06
  ],
  [
    1648940400000,
    8.444
  ],
  [
    1649026800000,
    8.39
  ],
  [
    1649113200000,
    8.215
  ],
  [
    1649199600000,
    8.641
  ],
  [
    1649286000000,
    9.334
  ],
  [
    1649372400000,
    8.503
  ],
  [
    1649458800000,
    8.36
  ],
  [
    1649545200000,
    12.939
  ],
  [
    1649631600000,
    8.665
  ],
  [
    1649718000000,
    8.659
  ],
  [
    1649804400000,
    8.48
  ],
  [
    1649977200000,
    8.948
  ],
  [
    1650063600000,
    8.14
  ],
  [
    1650150000000,
    9.452
  ],
  [
    1650236400000,
    8.377
  ],
  [
    1650322800000,
    8.3
  ],
  [
    1650409200000,
    9.482
  ],
  [
    1650495600000,
    9.14
  ],
  [
    1650582000000,
    8.87
  ],
  [
    1650668400000,
    9.57
  ],
  [
    1650754800000,
    10.014
  ],
  [
    1650841200000,
    9.692
  ],
  [
    1650927600000,
    9.413
  ],
  [
    1651014000000,
    9.7
  ],
  [
    1651100400000,
    9.625
  ],
  [
    1651186800000,
    9.47
  ],
  [
    1651273200000,
    9.374
  ],
  [
    1651359600000,
    8.998
  ],
  [
    1651446000000,
    17.574
  ],
  [
    1651532400000,
    15.01
  ],
  [
    1651618800000,
    8.977
  ],
  [
    1651791600000,
    8.605
  ],
  [
    1651878000000,
    8.73
  ],
  [
    1651964400000,
    8.614
  ],
  [
    1652050800000,
    8.688
  ],
  [
    1652137200000,
    8.654
  ],
  [
    1652223600000,
    8.855
  ],
  [
    1652310000000,
    9.471
  ],
  [
    1652396400000,
    9.29
  ],
  [
    1652482800000,
    8.852
  ],
  [
    1652569200000,
    8.663
  ],
  [
    1652655600000,
    8.589
  ],
  [
    1652828400000,
    8.532
  ],
  [
    1652914800000,
    9.155
  ],
  [
    1653001200000,
    9.28
  ],
  [
    1653174000000,
    9.463
  ],
  [
    1653260400000,
    8.969
  ],
  [
    1653346800000,
    8.616
  ],
  [
    1653433200000,
    9.13
  ],
  [
    1653519600000,
    6.728
  ],
  [
    1653606000000,
    8.01
  ],
  [
    1653692400000,
    8.225
  ],
  [
    1653778800000,
    8.025
  ],
  [
    1653865200000,
    8.744
  ],
  [
    1653951600000,
    8.225
  ],
  [
    1654038000000,
    7.912
  ],
  [
    1654124400000,
    8.854
  ],
  [
    1654210800000,
    8.685
  ],
  [
    1654297200000,
    8.548
  ],
  [
    1654383600000,
    7.84
  ],
  [
    1654470000000,
    8.51
  ],
  [
    1654556400000,
    8.612
  ],
  [
    1654642800000,
    8.257
  ],
  [
    1654815600000,
    8.662
  ],
  [
    1654902000000,
    8.008
  ],
  [
    1654988400000,
    7.951
  ],
  [
    1655074800000,
    7.93
  ],
  [
    1655161200000,
    8.513
  ],
  [
    1655247600000,
    8.25
  ],
  [
    1655334000000,
    8.589
  ],
  [
    1655420400000,
    8.446
  ],
  [
    1655506800000,
    8.308
  ],
  [
    1655593200000,
    8.431
  ],
  [
    1655766000000,
    8.164
  ],
  [
    1655938800000,
    7.459
  ],
  [
    1656025200000,
    7.22
  ],
  [
    1656111600000,
    7.852
  ],
  [
    1656198000000,
    7.342
  ],
  [
    1656284400000,
    7.765
  ],
  [
    1656370800000,
    7.952
  ],
  [
    1656543600000,
    7.382
  ],
  [
    1656630000000,
    7.443
  ],
  [
    1656716400000,
    7.355
  ],
  [
    1656802800000,
    8.567
  ],
  [
    1656889200000,
    7.29
  ],
  [
    1656975600000,
    7.9
  ],
  [
    1657062000000,
    7.866
  ],
  [
    1657148400000,
    7.75
  ],
  [
    1657234800000,
    7.961
  ],
  [
    1657321200000,
    7.459
  ],
  [
    1657407600000,
    7.3
  ],
  [
    1657494000000,
    7.595
  ],
  [
    1657666800000,
    7.72
  ],
  [
    1657753200000,
    7.499
  ],
  [
    1657839600000,
    7.329
  ],
  [
    1657926000000,
    7.4
  ],
  [
    1658012400000,
    7.818
  ],
  [
    1658098800000,
    7.739
  ],
  [
    1658185200000,
    11.57
  ],
  [
    1658358000000,
    8.06
  ],
  [
    1658444400000,
    8.572
  ],
  [
    1658530800000,
    7.786
  ],
  [
    1658617200000,
    7.78
  ],
  [
    1658703600000,
    9.812
  ],
  [
    1658790000000,
    7.68
  ],
  [
    1658876400000,
    7.634
  ],
  [
    1659049200000,
    7.59
  ],
  [
    1659135600000,
    7.775
  ],
  [
    1659222000000,
    7.986
  ],
  [
    1659308400000,
    7.56
  ],
  [
    1659394800000,
    8.219
  ],
  [
    1659481200000,
    8.142
  ],
  [
    1659567600000,
    8.322
  ],
  [
    1659654000000,
    8.831
  ],
  [
    1659740400000,
    8.091
  ],
  [
    1659826800000,
    8.225
  ],
  [
    1659913200000,
    7.91
  ],
  [
    1659999600000,
    7.82
  ],
  [
    1660086000000,
    7.619
  ],
  [
    1660172400000,
    8.12
  ],
  [
    1660258800000,
    8.026
  ],
  [
    1660345200000,
    7.91
  ],
  [
    1660431600000,
    8.081
  ],
  [
    1660518000000,
    7.927
  ],
  [
    1660604400000,
    7.913
  ],
  [
    1660690800000,
    7.963
  ],
  [
    1660777200000,
    8.115
  ],
  [
    1660863600000,
    8.161
  ],
  [
    1660950000000,
    7.983
  ],
  [
    1661036400000,
    8.564
  ],
  [
    1661122800000,
    8.213
  ],
  [
    1661209200000,
    8.14
  ],
  [
    1661295600000,
    8.217
  ],
  [
    1661382000000,
    8.606
  ],
  [
    1661468400000,
    8.205
  ],
  [
    1661554800000,
    8.49
  ],
  [
    1661641200000,
    8.339
  ],
  [
    1661727600000,
    8.443
  ],
  [
    1661814000000,
    9.307
  ],
  [
    1661900400000,
    8.326
  ],
  [
    1661986800000,
    7.941
  ],
  [
    1662073200000,
    8.216
  ],
  [
    1662159600000,
    8.585
  ],
  [
    1662246000000,
    8.861
  ],
  [
    1662332400000,
    11.8
  ],
  [
    1662418800000,
    8.548
  ],
  [
    1662505200000,
    8.685
  ],
  [
    1662591600000,
    8.667
  ],
  [
    1662678000000,
    8.801
  ],
  [
    1662764400000,
    8.712
  ],
  [
    1662850800000,
    8.941
  ],
  [
    1662937200000,
    8.826
  ],
  [
    1663023600000,
    9.16
  ],
  [
    1663110000000,
    8.695
  ],
  [
    1663196400000,
    8.869
  ],
  [
    1663282800000,
    9.115
  ],
  [
    1663369200000,
    8.144
  ],
  [
    1663542000000,
    8.25
  ],
  [
    1663628400000,
    8.5
  ],
  [
    1663714800000,
    7.78
  ],
  [
    1663801200000,
    8.759
  ],
  [
    1663887600000,
    8.399
  ],
  [
    1663974000000,
    8.368
  ],
  [
    1664060400000,
    7.892
  ],
  [
    1664146800000,
    8.088
  ],
  [
    1664233200000,
    7.74
  ],
  [
    1664406000000,
    9.205
  ],
  [
    1664492400000,
    8.07
  ],
  [
    1664578800000,
    9.005
  ],
  [
    1664665200000,
    8.224
  ],
  [
    1664751600000,
    8.375
  ],
  [
    1664838000000,
    8.835
  ],
  [
    1664924400000,
    8.245
  ],
  [
    1665010800000,
    8.37
  ],
  [
    1665097200000,
    9.305
  ],
  [
    1665183600000,
    8.862
  ],
  [
    1665270000000,
    8.921
  ],
  [
    1665356400000,
    9.281
  ],
  [
    1665529200000,
    8.94
  ],
  [
    1665615600000,
    9.17
  ],
  [
    1665702000000,
    9.557
  ],
  [
    1665788400000,
    10.09
  ],
  [
    1665961200000,
    10.424
  ],
  [
    1666047600000,
    10.18
  ],
  [
    1666220400000,
    10.057
  ],
  [
    1666306800000,
    10.568
  ],
  [
    1666393200000,
    10.067
  ],
  [
    1666479600000,
    9.536
  ],
  [
    1666566000000,
    9.951
  ],
  [
    1666652400000,
    10.411
  ],
  [
    1666738800000,
    11.765
  ],
  [
    1666825200000,
    9.823
  ],
  [
    1666911600000,
    10.8
  ],
  [
    1666998000000,
    10.374
  ],
  [
    1667084400000,
    10.987
  ],
  [
    1667174400000,
    10.853
  ],
  [
    1667260800000,
    10.996
  ],
  [
    1667347200000,
    10.81
  ],
  [
    1667433600000,
    10.537
  ],
  [
    1667520000000,
    11.08
  ],
  [
    1667606400000,
    11.238
  ],
  [
    1667692800000,
    11.13
  ],
  [
    1667779200000,
    11.29
  ],
  [
    1667865600000,
    10
  ],
  [
    1667952000000,
    10.285
  ],
  [
    1668124800000,
    13.365
  ],
  [
    1668211200000,
    10.492
  ],
  [
    1668297600000,
    10.412
  ],
  [
    1668384000000,
    10.7
  ],
  [
    1668470400000,
    11.575
  ],
  [
    1668556800000,
    10.929
  ],
  [
    1668643200000,
    14.662
  ],
  [
    1668729600000,
    10.856
  ],
  [
    1668816000000,
    10.86
  ],
  [
    1668902400000,
    11.018
  ],
  [
    1668988800000,
    10.88
  ],
  [
    1669075200000,
    10.83
  ],
  [
    1669161600000,
    10.774
  ],
  [
    1669248000000,
    10.526
  ],
  [
    1669334400000,
    10.98
  ],
  [
    1669420800000,
    10.883
  ],
  [
    1669507200000,
    11.23
  ],
  [
    1669593600000,
    10.486
  ],
  [
    1669680000000,
    10.925
  ],
  [
    1669766400000,
    10.635
  ],
  [
    1669852800000,
    10.627
  ],
  [
    1669939200000,
    9.63
  ],
  [
    1670025600000,
    10.93
  ],
  [
    1670112000000,
    11.205
  ],
  [
    1670198400000,
    11.11
  ],
  [
    1670284800000,
    11.5
  ],
  [
    1670371200000,
    11.579
  ],
  [
    1670457600000,
    11.396
  ],
  [
    1670544000000,
    10.609
  ],
  [
    1670630400000,
    12.017
  ],
  [
    1670716800000,
    11.2
  ],
  [
    1670976000000,
    12.72
  ],
  [
    1671062400000,
    11.65
  ],
  [
    1671148800000,
    11.54
  ],
  [
    1671235200000,
    11.32
  ],
  [
    1671321600000,
    11.889
  ],
  [
    1671408000000,
    11.582
  ],
  [
    1671494400000,
    11.558
  ],
  [
    1671580800000,
    13.688
  ],
  [
    1671667200000,
    12.083
  ],
  [
    1671753600000,
    11.672
  ],
  [
    1671840000000,
    11.695
  ],
  [
    1671926400000,
    11.675
  ],
  [
    1672012800000,
    12.001
  ],
  [
    1672099200000,
    11.267
  ],
  [
    1672185600000,
    12.059
  ],
  [
    1672358400000,
    11.564
  ],
  [
    1672444800000,
    11.38
  ],
  [
    1672531200000,
    9.877
  ],
  [
    1672617600000,
    9.31
  ],
  [
    1672704000000,
    9.575
  ],
  [
    1672790400000,
    10.09
  ],
  [
    1672876800000,
    11.659
  ],
  [
    1672963200000,
    9.94
  ],
  [
    1673049600000,
    10.78
  ],
  [
    1673136000000,
    12.517
  ],
  [
    1673222400000,
    11.56
  ],
  [
    1673308800000,
    11.583
  ],
  [
    1673395200000,
    13.294
  ],
  [
    1673481600000,
    11.468
  ],
  [
    1673568000000,
    11.42
  ],
  [
    1673654400000,
    11.807
  ],
  [
    1673740800000,
    12.03
  ],
  [
    1673827200000,
    12.498
  ],
  [
    1673913600000,
    12.513
  ],
  [
    1674000000000,
    11.21
  ],
  [
    1674086400000,
    11.703
  ],
  [
    1674172800000,
    11.962
  ],
  [
    1674259200000,
    14.102
  ],
  [
    1674345600000,
    12.043
  ],
  [
    1674432000000,
    11.945
  ],
  [
    1674518400000,
    11.445
  ],
  [
    1674691200000,
    12.325
  ],
  [
    1674777600000,
    10.803
  ],
  [
    1674950400000,
    12.045
  ],
  [
    1675209600000,
    11.87
  ],
  [
    1675296000000,
    12.5
  ],
  [
    1675382400000,
    11.93
  ],
  [
    1675468800000,
    11.829
  ],
  [
    1675555200000,
    30.342
  ],
  [
    1675641600000,
    12.71
  ],
  [
    1675728000000,
    13.055
  ],
  [
    1675814400000,
    12.671
  ],
  [
    1675900800000,
    13.156
  ],
  [
    1675987200000,
    12.937
  ],
  [
    1676073600000,
    13.531
  ],
  [
    1676246400000,
    13.025
  ],
  [
    1676332800000,
    12.39
  ],
  [
    1676419200000,
    12.503
  ],
  [
    1676505600000,
    12.87
  ],
  [
    1676592000000,
    12.382
  ],
  [
    1676678400000,
    12.459
  ],
  [
    1676764800000,
    13.312
  ],
  [
    1676851200000,
    11.15
  ],
  [
    1676937600000,
    14.381
  ],
  [
    1677024000000,
    12.037
  ],
  [
    1677110400000,
    12.285
  ],
  [
    1677196800000,
    12.624
  ],
  [
    1677283200000,
    12.312
  ],
  [
    1677369600000,
    11.673
  ],
  [
    1677456000000,
    12.441
  ],
  [
    1677542400000,
    12.41
  ],
  [
    1677628800000,
    12.552
  ],
  [
    1677715200000,
    12.09
  ],
  [
    1677801600000,
    12.458
  ],
  [
    1677888000000,
    12.598
  ],
  [
    1677974400000,
    12.808
  ],
  [
    1678060800000,
    12.425
  ],
  [
    1678147200000,
    12.701
  ],
  [
    1678233600000,
    12.342
  ],
  [
    1678320000000,
    12.58
  ],
  [
    1678406400000,
    12.594
  ],
  [
    1678492800000,
    12.336
  ],
  [
    1678579200000,
    13.018
  ],
  [
    1678665600000,
    12.252
  ],
  [
    1678752000000,
    12.658
  ],
  [
    1678838400000,
    12.326
  ],
  [
    1678924800000,
    12.403
  ],
  [
    1679011200000,
    13.308
  ],
  [
    1679097600000,
    13.164
  ],
  [
    1679184000000,
    12.02
  ],
  [
    1679270400000,
    12.39
  ],
  [
    1679356800000,
    14.45
  ],
  [
    1679443200000,
    12.848
  ],
  [
    1679529600000,
    15.509
  ],
  [
    1679616000000,
    14.765
  ],
  [
    1679702400000,
    12.827
  ],
  [
    1679788800000,
    12.308
  ],
  [
    1679871600000,
    11.715
  ],
  [
    1679958000000,
    11.916
  ],
  [
    1680044400000,
    12.321
  ],
  [
    1680130800000,
    13.459
  ],
  [
    1680217200000,
    17.155
  ],
  [
    1680303600000,
    13.349
  ],
  [
    1680390000000,
    11.894
  ],
  [
    1680476400000,
    12.339
  ],
  [
    1680562800000,
    12.259
  ],
  [
    1680649200000,
    12.223
  ],
  [
    1680735600000,
    12.317
  ],
  [
    1680822000000,
    12.15
  ],
  [
    1680908400000,
    11.169
  ],
  [
    1680994800000,
    12.382
  ],
  [
    1681081200000,
    13.6
  ],
  [
    1681167600000,
    12.2
  ],
  [
    1681254000000,
    12.03
  ],
  [
    1681340400000,
    12.231
  ],
  [
    1681426800000,
    12.304
  ],
  [
    1681513200000,
    12.601
  ],
  [
    1681599600000,
    13.115
  ],
  [
    1681686000000,
    13.088
  ],
  [
    1681772400000,
    14.169
  ],
  [
    1681858800000,
    13.853
  ],
  [
    1681945200000,
    13.89
  ],
  [
    1682031600000,
    15.607
  ],
  [
    1682118000000,
    14.281
  ],
  [
    1682204400000,
    14.809
  ],
  [
    1682290800000,
    15.331
  ],
  [
    1682377200000,
    15.29
  ],
  [
    1682463600000,
    15.042
  ],
  [
    1682550000000,
    14.688
  ],
  [
    1682636400000,
    15.002
  ],
  [
    1682722800000,
    14.424
  ],
  [
    1682809200000,
    15.025
  ],
  [
    1682895600000,
    12.699
  ],
  [
    1682982000000,
    13.229
  ],
  [
    1683068400000,
    14.164
  ],
  [
    1683154800000,
    13.519
  ],
  [
    1683241200000,
    14.357
  ],
  [
    1683327600000,
    11.888
  ],
  [
    1683414000000,
    13.55
  ],
  [
    1683500400000,
    12.47
  ],
  [
    1683586800000,
    12.835
  ],
  [
    1683673200000,
    12.479
  ],
  [
    1683759600000,
    13.532
  ],
  [
    1683846000000,
    14.791
  ],
  [
    1683932400000,
    14.686
  ],
  [
    1684018800000,
    13.22
  ],
  [
    1684105200000,
    15.998
  ],
  [
    1684191600000,
    14.75
  ],
  [
    1684278000000,
    14.993
  ],
  [
    1684364400000,
    13.677
  ],
  [
    1684450800000,
    13.978
  ],
  [
    1684537200000,
    16.433
  ],
  [
    1684623600000,
    14.658
  ],
  [
    1684710000000,
    14.397
  ],
  [
    1684796400000,
    14.823
  ],
  [
    1684969200000,
    14.612
  ],
  [
    1685055600000,
    14.43
  ],
  [
    1685142000000,
    15.074
  ],
  [
    1685228400000,
    15.466
  ],
  [
    1685314800000,
    19.657
  ],
  [
    1685401200000,
    15.27
  ],
  [
    1685487600000,
    15.73
  ],
  [
    1685660400000,
    15.925
  ],
  [
    1685746800000,
    17.441
  ],
  [
    1685833200000,
    16.59
  ],
  [
    1686006000000,
    16.07
  ],
  [
    1686092400000,
    16.85
  ],
  [
    1686178800000,
    17.058
  ],
  [
    1686265200000,
    14.06
  ],
  [
    1686351600000,
    15.76
  ],
  [
    1686438000000,
    17.32
  ],
  [
    1686697200000,
    15.12
  ],
  [
    1686783600000,
    16.515
  ],
  [
    1686870000000,
    17.872
  ],
  [
    1686956400000,
    17.725
  ],
  [
    1687042800000,
    18.018
  ],
  [
    1687129200000,
    18.905
  ],
  [
    1687215600000,
    19.503
  ],
  [
    1687302000000,
    17.443
  ],
  [
    1687388400000,
    20.17
  ],
  [
    1687474800000,
    19.606
  ],
  [
    1687561200000,
    21.495
  ],
  [
    1687647600000,
    21.01
  ],
  [
    1687820400000,
    17.339
  ],
  [
    1687906800000,
    16.93
  ],
  [
    1687993200000,
    16.76
  ],
  [
    1688079600000,
    18.475
  ],
  [
    1688166000000,
    19.05
  ],
  [
    1688252400000,
    17.96
  ],
  [
    1688338800000,
    18.445
  ],
  [
    1688425200000,
    13.874
  ],
  [
    1688511600000,
    20.183
  ],
  [
    1688598000000,
    19.217
  ],
  [
    1688770800000,
    15.305
  ],
  [
    1688943600000,
    19.148
  ],
  [
    1689030000000,
    18.934
  ],
  [
    1689116400000,
    17.918
  ],
  [
    1689289200000,
    16.503
  ],
  [
    1689375600000,
    16.863
  ],
  [
    1689462000000,
    15.84
  ],
  [
    1689548400000,
    18.076
  ],
  [
    1689721200000,
    17.439
  ],
  [
    1689807600000,
    15.919
  ],
  [
    1689894000000,
    18.663
  ],
  [
    1689980400000,
    16.63
  ],
  [
    1690066800000,
    16.938
  ],
  [
    1690153200000,
    19
  ],
  [
    1690239600000,
    16.13
  ],
  [
    1690326000000,
    18.693
  ],
  [
    1690412400000,
    18.01
  ],
  [
    1690498800000,
    16
  ],
  [
    1690671600000,
    16.537
  ],
  [
    1690758000000,
    17.914
  ],
  [
    1690844400000,
    18
  ],
  [
    1690930800000,
    17.257
  ],
  [
    1691017200000,
    16.918
  ],
  [
    1691103600000,
    17.199
  ],
  [
    1691190000000,
    20.052
  ],
  [
    1691276400000,
    19.017
  ],
  [
    1691362800000,
    17.415
  ],
  [
    1691449200000,
    39.902
  ],
  [
    1691535600000,
    16.178
  ],
  [
    1691622000000,
    15.72
  ],
  [
    1691708400000,
    16.856
  ],
  [
    1691794800000,
    19.713
  ],
  [
    1691881200000,
    18.479
  ],
  [
    1692054000000,
    18.485
  ],
  [
    1692140400000,
    18.503
  ],
  [
    1692313200000,
    18.749
  ],
  [
    1692486000000,
    19.34
  ],
  [
    1692572400000,
    20.688
  ],
  [
    1692745200000,
    17.66
  ],
  [
    1692831600000,
    16.477
  ],
  [
    1692918000000,
    16.25
  ],
  [
    1693004400000,
    18.229
  ],
  [
    1693090800000,
    16.542
  ],
  [
    1693177200000,
    16.14
  ],
  [
    1693263600000,
    15.107
  ],
  [
    1693350000000,
    21.44
  ],
  [
    1693436400000,
    19.484
  ],
  [
    1693522800000,
    18.019
  ],
  [
    1693695600000,
    17.365
  ],
  [
    1693782000000,
    17.45
  ],
  [
    1693868400000,
    18.455
  ],
  [
    1693954800000,
    18.477
  ],
  [
    1694041200000,
    18.6
  ],
  [
    1694127600000,
    18.858
  ],
  [
    1694214000000,
    18.943
  ],
  [
    1694300400000,
    18.86
  ],
  [
    1694386800000,
    17.48
  ],
  [
    1694473200000,
    19
  ],
  [
    1694559600000,
    19.284
  ],
  [
    1694646000000,
    19.907
  ],
  [
    1694732400000,
    21.103
  ],
  [
    1694818800000,
    21.137
  ],
  [
    1694905200000,
    19.48
  ],
  [
    1695078000000,
    24.21
  ],
  [
    1695164400000,
    19.49
  ],
  [
    1695250800000,
    18.22
  ],
  [
    1695337200000,
    22.077
  ],
  [
    1695423600000,
    21.997
  ],
  [
    1695596400000,
    30.103
  ],
  [
    1695682800000,
    22.234
  ],
  [
    1695855600000,
    20.785
  ],
  [
    1695942000000,
    22.422
  ],
  [
    1696028400000,
    20.286
  ],
  [
    1696201200000,
    19.933
  ],
  [
    1696287600000,
    19.077
  ],
  [
    1696374000000,
    19.643
  ],
  [
    1696460400000,
    20.31
  ],
  [
    1696546800000,
    20.699
  ],
  [
    1696633200000,
    21.167
  ],
  [
    1696719600000,
    22.497
  ],
  [
    1696806000000,
    22.067
  ],
  [
    1696892400000,
    19.97
  ],
  [
    1696978800000,
    20.39
  ],
  [
    1697065200000,
    23.287
  ],
  [
    1697151600000,
    21.809
  ],
  [
    1697324400000,
    24.015
  ],
  [
    1697410800000,
    19.362
  ],
  [
    1697497200000,
    20.786
  ],
  [
    1697583600000,
    20.678
  ],
  [
    1697670000000,
    21.262
  ],
  [
    1697756400000,
    20.55
  ],
  [
    1697842800000,
    21.866
  ],
  [
    1697929200000,
    22.327
  ],
  [
    1698015600000,
    19.656
  ],
  [
    1698102000000,
    21.152
  ],
  [
    1698188400000,
    20.73
  ],
  [
    1698274800000,
    19.477
  ],
  [
    1698361200000,
    20.527
  ],
  [
    1698447600000,
    19.75
  ],
  [
    1698534000000,
    20.47
  ],
  [
    1698624000000,
    20.01
  ],
  [
    1698710400000,
    20.183
  ],
  [
    1698796800000,
    19.986
  ],
  [
    1698883200000,
    19.725
  ],
  [
    1698969600000,
    21.272
  ],
  [
    1699142400000,
    22.489
  ],
  [
    1699228800000,
    26.526
  ],
  [
    1699315200000,
    20.21
  ],
  [
    1699401600000,
    23.006
  ],
  [
    1699488000000,
    19.211
  ],
  [
    1699574400000,
    19.461
  ],
  [
    1699660800000,
    20.689
  ],
  [
    1699747200000,
    20.984
  ],
  [
    1699833600000,
    18.063
  ],
  [
    1699920000000,
    21.78
  ],
  [
    1700006400000,
    20.54
  ],
  [
    1700092800000,
    20.252
  ],
  [
    1700179200000,
    20.65
  ],
  [
    1700265600000,
    20.484
  ],
  [
    1700438400000,
    20.725
  ],
  [
    1700611200000,
    19.721
  ],
  [
    1700697600000,
    19.14
  ],
  [
    1700784000000,
    18.6
  ],
  [
    1700870400000,
    17.905
  ],
  [
    1700956800000,
    19.376
  ],
  [
    1701043200000,
    17.32
  ],
  [
    1701129600000,
    20
  ],
  [
    1701216000000,
    22.05
  ],
  [
    1701388800000,
    22.73
  ],
  [
    1701475200000,
    20.807
  ],
  [
    1701648000000,
    20.369
  ],
  [
    1701734400000,
    20.17
  ],
  [
    1701820800000,
    20.65
  ],
  [
    1701907200000,
    20.355
  ],
  [
    1702080000000,
    20.377
  ],
  [
    1702166400000,
    18.53
  ],
  [
    1702339200000,
    24.112
  ],
  [
    1702425600000,
    22.57
  ],
  [
    1702598400000,
    22.465
  ],
  [
    1702684800000,
    19.873
  ],
  [
    1702771200000,
    21.935
  ],
  [
    1702944000000,
    22.096
  ],
  [
    1703030400000,
    21.46
  ],
  [
    1703116800000,
    23.817
  ],
  [
    1703203200000,
    23.068
  ],
  [
    1703289600000,
    21.64
  ],
  [
    1703376000000,
    22.329
  ],
  [
    1703462400000,
    22.409
  ],
  [
    1703548800000,
    21.825
  ],
  [
    1703635200000,
    19.98
  ],
  [
    1703721600000,
    24.934
  ],
  [
    1703808000000,
    19.628
  ],
  [
    1703894400000,
    19.9
  ],
  [
    1704067200000,
    20.91
  ],
  [
    1704153600000,
    20.505
  ],
  [
    1704326400000,
    31.161
  ],
  [
    1704499200000,
    19.22
  ],
  [
    1704585600000,
    22.65
  ],
  [
    1704672000000,
    21.424
  ],
  [
    1704758400000,
    23.458
  ],
  [
    1705017600000,
    31.246
  ],
  [
    1705104000000,
    23.261
  ],
  [
    1705190400000,
    23.332
  ],
  [
    1705363200000,
    21.767
  ],
  [
    1705449600000,
    22.78
  ],
  [
    1705536000000,
    22.83
  ],
  [
    1705622400000,
    22.8
  ],
  [
    1705881600000,
    23.878
  ],
  [
    1706054400000,
    22.507
  ],
  [
    1706140800000,
    20.64
  ],
  [
    1706313600000,
    20.825
  ],
  [
    1706659200000,
    22.282
  ],
  [
    1706832000000,
    21.717
  ],
  [
    1707177600000,
    21.74
  ],
  [
    1707264000000,
    21.618
  ],
  [
    1707350400000,
    21.512
  ],
  [
    1707436800000,
    20.82
  ],
  [
    1707523200000,
    23.215
  ],
  [
    1707696000000,
    23.058
  ],
  [
    1707782400000,
    23.03
  ],
  [
    1707868800000,
    21.315
  ],
  [
    1708041600000,
    21.63
  ],
  [
    1708128000000,
    23.231
  ],
  [
    1708214400000,
    19.98
  ],
  [
    1708300800000,
    21.435
  ],
  [
    1708387200000,
    21.94
  ],
  [
    1708473600000,
    25.01
  ],
  [
    1708560000000,
    22.28
  ],
  [
    1708646400000,
    22.531
  ],
  [
    1708732800000,
    22.245
  ],
  [
    1708905600000,
    21.99
  ],
  [
    1708992000000,
    23.65
  ],
  [
    1709078400000,
    25.41
  ],
  [
    1709251200000,
    29.99
  ],
  [
    1709337600000,
    24.99
  ],
  [
    1709424000000,
    23.81
  ],
  [
    1709510400000,
    23.858
  ],
  [
    1709596800000,
    23.426
  ],
  [
    1709856000000,
    21.818
  ],
  [
    1709942400000,
    25.687
  ],
  [
    1710028800000,
    25.02
  ],
  [
    1710201600000,
    15.614
  ],
  [
    1710374400000,
    24.71
  ],
  [
    1710460800000,
    23.01
  ],
  [
    1710547200000,
    22.86
  ],
  [
    1710633600000,
    23.609
  ],
  [
    1710720000000,
    23.18
  ],
  [
    1711065600000,
    23
  ],
  [
    1711152000000,
    23.43
  ],
  [
    1711238400000,
    25.115
  ],
  [
    1711324800000,
    24.15
  ],
  [
    1711497600000,
    22.569
  ],
  [
    1711584000000,
    23.199
  ],
  [
    1711670400000,
    23.39
  ],
  [
    1711756800000,
    23.47
  ],
  [
    1711843200000,
    27.22
  ],
  [
    1711926000000,
    23.693
  ],
  [
    1712012400000,
    25.441
  ],
  [
    1712098800000,
    35.492
  ],
  [
    1712271600000,
    25.46
  ],
  [
    1712358000000,
    24.35
  ],
  [
    1712444400000,
    24.541
  ],
  [
    1712530800000,
    22.67
  ],
  [
    1712617200000,
    28.555
  ],
  [
    1712703600000,
    31.575
  ],
  [
    1712790000000,
    25.354
  ],
  [
    1712876400000,
    25.361
  ],
  [
    1712962800000,
    26.145
  ],
  [
    1713049200000,
    26.302
  ],
  [
    1713135600000,
    25.808
  ],
  [
    1713308400000,
    23.81
  ],
  [
    1713394800000,
    25.95
  ],
  [
    1713567600000,
    26.031
  ],
  [
    1713740400000,
    24
  ],
  [
    1713826800000,
    26.41
  ],
  [
    1713913200000,
    29.062
  ],
  [
    1714086000000,
    25.24
  ],
  [
    1714258800000,
    31.05
  ],
  [
    1714345200000,
    25.99
  ],
  [
    1714431600000,
    26.651
  ],
  [
    1714518000000,
    26.075
  ],
  [
    1714604400000,
    26.925
  ],
  [
    1714690800000,
    29.044
  ],
  [
    1714863600000,
    27.57
  ],
  [
    1714950000000,
    28.765
  ],
  [
    1715036400000,
    32.326
  ],
  [
    1715209200000,
    31.025
  ],
  [
    1715295600000,
    33.103
  ],
  [
    1715382000000,
    32.08
  ],
  [
    1715468400000,
    40.566
  ],
  [
    1715727600000,
    34.495
  ],
  [
    1715900400000,
    33.48
  ],
  [
    1716159600000,
    29.81
  ],
  [
    1716246000000,
    33.709
  ],
  [
    1716897600000,
    32.045
  ],
  [
    1716908400000,
    36.337
  ],
  [
    1717059600000,
    32.12
  ],
  [
    1717347600000,
    34.35
  ],
  [
    1717358400000,
    36.135
  ],
  [
    1717473600000,
    35.23
  ],
  [
    1717668000000,
    34.33
  ],
  [
    1717718400000,
    35.97
  ],
  [
    1717869600000,
    38.27
  ],
  [
    1717984800000,
    38.601
  ],
  [
    1718168400000,
    51.714
  ],
  [
    1718294400000,
    38.604
  ],
  [
    1718366400000,
    34.59
  ],
  [
    1718679600000,
    33.99
  ],
  [
    1718917200000,
    33.833
  ]
]