[
  [
    1574121600000,
    0.114
  ],
  [
    1574208000000,
    0.119
  ],
  [
    1574294400000,
    0.164
  ],
  [
    1574380800000,
    0.161
  ],
  [
    1574467200000,
    0.183
  ],
  [
    1574553600000,
    0.157
  ],
  [
    1574640000000,
    0.144
  ],
  [
    1574726400000,
    0.174
  ],
  [
    1574812800000,
    0.156
  ],
  [
    1574899200000,
    0.187
  ],
  [
    1574985600000,
    0.202
  ],
  [
    1575072000000,
    81.854
  ],
  [
    1575158400000,
    0.203
  ],
  [
    1575244800000,
    0.234
  ],
  [
    1575331200000,
    0.239
  ],
  [
    1575417600000,
    0.19
  ],
  [
    1575504000000,
    0.168
  ],
  [
    1575590400000,
    0.184
  ],
  [
    1575676800000,
    0.201
  ],
  [
    1575763200000,
    0.224
  ],
  [
    1575849600000,
    0.237
  ],
  [
    1575936000000,
    0.246
  ],
  [
    1576022400000,
    8.97
  ],
  [
    1576108800000,
    0.243
  ],
  [
    1576195200000,
    0.447
  ],
  [
    1576281600000,
    0.238
  ],
  [
    1576368000000,
    0.208
  ],
  [
    1576454400000,
    0.602
  ],
  [
    1576540800000,
    0.189
  ],
  [
    1576627200000,
    0.198
  ],
  [
    1576713600000,
    0.203
  ],
  [
    1576800000000,
    0.192
  ],
  [
    1576886400000,
    0.195
  ],
  [
    1576972800000,
    0.243
  ],
  [
    1577059200000,
    0.21
  ],
  [
    1577145600000,
    0.207
  ],
  [
    1577232000000,
    14.934
  ],
  [
    1577318400000,
    2.147
  ],
  [
    1577404800000,
    0.24
  ],
  [
    1577491200000,
    1.485
  ],
  [
    1577577600000,
    0.242
  ],
  [
    1577664000000,
    0.214
  ],
  [
    1577750400000,
    0.208
  ],
  [
    1577836800000,
    0.199
  ],
  [
    1577923200000,
    0.194
  ],
  [
    1578009600000,
    0.182
  ],
  [
    1578096000000,
    0.197
  ],
  [
    1578182400000,
    0.184
  ],
  [
    1578268800000,
    0.239
  ],
  [
    1578355200000,
    0.237
  ],
  [
    1578441600000,
    0.213
  ],
  [
    1578528000000,
    0.217
  ],
  [
    1578614400000,
    0.232
  ],
  [
    1578700800000,
    0.219
  ],
  [
    1578787200000,
    0.429
  ],
  [
    1578873600000,
    0.224
  ],
  [
    1578960000000,
    0.205
  ],
  [
    1579046400000,
    0.217
  ],
  [
    1579132800000,
    0.21
  ],
  [
    1579219200000,
    0.231
  ],
  [
    1579305600000,
    0.227
  ],
  [
    1579392000000,
    2.841
  ],
  [
    1579478400000,
    0.252
  ],
  [
    1579564800000,
    0.24
  ],
  [
    1579651200000,
    0.237
  ],
  [
    1579737600000,
    0.257
  ],
  [
    1579824000000,
    0.215
  ],
  [
    1579910400000,
    0.224
  ],
  [
    1579996800000,
    0.205
  ],
  [
    1580083200000,
    0.202
  ],
  [
    1580169600000,
    0.219
  ],
  [
    1580256000000,
    0.207
  ],
  [
    1580342400000,
    0.219
  ],
  [
    1580428800000,
    0.925
  ],
  [
    1580515200000,
    0.26
  ],
  [
    1580601600000,
    0.259
  ],
  [
    1580688000000,
    0.351
  ],
  [
    1580774400000,
    0.55
  ],
  [
    1580860800000,
    0.524
  ],
  [
    1580947200000,
    2.548
  ],
  [
    1581033600000,
    0.401
  ],
  [
    1581120000000,
    0.356
  ],
  [
    1581206400000,
    0.347
  ],
  [
    1581292800000,
    0.332
  ],
  [
    1581379200000,
    0.318
  ],
  [
    1581465600000,
    0.294
  ],
  [
    1581552000000,
    8.281
  ],
  [
    1581638400000,
    0.318
  ],
  [
    1581724800000,
    0.314
  ],
  [
    1581811200000,
    0.347
  ],
  [
    1581897600000,
    0.482
  ],
  [
    1581984000000,
    0.353
  ],
  [
    1582070400000,
    0.302
  ],
  [
    1582156800000,
    0.272
  ],
  [
    1582243200000,
    0.272
  ],
  [
    1582329600000,
    0.33
  ],
  [
    1582416000000,
    0.39
  ],
  [
    1582502400000,
    0.483
  ],
  [
    1582588800000,
    0.407
  ],
  [
    1582675200000,
    0.382
  ],
  [
    1582761600000,
    0.41
  ],
  [
    1582848000000,
    0.431
  ],
  [
    1582934400000,
    0.498
  ],
  [
    1583020800000,
    0.46
  ],
  [
    1583107200000,
    0.441
  ],
  [
    1583193600000,
    0.41
  ],
  [
    1583280000000,
    0.409
  ],
  [
    1583366400000,
    0.424
  ],
  [
    1583452800000,
    0.397
  ],
  [
    1583539200000,
    0.359
  ],
  [
    1583625600000,
    0.364
  ],
  [
    1583712000000,
    0.355
  ],
  [
    1583798400000,
    0.356
  ],
  [
    1583884800000,
    0.364
  ],
  [
    1583971200000,
    0.362
  ],
  [
    1584057600000,
    0.369
  ],
  [
    1584144000000,
    0.362
  ],
  [
    1584230400000,
    0.359
  ],
  [
    1584316800000,
    0.342
  ],
  [
    1584403200000,
    0.349
  ],
  [
    1584489600000,
    0.354
  ],
  [
    1584576000000,
    0.372
  ],
  [
    1584662400000,
    0.418
  ],
  [
    1584748800000,
    0.41
  ],
  [
    1584835200000,
    0.403
  ],
  [
    1584921600000,
    0.402
  ],
  [
    1585008000000,
    0.382
  ],
  [
    1585094400000,
    0.377
  ],
  [
    1585180800000,
    0.382
  ],
  [
    1585267200000,
    0.424
  ],
  [
    1585353600000,
    0.42
  ],
  [
    1585440000000,
    0.45
  ],
  [
    1585522800000,
    0.444
  ],
  [
    1585609200000,
    0.393
  ],
  [
    1585695600000,
    0.39
  ],
  [
    1585782000000,
    0.377
  ],
  [
    1585868400000,
    0.395
  ],
  [
    1585954800000,
    0.422
  ],
  [
    1586041200000,
    0.406
  ],
  [
    1586127600000,
    0.406
  ],
  [
    1586214000000,
    0.401
  ],
  [
    1586300400000,
    0.398
  ],
  [
    1586386800000,
    0.426
  ],
  [
    1586473200000,
    0.413
  ],
  [
    1586559600000,
    0.395
  ],
  [
    1586646000000,
    0.375
  ],
  [
    1586732400000,
    0.383
  ],
  [
    1586818800000,
    0.388
  ],
  [
    1586905200000,
    0.37
  ],
  [
    1586991600000,
    0.413
  ],
  [
    1587078000000,
    0.403
  ],
  [
    1587164400000,
    0.405
  ],
  [
    1587250800000,
    0.403
  ],
  [
    1587337200000,
    0.425
  ],
  [
    1587423600000,
    0.432
  ],
  [
    1587510000000,
    0.413
  ],
  [
    1587596400000,
    0.429
  ],
  [
    1587682800000,
    0.434
  ],
  [
    1587769200000,
    0.45
  ],
  [
    1587855600000,
    0.441
  ],
  [
    1587942000000,
    0.446
  ],
  [
    1588028400000,
    0.447
  ],
  [
    1588114800000,
    0.467
  ],
  [
    1588201200000,
    0.508
  ],
  [
    1588287600000,
    0.55
  ],
  [
    1588374000000,
    0.571
  ],
  [
    1588460400000,
    0.513
  ],
  [
    1588546800000,
    0.638
  ],
  [
    1588633200000,
    0.672
  ],
  [
    1588719600000,
    0.676
  ],
  [
    1588806000000,
    0.609
  ],
  [
    1588892400000,
    0.658
  ],
  [
    1588978800000,
    0.654
  ],
  [
    1589065200000,
    0.692
  ],
  [
    1589151600000,
    0.696
  ],
  [
    1589238000000,
    0.711
  ],
  [
    1589324400000,
    0.699
  ],
  [
    1589410800000,
    0.908
  ],
  [
    1589497200000,
    0.749
  ],
  [
    1589583600000,
    2.156
  ],
  [
    1589670000000,
    0.94
  ],
  [
    1589756400000,
    0.803
  ],
  [
    1589842800000,
    0.823
  ],
  [
    1589929200000,
    0.766
  ],
  [
    1590015600000,
    0.845
  ],
  [
    1590102000000,
    0.813
  ],
  [
    1590188400000,
    0.791
  ],
  [
    1590274800000,
    0.842
  ],
  [
    1590361200000,
    0.809
  ],
  [
    1590447600000,
    0.746
  ],
  [
    1590534000000,
    0.764
  ],
  [
    1590620400000,
    0.727
  ],
  [
    1590706800000,
    0.775
  ],
  [
    1590793200000,
    0.843
  ],
  [
    1590879600000,
    0.757
  ],
  [
    1590966000000,
    0.783
  ],
  [
    1591052400000,
    0.715
  ],
  [
    1591138800000,
    0.765
  ],
  [
    1591225200000,
    0.742
  ],
  [
    1591311600000,
    0.796
  ],
  [
    1591398000000,
    0.794
  ],
  [
    1591484400000,
    0.836
  ],
  [
    1591570800000,
    0.831
  ],
  [
    1591657200000,
    0.755
  ],
  [
    1591743600000,
    0.802
  ],
  [
    1591830000000,
    0.812
  ],
  [
    1591916400000,
    0.766
  ],
  [
    1592002800000,
    0.768
  ],
  [
    1592089200000,
    0.762
  ],
  [
    1592175600000,
    0.752
  ],
  [
    1592262000000,
    0.71
  ],
  [
    1592348400000,
    0.675
  ],
  [
    1592434800000,
    0.683
  ],
  [
    1592521200000,
    0.682
  ],
  [
    1592607600000,
    0.752
  ],
  [
    1592694000000,
    0.762
  ],
  [
    1592780400000,
    0.785
  ],
  [
    1592866800000,
    0.834
  ],
  [
    1592953200000,
    0.731
  ],
  [
    1593039600000,
    0.705
  ],
  [
    1593126000000,
    0.646
  ],
  [
    1593212400000,
    0.669
  ],
  [
    1593298800000,
    0.661
  ],
  [
    1593385200000,
    0.591
  ],
  [
    1593471600000,
    0.715
  ],
  [
    1593558000000,
    0.705
  ],
  [
    1593644400000,
    0.713
  ],
  [
    1593730800000,
    0.776
  ],
  [
    1593817200000,
    0.751
  ],
  [
    1593903600000,
    0.722
  ],
  [
    1593990000000,
    0.722
  ],
  [
    1594076400000,
    0.746
  ],
  [
    1594162800000,
    0.732
  ],
  [
    1594249200000,
    0.727
  ],
  [
    1594335600000,
    0.832
  ],
  [
    1594422000000,
    0.849
  ],
  [
    1594508400000,
    0.833
  ],
  [
    1594594800000,
    0.837
  ],
  [
    1594681200000,
    0.903
  ],
  [
    1594767600000,
    0.844
  ],
  [
    1594854000000,
    0.908
  ],
  [
    1594940400000,
    0.877
  ],
  [
    1595026800000,
    0.751
  ],
  [
    1595113200000,
    0.938
  ],
  [
    1595199600000,
    0.929
  ],
  [
    1595286000000,
    0.985
  ],
  [
    1595372400000,
    0.951
  ],
  [
    1595458800000,
    1.031
  ],
  [
    1595545200000,
    0.918
  ],
  [
    1595631600000,
    0.954
  ],
  [
    1595718000000,
    1.003
  ],
  [
    1595804400000,
    0.97
  ],
  [
    1595890800000,
    0.921
  ],
  [
    1595977200000,
    1.186
  ],
  [
    1596063600000,
    1.017
  ],
  [
    1596150000000,
    1.046
  ],
  [
    1596236400000,
    0.899
  ],
  [
    1596322800000,
    0.839
  ],
  [
    1596409200000,
    0.934
  ],
  [
    1596495600000,
    0.884
  ],
  [
    1596582000000,
    0.864
  ],
  [
    1596668400000,
    1.047
  ],
  [
    1596754800000,
    0.989
  ],
  [
    1596841200000,
    0.935
  ],
  [
    1596927600000,
    0.954
  ],
  [
    1597014000000,
    1.035
  ],
  [
    1597100400000,
    1.008
  ],
  [
    1597186800000,
    0.956
  ],
  [
    1597273200000,
    0.916
  ],
  [
    1597359600000,
    0.897
  ],
  [
    1597446000000,
    0.919
  ],
  [
    1597532400000,
    0.984
  ],
  [
    1597618800000,
    0.963
  ],
  [
    1597705200000,
    1.001
  ],
  [
    1597791600000,
    0.958
  ],
  [
    1597964400000,
    0.91
  ],
  [
    1598050800000,
    0.994
  ],
  [
    1598137200000,
    0.984
  ],
  [
    1598223600000,
    1.047
  ],
  [
    1598310000000,
    0.908
  ],
  [
    1598396400000,
    0.93
  ],
  [
    1598482800000,
    0.915
  ],
  [
    1598569200000,
    1.01
  ],
  [
    1598655600000,
    1.057
  ],
  [
    1598742000000,
    0.879
  ],
  [
    1598828400000,
    0.935
  ],
  [
    1598914800000,
    0.934
  ],
  [
    1599001200000,
    0.771
  ],
  [
    1599087600000,
    0.784
  ],
  [
    1599174000000,
    0.924
  ],
  [
    1599260400000,
    0.944
  ],
  [
    1599346800000,
    0.971
  ],
  [
    1599519600000,
    0.924
  ],
  [
    1599606000000,
    0.941
  ],
  [
    1599692400000,
    0.975
  ],
  [
    1599778800000,
    0.969
  ],
  [
    1599865200000,
    0.982
  ],
  [
    1599951600000,
    0.844
  ],
  [
    1600038000000,
    0.951
  ],
  [
    1600124400000,
    0.983
  ],
  [
    1600210800000,
    0.914
  ],
  [
    1600297200000,
    0.973
  ],
  [
    1600383600000,
    0.941
  ],
  [
    1600470000000,
    0.963
  ],
  [
    1600556400000,
    0.992
  ],
  [
    1600642800000,
    0.915
  ],
  [
    1600729200000,
    1.023
  ],
  [
    1600815600000,
    0.867
  ],
  [
    1600902000000,
    0.968
  ],
  [
    1600988400000,
    1.042
  ],
  [
    1601161200000,
    0.913
  ],
  [
    1601247600000,
    1.072
  ],
  [
    1601334000000,
    1.007
  ],
  [
    1601420400000,
    1.093
  ],
  [
    1601506800000,
    1.06
  ],
  [
    1601593200000,
    1.054
  ],
  [
    1601679600000,
    0.974
  ],
  [
    1601766000000,
    1.024
  ],
  [
    1601852400000,
    0.869
  ],
  [
    1601938800000,
    1.043
  ],
  [
    1602025200000,
    1.102
  ],
  [
    1602111600000,
    1.12
  ],
  [
    1602198000000,
    1.11
  ],
  [
    1602284400000,
    1.021
  ],
  [
    1602370800000,
    1.165
  ],
  [
    1602457200000,
    1.18
  ],
  [
    1602630000000,
    0.96
  ],
  [
    1602716400000,
    1.186
  ],
  [
    1602802800000,
    1.094
  ],
  [
    1602889200000,
    1.207
  ],
  [
    1602975600000,
    1.309
  ],
  [
    1603062000000,
    1.24
  ],
  [
    1603148400000,
    1.084
  ],
  [
    1603234800000,
    1.159
  ],
  [
    1603321200000,
    1.088
  ],
  [
    1603494000000,
    1.217
  ],
  [
    1603580400000,
    1.206
  ],
  [
    1603670400000,
    1.197
  ],
  [
    1603756800000,
    1.145
  ],
  [
    1603843200000,
    1.197
  ],
  [
    1603929600000,
    1.256
  ],
  [
    1604016000000,
    1.241
  ],
  [
    1604102400000,
    1.229
  ],
  [
    1604188800000,
    1.219
  ],
  [
    1604361600000,
    1.099
  ],
  [
    1604448000000,
    1.132
  ],
  [
    1604534400000,
    1.262
  ],
  [
    1604620800000,
    1.21
  ],
  [
    1604707200000,
    1.278
  ],
  [
    1604793600000,
    1.126
  ],
  [
    1604880000000,
    1.257
  ],
  [
    1604966400000,
    1.261
  ],
  [
    1605052800000,
    1.01
  ],
  [
    1605225600000,
    1.073
  ],
  [
    1605312000000,
    1.198
  ],
  [
    1605398400000,
    1.141
  ],
  [
    1605484800000,
    190.197
  ],
  [
    1605571200000,
    1.177
  ],
  [
    1605657600000,
    1.188
  ],
  [
    1605744000000,
    1.121
  ],
  [
    1605830400000,
    1.177
  ],
  [
    1605916800000,
    1.167
  ],
  [
    1606003200000,
    1.151
  ],
  [
    1606089600000,
    1.246
  ],
  [
    1606176000000,
    1.202
  ],
  [
    1606348800000,
    0.821
  ],
  [
    1606435200000,
    1.075
  ],
  [
    1606521600000,
    1.045
  ],
  [
    1606608000000,
    1.057
  ],
  [
    1606694400000,
    1.095
  ],
  [
    1606780800000,
    1.033
  ],
  [
    1606867200000,
    1.152
  ],
  [
    1606953600000,
    1.193
  ],
  [
    1607040000000,
    0.946
  ],
  [
    1607126400000,
    0.863
  ],
  [
    1607212800000,
    0.815
  ],
  [
    1607299200000,
    0.864
  ],
  [
    1607385600000,
    0.88
  ],
  [
    1607472000000,
    0.898
  ],
  [
    1607558400000,
    0.837
  ],
  [
    1607644800000,
    0.896
  ],
  [
    1607731200000,
    0.747
  ],
  [
    1607817600000,
    23.064
  ],
  [
    1607904000000,
    0.711
  ],
  [
    1607990400000,
    0.845
  ],
  [
    1608076800000,
    0.848
  ],
  [
    1608163200000,
    0.816
  ],
  [
    1608249600000,
    0.837
  ],
  [
    1608336000000,
    14.051
  ],
  [
    1608422400000,
    0.895
  ],
  [
    1608508800000,
    0.852
  ],
  [
    1608595200000,
    0.772
  ],
  [
    1608681600000,
    0.854
  ],
  [
    1608768000000,
    0.844
  ],
  [
    1608854400000,
    0.956
  ],
  [
    1608940800000,
    0.937
  ],
  [
    1609027200000,
    0.878
  ],
  [
    1609113600000,
    0.934
  ],
  [
    1609200000000,
    1.093
  ],
  [
    1609286400000,
    1.085
  ],
  [
    1609372800000,
    1.163
  ],
  [
    1609459200000,
    1.377
  ],
  [
    1609545600000,
    1.424
  ],
  [
    1609632000000,
    1.432
  ],
  [
    1609718400000,
    1.349
  ],
  [
    1609804800000,
    1.467
  ],
  [
    1609891200000,
    1.445
  ],
  [
    1609977600000,
    1.458
  ],
  [
    1610064000000,
    1.547
  ],
  [
    1610150400000,
    1.725
  ],
  [
    1610323200000,
    1.545
  ],
  [
    1610409600000,
    1.57
  ],
  [
    1610496000000,
    1.585
  ],
  [
    1610582400000,
    1.646
  ],
  [
    1610668800000,
    1.706
  ],
  [
    1610755200000,
    1.547
  ],
  [
    1610841600000,
    1.225
  ],
  [
    1610928000000,
    1.364
  ],
  [
    1611014400000,
    1.013
  ],
  [
    1611100800000,
    1.684
  ],
  [
    1611187200000,
    1.471
  ],
  [
    1611273600000,
    1.689
  ],
  [
    1611360000000,
    1.468
  ],
  [
    1611446400000,
    1.431
  ],
  [
    1611532800000,
    1.62
  ],
  [
    1611619200000,
    1.452
  ],
  [
    1611792000000,
    1.405
  ],
  [
    1611878400000,
    1.501
  ],
  [
    1611964800000,
    1.53
  ],
  [
    1612051200000,
    1.532
  ],
  [
    1612137600000,
    1.614
  ],
  [
    1612224000000,
    1.65
  ],
  [
    1612310400000,
    1.605
  ],
  [
    1612396800000,
    1.728
  ],
  [
    1612483200000,
    1.704
  ],
  [
    1612569600000,
    1.794
  ],
  [
    1612656000000,
    2.007
  ],
  [
    1612742400000,
    1.981
  ],
  [
    1612828800000,
    1.951
  ],
  [
    1612915200000,
    1.722
  ],
  [
    1613088000000,
    1.72
  ],
  [
    1613260800000,
    1.516
  ],
  [
    1613347200000,
    1.59
  ],
  [
    1613606400000,
    1.481
  ],
  [
    1613692800000,
    1.652
  ],
  [
    1613779200000,
    1.626
  ],
  [
    1613865600000,
    1.571
  ],
  [
    1613952000000,
    1.814
  ],
  [
    1614038400000,
    1.627
  ],
  [
    1614124800000,
    1.768
  ],
  [
    1614470400000,
    1.674
  ],
  [
    1614643200000,
    11.325
  ],
  [
    1614729600000,
    1.723
  ],
  [
    1614902400000,
    1.748
  ],
  [
    1614988800000,
    1.615
  ],
  [
    1615075200000,
    1.906
  ],
  [
    1615161600000,
    1.139
  ],
  [
    1615334400000,
    1.097
  ],
  [
    1615420800000,
    1.939
  ],
  [
    1615507200000,
    1.856
  ],
  [
    1615593600000,
    1.687
  ],
  [
    1615680000000,
    1.919
  ],
  [
    1615852800000,
    1.943
  ],
  [
    1615939200000,
    1.65
  ],
  [
    1616112000000,
    1.883
  ],
  [
    1616198400000,
    1.936
  ],
  [
    1616284800000,
    1.945
  ],
  [
    1616371200000,
    2.271
  ],
  [
    1616544000000,
    2.72
  ],
  [
    1616716800000,
    2.834
  ],
  [
    1616803200000,
    2.376
  ],
  [
    1616889600000,
    2.766
  ],
  [
    1616972400000,
    3.185
  ],
  [
    1617058800000,
    3.13
  ],
  [
    1617145200000,
    2.82
  ],
  [
    1617231600000,
    2.71
  ],
  [
    1617318000000,
    1.78
  ],
  [
    1617404400000,
    2.182
  ],
  [
    1617490800000,
    2.718
  ],
  [
    1617577200000,
    1.801
  ],
  [
    1617663600000,
    2.556
  ],
  [
    1617750000000,
    2.399
  ],
  [
    1617836400000,
    1.954
  ],
  [
    1617922800000,
    2.541
  ],
  [
    1618009200000,
    2.389
  ],
  [
    1618095600000,
    2.761
  ],
  [
    1618268400000,
    2.779
  ],
  [
    1618441200000,
    2.955
  ],
  [
    1618527600000,
    2.733
  ],
  [
    1618614000000,
    2.833
  ],
  [
    1618700400000,
    2.767
  ],
  [
    1618786800000,
    2.805
  ],
  [
    1618873200000,
    2.837
  ],
  [
    1618959600000,
    2.765
  ],
  [
    1619046000000,
    2.98
  ],
  [
    1619132400000,
    2.875
  ],
  [
    1619218800000,
    3.176
  ],
  [
    1619305200000,
    2.787
  ],
  [
    1619391600000,
    2.95
  ],
  [
    1619478000000,
    2.757
  ],
  [
    1619564400000,
    2.187
  ],
  [
    1619650800000,
    2.892
  ],
  [
    1619737200000,
    3.311
  ],
  [
    1619910000000,
    3.229
  ],
  [
    1619996400000,
    3.225
  ],
  [
    1620082800000,
    2.76
  ],
  [
    1620169200000,
    2.397
  ],
  [
    1620255600000,
    3.498
  ],
  [
    1620342000000,
    3.744
  ],
  [
    1620428400000,
    3.719
  ],
  [
    1620514800000,
    6.663
  ],
  [
    1620774000000,
    2.687
  ],
  [
    1620946800000,
    3.052
  ],
  [
    1621033200000,
    2.858
  ],
  [
    1621119600000,
    3.396
  ],
  [
    1621206000000,
    3.858
  ],
  [
    1621292400000,
    4.17
  ],
  [
    1621378800000,
    4.01
  ],
  [
    1621465200000,
    4.639
  ],
  [
    1621551600000,
    4.726
  ],
  [
    1621638000000,
    5.277
  ],
  [
    1621810800000,
    5.3
  ],
  [
    1621897200000,
    5.13
  ],
  [
    1621983600000,
    7.439
  ],
  [
    1622070000000,
    7.955
  ],
  [
    1622156400000,
    13.79
  ],
  [
    1622329200000,
    5.117
  ],
  [
    1622415600000,
    7.1
  ],
  [
    1622502000000,
    7.065
  ],
  [
    1622588400000,
    7.646
  ],
  [
    1622674800000,
    8.62
  ],
  [
    1622847600000,
    7.99
  ],
  [
    1622934000000,
    9.892
  ],
  [
    1623020400000,
    9.624
  ],
  [
    1623106800000,
    9.72
  ],
  [
    1623279600000,
    8.581
  ],
  [
    1623366000000,
    9.16
  ],
  [
    1623452400000,
    10.325
  ],
  [
    1623538800000,
    9.34
  ],
  [
    1623711600000,
    8.49
  ],
  [
    1623970800000,
    9.783
  ],
  [
    1624057200000,
    9.149
  ],
  [
    1624143600000,
    8.75
  ],
  [
    1624230000000,
    8.612
  ],
  [
    1624402800000,
    8.075
  ],
  [
    1624489200000,
    8.48
  ],
  [
    1624575600000,
    8.33
  ],
  [
    1624662000000,
    7.325
  ],
  [
    1624748400000,
    7.56
  ],
  [
    1624921200000,
    6.18
  ],
  [
    1625007600000,
    7.56
  ],
  [
    1625353200000,
    5.75
  ],
  [
    1625439600000,
    6.665
  ],
  [
    1625526000000,
    6.809
  ],
  [
    1625612400000,
    6.325
  ],
  [
    1625698800000,
    6.3
  ],
  [
    1625785200000,
    6.86
  ],
  [
    1625871600000,
    5.748
  ],
  [
    1625958000000,
    6.051
  ],
  [
    1626044400000,
    6.609
  ],
  [
    1626217200000,
    6.128
  ],
  [
    1626390000000,
    6.201
  ],
  [
    1626476400000,
    6.357
  ],
  [
    1626562800000,
    6.343
  ],
  [
    1626649200000,
    6.613
  ],
  [
    1626735600000,
    6.02
  ],
  [
    1626822000000,
    6.708
  ],
  [
    1626908400000,
    6.117
  ],
  [
    1626994800000,
    6.46
  ],
  [
    1627081200000,
    6.865
  ],
  [
    1627167600000,
    6.3
  ],
  [
    1627254000000,
    6.768
  ],
  [
    1627513200000,
    7.287
  ],
  [
    1627686000000,
    6.668
  ],
  [
    1627858800000,
    6.732
  ],
  [
    1628031600000,
    7.182
  ],
  [
    1628118000000,
    7.254
  ],
  [
    1628204400000,
    7.232
  ],
  [
    1628463600000,
    6.483
  ],
  [
    1629154800000,
    6.625
  ],
  [
    1629241200000,
    6.405
  ],
  [
    1629327600000,
    6.22
  ],
  [
    1629414000000,
    5.84
  ],
  [
    1629846000000,
    6.216
  ],
  [
    1629932400000,
    5.854
  ],
  [
    1630018800000,
    5.824
  ],
  [
    1630191600000,
    6.059
  ],
  [
    1630278000000,
    6.16
  ],
  [
    1630450800000,
    5.8
  ],
  [
    1630537200000,
    6.47
  ],
  [
    1630623600000,
    5.47
  ],
  [
    1630796400000,
    6
  ],
  [
    1630882800000,
    5.765
  ],
  [
    1630969200000,
    5.881
  ],
  [
    1631055600000,
    5.916
  ],
  [
    1631228400000,
    6.292
  ],
  [
    1631314800000,
    6.289
  ],
  [
    1631401200000,
    6.342
  ],
  [
    1631574000000,
    5.958
  ],
  [
    1631660400000,
    5.818
  ],
  [
    1631746800000,
    6.066
  ],
  [
    1631919600000,
    5.61
  ],
  [
    1632006000000,
    5.945
  ],
  [
    1632092400000,
    5.89
  ],
  [
    1632178800000,
    6.075
  ],
  [
    1632351600000,
    5.07
  ],
  [
    1632438000000,
    3.54
  ],
  [
    1632524400000,
    3.615
  ],
  [
    1632610800000,
    3.921
  ],
  [
    1632697200000,
    4.085
  ],
  [
    1632783600000,
    4.481
  ],
  [
    1632870000000,
    4.481
  ],
  [
    1632956400000,
    3.84
  ],
  [
    1633129200000,
    4.388
  ],
  [
    1633302000000,
    4.408
  ],
  [
    1633561200000,
    2.779
  ],
  [
    1633647600000,
    4.205
  ],
  [
    1633734000000,
    4.034
  ],
  [
    1633820400000,
    4.484
  ],
  [
    1633906800000,
    3.877
  ],
  [
    1634079600000,
    3.928
  ],
  [
    1634166000000,
    4.332
  ],
  [
    1634252400000,
    4.364
  ],
  [
    1634338800000,
    4.461
  ],
  [
    1634425200000,
    3.93
  ],
  [
    1634511600000,
    4.002
  ],
  [
    1634598000000,
    4.476
  ],
  [
    1634770800000,
    1.11
  ],
  [
    1634857200000,
    3.665
  ],
  [
    1634943600000,
    4.144
  ],
  [
    1635030000000,
    3.715
  ],
  [
    1635116400000,
    3.81
  ],
  [
    1635202800000,
    2.435
  ],
  [
    1635289200000,
    3.74
  ],
  [
    1635375600000,
    3.75
  ],
  [
    1635462000000,
    3.756
  ],
  [
    1635548400000,
    3.818
  ],
  [
    1635634800000,
    3.928
  ],
  [
    1635724800000,
    4.019
  ],
  [
    1635811200000,
    4.258
  ],
  [
    1635897600000,
    4.384
  ],
  [
    1635984000000,
    2.306
  ],
  [
    1636070400000,
    3.47
  ],
  [
    1636156800000,
    4.398
  ],
  [
    1636243200000,
    4.416
  ],
  [
    1636329600000,
    4.418
  ],
  [
    1636502400000,
    3.957
  ],
  [
    1636588800000,
    3.88
  ],
  [
    1636675200000,
    3.88
  ],
  [
    1636761600000,
    4.051
  ],
  [
    1636848000000,
    4.438
  ],
  [
    1636934400000,
    4.15
  ],
  [
    1637020800000,
    4.127
  ],
  [
    1637107200000,
    4.455
  ],
  [
    1637193600000,
    4.453
  ],
  [
    1637280000000,
    4.57
  ],
  [
    1637366400000,
    4.521
  ],
  [
    1637539200000,
    4.683
  ],
  [
    1637625600000,
    4.872
  ],
  [
    1637712000000,
    4.673
  ],
  [
    1637798400000,
    4.907
  ],
  [
    1637971200000,
    4.713
  ],
  [
    1638057600000,
    4.42
  ],
  [
    1638230400000,
    4.268
  ],
  [
    1638403200000,
    4.866
  ],
  [
    1638576000000,
    5.252
  ],
  [
    1638662400000,
    5.782
  ],
  [
    1638748800000,
    5.672
  ],
  [
    1638835200000,
    5.783
  ],
  [
    1639094400000,
    6.463
  ],
  [
    1639267200000,
    6.45
  ],
  [
    1639440000000,
    6.509
  ],
  [
    1639612800000,
    5.37
  ],
  [
    1639699200000,
    5.25
  ],
  [
    1639958400000,
    5.32
  ],
  [
    1640044800000,
    5.15
  ],
  [
    1640131200000,
    5.848
  ],
  [
    1640390400000,
    5.52
  ],
  [
    1640476800000,
    4.53
  ],
  [
    1640563200000,
    6.186
  ],
  [
    1640649600000,
    5.579
  ],
  [
    1640736000000,
    6.105
  ],
  [
    1640822400000,
    5.921
  ],
  [
    1640908800000,
    6.394
  ],
  [
    1640995200000,
    5.717
  ],
  [
    1641081600000,
    6.597
  ],
  [
    1641427200000,
    6.594
  ],
  [
    1641513600000,
    6.481
  ],
  [
    1641945600000,
    6.593
  ],
  [
    1642032000000,
    5.9
  ],
  [
    1642204800000,
    5.79
  ],
  [
    1642464000000,
    6.63
  ],
  [
    1642636800000,
    6.901
  ],
  [
    1642982400000,
    6.715
  ],
  [
    1643068800000,
    5.82
  ],
  [
    1643328000000,
    5.95
  ],
  [
    1643414400000,
    6.037
  ],
  [
    1643500800000,
    5.25
  ],
  [
    1643587200000,
    5.648
  ],
  [
    1643673600000,
    6.269
  ],
  [
    1644451200000,
    5.995
  ],
  [
    1644537600000,
    6.28
  ],
  [
    1644624000000,
    6.447
  ],
  [
    1644710400000,
    5.631
  ],
  [
    1644796800000,
    6.682
  ],
  [
    1644883200000,
    6.005
  ],
  [
    1645315200000,
    5.78
  ],
  [
    1645401600000,
    5.672
  ],
  [
    1645574400000,
    5.568
  ],
  [
    1645747200000,
    6.24
  ],
  [
    1645833600000,
    6.23
  ],
  [
    1645920000000,
    5.88
  ],
  [
    1646006400000,
    6.351
  ],
  [
    1646179200000,
    6.256
  ],
  [
    1646265600000,
    6.267
  ],
  [
    1646438400000,
    6.09
  ],
  [
    1646524800000,
    6.27
  ],
  [
    1646611200000,
    5.11
  ],
  [
    1646870400000,
    5.61
  ],
  [
    1646956800000,
    6.54
  ],
  [
    1647043200000,
    5.64
  ],
  [
    1647129600000,
    5.043
  ],
  [
    1647820800000,
    6.722
  ],
  [
    1648166400000,
    6.424
  ],
  [
    1648252800000,
    6.582
  ],
  [
    1648339200000,
    6.9
  ],
  [
    1648422000000,
    6.553
  ],
  [
    1648508400000,
    7.065
  ],
  [
    1648594800000,
    6.87
  ],
  [
    1649113200000,
    7.307
  ],
  [
    1649199600000,
    7.78
  ],
  [
    1649545200000,
    5.608
  ],
  [
    1649718000000,
    5.45
  ],
  [
    1649804400000,
    7.96
  ],
  [
    1649890800000,
    7.136
  ],
  [
    1650150000000,
    7.505
  ],
  [
    1650236400000,
    7.04
  ],
  [
    1650322800000,
    7.025
  ],
  [
    1650409200000,
    7.15
  ],
  [
    1650495600000,
    8.795
  ],
  [
    1650668400000,
    8.705
  ],
  [
    1650754800000,
    8.873
  ],
  [
    1650927600000,
    9.016
  ],
  [
    1651273200000,
    8.896
  ],
  [
    1651359600000,
    8.95
  ],
  [
    1651446000000,
    9.51
  ],
  [
    1651618800000,
    9.372
  ],
  [
    1651705200000,
    7.7
  ],
  [
    1651791600000,
    8.59
  ],
  [
    1651964400000,
    9.07
  ],
  [
    1652223600000,
    7.82
  ],
  [
    1652310000000,
    7.79
  ],
  [
    1652482800000,
    6.972
  ],
  [
    1652655600000,
    7.57
  ],
  [
    1653087600000,
    7.79
  ],
  [
    1653174000000,
    8.42
  ],
  [
    1653346800000,
    8.005
  ],
  [
    1653433200000,
    7.37
  ],
  [
    1653692400000,
    7.921
  ],
  [
    1653865200000,
    7.387
  ],
  [
    1654124400000,
    6.588
  ],
  [
    1654470000000,
    7.96
  ],
  [
    1654729200000,
    8.113
  ],
  [
    1654902000000,
    7.971
  ],
  [
    1654988400000,
    7.761
  ],
  [
    1655161200000,
    7.91
  ],
  [
    1655247600000,
    7.63
  ],
  [
    1655938800000,
    6.44
  ],
  [
    1656025200000,
    6.619
  ],
  [
    1656111600000,
    7.55
  ],
  [
    1656198000000,
    6.864
  ],
  [
    1656543600000,
    5.43
  ],
  [
    1656802800000,
    6.49
  ],
  [
    1656975600000,
    7.58
  ],
  [
    1657062000000,
    6.335
  ],
  [
    1657321200000,
    4.83
  ],
  [
    1657407600000,
    5.93
  ],
  [
    1657494000000,
    5.83
  ],
  [
    1657580400000,
    5.795
  ],
  [
    1657753200000,
    5.897
  ],
  [
    1658185200000,
    7.19
  ],
  [
    1658444400000,
    6.3
  ],
  [
    1658530800000,
    6.3
  ],
  [
    1658703600000,
    6.573
  ],
  [
    1658790000000,
    6.955
  ],
  [
    1658962800000,
    6.44
  ],
  [
    1659481200000,
    6
  ],
  [
    1659567600000,
    7.515
  ],
  [
    1659740400000,
    6.716
  ],
  [
    1659913200000,
    7.23
  ],
  [
    1659999600000,
    6.64
  ],
  [
    1660086000000,
    7.97
  ],
  [
    1660345200000,
    7.649
  ],
  [
    1660431600000,
    6.87
  ],
  [
    1660518000000,
    6.74
  ],
  [
    1660604400000,
    7.65
  ],
  [
    1660690800000,
    7.42
  ],
  [
    1660777200000,
    7.666
  ],
  [
    1661122800000,
    7.205
  ],
  [
    1661295600000,
    6.857
  ],
  [
    1661641200000,
    7.385
  ],
  [
    1661727600000,
    6.04
  ],
  [
    1661986800000,
    6.62
  ],
  [
    1662159600000,
    7.387
  ],
  [
    1662246000000,
    8.08
  ],
  [
    1662332400000,
    7.539
  ],
  [
    1662505200000,
    8.22
  ],
  [
    1662591600000,
    8.39
  ],
  [
    1662678000000,
    7.38
  ],
  [
    1662764400000,
    8.245
  ],
  [
    1662937200000,
    8.48
  ],
  [
    1663023600000,
    8.169
  ],
  [
    1663110000000,
    8.25
  ],
  [
    1663542000000,
    7.84
  ],
  [
    1663887600000,
    7.54
  ],
  [
    1663974000000,
    6.978
  ],
  [
    1664146800000,
    7.09
  ],
  [
    1664233200000,
    6.99
  ],
  [
    1664319600000,
    6.87
  ],
  [
    1664838000000,
    8.377
  ],
  [
    1665097200000,
    8.497
  ],
  [
    1665442800000,
    8.746
  ],
  [
    1665529200000,
    8.937
  ],
  [
    1665615600000,
    8.979
  ],
  [
    1665702000000,
    9.458
  ],
  [
    1665788400000,
    9.498
  ],
  [
    1665874800000,
    8.715
  ],
  [
    1666047600000,
    9.9
  ],
  [
    1666134000000,
    9.858
  ],
  [
    1666306800000,
    9.77
  ],
  [
    1666566000000,
    7.82
  ],
  [
    1666652400000,
    9.82
  ],
  [
    1666738800000,
    8.71
  ],
  [
    1666825200000,
    10.335
  ],
  [
    1666911600000,
    10.01
  ],
  [
    1667084400000,
    8.86
  ],
  [
    1667606400000,
    11.037
  ],
  [
    1667865600000,
    10.887
  ],
  [
    1668211200000,
    9.11
  ],
  [
    1668297600000,
    10.82
  ],
  [
    1668470400000,
    10.631
  ],
  [
    1668902400000,
    10.55
  ],
  [
    1669161600000,
    8.85
  ],
  [
    1669248000000,
    8.39
  ],
  [
    1669420800000,
    10.9
  ],
  [
    1669507200000,
    10.433
  ],
  [
    1669593600000,
    8.755
  ],
  [
    1669680000000,
    9.875
  ],
  [
    1669766400000,
    8.2
  ],
  [
    1670025600000,
    11.62
  ],
  [
    1670112000000,
    11.735
  ],
  [
    1670198400000,
    9.34
  ],
  [
    1670284800000,
    11.498
  ],
  [
    1670457600000,
    11.697
  ],
  [
    1670544000000,
    10.504
  ],
  [
    1670630400000,
    11.606
  ],
  [
    1670716800000,
    10.539
  ],
  [
    1670976000000,
    12.1
  ],
  [
    1671408000000,
    9.92
  ],
  [
    1671494400000,
    12.199
  ],
  [
    1671753600000,
    9.9
  ],
  [
    1671840000000,
    10.15
  ],
  [
    1671926400000,
    10.24
  ],
  [
    1672272000000,
    9.11
  ],
  [
    1672358400000,
    10.19
  ],
  [
    1672444800000,
    10.35
  ],
  [
    1672790400000,
    8.728
  ],
  [
    1672876800000,
    9.197
  ],
  [
    1673049600000,
    9.33
  ],
  [
    1673222400000,
    9.874
  ],
  [
    1673395200000,
    10.73
  ],
  [
    1673740800000,
    9.66
  ],
  [
    1673827200000,
    12.101
  ],
  [
    1674172800000,
    11.65
  ],
  [
    1674345600000,
    10.19
  ],
  [
    1674432000000,
    10.09
  ],
  [
    1674518400000,
    9.29
  ],
  [
    1674604800000,
    12.205
  ],
  [
    1674691200000,
    11.983
  ],
  [
    1674777600000,
    12.187
  ],
  [
    1674864000000,
    12.464
  ],
  [
    1675036800000,
    8.09
  ],
  [
    1675123200000,
    10.78
  ],
  [
    1675296000000,
    10.46
  ],
  [
    1675382400000,
    8.022
  ],
  [
    1675468800000,
    9.52
  ],
  [
    1675728000000,
    9.84
  ],
  [
    1675814400000,
    9.85
  ],
  [
    1675900800000,
    12.136
  ],
  [
    1675987200000,
    12.334
  ],
  [
    1676073600000,
    10.29
  ],
  [
    1676160000000,
    12.306
  ],
  [
    1676505600000,
    13.78
  ],
  [
    1676592000000,
    9.812
  ],
  [
    1676678400000,
    12.486
  ],
  [
    1676851200000,
    10.9
  ],
  [
    1676937600000,
    9.31
  ],
  [
    1677110400000,
    11.752
  ],
  [
    1677283200000,
    11.111
  ],
  [
    1677369600000,
    11.235
  ],
  [
    1677715200000,
    10.62
  ],
  [
    1677888000000,
    11.392
  ],
  [
    1677974400000,
    12.867
  ],
  [
    1678060800000,
    11.525
  ],
  [
    1678147200000,
    11.88
  ],
  [
    1678320000000,
    11.242
  ],
  [
    1678406400000,
    10.159
  ],
  [
    1678752000000,
    10.28
  ],
  [
    1678838400000,
    11.13
  ],
  [
    1678924800000,
    8.015
  ],
  [
    1679011200000,
    11.11
  ],
  [
    1679184000000,
    11.166
  ],
  [
    1679270400000,
    10.15
  ],
  [
    1679356800000,
    10.845
  ],
  [
    1679529600000,
    10.927
  ],
  [
    1679702400000,
    11.42
  ],
  [
    1679871600000,
    11.258
  ],
  [
    1680044400000,
    9.522
  ],
  [
    1680303600000,
    11.795
  ],
  [
    1680562800000,
    11.5
  ],
  [
    1680649200000,
    11.288
  ],
  [
    1680735600000,
    12.502
  ],
  [
    1680822000000,
    12.571
  ],
  [
    1680994800000,
    10.44
  ],
  [
    1681167600000,
    10.55
  ],
  [
    1681254000000,
    10.973
  ],
  [
    1681340400000,
    10.181
  ],
  [
    1681426800000,
    11.933
  ],
  [
    1681686000000,
    10.62
  ],
  [
    1681858800000,
    10.35
  ],
  [
    1681945200000,
    11.925
  ],
  [
    1682031600000,
    12.733
  ],
  [
    1682118000000,
    13.195
  ],
  [
    1682204400000,
    11.75
  ],
  [
    1682290800000,
    12.6
  ],
  [
    1682377200000,
    13.787
  ],
  [
    1682463600000,
    12.26
  ],
  [
    1682550000000,
    15.176
  ],
  [
    1682809200000,
    12.83
  ],
  [
    1683241200000,
    11.937
  ],
  [
    1683327600000,
    10.983
  ],
  [
    1683500400000,
    11.615
  ],
  [
    1683673200000,
    11.424
  ],
  [
    1683846000000,
    12.263
  ],
  [
    1683932400000,
    12.964
  ],
  [
    1684105200000,
    12.562
  ],
  [
    1684191600000,
    11
  ],
  [
    1684278000000,
    11.977
  ],
  [
    1684364400000,
    14.002
  ],
  [
    1684623600000,
    12.45
  ],
  [
    1684796400000,
    12.985
  ],
  [
    1685314800000,
    13.983
  ],
  [
    1685487600000,
    12.35
  ],
  [
    1685574000000,
    13.385
  ],
  [
    1685660400000,
    14.501
  ],
  [
    1685746800000,
    15.188
  ],
  [
    1686178800000,
    14.229
  ],
  [
    1686265200000,
    13.386
  ],
  [
    1686524400000,
    14.988
  ],
  [
    1686870000000,
    15.964
  ],
  [
    1686956400000,
    16.55
  ],
  [
    1687042800000,
    14.235
  ],
  [
    1687129200000,
    13.5
  ],
  [
    1687302000000,
    17.622
  ],
  [
    1687647600000,
    16.859
  ],
  [
    1687820400000,
    14.5
  ],
  [
    1687906800000,
    14.609
  ],
  [
    1687993200000,
    17.11
  ],
  [
    1688425200000,
    14.749
  ],
  [
    1688511600000,
    14.19
  ],
  [
    1688598000000,
    17.576
  ],
  [
    1689030000000,
    13.542
  ],
  [
    1689202800000,
    14.201
  ],
  [
    1689289200000,
    13.15
  ],
  [
    1689462000000,
    13.125
  ],
  [
    1689894000000,
    14.472
  ],
  [
    1690066800000,
    14.39
  ],
  [
    1690326000000,
    16.29
  ],
  [
    1690412400000,
    16.465
  ],
  [
    1690498800000,
    15.96
  ],
  [
    1690758000000,
    14.99
  ],
  [
    1691017200000,
    16.108
  ],
  [
    1691103600000,
    17.261
  ],
  [
    1691190000000,
    17.6
  ],
  [
    1691276400000,
    16.69
  ],
  [
    1691449200000,
    16.8
  ],
  [
    1691535600000,
    10.005
  ],
  [
    1691622000000,
    13.41
  ],
  [
    1691794800000,
    16.38
  ],
  [
    1691967600000,
    14.64
  ],
  [
    1692054000000,
    15.901
  ],
  [
    1692140400000,
    17.456
  ],
  [
    1692226800000,
    17.777
  ],
  [
    1692399600000,
    16.375
  ],
  [
    1692572400000,
    14.46
  ],
  [
    1692745200000,
    17.21
  ],
  [
    1692918000000,
    17.351
  ],
  [
    1693090800000,
    16.906
  ],
  [
    1693436400000,
    17.11
  ],
  [
    1693695600000,
    17.22
  ],
  [
    1694300400000,
    16.94
  ],
  [
    1694732400000,
    17.274
  ],
  [
    1694818800000,
    17.14
  ],
  [
    1695164400000,
    18.38
  ],
  [
    1695510000000,
    17.17
  ],
  [
    1695596400000,
    17.111
  ],
  [
    1695769200000,
    17.998
  ],
  [
    1695855600000,
    17.854
  ],
  [
    1696028400000,
    14.92
  ],
  [
    1696114800000,
    14.84
  ],
  [
    1696201200000,
    17.368
  ],
  [
    1696287600000,
    17.341
  ],
  [
    1696374000000,
    17.399
  ],
  [
    1696460400000,
    15.3
  ],
  [
    1696806000000,
    18.347
  ],
  [
    1696892400000,
    18.874
  ],
  [
    1697065200000,
    17.993
  ],
  [
    1697151600000,
    17.97
  ],
  [
    1697238000000,
    16.34
  ],
  [
    1697410800000,
    17.25
  ],
  [
    1697497200000,
    19.641
  ],
  [
    1697756400000,
    17.68
  ],
  [
    1697842800000,
    19.746
  ],
  [
    1697929200000,
    19.515
  ],
  [
    1698015600000,
    17.71
  ],
  [
    1698274800000,
    17.77
  ],
  [
    1698361200000,
    17.75
  ],
  [
    1698447600000,
    16.52
  ],
  [
    1698534000000,
    17.19
  ],
  [
    1698624000000,
    16.19
  ],
  [
    1699056000000,
    16.059
  ],
  [
    1699315200000,
    14.91
  ],
  [
    1699574400000,
    15.18
  ],
  [
    1699833600000,
    17.029
  ],
  [
    1699920000000,
    18.687
  ],
  [
    1700179200000,
    18.546
  ],
  [
    1700265600000,
    17.497
  ],
  [
    1700438400000,
    16.12
  ],
  [
    1700611200000,
    16.11
  ],
  [
    1700697600000,
    16.111
  ],
  [
    1701043200000,
    16.069
  ],
  [
    1701129600000,
    17.391
  ],
  [
    1701302400000,
    15.15
  ],
  [
    1701388800000,
    15.003
  ],
  [
    1701734400000,
    17.2
  ],
  [
    1701820800000,
    18.335
  ],
  [
    1701993600000,
    18.848
  ],
  [
    1702080000000,
    18.526
  ],
  [
    1702252800000,
    18.49
  ],
  [
    1702425600000,
    17.19
  ],
  [
    1702512000000,
    17.829
  ],
  [
    1703116800000,
    19.9
  ],
  [
    1703289600000,
    17.6
  ],
  [
    1703376000000,
    15.58
  ],
  [
    1703462400000,
    16.3
  ],
  [
    1703548800000,
    18.877
  ],
  [
    1703635200000,
    19.562
  ],
  [
    1703721600000,
    15.89
  ],
  [
    1703980800000,
    15.89
  ],
  [
    1704153600000,
    16.575
  ],
  [
    1704240000000,
    18.612
  ],
  [
    1704326400000,
    20.09
  ],
  [
    1704672000000,
    19.709
  ],
  [
    1704758400000,
    20.81
  ],
  [
    1704931200000,
    18.952
  ],
  [
    1705104000000,
    20.63
  ],
  [
    1705276800000,
    20.79
  ],
  [
    1705363200000,
    20.849
  ],
  [
    1705795200000,
    19.15
  ],
  [
    1706400000000,
    17.8
  ],
  [
    1706832000000,
    16
  ],
  [
    1706918400000,
    18.37
  ],
  [
    1707436800000,
    19.36
  ],
  [
    1707523200000,
    17.26
  ],
  [
    1707609600000,
    16.72
  ],
  [
    1707782400000,
    15.769
  ],
  [
    1707955200000,
    17.204
  ],
  [
    1708041600000,
    18.81
  ],
  [
    1708128000000,
    19.121
  ],
  [
    1708646400000,
    18.64
  ],
  [
    1708732800000,
    23.26
  ],
  [
    1708992000000,
    17.6
  ],
  [
    1709164800000,
    17.33
  ],
  [
    1709251200000,
    17.49
  ],
  [
    1709683200000,
    18.92
  ],
  [
    1710201600000,
    22.468
  ],
  [
    1710547200000,
    19.588
  ],
  [
    1711324800000,
    21.137
  ],
  [
    1711756800000,
    20.65
  ],
  [
    1711843200000,
    21.59
  ],
  [
    1712271600000,
    22.836
  ],
  [
    1712444400000,
    19.607
  ],
  [
    1712530800000,
    20.06
  ],
  [
    1712617200000,
    22.999
  ],
  [
    1712962800000,
    21.164
  ],
  [
    1713308400000,
    20.01
  ],
  [
    1713481200000,
    21.29
  ],
  [
    1713826800000,
    20.067
  ],
  [
    1713913200000,
    19.5
  ],
  [
    1714086000000,
    24.03
  ],
  [
    1714690800000,
    24.563
  ],
  [
    1715209200000,
    21.495
  ],
  [
    1715295600000,
    24.47
  ],
  [
    1715641200000,
    24.83
  ],
  [
    1715814000000,
    27.458
  ],
  [
    1715900400000,
    23.849
  ],
  [
    1716073200000,
    27.958
  ],
  [
    1716447600000,
    27.885
  ],
  [
    1716523200000,
    28.15
  ],
  [
    1716616800000,
    29.263
  ],
  [
    1717290000000,
    31.22
  ],
  [
    1717502400000,
    25.92
  ],
  [
    1717783200000,
    31.24
  ],
  [
    1718348400000,
    27.55
  ],
  [
    1718359200000,
    23.57
  ],
  [
    1718838000000,
    27.1
  ],
  [
    1718874000000,
    26.84
  ],
  [
    1718982000000,
    27
  ],
  [
    1718996400000,
    26.98
  ]
]